4939.50 9.4586
4939.55 9.4586
4939.60 9.4586
4939.65 9.4586
4939.70 9.4587
4939.75 9.4587
4939.80 9.4587
4939.85 9.4588
4939.90 9.4588
4939.95 9.4589
4940.00 9.4590
4940.05 9.4590
4940.10 9.4591
4940.15 9.4592
4940.20 9.4593
4940.25 9.4594
4940.30 9.4595
4940.35 9.4596
4940.40 9.4597
4940.45 9.4598
4940.50 9.4600
4940.55 9.4601
4940.60 9.4602
4940.65 9.4604
4940.70 9.4605
4940.75 9.4607
4940.80 9.4609
4940.85 9.4610
4940.90 9.4612
4940.95 9.4614
4941.00 9.4616
4941.05 9.4618
4941.10 9.4620
4941.15 9.4622
4941.20 9.4624
4941.25 9.4626
4941.30 9.4628
4941.35 9.4631
4941.40 9.4633
4941.45 9.4635
4941.50 9.4638
4941.55 9.4640
4941.60 9.4643
4941.65 9.4645
4941.70 9.4648
4941.75 9.4651
4941.80 9.4654
4941.85 9.4656
4941.90 9.4659
4941.95 9.4662
4942.00 9.4665
4942.05 9.4668
4942.10 9.4671
4942.15 9.4675
4942.20 9.4678
4942.25 9.4681
4942.30 9.4684
4942.35 9.4688
4942.40 9.4691
4942.45 9.4694
4942.50 9.4698
4942.55 9.4701
4942.60 9.4705
4942.65 9.4709
4942.70 9.4712
4942.75 9.4716
4942.80 9.4720
4942.85 9.4723
4942.90 9.4727
4942.95 9.4731
4943.00 9.4735
4943.05 9.4739
4943.10 9.4743
4943.15 9.4747
4943.20 9.4751
4943.25 9.4755
4943.30 9.4759
4943.35 9.4763
4943.40 9.4768
4943.45 9.4772
4943.50 9.4776
4943.55 9.4780
4943.60 9.4785
4943.65 9.4789
4943.70 9.4793
4943.75 9.4798
4943.80 9.4802
4943.85 9.4807
4943.90 9.4811
4943.95 9.4816
4944.00 9.4820
4944.05 9.4825
4944.10 9.4830
4944.15 9.4834
4944.20 9.4839
4944.25 9.4843
4944.30 9.4848
4944.35 9.4853
4944.40 9.4858
4944.45 9.4862
4944.50 9.4867
4944.55 9.4872
4944.60 9.4877
4944.65 9.4882
4944.70 9.4886
4944.75 9.4891
4944.80 9.4896
4944.85 9.4901
4944.90 9.4906
4944.95 9.4911
4945.00 9.4916
4945.05 9.4921
4945.10 9.4926
4945.15 9.4931
4945.20 9.4936
4945.25 9.4941
4945.30 9.4946
4945.35 9.4951
4945.40 9.4956
4945.45 9.4961
4945.50 9.4966
4945.55 9.4971
4945.60 9.4976
4945.65 9.4981
4945.70 9.4986
4945.75 9.4991
4945.80 9.4996
4945.85 9.5001
4945.90 9.5006
4945.95 9.5011
4946.00 9.5016
4946.05 9.5021
4946.10 9.5026
4946.15 9.5031
4946.20 9.5036
4946.25 9.5041
4946.30 9.5046
4946.35 9.5052
4946.40 9.5057
4946.45 9.5062
4946.50 9.5067
4946.55 9.5072
4946.60 9.5077
4946.65 9.5082
4946.70 9.5087
4946.75 9.5092
4946.80 9.5097
4946.85 9.5102
4946.90 9.5107
4946.95 9.5112
4947.00 9.5116
4947.05 9.5121
4947.10 9.5126
4947.15 9.5131
4947.20 9.5136
4947.25 9.5141
4947.30 9.5146
4947.35 9.5151
4947.40 9.5156
4947.45 9.5160
4947.50 9.5165
4947.55 9.5170
4947.60 9.5175
4947.65 9.5180
4947.70 9.5184
4947.75 9.5189
4947.80 9.5194
4947.85 9.5198
4947.90 9.5203
4947.95 9.5208
4948.00 9.5212
4948.05 9.5217
4948.10 9.5222
4948.15 9.5226
4948.20 9.5231
4948.25 9.5235
4948.30 9.5240
4948.35 9.5244
4948.40 9.5249
4948.45 9.5253
4948.50 9.5258
4948.55 9.5262
4948.60 9.5267
4948.65 9.5271
4948.70 9.5275
4948.75 9.5280
4948.80 9.5284
4948.85 9.5288
4948.90 9.5292
4948.95 9.5297
4949.00 9.5301
4949.05 9.5305
4949.10 9.5309
4949.15 9.5313
4949.20 9.5317
4949.25 9.5321
4949.30 9.5325
4949.35 9.5329
4949.40 9.5333
4949.45 9.5337
4949.50 9.5341
4949.55 9.5345
4949.60 9.5349
4949.65 9.5353
4949.70 9.5357
4949.75 9.5361
4949.80 9.5364
4949.85 9.5368
4949.90 9.5372
4949.95 9.5375
4950.00 9.5379
4950.05 9.5383
4950.10 9.5386
4950.15 9.5390
4950.20 9.5393
4950.25 9.5397
4950.30 9.5400
4950.35 9.5404
4950.40 9.5407
4950.45 9.5410
4950.50 9.5414
4950.55 9.5417
4950.60 9.5420
4950.65 9.5424
4950.70 9.5427
4950.75 9.5430
4950.80 9.5433
4950.85 9.5436
4950.90 9.5439
4950.95 9.5442
4951.00 9.5445
4951.05 9.5448
4951.10 9.5451
4951.15 9.5454
4951.20 9.5457
4951.25 9.5460
4951.30 9.5462
4951.35 9.5465
4951.40 9.5468
4951.45 9.5471
4951.50 9.5473
4951.55 9.5476
4951.60 9.5478
4951.65 9.5481
4951.70 9.5483
4951.75 9.5486
4951.80 9.5488
4951.85 9.5491
4951.90 9.5493
4951.95 9.5495
4952.00 9.5498
4952.05 9.5500
4952.10 9.5502
4952.15 9.5504
4952.20 9.5506
4952.25 9.5508
4952.30 9.5510
4952.35 9.5512
4952.40 9.5514
4952.45 9.5516
4952.50 9.5518
4952.55 9.5520
4952.60 9.5522
4952.65 9.5523
4952.70 9.5525
4952.75 9.5527
4952.80 9.5528
4952.85 9.5530
4952.90 9.5532
4952.95 9.5533
4953.00 9.5535
4953.05 9.5536
4953.10 9.5537
4953.15 9.5539
4953.20 9.5540
4953.25 9.5541
4953.30 9.5542
4953.35 9.5543
4953.40 9.5545
4953.45 9.5546
4953.50 9.5547
4953.55 9.5548
4953.60 9.5549
4953.65 9.5549
4953.70 9.5550
4953.75 9.5551
4953.80 9.5552
4953.85 9.5553
4953.90 9.5553
4953.95 9.5554
4954.00 9.5554
4954.05 9.5555
4954.10 9.5555
4954.15 9.5556
4954.20 9.5556
4954.25 9.5556
4954.30 9.5557
4954.35 9.5557
4954.40 9.5557
4954.45 9.5557
4954.50 9.5557
4954.55 9.5557
4954.60 9.5557
4954.65 9.5557
4954.70 9.5557
4954.75 9.5557
4954.80 9.5557
4954.85 9.5557
4954.90 9.5556
4954.95 9.5556
4955.00 9.5556
4955.05 9.5555
4955.10 9.5555
4955.15 9.5554
4955.20 9.5553
4955.25 9.5553
4955.30 9.5552
4955.35 9.5551
4955.40 9.5551
4955.45 9.5550
4955.50 9.5549
4955.55 9.5548
4955.60 9.5547
4955.65 9.5546
4955.70 9.5545
4955.75 9.5543
4955.80 9.5542
4955.85 9.5541
4955.90 9.5540
4955.95 9.5538
4956.00 9.5537
4956.05 9.5535
4956.10 9.5534
4956.15 9.5532
4956.20 9.5531
4956.25 9.5529
4956.30 9.5527
4956.35 9.5525
4956.40 9.5524
4956.45 9.5522
4956.50 9.5520
4956.55 9.5518
4956.60 9.5516
4956.65 9.5514
4956.70 9.5512
4956.75 9.5509
4956.80 9.5507
4956.85 9.5505
4956.90 9.5503
4956.95 9.5500
4957.00 9.5498
4957.05 9.5495
4957.10 9.5493
4957.15 9.5490
4957.20 9.5487
4957.25 9.5485
4957.30 9.5482
4957.35 9.5479
4957.40 9.5476
4957.45 9.5474
4957.50 9.5471
4957.55 9.5468
4957.60 9.5465
4957.65 9.5462
4957.70 9.5459
4957.75 9.5455
4957.80 9.5452
4957.85 9.5449
4957.90 9.5446
4957.95 9.5442
4958.00 9.5439
4958.05 9.5435
4958.10 9.5432
4958.15 9.5428
4958.20 9.5425
4958.25 9.5421
4958.30 9.5418
4958.35 9.5414
4958.40 9.5410
4958.45 9.5406
4958.50 9.5403
4958.55 9.5399
4958.60 9.5395
4958.65 9.5391
4958.70 9.5387
4958.75 9.5383
4958.80 9.5379
4958.85 9.5375
4958.90 9.5371
4958.95 9.5366
4959.00 9.5362
4959.05 9.5358
4959.10 9.5354
4959.15 9.5349
4959.20 9.5345
4959.25 9.5341
4959.30 9.5336
4959.35 9.5332
4959.40 9.5327
4959.45 9.5323
4959.50 9.5318
4959.55 9.5314
4959.60 9.5309
4959.65 9.5304
4959.70 9.5300
4959.75 9.5295
4959.80 9.5290
4959.85 9.5285
4959.90 9.5281
4959.95 9.5276
4960.00 9.5271
4960.05 9.5266
4960.10 9.5261
4960.15 9.5256
4960.20 9.5251
4960.25 9.5246
4960.30 9.5241
4960.35 9.5236
4960.40 9.5231
4960.45 9.5226
4960.50 9.5221
4960.55 9.5216
4960.60 9.5211
4960.65 9.5206
4960.70 9.5201
4960.75 9.5195
4960.80 9.5190
4960.85 9.5185
4960.90 9.5180
4960.95 9.5174
4961.00 9.5169
4961.05 9.5164
4961.10 9.5159
4961.15 9.5153
4961.20 9.5148
4961.25 9.5143
4961.30 9.5137
4961.35 9.5132
4961.40 9.5127
4961.45 9.5121
4961.50 9.5116
4961.55 9.5110
4961.60 9.5105
4961.65 9.5100
4961.70 9.5094
4961.75 9.5089
4961.80 9.5083
4961.85 9.5078
4961.90 9.5072
4961.95 9.5067
4962.00 9.5062
4962.05 9.5056
4962.10 9.5051
4962.15 9.5045
4962.20 9.5040
4962.25 9.5034
4962.30 9.5029
4962.35 9.5023
4962.40 9.5018
4962.45 9.5012
4962.50 9.5007
4962.55 9.5001
4962.60 9.4996
4962.65 9.4991
4962.70 9.4985
4962.75 9.4980
4962.80 9.4974
4962.85 9.4969
4962.90 9.4963
4962.95 9.4958
4963.00 9.4952
4963.05 9.4947
4963.10 9.4942
4963.15 9.4936
4963.20 9.4931
4963.25 9.4925
4963.30 9.4920
4963.35 9.4915
4963.40 9.4909
4963.45 9.4904
4963.50 9.4899
4963.55 9.4893
4963.60 9.4888
4963.65 9.4883
4963.70 9.4877
4963.75 9.4872
4963.80 9.4867
4963.85 9.4861
4963.90 9.4856
4963.95 9.4851
4964.00 9.4846
4964.05 9.4840
4964.10 9.4835
4964.15 9.4830
4964.20 9.4825
4964.25 9.4820
4964.30 9.4815
4964.35 9.4809
4964.40 9.4804
4964.45 9.4799
4964.50 9.4794
4964.55 9.4789
4964.60 9.4784
4964.65 9.4779
4964.70 9.4774
4964.75 9.4769
4964.80 9.4764
4964.85 9.4759
4964.90 9.4754
4964.95 9.4749
4965.00 9.4744
4965.05 9.4739
4965.10 9.4734
4965.15 9.4729
4965.20 9.4724
4965.25 9.4719
4965.30 9.4714
4965.35 9.4710
4965.40 9.4705
4965.45 9.4700
4965.50 9.4695
4965.55 9.4690
4965.60 9.4686
4965.65 9.4681
4965.70 9.4676
4965.75 9.4671
4965.80 9.4667
4965.85 9.4662
4965.90 9.4657
4965.95 9.4653
4966.00 9.4648
4966.05 9.4644
4966.10 9.4639
4966.15 9.4634
4966.20 9.4630
4966.25 9.4625
4966.30 9.4621
4966.35 9.4616
4966.40 9.4612
4966.45 9.4607
4966.50 9.4603
4966.55 9.4598
4966.60 9.4594
4966.65 9.4589
4966.70 9.4585
4966.75 9.4580
4966.80 9.4576
4966.85 9.4572
4966.90 9.4567
4966.95 9.4563
4967.00 9.4559
4967.05 9.4554
4967.10 9.4550
4967.15 9.4546
4967.20 9.4541
4967.25 9.4537
4967.30 9.4533
4967.35 9.4528
4967.40 9.4524
4967.45 9.4520
4967.50 9.4516
4967.55 9.4511
4967.60 9.4507
4967.65 9.4503
4967.70 9.4499
4967.75 9.4495
4967.80 9.4491
4967.85 9.4486
4967.90 9.4482
4967.95 9.4478
4968.00 9.4474
4968.05 9.4470
4968.10 9.4466
4968.15 9.4462
4968.20 9.4457
4968.25 9.4453
4968.30 9.4449
4968.35 9.4445
4968.40 9.4441
4968.45 9.4437
4968.50 9.4433
4968.55 9.4429
4968.60 9.4425
4968.65 9.4421
4968.70 9.4417
4968.75 9.4413
4968.80 9.4409
4968.85 9.4405
4968.90 9.4401
4968.95 9.4397
4969.00 9.4393
4969.05 9.4389
4969.10 9.4385
4969.15 9.4380
4969.20 9.4376
4969.25 9.4372
4969.30 9.4368
4969.35 9.4364
4969.40 9.4360
4969.45 9.4356
4969.50 9.4352
4969.55 9.4348
4969.60 9.4344
4969.65 9.4340
4969.70 9.4336
4969.75 9.4332
4969.80 9.4328
4969.85 9.4324
4969.90 9.4320
4969.95 9.4316
4970.00 9.4312
4970.05 9.4308
4970.10 9.4304
4970.15 9.4300
4970.20 9.4296
4970.25 9.4292
4970.30 9.4288
4970.35 9.4284
4970.40 9.4280
4970.45 9.4276
4970.50 9.4272
4970.55 9.4268
4970.60 9.4264
4970.65 9.4260
4970.70 9.4256
4970.75 9.4252
4970.80 9.4248
4970.85 9.4243
4970.90 9.4239
4970.95 9.4235
4971.00 9.4231
4971.05 9.4227
4971.10 9.4223
4971.15 9.4219
4971.20 9.4215
4971.25 9.4210
4971.30 9.4206
4971.35 9.4202
4971.40 9.4198
4971.45 9.4194
4971.50 9.4190
4971.55 9.4185
4971.60 9.4181
4971.65 9.4177
4971.70 9.4173
4971.75 9.4169
4971.80 9.4164
4971.85 9.4160
4971.90 9.4156
4971.95 9.4152
4972.00 9.4147
4972.05 9.4143
4972.10 9.4139
4972.15 9.4135
4972.20 9.4130
4972.25 9.4126
4972.30 9.4122
4972.35 9.4117
4972.40 9.4113
4972.45 9.4109
4972.50 9.4104
4972.55 9.4100
4972.60 9.4096
4972.65 9.4091
4972.70 9.4087
4972.75 9.4083
4972.80 9.4078
4972.85 9.4074
4972.90 9.4069
4972.95 9.4065
4973.00 9.4060
4973.05 9.4056
4973.10 9.4052
4973.15 9.4047
4973.20 9.4043
4973.25 9.4038
4973.30 9.4034
4973.35 9.4029
4973.40 9.4025
4973.45 9.4020
4973.50 9.4016
4973.55 9.4011
4973.60 9.4007
4973.65 9.4002
4973.70 9.3997
4973.75 9.3993
4973.80 9.3988
4973.85 9.3984
4973.90 9.3979
4973.95 9.3975
4974.00 9.3970
4974.05 9.3965
4974.10 9.3961
4974.15 9.3956
4974.20 9.3952
4974.25 9.3947
4974.30 9.3942
4974.35 9.3938
4974.40 9.3933
4974.45 9.3928
4974.50 9.3924
4974.55 9.3919
4974.60 9.3914
4974.65 9.3910
4974.70 9.3905
4974.75 9.3900
4974.80 9.3895
4974.85 9.3891
4974.90 9.3886
4974.95 9.3881
4975.00 9.3877
4975.05 9.3872
4975.10 9.3867
4975.15 9.3862
4975.20 9.3858
4975.25 9.3853
4975.30 9.3848
4975.35 9.3843
4975.40 9.3839
4975.45 9.3834
4975.50 9.3829
4975.55 9.3824
4975.60 9.3820
4975.65 9.3815
4975.70 9.3810
4975.75 9.3805
4975.80 9.3801
4975.85 9.3796
4975.90 9.3791
4975.95 9.3786
4976.00 9.3781
4976.05 9.3777
4976.10 9.3772
4976.15 9.3767
4976.20 9.3762
4976.25 9.3757
4976.30 9.3753
4976.35 9.3748
4976.40 9.3743
4976.45 9.3738
4976.50 9.3733
4976.55 9.3729
4976.60 9.3724
4976.65 9.3719
4976.70 9.3714
4976.75 9.3710
4976.80 9.3705
4976.85 9.3700
4976.90 9.3695
4976.95 9.3690
4977.00 9.3686
4977.05 9.3681
4977.10 9.3676
4977.15 9.3671
4977.20 9.3666
4977.25 9.3662
4977.30 9.3657
4977.35 9.3652
4977.40 9.3647
4977.45 9.3643
4977.50 9.3638
4977.55 9.3633
4977.60 9.3628
4977.65 9.3624
4977.70 9.3619
4977.75 9.3614
4977.80 9.3610
4977.85 9.3605
4977.90 9.3600
4977.95 9.3595
4978.00 9.3591
4978.05 9.3586
4978.10 9.3581
4978.15 9.3577
4978.20 9.3572
4978.25 9.3567
4978.30 9.3563
4978.35 9.3558
4978.40 9.3553
4978.45 9.3549
4978.50 9.3544
4978.55 9.3539
4978.60 9.3535
4978.65 9.3530
4978.70 9.3525
4978.75 9.3521
4978.80 9.3516
4978.85 9.3512
4978.90 9.3507
4978.95 9.3502
4979.00 9.3498
4979.05 9.3493
4979.10 9.3489
4979.15 9.3484
4979.20 9.3480
4979.25 9.3475
4979.30 9.3470
4979.35 9.3466
4979.40 9.3461
4979.45 9.3457
4979.50 9.3452
4979.55 9.3448
4979.60 9.3443
4979.65 9.3439
4979.70 9.3434
4979.75 9.3430
4979.80 9.3425
4979.85 9.3421
4979.90 9.3417
4979.95 9.3412
4980.00 9.3408
4980.05 9.3403
4980.10 9.3399
4980.15 9.3394
4980.20 9.3390
4980.25 9.3386
4980.30 9.3381
4980.35 9.3377
4980.40 9.3373
4980.45 9.3368
4980.50 9.3364
4980.55 9.3360
4980.60 9.3355
4980.65 9.3351
4980.70 9.3347
4980.75 9.3342
4980.80 9.3338
4980.85 9.3334
4980.90 9.3329
4980.95 9.3325
4981.00 9.3321
4981.05 9.3317
4981.10 9.3312
4981.15 9.3308
4981.20 9.3304
4981.25 9.3300
4981.30 9.3296
4981.35 9.3291
4981.40 9.3287
4981.45 9.3283
4981.50 9.3279
4981.55 9.3275
4981.60 9.3270
4981.65 9.3266
4981.70 9.3262
4981.75 9.3258
4981.80 9.3254
4981.85 9.3250
4981.90 9.3246
4981.95 9.3242
4982.00 9.3237
4982.05 9.3233
4982.10 9.3229
4982.15 9.3225
4982.20 9.3221
4982.25 9.3217
4982.30 9.3213
4982.35 9.3209
4982.40 9.3205
4982.45 9.3201
4982.50 9.3197
4982.55 9.3193
4982.60 9.3189
4982.65 9.3185
4982.70 9.3181
4982.75 9.3177
4982.80 9.3173
4982.85 9.3169
4982.90 9.3165
4982.95 9.3161
4983.00 9.3157
4983.05 9.3153
4983.10 9.3149
4983.15 9.3145
4983.20 9.3141
4983.25 9.3137
4983.30 9.3133
4983.35 9.3129
4983.40 9.3126
4983.45 9.3122
4983.50 9.3118
4983.55 9.3114
4983.60 9.3110
4983.65 9.3106
4983.70 9.3102
4983.75 9.3098
4983.80 9.3094
4983.85 9.3091
4983.90 9.3087
4983.95 9.3083
4984.00 9.3079
4984.05 9.3075
4984.10 9.3071
4984.15 9.3067
4984.20 9.3064
4984.25 9.3060
4984.30 9.3056
4984.35 9.3052
4984.40 9.3048
4984.45 9.3044
4984.50 9.3041
4984.55 9.3037
4984.60 9.3033
4984.65 9.3029
4984.70 9.3025
4984.75 9.3022
4984.80 9.3018
4984.85 9.3014
4984.90 9.3010
4984.95 9.3006
4985.00 9.3003
4985.05 9.2999
4985.10 9.2995
4985.15 9.2991
4985.20 9.2988
4985.25 9.2984
4985.30 9.2980
4985.35 9.2976
4985.40 9.2972
4985.45 9.2969
4985.50 9.2965
4985.55 9.2961
4985.60 9.2957
4985.65 9.2954
4985.70 9.2950
4985.75 9.2946
4985.80 9.2942
4985.85 9.2938
4985.90 9.2935
4985.95 9.2931
4986.00 9.2927
4986.05 9.2923
4986.10 9.2920
4986.15 9.2916
4986.20 9.2912
4986.25 9.2908
4986.30 9.2904
4986.35 9.2901
4986.40 9.2897
4986.45 9.2893
4986.50 9.2889
4986.55 9.2886
4986.60 9.2882
4986.65 9.2878
4986.70 9.2874
4986.75 9.2870
4986.80 9.2867
4986.85 9.2863
4986.90 9.2859
4986.95 9.2855
4987.00 9.2851
4987.05 9.2847
4987.10 9.2844
4987.15 9.2840
4987.20 9.2836
4987.25 9.2832
4987.30 9.2828
4987.35 9.2824
4987.40 9.2821
4987.45 9.2817
4987.50 9.2813
4987.55 9.2809
4987.60 9.2805
4987.65 9.2801
4987.70 9.2797
4987.75 9.2794
4987.80 9.2790
4987.85 9.2786
4987.90 9.2782
4987.95 9.2778
4988.00 9.2774
4988.05 9.2770
4988.10 9.2766
4988.15 9.2762
4988.20 9.2759
4988.25 9.2755
4988.30 9.2751
4988.35 9.2747
4988.40 9.2743
4988.45 9.2739
4988.50 9.2735
4988.55 9.2731
4988.60 9.2727
4988.65 9.2723
4988.70 9.2719
4988.75 9.2715
4988.80 9.2711
4988.85 9.2707
4988.90 9.2703
4988.95 9.2699
4989.00 9.2695
4989.05 9.2691
4989.10 9.2687
4989.15 9.2683
4989.20 9.2679
4989.25 9.2675
4989.30 9.2671
4989.35 9.2667
4989.40 9.2663
4989.45 9.2659
4989.50 9.2655
4989.55 9.2651
4989.60 9.2647
4989.65 9.2643
4989.70 9.2638
4989.75 9.2634
4989.80 9.2630
4989.85 9.2626
4989.90 9.2622
4989.95 9.2618
4990.00 9.2614
4990.05 9.2610
4990.10 9.2606
4990.15 9.2601
4990.20 9.2597
4990.25 9.2593
4990.30 9.2589
4990.35 9.2585
4990.40 9.2581
4990.45 9.2577
4990.50 9.2572
4990.55 9.2568
4990.60 9.2564
4990.65 9.2560
4990.70 9.2556
4990.75 9.2552
4990.80 9.2547
4990.85 9.2543
4990.90 9.2539
4990.95 9.2535
4991.00 9.2531
4991.05 9.2526
4991.10 9.2522
4991.15 9.2518
4991.20 9.2514
4991.25 9.2509
4991.30 9.2505
4991.35 9.2501
4991.40 9.2497
4991.45 9.2493
4991.50 9.2488
4991.55 9.2484
4991.60 9.2480
4991.65 9.2476
4991.70 9.2471
4991.75 9.2467
4991.80 9.2463
4991.85 9.2459
4991.90 9.2454
4991.95 9.2450
4992.00 9.2446
4992.05 9.2442
4992.10 9.2437
4992.15 9.2433
4992.20 9.2429
4992.25 9.2425
4992.30 9.2421
4992.35 9.2416
4992.40 9.2412
4992.45 9.2408
4992.50 9.2404
4992.55 9.2399
4992.60 9.2395
4992.65 9.2391
4992.70 9.2387
4992.75 9.2382
4992.80 9.2378
4992.85 9.2374
4992.90 9.2370
4992.95 9.2365
4993.00 9.2361
4993.05 9.2357
4993.10 9.2353
4993.15 9.2349
4993.20 9.2344
4993.25 9.2340
4993.30 9.2336
4993.35 9.2332
4993.40 9.2328
4993.45 9.2323
4993.50 9.2319
4993.55 9.2315
4993.60 9.2311
4993.65 9.2307
4993.70 9.2303
4993.75 9.2298
4993.80 9.2294
4993.85 9.2290
4993.90 9.2286
4993.95 9.2282
4994.00 9.2278
4994.05 9.2274
4994.10 9.2269
4994.15 9.2265
4994.20 9.2261
4994.25 9.2257
4994.30 9.2253
4994.35 9.2249
4994.40 9.2245
4994.45 9.2241
4994.50 9.2237
4994.55 9.2233
4994.60 9.2229
4994.65 9.2224
4994.70 9.2220
4994.75 9.2216
4994.80 9.2212
4994.85 9.2208
4994.90 9.2204
4994.95 9.2200
4995.00 9.2196
4995.05 9.2192
4995.10 9.2188
4995.15 9.2184
4995.20 9.2180
4995.25 9.2176
4995.30 9.2172
4995.35 9.2168
4995.40 9.2164
4995.45 9.2161
4995.50 9.2157
4995.55 9.2153
4995.60 9.2149
4995.65 9.2145
4995.70 9.2141
4995.75 9.2137
4995.80 9.2133
4995.85 9.2129
4995.90 9.2125
4995.95 9.2121
4996.00 9.2118
4996.05 9.2114
4996.10 9.2110
4996.15 9.2106
4996.20 9.2102
4996.25 9.2098
4996.30 9.2094
4996.35 9.2091
4996.40 9.2087
4996.45 9.2083
4996.50 9.2079
4996.55 9.2075
4996.60 9.2072
4996.65 9.2068
4996.70 9.2064
4996.75 9.2060
4996.80 9.2056
4996.85 9.2053
4996.90 9.2049
4996.95 9.2045
4997.00 9.2041
4997.05 9.2038
4997.10 9.2034
4997.15 9.2030
4997.20 9.2026
4997.25 9.2022
4997.30 9.2019
4997.35 9.2015
4997.40 9.2011
4997.45 9.2007
4997.50 9.2004
4997.55 9.2000
4997.60 9.1996
4997.65 9.1993
4997.70 9.1989
4997.75 9.1985
4997.80 9.1981
4997.85 9.1978
4997.90 9.1974
4997.95 9.1970
4998.00 9.1966
4998.05 9.1963
4998.10 9.1959
4998.15 9.1955
4998.20 9.1951
4998.25 9.1948
4998.30 9.1944
4998.35 9.1940
4998.40 9.1936
4998.45 9.1933
4998.50 9.1929
4998.55 9.1925
4998.60 9.1921
4998.65 9.1918
4998.70 9.1914
4998.75 9.1910
4998.80 9.1906
4998.85 9.1902
4998.90 9.1899
4998.95 9.1895
4999.00 9.1891
4999.05 9.1887
4999.10 9.1883
4999.15 9.1880
4999.20 9.1876
4999.25 9.1872
4999.30 9.1868
4999.35 9.1864
4999.40 9.1860
4999.45 9.1856
4999.50 9.1853
4999.55 9.1849
4999.60 9.1845
4999.65 9.1841
4999.70 9.1837
4999.75 9.1833
4999.80 9.1829
4999.85 9.1825
4999.90 9.1821
4999.95 9.1817
5000.00 9.1813
5000.05 9.1809
5000.10 9.1805
5000.15 9.1801
5000.20 9.1797
5000.25 9.1793
5000.30 9.1789
5000.35 9.1785
5000.40 9.1781
5000.45 9.1777
5000.50 9.1773
5000.55 9.1769
5000.60 9.1764
5000.65 9.1760
5000.70 9.1756
5000.75 9.1752
5000.80 9.1748
5000.85 9.1744
5000.90 9.1739
5000.95 9.1735
5001.00 9.1731
5001.05 9.1727
5001.10 9.1722
5001.15 9.1718
5001.20 9.1714
5001.25 9.1709
5001.30 9.1705
5001.35 9.1701
5001.40 9.1696
5001.45 9.1692
5001.50 9.1688
5001.55 9.1683
5001.60 9.1679
5001.65 9.1674
5001.70 9.1670
5001.75 9.1665
5001.80 9.1661
5001.85 9.1656
5001.90 9.1652
5001.95 9.1647
5002.00 9.1643
5002.05 9.1638
5002.10 9.1634
5002.15 9.1629
5002.20 9.1624
5002.25 9.1620
5002.30 9.1615
5002.35 9.1610
5002.40 9.1606
5002.45 9.1601
5002.50 9.1596
5002.55 9.1592
5002.60 9.1587
5002.65 9.1582
5002.70 9.1577
5002.75 9.1572
5002.80 9.1568
5002.85 9.1563
5002.90 9.1558
5002.95 9.1553
5003.00 9.1548
5003.05 9.1543
5003.10 9.1539
5003.15 9.1534
5003.20 9.1529
5003.25 9.1524
5003.30 9.1519
5003.35 9.1514
5003.40 9.1509
5003.45 9.1504
5003.50 9.1499
5003.55 9.1494
5003.60 9.1489
5003.65 9.1484
5003.70 9.1479
5003.75 9.1474
5003.80 9.1469
5003.85 9.1463
5003.90 9.1458
5003.95 9.1453
5004.00 9.1448
5004.05 9.1443
5004.10 9.1438
5004.15 9.1433
5004.20 9.1428
5004.25 9.1422
5004.30 9.1417
5004.35 9.1412
5004.40 9.1407
5004.45 9.1402
5004.50 9.1396
5004.55 9.1391
5004.60 9.1386
5004.65 9.1381
5004.70 9.1375
5004.75 9.1370
5004.80 9.1365
5004.85 9.1360
5004.90 9.1354
5004.95 9.1349
5005.00 9.1344
5005.05 9.1339
5005.10 9.1333
5005.15 9.1328
5005.20 9.1323
5005.25 9.1317
5005.30 9.1312
5005.35 9.1307
5005.40 9.1302
5005.45 9.1296
5005.50 9.1291
5005.55 9.1286
5005.60 9.1280
5005.65 9.1275
5005.70 9.1270
5005.75 9.1264
5005.80 9.1259
5005.85 9.1254
5005.90 9.1249
5005.95 9.1243
5006.00 9.1238
5006.05 9.1233
5006.10 9.1227
5006.15 9.1222
5006.20 9.1217
5006.25 9.1212
5006.30 9.1206
5006.35 9.1201
5006.40 9.1196
5006.45 9.1191
5006.50 9.1186
5006.55 9.1180
5006.60 9.1175
5006.65 9.1170
5006.70 9.1165
5006.75 9.1160
5006.80 9.1154
5006.85 9.1149
5006.90 9.1144
5006.95 9.1139
5007.00 9.1134
5007.05 9.1129
5007.10 9.1124
5007.15 9.1119
5007.20 9.1113
5007.25 9.1108
5007.30 9.1103
5007.35 9.1098
5007.40 9.1093
5007.45 9.1088
5007.50 9.1083
5007.55 9.1078
5007.60 9.1073
5007.65 9.1069
5007.70 9.1064
5007.75 9.1059
5007.80 9.1054
5007.85 9.1049
5007.90 9.1044
5007.95 9.1039
5008.00 9.1035
5008.05 9.1030
5008.10 9.1025
5008.15 9.1020
5008.20 9.1016
5008.25 9.1011
5008.30 9.1006
5008.35 9.1002
5008.40 9.0997
5008.45 9.0992
5008.50 9.0988
5008.55 9.0983
5008.60 9.0979
5008.65 9.0974
5008.70 9.0970
5008.75 9.0965
5008.80 9.0961
5008.85 9.0957
5008.90 9.0952
5008.95 9.0948
5009.00 9.0944
5009.05 9.0939
5009.10 9.0935
5009.15 9.0931
5009.20 9.0927
5009.25 9.0923
5009.30 9.0918
5009.35 9.0914
5009.40 9.0910
5009.45 9.0906
5009.50 9.0902
5009.55 9.0898
5009.60 9.0894
5009.65 9.0890
5009.70 9.0886
5009.75 9.0882
5009.80 9.0879
5009.85 9.0875
5009.90 9.0871
5009.95 9.0867
5010.00 9.0864
5010.05 9.0860
5010.10 9.0856
5010.15 9.0853
5010.20 9.0849
5010.25 9.0845
5010.30 9.0842
5010.35 9.0838
5010.40 9.0835
5010.45 9.0831
5010.50 9.0828
5010.55 9.0825
5010.60 9.0821
5010.65 9.0818
5010.70 9.0815
5010.75 9.0812
5010.80 9.0808
5010.85 9.0805
5010.90 9.0802
5010.95 9.0799
5011.00 9.0796
5011.05 9.0793
5011.10 9.0790
5011.15 9.0787
5011.20 9.0784
5011.25 9.0781
5011.30 9.0778
5011.35 9.0775
5011.40 9.0772
5011.45 9.0769
5011.50 9.0767
5011.55 9.0764
5011.60 9.0761
5011.65 9.0758
5011.70 9.0756
5011.75 9.0753
5011.80 9.0751
5011.85 9.0748
5011.90 9.0745
5011.95 9.0743
5012.00 9.0740
5012.05 9.0738
5012.10 9.0735
5012.15 9.0733
5012.20 9.0731
5012.25 9.0728
5012.30 9.0726
5012.35 9.0724
5012.40 9.0721
5012.45 9.0719
5012.50 9.0717
5012.55 9.0714
5012.60 9.0712
5012.65 9.0710
5012.70 9.0708
5012.75 9.0706
5012.80 9.0704
5012.85 9.0702
5012.90 9.0699
5012.95 9.0697
5013.00 9.0695
5013.05 9.0693
5013.10 9.0691
5013.15 9.0689
5013.20 9.0687
5013.25 9.0685
5013.30 9.0683
5013.35 9.0681
5013.40 9.0679
5013.45 9.0677
5013.50 9.0676
5013.55 9.0674
5013.60 9.0672
5013.65 9.0670
5013.70 9.0668
5013.75 9.0666
5013.80 9.0664
5013.85 9.0662
5013.90 9.0661
5013.95 9.0659
5014.00 9.0657
5014.05 9.0655
5014.10 9.0653
5014.15 9.0651
5014.20 9.0649
5014.25 9.0648
5014.30 9.0646
5014.35 9.0644
5014.40 9.0642
5014.45 9.0640
5014.50 9.0638
5014.55 9.0637
5014.60 9.0635
5014.65 9.0633
5014.70 9.0631
5014.75 9.0629
5014.80 9.0627
5014.85 9.0625
5014.90 9.0623
5014.95 9.0622
5015.00 9.0620
5015.05 9.0618
5015.10 9.0616
5015.15 9.0614
5015.20 9.0612
5015.25 9.0610
5015.30 9.0608
5015.35 9.0606
5015.40 9.0604
5015.45 9.0602
5015.50 9.0600
5015.55 9.0597
5015.60 9.0595
5015.65 9.0593
5015.70 9.0591
5015.75 9.0589
5015.80 9.0587
5015.85 9.0584
5015.90 9.0582
5015.95 9.0580
5016.00 9.0577
5016.05 9.0575
5016.10 9.0573
5016.15 9.0570
5016.20 9.0568
5016.25 9.0565
5016.30 9.0563
5016.35 9.0560
5016.40 9.0558
5016.45 9.0555
5016.50 9.0552
5016.55 9.0550
5016.60 9.0547
5016.65 9.0544
5016.70 9.0542
5016.75 9.0539
5016.80 9.0536
5016.85 9.0533
5016.90 9.0530
5016.95 9.0527
5017.00 9.0524
5017.05 9.0521
5017.10 9.0518
5017.15 9.0515
5017.20 9.0511
5017.25 9.0508
5017.30 9.0505
5017.35 9.0502
5017.40 9.0498
5017.45 9.0495
5017.50 9.0491
5017.55 9.0488
5017.60 9.0484
5017.65 9.0481
5017.70 9.0477
5017.75 9.0473
5017.80 9.0470
5017.85 9.0466
5017.90 9.0462
5017.95 9.0458
5018.00 9.0454
5018.05 9.0450
5018.10 9.0446
5018.15 9.0442
5018.20 9.0438
5018.25 9.0434
5018.30 9.0429
5018.35 9.0425
5018.40 9.0421
5018.45 9.0416
5018.50 9.0412
5018.55 9.0407
5018.60 9.0403
5018.65 9.0398
5018.70 9.0394
5018.75 9.0389
5018.80 9.0384
5018.85 9.0379
5018.90 9.0375
5018.95 9.0370
5019.00 9.0365
5019.05 9.0360
5019.10 9.0355
5019.15 9.0350
5019.20 9.0344
5019.25 9.0339
5019.30 9.0334
5019.35 9.0329
5019.40 9.0323
5019.45 9.0318
5019.50 9.0312
5019.55 9.0307
5019.60 9.0301
5019.65 9.0296
5019.70 9.0290
5019.75 9.0284
5019.80 9.0279
5019.85 9.0273
5019.90 9.0267
5019.95 9.0261
5020.00 9.0255
5020.05 9.0249
5020.10 9.0243
5020.15 9.0237
5020.20 9.0231
5020.25 9.0225
5020.30 9.0219
5020.35 9.0212
5020.40 9.0206
5020.45 9.0200
5020.50 9.0193
5020.55 9.0187
5020.60 9.0180
5020.65 9.0174
5020.70 9.0167
5020.75 9.0161
5020.80 9.0154
5020.85 9.0148
5020.90 9.0141
5020.95 9.0134
5021.00 9.0127
5021.05 9.0121
5021.10 9.0114
5021.15 9.0107
5021.20 9.0100
5021.25 9.0093
5021.30 9.0086
5021.35 9.0079
5021.40 9.0072
5021.45 9.0065
5021.50 9.0058
5021.55 9.0051
5021.60 9.0043
5021.65 9.0036
5021.70 9.0029
5021.75 9.0022
5021.80 9.0015
5021.85 9.0007
5021.90 9.0000
5021.95 8.9993
5022.00 8.9985
5022.05 8.9978
5022.10 8.9970
5022.15 8.9963
5022.20 8.9955
5022.25 8.9948
5022.30 8.9940
5022.35 8.9933
5022.40 8.9925
5022.45 8.9918
5022.50 8.9910
5022.55 8.9903
5022.60 8.9895
5022.65 8.9887
5022.70 8.9880
5022.75 8.9872
5022.80 8.9864
5022.85 8.9857
5022.90 8.9849
5022.95 8.9841
5023.00 8.9833
5023.05 8.9826
5023.10 8.9818
5023.15 8.9810
5023.20 8.9802
5023.25 8.9795
5023.30 8.9787
5023.35 8.9779
5023.40 8.9771
5023.45 8.9763
5023.50 8.9755
5023.55 8.9748
5023.60 8.9740
5023.65 8.9732
5023.70 8.9724
5023.75 8.9716
5023.80 8.9708
5023.85 8.9700
5023.90 8.9693
5023.95 8.9685
5024.00 8.9677
5024.05 8.9669
5024.10 8.9661
5024.15 8.9653
5024.20 8.9645
5024.25 8.9637
5024.30 8.9630
5024.35 8.9622
5024.40 8.9614
5024.45 8.9606
5024.50 8.9598
5024.55 8.9590
5024.60 8.9582
5024.65 8.9574
5024.70 8.9566
5024.75 8.9559
5024.80 8.9551
5024.85 8.9543
5024.90 8.9535
5024.95 8.9527
5025.00 8.9519
5025.05 8.9511
5025.10 8.9504
5025.15 8.9496
5025.20 8.9488
5025.25 8.9480
5025.30 8.9472
5025.35 8.9464
5025.40 8.9456
5025.45 8.9449
5025.50 8.9441
5025.55 8.9433
5025.60 8.9425
5025.65 8.9417
5025.70 8.9409
5025.75 8.9402
5025.80 8.9394
5025.85 8.9386
5025.90 8.9378
5025.95 8.9370
5026.00 8.9363
5026.05 8.9355
5026.10 8.9347
5026.15 8.9339
5026.20 8.9332
5026.25 8.9324
5026.30 8.9316
5026.35 8.9308
5026.40 8.9300
5026.45 8.9293
5026.50 8.9285
5026.55 8.9277
5026.60 8.9269
5026.65 8.9262
5026.70 8.9254
5026.75 8.9246
5026.80 8.9239
5026.85 8.9231
5026.90 8.9223
5026.95 8.9215
5027.00 8.9208
5027.05 8.9200
5027.10 8.9192
5027.15 8.9184
5027.20 8.9177
5027.25 8.9169
5027.30 8.9161
5027.35 8.9154
5027.40 8.9146
5027.45 8.9138
5027.50 8.9130
5027.55 8.9123
5027.60 8.9115
5027.65 8.9107
5027.70 8.9099
5027.75 8.9092
5027.80 8.9084
5027.85 8.9076
5027.90 8.9068
5027.95 8.9061
5028.00 8.9053
5028.05 8.9045
5028.10 8.9037
5028.15 8.9030
5028.20 8.9022
5028.25 8.9014
5028.30 8.9006
5028.35 8.8999
5028.40 8.8991
5028.45 8.8983
5028.50 8.8975
5028.55 8.8968
5028.60 8.8960
5028.65 8.8952
5028.70 8.8944
5028.75 8.8936
5028.80 8.8928
5028.85 8.8921
5028.90 8.8913
5028.95 8.8905
5029.00 8.8897
5029.05 8.8889
5029.10 8.8881
5029.15 8.8873
5029.20 8.8865
5029.25 8.8858
5029.30 8.8850
5029.35 8.8842
5029.40 8.8834
5029.45 8.8826
5029.50 8.8818
5029.55 8.8810
5029.60 8.8802
5029.65 8.8794
5029.70 8.8786
5029.75 8.8778
5029.80 8.8770
5029.85 8.8762
5029.90 8.8754
5029.95 8.8746
5030.00 8.8738
5030.05 8.8730
5030.10 8.8722
5030.15 8.8713
5030.20 8.8705
5030.25 8.8697
5030.30 8.8689
5030.35 8.8681
5030.40 8.8673
5030.45 8.8665
5030.50 8.8656
5030.55 8.8648
5030.60 8.8640
5030.65 8.8632
5030.70 8.8623
5030.75 8.8615
5030.80 8.8607
5030.85 8.8599
5030.90 8.8590
5030.95 8.8582
5031.00 8.8574
5031.05 8.8565
5031.10 8.8557
5031.15 8.8549
5031.20 8.8540
5031.25 8.8532
5031.30 8.8523
5031.35 8.8515
5031.40 8.8507
5031.45 8.8498
5031.50 8.8490
5031.55 8.8481
5031.60 8.8473
5031.65 8.8464
5031.70 8.8456
5031.75 8.8447
5031.80 8.8439
5031.85 8.8430
5031.90 8.8422
5031.95 8.8413
5032.00 8.8404
5032.05 8.8396
5032.10 8.8387
5032.15 8.8379
5032.20 8.8370
5032.25 8.8361
5032.30 8.8353
5032.35 8.8344
5032.40 8.8335
5032.45 8.8327
5032.50 8.8318
5032.55 8.8309
5032.60 8.8300
5032.65 8.8292
5032.70 8.8283
5032.75 8.8274
5032.80 8.8265
5032.85 8.8257
5032.90 8.8248
5032.95 8.8239
5033.00 8.8230
5033.05 8.8221
5033.10 8.8212
5033.15 8.8204
5033.20 8.8195
5033.25 8.8186
5033.30 8.8177
5033.35 8.8168
5033.40 8.8159
5033.45 8.8150
5033.50 8.8141
5033.55 8.8132
5033.60 8.8124
5033.65 8.8115
5033.70 8.8106
5033.75 8.8097
5033.80 8.8088
5033.85 8.8079
5033.90 8.8070
5033.95 8.8061
5034.00 8.8052
5034.05 8.8043
5034.10 8.8034
5034.15 8.8025
5034.20 8.8016
5034.25 8.8007
5034.30 8.7998
5034.35 8.7989
5034.40 8.7980
5034.45 8.7971
5034.50 8.7962
5034.55 8.7953
5034.60 8.7944
5034.65 8.7935
5034.70 8.7926
5034.75 8.7917
5034.80 8.7907
5034.85 8.7898
5034.90 8.7889
5034.95 8.7880
5035.00 8.7871
5035.05 8.7862
5035.10 8.7853
5035.15 8.7844
5035.20 8.7835
5035.25 8.7826
5035.30 8.7817
5035.35 8.7808
5035.40 8.7798
5035.45 8.7789
5035.50 8.7780
5035.55 8.7771
5035.60 8.7762
5035.65 8.7753
5035.70 8.7744
5035.75 8.7735
5035.80 8.7726
5035.85 8.7716
5035.90 8.7707
5035.95 8.7698
5036.00 8.7689
5036.05 8.7680
5036.10 8.7671
5036.15 8.7662
5036.20 8.7653
5036.25 8.7643
5036.30 8.7634
5036.35 8.7625
5036.40 8.7616
5036.45 8.7607
5036.50 8.7598
5036.55 8.7588
5036.60 8.7579
5036.65 8.7570
5036.70 8.7561
5036.75 8.7552
5036.80 8.7543
5036.85 8.7533
5036.90 8.7524
5036.95 8.7515
5037.00 8.7506
5037.05 8.7497
5037.10 8.7488
5037.15 8.7478
5037.20 8.7469
5037.25 8.7460
5037.30 8.7451
5037.35 8.7442
5037.40 8.7432
5037.45 8.7423
5037.50 8.7414
5037.55 8.7405
5037.60 8.7396
5037.65 8.7386
5037.70 8.7377
5037.75 8.7368
5037.80 8.7359
5037.85 8.7349
5037.90 8.7340
5037.95 8.7331
5038.00 8.7322
5038.05 8.7312
5038.10 8.7303
5038.15 8.7294
5038.20 8.7285
5038.25 8.7275
5038.30 8.7266
5038.35 8.7257
5038.40 8.7248
5038.45 8.7238
5038.50 8.7229
5038.55 8.7220
5038.60 8.7210
5038.65 8.7201
5038.70 8.7192
5038.75 8.7182
5038.80 8.7173
5038.85 8.7164
5038.90 8.7154
5038.95 8.7145
5039.00 8.7136
5039.05 8.7126
5039.10 8.7117
5039.15 8.7107
5039.20 8.7098
5039.25 8.7089
5039.30 8.7079
5039.35 8.7070
5039.40 8.7060
5039.45 8.7051
5039.50 8.7041
5039.55 8.7032
5039.60 8.7023
5039.65 8.7013
5039.70 8.7004
5039.75 8.6994
5039.80 8.6985
5039.85 8.6975
5039.90 8.6965
5039.95 8.6956
5040.00 8.6946
5040.05 8.6937
5040.10 8.6927
5040.15 8.6918
5040.20 8.6908
5040.25 8.6898
5040.30 8.6889
5040.35 8.6879
5040.40 8.6869
5040.45 8.6860
5040.50 8.6850
5040.55 8.6840
5040.60 8.6831
5040.65 8.6821
5040.70 8.6811
5040.75 8.6802
5040.80 8.6792
5040.85 8.6782
5040.90 8.6772
5040.95 8.6762
5041.00 8.6753
5041.05 8.6743
5041.10 8.6733
5041.15 8.6723
5041.20 8.6713
5041.25 8.6703
5041.30 8.6693
5041.35 8.6684
5041.40 8.6674
5041.45 8.6664
5041.50 8.6654
5041.55 8.6644
5041.60 8.6634
5041.65 8.6624
5041.70 8.6614
5041.75 8.6604
5041.80 8.6594
5041.85 8.6584
5041.90 8.6574
5041.95 8.6563
5042.00 8.6553
5042.05 8.6543
5042.10 8.6533
5042.15 8.6523
5042.20 8.6513
5042.25 8.6503
5042.30 8.6492
5042.35 8.6482
5042.40 8.6472
5042.45 8.6462
5042.50 8.6451
5042.55 8.6441
5042.60 8.6431
5042.65 8.6421
5042.70 8.6410
5042.75 8.6400
5042.80 8.6390
5042.85 8.6379
5042.90 8.6369
5042.95 8.6358
5043.00 8.6348
5043.05 8.6338
5043.10 8.6327
5043.15 8.6317
5043.20 8.6306
5043.25 8.6296
5043.30 8.6285
5043.35 8.6275
5043.40 8.6264
5043.45 8.6254
5043.50 8.6243
5043.55 8.6232
5043.60 8.6222
5043.65 8.6211
5043.70 8.6201
5043.75 8.6190
5043.80 8.6179
5043.85 8.6169
5043.90 8.6158
5043.95 8.6147
5044.00 8.6136
5044.05 8.6126
5044.10 8.6115
5044.15 8.6104
5044.20 8.6093
5044.25 8.6083
5044.30 8.6072
5044.35 8.6061
5044.40 8.6050
5044.45 8.6039
5044.50 8.6028
5044.55 8.6018
5044.60 8.6007
5044.65 8.5996
5044.70 8.5985
5044.75 8.5974
5044.80 8.5963
5044.85 8.5952
5044.90 8.5941
5044.95 8.5930
5045.00 8.5919
5045.05 8.5908
5045.10 8.5897
5045.15 8.5886
5045.20 8.5875
5045.25 8.5864
5045.30 8.5853
5045.35 8.5842
5045.40 8.5831
5045.45 8.5820
5045.50 8.5808
5045.55 8.5797
5045.60 8.5786
5045.65 8.5775
5045.70 8.5764
5045.75 8.5753
5045.80 8.5741
5045.85 8.5730
5045.90 8.5719
5045.95 8.5708
5046.00 8.5697
5046.05 8.5685
5046.10 8.5674
5046.15 8.5663
5046.20 8.5652
5046.25 8.5640
5046.30 8.5629
5046.35 8.5618
5046.40 8.5606
5046.45 8.5595
5046.50 8.5584
5046.55 8.5572
5046.60 8.5561
5046.65 8.5550
5046.70 8.5538
5046.75 8.5527
5046.80 8.5516
5046.85 8.5504
5046.90 8.5493
5046.95 8.5481
5047.00 8.5470
5047.05 8.5459
5047.10 8.5447
5047.15 8.5436
5047.20 8.5424
5047.25 8.5413
5047.30 8.5402
5047.35 8.5390
5047.40 8.5379
5047.45 8.5367
5047.50 8.5356
5047.55 8.5344
5047.60 8.5333
5047.65 8.5322
5047.70 8.5310
5047.75 8.5299
5047.80 8.5287
5047.85 8.5276
5047.90 8.5264
5047.95 8.5253
5048.00 8.5241
5048.05 8.5230
5048.10 8.5218
5048.15 8.5207
5048.20 8.5196
5048.25 8.5184
5048.30 8.5173
5048.35 8.5161
5048.40 8.5150
5048.45 8.5138
5048.50 8.5127
5048.55 8.5116
5048.60 8.5104
5048.65 8.5093
5048.70 8.5081
5048.75 8.5070
5048.80 8.5059
5048.85 8.5047
5048.90 8.5036
5048.95 8.5025
5049.00 8.5013
5049.05 8.5002
5049.10 8.4991
5049.15 8.4979
5049.20 8.4968
5049.25 8.4957
5049.30 8.4946
5049.35 8.4934
5049.40 8.4923
5049.45 8.4912
5049.50 8.4901
5049.55 8.4890
5049.60 8.4878
5049.65 8.4867
5049.70 8.4856
5049.75 8.4845
5049.80 8.4834
5049.85 8.4823
5049.90 8.4812
5049.95 8.4801
5050.00 8.4790
5050.05 8.4779
5050.10 8.4768
5050.15 8.4757
5050.20 8.4746
5050.25 8.4735
5050.30 8.4725
5050.35 8.4714
5050.40 8.4703
5050.45 8.4692
5050.50 8.4682
5050.55 8.4671
5050.60 8.4660
5050.65 8.4650
5050.70 8.4639
5050.75 8.4629
5050.80 8.4618
5050.85 8.4608
5050.90 8.4597
5050.95 8.4587
5051.00 8.4577
5051.05 8.4566
5051.10 8.4556
5051.15 8.4546
5051.20 8.4536
5051.25 8.4526
5051.30 8.4516
5051.35 8.4506
5051.40 8.4496
5051.45 8.4486
5051.50 8.4476
5051.55 8.4466
5051.60 8.4457
5051.65 8.4447
5051.70 8.4437
5051.75 8.4428
5051.80 8.4418
5051.85 8.4409
5051.90 8.4399
5051.95 8.4390
5052.00 8.4381
5052.05 8.4372
5052.10 8.4362
5052.15 8.4353
5052.20 8.4344
5052.25 8.4335
5052.30 8.4327
5052.35 8.4318
5052.40 8.4309
5052.45 8.4300
5052.50 8.4292
5052.55 8.4283
5052.60 8.4275
5052.65 8.4267
5052.70 8.4258
5052.75 8.4250
5052.80 8.4242
5052.85 8.4234
5052.90 8.4226
5052.95 8.4218
5053.00 8.4210
5053.05 8.4203
5053.10 8.4195
5053.15 8.4187
5053.20 8.4180
5053.25 8.4173
5053.30 8.4165
5053.35 8.4158
5053.40 8.4151
5053.45 8.4144
5053.50 8.4137
5053.55 8.4130
5053.60 8.4124
5053.65 8.4117
5053.70 8.4110
5053.75 8.4104
5053.80 8.4098
5053.85 8.4091
5053.90 8.4085
5053.95 8.4079
5054.00 8.4073
5054.05 8.4068
5054.10 8.4062
5054.15 8.4056
5054.20 8.4051
5054.25 8.4045
5054.30 8.4040
5054.35 8.4035
5054.40 8.4030
5054.45 8.4025
5054.50 8.4020
5054.55 8.4015
5054.60 8.4011
5054.65 8.4006
5054.70 8.4002
5054.75 8.3997
5054.80 8.3993
5054.85 8.3989
5054.90 8.3985
5054.95 8.3981
5055.00 8.3978
5055.05 8.3974
5055.10 8.3971
5055.15 8.3967
5055.20 8.3964
5055.25 8.3961
5055.30 8.3958
5055.35 8.3955
5055.40 8.3952
5055.45 8.3950
5055.50 8.3947
5055.55 8.3945
5055.60 8.3942
5055.65 8.3940
5055.70 8.3938
5055.75 8.3936
5055.80 8.3935
5055.85 8.3933
5055.90 8.3931
5055.95 8.3930
5056.00 8.3929
5056.05 8.3928
5056.10 8.3927
5056.15 8.3926
5056.20 8.3925
5056.25 8.3924
5056.30 8.3924
5056.35 8.3924
5056.40 8.3923
5056.45 8.3923
