6911.50 3.7446
6911.55 3.7459
6911.60 3.7471
6911.65 3.7484
6911.70 3.7496
6911.75 3.7509
6911.80 3.7521
6911.85 3.7534
6911.90 3.7546
6911.95 3.7559
6912.00 3.7571
6912.05 3.7583
6912.10 3.7596
6912.15 3.7608
6912.20 3.7621
6912.25 3.7633
6912.30 3.7646
6912.35 3.7658
6912.40 3.7670
6912.45 3.7683
6912.50 3.7695
6912.55 3.7708
6912.60 3.7720
6912.65 3.7732
6912.70 3.7745
6912.75 3.7757
6912.80 3.7769
6912.85 3.7782
6912.90 3.7794
6912.95 3.7806
6913.00 3.7819
6913.05 3.7831
6913.10 3.7843
6913.15 3.7856
6913.20 3.7868
6913.25 3.7880
6913.30 3.7893
6913.35 3.7905
6913.40 3.7917
6913.45 3.7929
6913.50 3.7942
6913.55 3.7954
6913.60 3.7966
6913.65 3.7978
6913.70 3.7991
6913.75 3.8003
6913.80 3.8015
6913.85 3.8027
6913.90 3.8039
6913.95 3.8052
6914.00 3.8064
6914.05 3.8076
6914.10 3.8088
6914.15 3.8100
6914.20 3.8112
6914.25 3.8125
6914.30 3.8137
6914.35 3.8149
6914.40 3.8161
6914.45 3.8173
6914.50 3.8185
6914.55 3.8197
6914.60 3.8209
6914.65 3.8222
6914.70 3.8234
6914.75 3.8246
6914.80 3.8258
6914.85 3.8270
6914.90 3.8282
6914.95 3.8294
6915.00 3.8306
6915.05 3.8318
6915.10 3.8330
6915.15 3.8342
6915.20 3.8354
6915.25 3.8366
6915.30 3.8378
6915.35 3.8390
6915.40 3.8402
6915.45 3.8414
6915.50 3.8426
6915.55 3.8438
6915.60 3.8450
6915.65 3.8462
6915.70 3.8474
6915.75 3.8486
6915.80 3.8498
6915.85 3.8510
6915.90 3.8522
6915.95 3.8534
6916.00 3.8546
6916.05 3.8557
6916.10 3.8569
6916.15 3.8581
6916.20 3.8593
6916.25 3.8605
6916.30 3.8617
6916.35 3.8629
6916.40 3.8641
6916.45 3.8652
6916.50 3.8664
6916.55 3.8676
6916.60 3.8688
6916.65 3.8700
6916.70 3.8712
6916.75 3.8723
6916.80 3.8735
6916.85 3.8747
6916.90 3.8759
6916.95 3.8771
6917.00 3.8782
6917.05 3.8794
6917.10 3.8806
6917.15 3.8818
6917.20 3.8829
6917.25 3.8841
6917.30 3.8853
6917.35 3.8865
6917.40 3.8876
6917.45 3.8888
6917.50 3.8900
6917.55 3.8912
6917.60 3.8923
6917.65 3.8935
6917.70 3.8947
6917.75 3.8958
6917.80 3.8970
6917.85 3.8982
6917.90 3.8993
6917.95 3.9005
6918.00 3.9017
6918.05 3.9028
6918.10 3.9040
6918.15 3.9051
6918.20 3.9063
6918.25 3.9075
6918.30 3.9086
6918.35 3.9098
6918.40 3.9109
6918.45 3.9121
6918.50 3.9133
6918.55 3.9144
6918.60 3.9156
6918.65 3.9167
6918.70 3.9179
6918.75 3.9190
6918.80 3.9202
6918.85 3.9213
6918.90 3.9225
6918.95 3.9237
6919.00 3.9248
6919.05 3.9260
6919.10 3.9271
6919.15 3.9283
6919.20 3.9294
6919.25 3.9305
6919.30 3.9317
6919.35 3.9328
6919.40 3.9340
6919.45 3.9351
6919.50 3.9363
6919.55 3.9374
6919.60 3.9386
6919.65 3.9397
6919.70 3.9408
6919.75 3.9420
6919.80 3.9431
6919.85 3.9443
6919.90 3.9454
6919.95 3.9465
6920.00 3.9477
6920.05 3.9488
6920.10 3.9500
6920.15 3.9511
6920.20 3.9522
6920.25 3.9534
6920.30 3.9545
6920.35 3.9556
6920.40 3.9568
6920.45 3.9579
6920.50 3.9590
6920.55 3.9602
6920.60 3.9613
6920.65 3.9624
6920.70 3.9635
6920.75 3.9647
6920.80 3.9658
6920.85 3.9669
6920.90 3.9681
6920.95 3.9692
6921.00 3.9703
6921.05 3.9714
6921.10 3.9725
6921.15 3.9737
6921.20 3.9748
6921.25 3.9759
6921.30 3.9770
6921.35 3.9782
6921.40 3.9793
6921.45 3.9804
6921.50 3.9815
6921.55 3.9826
6921.60 3.9837
6921.65 3.9849
6921.70 3.9860
6921.75 3.9871
6921.80 3.9882
6921.85 3.9893
6921.90 3.9904
6921.95 3.9915
6922.00 3.9927
6922.05 3.9938
6922.10 3.9949
6922.15 3.9960
6922.20 3.9971
6922.25 3.9982
6922.30 3.9993
6922.35 4.0004
6922.40 4.0015
6922.45 4.0026
6922.50 4.0037
6922.55 4.0048
6922.60 4.0059
6922.65 4.0070
6922.70 4.0081
6922.75 4.0092
6922.80 4.0103
6922.85 4.0114
6922.90 4.0125
6922.95 4.0136
6923.00 4.0147
6923.05 4.0158
6923.10 4.0169
6923.15 4.0180
6923.20 4.0191
6923.25 4.0202
6923.30 4.0213
6923.35 4.0224
6923.40 4.0235
6923.45 4.0246
6923.50 4.0257
6923.55 4.0268
6923.60 4.0279
6923.65 4.0290
6923.70 4.0301
6923.75 4.0311
6923.80 4.0322
6923.85 4.0333
6923.90 4.0344
6923.95 4.0355
6924.00 4.0366
6924.05 4.0377
6924.10 4.0387
6924.15 4.0398
6924.20 4.0409
6924.25 4.0420
6924.30 4.0431
6924.35 4.0442
6924.40 4.0452
6924.45 4.0463
6924.50 4.0474
6924.55 4.0485
6924.60 4.0495
6924.65 4.0506
6924.70 4.0517
6924.75 4.0528
6924.80 4.0538
6924.85 4.0549
6924.90 4.0560
6924.95 4.0571
6925.00 4.0581
6925.05 4.0592
6925.10 4.0603
6925.15 4.0614
6925.20 4.0624
6925.25 4.0635
6925.30 4.0646
6925.35 4.0656
6925.40 4.0667
6925.45 4.0678
6925.50 4.0688
6925.55 4.0699
6925.60 4.0710
6925.65 4.0720
6925.70 4.0731
6925.75 4.0741
6925.80 4.0752
6925.85 4.0763
6925.90 4.0773
6925.95 4.0784
6926.00 4.0795
6926.05 4.0805
6926.10 4.0816
6926.15 4.0826
6926.20 4.0837
6926.25 4.0847
6926.30 4.0858
6926.35 4.0869
6926.40 4.0879
6926.45 4.0890
6926.50 4.0900
6926.55 4.0911
6926.60 4.0921
6926.65 4.0932
6926.70 4.0942
6926.75 4.0953
6926.80 4.0963
6926.85 4.0974
6926.90 4.0984
6926.95 4.0995
6927.00 4.1005
6927.05 4.1016
6927.10 4.1026
6927.15 4.1036
6927.20 4.1047
6927.25 4.1057
6927.30 4.1068
6927.35 4.1078
6927.40 4.1089
6927.45 4.1099
6927.50 4.1109
6927.55 4.1120
6927.60 4.1130
6927.65 4.1141
6927.70 4.1151
6927.75 4.1161
6927.80 4.1172
6927.85 4.1182
6927.90 4.1192
6927.95 4.1203
6928.00 4.1213
6928.05 4.1223
6928.10 4.1234
6928.15 4.1244
6928.20 4.1254
6928.25 4.1265
6928.30 4.1275
6928.35 4.1285
6928.40 4.1296
6928.45 4.1306
6928.50 4.1316
6928.55 4.1326
6928.60 4.1337
6928.65 4.1347
6928.70 4.1357
6928.75 4.1367
6928.80 4.1378
6928.85 4.1388
6928.90 4.1398
6928.95 4.1408
6929.00 4.1419
6929.05 4.1429
6929.10 4.1439
6929.15 4.1449
6929.20 4.1459
6929.25 4.1470
6929.30 4.1480
6929.35 4.1490
6929.40 4.1500
6929.45 4.1510
6929.50 4.1520
6929.55 4.1530
6929.60 4.1541
6929.65 4.1551
6929.70 4.1561
6929.75 4.1571
6929.80 4.1581
6929.85 4.1591
6929.90 4.1601
6929.95 4.1611
6930.00 4.1621
6930.05 4.1632
6930.10 4.1642
6930.15 4.1652
6930.20 4.1662
6930.25 4.1672
6930.30 4.1682
6930.35 4.1692
6930.40 4.1702
6930.45 4.1712
6930.50 4.1722
6930.55 4.1732
6930.60 4.1742
6930.65 4.1752
6930.70 4.1762
6930.75 4.1772
6930.80 4.1782
6930.85 4.1792
6930.90 4.1802
6930.95 4.1812
6931.00 4.1822
6931.05 4.1832
6931.10 4.1842
6931.15 4.1852
6931.20 4.1862
6931.25 4.1872
6931.30 4.1882
6931.35 4.1891
6931.40 4.1901
6931.45 4.1911
6931.50 4.1921
6931.55 4.1931
6931.60 4.1941
6931.65 4.1951
6931.70 4.1961
6931.75 4.1971
6931.80 4.1980
6931.85 4.1990
6931.90 4.2000
6931.95 4.2010
6932.00 4.2020
6932.05 4.2030
6932.10 4.2039
6932.15 4.2049
6932.20 4.2059
6932.25 4.2069
6932.30 4.2079
6932.35 4.2088
6932.40 4.2098
6932.45 4.2108
6932.50 4.2118
6932.55 4.2128
6932.60 4.2137
6932.65 4.2147
6932.70 4.2157
6932.75 4.2167
6932.80 4.2176
6932.85 4.2186
6932.90 4.2196
6932.95 4.2206
6933.00 4.2215
6933.05 4.2225
6933.10 4.2235
6933.15 4.2244
6933.20 4.2254
6933.25 4.2264
6933.30 4.2273
6933.35 4.2283
6933.40 4.2293
6933.45 4.2302
6933.50 4.2312
6933.55 4.2322
6933.60 4.2331
6933.65 4.2341
6933.70 4.2351
6933.75 4.2360
6933.80 4.2370
6933.85 4.2379
6933.90 4.2389
6933.95 4.2399
6934.00 4.2408
6934.05 4.2418
6934.10 4.2427
6934.15 4.2437
6934.20 4.2447
6934.25 4.2456
6934.30 4.2466
6934.35 4.2475
6934.40 4.2485
6934.45 4.2494
6934.50 4.2504
6934.55 4.2513
6934.60 4.2523
6934.65 4.2532
6934.70 4.2542
6934.75 4.2551
6934.80 4.2561
6934.85 4.2570
6934.90 4.2580
6934.95 4.2589
6935.00 4.2599
6935.05 4.2608
6935.10 4.2618
6935.15 4.2627
6935.20 4.2637
6935.25 4.2646
6935.30 4.2655
6935.35 4.2665
6935.40 4.2674
6935.45 4.2684
6935.50 4.2693
6935.55 4.2702
6935.60 4.2712
6935.65 4.2721
6935.70 4.2731
6935.75 4.2740
6935.80 4.2749
6935.85 4.2759
6935.90 4.2768
6935.95 4.2777
6936.00 4.2787
6936.05 4.2796
6936.10 4.2805
6936.15 4.2815
6936.20 4.2824
6936.25 4.2833
6936.30 4.2843
6936.35 4.2852
6936.40 4.2861
6936.45 4.2871
6936.50 4.2880
6936.55 4.2889
6936.60 4.2898
6936.65 4.2908
6936.70 4.2917
6936.75 4.2926
6936.80 4.2936
6936.85 4.2945
6936.90 4.2954
6936.95 4.2963
6937.00 4.2972
6937.05 4.2982
6937.10 4.2991
6937.15 4.3000
6937.20 4.3009
6937.25 4.3018
6937.30 4.3028
6937.35 4.3037
6937.40 4.3046
6937.45 4.3055
6937.50 4.3064
6937.55 4.3074
6937.60 4.3083
6937.65 4.3092
6937.70 4.3101
6937.75 4.3110
6937.80 4.3119
6937.85 4.3128
6937.90 4.3137
6937.95 4.3147
6938.00 4.3156
6938.05 4.3165
6938.10 4.3174
6938.15 4.3183
6938.20 4.3192
6938.25 4.3201
6938.30 4.3210
6938.35 4.3219
6938.40 4.3228
6938.45 4.3237
6938.50 4.3246
6938.55 4.3255
6938.60 4.3265
6938.65 4.3274
6938.70 4.3283
6938.75 4.3292
6938.80 4.3301
6938.85 4.3310
6938.90 4.3319
6938.95 4.3328
6939.00 4.3337
6939.05 4.3346
6939.10 4.3355
6939.15 4.3363
6939.20 4.3372
6939.25 4.3381
6939.30 4.3390
6939.35 4.3399
6939.40 4.3408
6939.45 4.3417
6939.50 4.3426
6939.55 4.3435
6939.60 4.3444
6939.65 4.3453
6939.70 4.3462
6939.75 4.3471
6939.80 4.3480
6939.85 4.3488
6939.90 4.3497
6939.95 4.3506
6940.00 4.3515
6940.05 4.3524
6940.10 4.3533
6940.15 4.3542
6940.20 4.3550
6940.25 4.3559
6940.30 4.3568
6940.35 4.3577
6940.40 4.3586
6940.45 4.3595
6940.50 4.3603
6940.55 4.3612
6940.60 4.3621
6940.65 4.3630
6940.70 4.3639
6940.75 4.3647
6940.80 4.3656
6940.85 4.3665
6940.90 4.3674
6940.95 4.3682
6941.00 4.3691
6941.05 4.3700
6941.10 4.3709
6941.15 4.3717
6941.20 4.3726
6941.25 4.3735
6941.30 4.3744
6941.35 4.3752
6941.40 4.3761
6941.45 4.3770
6941.50 4.3778
6941.55 4.3787
6941.60 4.3796
6941.65 4.3804
6941.70 4.3813
6941.75 4.3822
6941.80 4.3830
6941.85 4.3839
6941.90 4.3848
6941.95 4.3856
6942.00 4.3865
6942.05 4.3874
6942.10 4.3882
6942.15 4.3891
6942.20 4.3899
6942.25 4.3908
6942.30 4.3917
6942.35 4.3925
6942.40 4.3934
6942.45 4.3942
6942.50 4.3951
6942.55 4.3959
6942.60 4.3968
6942.65 4.3977
6942.70 4.3985
6942.75 4.3994
6942.80 4.4002
6942.85 4.4011
6942.90 4.4019
6942.95 4.4028
6943.00 4.4036
6943.05 4.4045
6943.10 4.4053
6943.15 4.4062
6943.20 4.4070
6943.25 4.4079
6943.30 4.4087
6943.35 4.4096
6943.40 4.4104
6943.45 4.4113
6943.50 4.4121
6943.55 4.4130
6943.60 4.4138
6943.65 4.4147
6943.70 4.4155
6943.75 4.4163
6943.80 4.4172
6943.85 4.4180
6943.90 4.4189
6943.95 4.4197
6944.00 4.4205
6944.05 4.4214
6944.10 4.4222
6944.15 4.4231
6944.20 4.4239
6944.25 4.4247
6944.30 4.4256
6944.35 4.4264
6944.40 4.4272
6944.45 4.4281
6944.50 4.4289
6944.55 4.4297
6944.60 4.4306
6944.65 4.4314
6944.70 4.4322
6944.75 4.4331
6944.80 4.4339
6944.85 4.4347
6944.90 4.4356
6944.95 4.4364
6945.00 4.4372
6945.05 4.4381
6945.10 4.4389
6945.15 4.4397
6945.20 4.4405
6945.25 4.4414
6945.30 4.4422
6945.35 4.4430
6945.40 4.4438
6945.45 4.4447
6945.50 4.4455
6945.55 4.4463
6945.60 4.4471
6945.65 4.4479
6945.70 4.4488
6945.75 4.4496
6945.80 4.4504
6945.85 4.4512
6945.90 4.4520
6945.95 4.4529
6946.00 4.4537
6946.05 4.4545
6946.10 4.4553
6946.15 4.4561
6946.20 4.4569
6946.25 4.4578
6946.30 4.4586
6946.35 4.4594
6946.40 4.4602
6946.45 4.4610
6946.50 4.4618
6946.55 4.4626
6946.60 4.4634
6946.65 4.4642
6946.70 4.4651
6946.75 4.4659
6946.80 4.4667
6946.85 4.4675
6946.90 4.4683
6946.95 4.4691
6947.00 4.4699
6947.05 4.4707
6947.10 4.4715
6947.15 4.4723
6947.20 4.4731
6947.25 4.4739
6947.30 4.4747
6947.35 4.4755
6947.40 4.4763
6947.45 4.4771
6947.50 4.4779
6947.55 4.4787
6947.60 4.4795
6947.65 4.4803
6947.70 4.4811
6947.75 4.4819
6947.80 4.4827
6947.85 4.4835
6947.90 4.4843
6947.95 4.4851
6948.00 4.4859
6948.05 4.4867
6948.10 4.4875
6948.15 4.4883
6948.20 4.4891
6948.25 4.4899
6948.30 4.4907
6948.35 4.4914
6948.40 4.4922
6948.45 4.4930
6948.50 4.4938
6948.55 4.4946
6948.60 4.4954
6948.65 4.4962
6948.70 4.4970
6948.75 4.4978
6948.80 4.4985
6948.85 4.4993
6948.90 4.5001
6948.95 4.5009
6949.00 4.5017
6949.05 4.5025
6949.10 4.5032
6949.15 4.5040
6949.20 4.5048
6949.25 4.5056
6949.30 4.5064
6949.35 4.5071
6949.40 4.5079
6949.45 4.5087
6949.50 4.5095
6949.55 4.5103
6949.60 4.5110
6949.65 4.5118
6949.70 4.5126
6949.75 4.5134
6949.80 4.5141
6949.85 4.5149
6949.90 4.5157
6949.95 4.5165
6950.00 4.5172
6950.05 4.5180
6950.10 4.5188
6950.15 4.5195
6950.20 4.5203
6950.25 4.5211
6950.30 4.5219
6950.35 4.5226
6950.40 4.5234
6950.45 4.5242
6950.50 4.5249
6950.55 4.5257
6950.60 4.5265
6950.65 4.5272
6950.70 4.5280
6950.75 4.5287
6950.80 4.5295
6950.85 4.5303
6950.90 4.5310
6950.95 4.5318
6951.00 4.5326
6951.05 4.5333
6951.10 4.5341
6951.15 4.5348
6951.20 4.5356
6951.25 4.5364
6951.30 4.5371
6951.35 4.5379
6951.40 4.5386
6951.45 4.5394
6951.50 4.5401
6951.55 4.5409
6951.60 4.5417
6951.65 4.5424
6951.70 4.5432
6951.75 4.5439
6951.80 4.5447
6951.85 4.5454
6951.90 4.5462
6951.95 4.5469
6952.00 4.5477
6952.05 4.5484
6952.10 4.5492
6952.15 4.5499
6952.20 4.5507
6952.25 4.5514
6952.30 4.5522
6952.35 4.5529
6952.40 4.5537
6952.45 4.5544
6952.50 4.5552
6952.55 4.5559
6952.60 4.5566
6952.65 4.5574
6952.70 4.5581
6952.75 4.5589
6952.80 4.5596
6952.85 4.5604
6952.90 4.5611
6952.95 4.5618
6953.00 4.5626
6953.05 4.5633
6953.10 4.5640
6953.15 4.5648
6953.20 4.5655
6953.25 4.5663
6953.30 4.5670
6953.35 4.5677
6953.40 4.5685
6953.45 4.5692
6953.50 4.5699
6953.55 4.5707
6953.60 4.5714
6953.65 4.5721
6953.70 4.5729
6953.75 4.5736
6953.80 4.5743
6953.85 4.5751
6953.90 4.5758
6953.95 4.5765
6954.00 4.5773
6954.05 4.5780
6954.10 4.5787
6954.15 4.5794
6954.20 4.5802
6954.25 4.5809
6954.30 4.5816
6954.35 4.5823
6954.40 4.5831
6954.45 4.5838
6954.50 4.5845
6954.55 4.5852
6954.60 4.5860
6954.65 4.5867
6954.70 4.5874
6954.75 4.5881
6954.80 4.5888
6954.85 4.5896
6954.90 4.5903
6954.95 4.5910
6955.00 4.5917
6955.05 4.5924
6955.10 4.5932
6955.15 4.5939
6955.20 4.5946
6955.25 4.5953
6955.30 4.5960
6955.35 4.5967
6955.40 4.5974
6955.45 4.5982
6955.50 4.5989
6955.55 4.5996
6955.60 4.6003
6955.65 4.6010
6955.70 4.6017
6955.75 4.6024
6955.80 4.6031
6955.85 4.6038
6955.90 4.6046
6955.95 4.6053
6956.00 4.6060
6956.05 4.6067
6956.10 4.6074
6956.15 4.6081
6956.20 4.6088
6956.25 4.6095
6956.30 4.6102
6956.35 4.6109
6956.40 4.6116
6956.45 4.6123
6956.50 4.6130
6956.55 4.6137
6956.60 4.6144
6956.65 4.6151
6956.70 4.6158
6956.75 4.6165
6956.80 4.6172
6956.85 4.6179
6956.90 4.6186
6956.95 4.6193
6957.00 4.6200
6957.05 4.6207
6957.10 4.6214
6957.15 4.6221
6957.20 4.6228
6957.25 4.6235
6957.30 4.6242
6957.35 4.6249
6957.40 4.6256
6957.45 4.6263
6957.50 4.6270
6957.55 4.6276
6957.60 4.6283
6957.65 4.6290
6957.70 4.6297
6957.75 4.6304
6957.80 4.6311
6957.85 4.6318
6957.90 4.6325
6957.95 4.6332
6958.00 4.6338
6958.05 4.6345
6958.10 4.6352
6958.15 4.6359
6958.20 4.6366
6958.25 4.6373
6958.30 4.6380
6958.35 4.6386
6958.40 4.6393
6958.45 4.6400
6958.50 4.6407
6958.55 4.6414
6958.60 4.6420
6958.65 4.6427
6958.70 4.6434
6958.75 4.6441
6958.80 4.6448
6958.85 4.6454
6958.90 4.6461
6958.95 4.6468
6959.00 4.6475
6959.05 4.6481
6959.10 4.6488
6959.15 4.6495
6959.20 4.6502
6959.25 4.6508
6959.30 4.6515
6959.35 4.6522
6959.40 4.6529
6959.45 4.6535
6959.50 4.6542
6959.55 4.6549
6959.60 4.6556
6959.65 4.6562
6959.70 4.6569
6959.75 4.6576
6959.80 4.6582
6959.85 4.6589
6959.90 4.6596
6959.95 4.6602
6960.00 4.6609
6960.05 4.6616
6960.10 4.6622
6960.15 4.6629
6960.20 4.6636
6960.25 4.6642
6960.30 4.6649
6960.35 4.6655
6960.40 4.6662
6960.45 4.6669
6960.50 4.6675
6960.55 4.6682
6960.60 4.6688
6960.65 4.6695
6960.70 4.6702
6960.75 4.6708
6960.80 4.6715
6960.85 4.6721
6960.90 4.6728
6960.95 4.6735
6961.00 4.6741
6961.05 4.6748
6961.10 4.6754
6961.15 4.6761
6961.20 4.6767
6961.25 4.6774
6961.30 4.6780
6961.35 4.6787
6961.40 4.6793
6961.45 4.6800
6961.50 4.6806
6961.55 4.6813
6961.60 4.6819
6961.65 4.6826
6961.70 4.6832
6961.75 4.6839
6961.80 4.6845
6961.85 4.6852
6961.90 4.6858
6961.95 4.6865
6962.00 4.6871
6962.05 4.6878
6962.10 4.6884
6962.15 4.6891
6962.20 4.6897
6962.25 4.6903
6962.30 4.6910
6962.35 4.6916
6962.40 4.6923
6962.45 4.6929
6962.50 4.6936
6962.55 4.6942
6962.60 4.6948
6962.65 4.6955
6962.70 4.6961
6962.75 4.6968
6962.80 4.6974
6962.85 4.6980
6962.90 4.6987
6962.95 4.6993
6963.00 4.6999
6963.05 4.7006
6963.10 4.7012
6963.15 4.7018
6963.20 4.7025
6963.25 4.7031
6963.30 4.7037
6963.35 4.7044
6963.40 4.7050
6963.45 4.7056
6963.50 4.7063
6963.55 4.7069
6963.60 4.7075
6963.65 4.7082
6963.70 4.7088
6963.75 4.7094
6963.80 4.7100
6963.85 4.7107
6963.90 4.7113
6963.95 4.7119
6964.00 4.7126
6964.05 4.7132
6964.10 4.7138
6964.15 4.7144
6964.20 4.7151
6964.25 4.7157
6964.30 4.7163
6964.35 4.7169
6964.40 4.7175
6964.45 4.7182
6964.50 4.7188
6964.55 4.7194
6964.60 4.7200
6964.65 4.7206
6964.70 4.7213
6964.75 4.7219
6964.80 4.7225
6964.85 4.7231
6964.90 4.7237
6964.95 4.7244
6965.00 4.7250
6965.05 4.7256
6965.10 4.7262
6965.15 4.7268
6965.20 4.7274
6965.25 4.7280
6965.30 4.7287
6965.35 4.7293
6965.40 4.7299
6965.45 4.7305
6965.50 4.7311
6965.55 4.7317
6965.60 4.7323
6965.65 4.7329
6965.70 4.7335
6965.75 4.7342
6965.80 4.7348
6965.85 4.7354
6965.90 4.7360
6965.95 4.7366
6966.00 4.7372
6966.05 4.7378
6966.10 4.7384
6966.15 4.7390
6966.20 4.7396
6966.25 4.7402
6966.30 4.7408
6966.35 4.7414
6966.40 4.7420
6966.45 4.7426
6966.50 4.7432
6966.55 4.7438
6966.60 4.7444
6966.65 4.7450
6966.70 4.7456
6966.75 4.7462
6966.80 4.7468
6966.85 4.7474
6966.90 4.7480
6966.95 4.7486
6967.00 4.7492
6967.05 4.7498
6967.10 4.7504
6967.15 4.7510
6967.20 4.7516
6967.25 4.7522
6967.30 4.7528
6967.35 4.7534
6967.40 4.7540
6967.45 4.7546
6967.50 4.7552
6967.55 4.7558
6967.60 4.7563
6967.65 4.7569
6967.70 4.7575
6967.75 4.7581
6967.80 4.7587
6967.85 4.7593
6967.90 4.7599
6967.95 4.7605
6968.00 4.7611
6968.05 4.7616
6968.10 4.7622
6968.15 4.7628
6968.20 4.7634
6968.25 4.7640
6968.30 4.7646
6968.35 4.7652
6968.40 4.7657
6968.45 4.7663
6968.50 4.7669
6968.55 4.7675
6968.60 4.7681
6968.65 4.7686
6968.70 4.7692
6968.75 4.7698
6968.80 4.7704
6968.85 4.7710
6968.90 4.7715
6968.95 4.7721
6969.00 4.7727
6969.05 4.7733
6969.10 4.7739
6969.15 4.7744
6969.20 4.7750
6969.25 4.7756
6969.30 4.7762
6969.35 4.7767
6969.40 4.7773
6969.45 4.7779
6969.50 4.7785
6969.55 4.7790
6969.60 4.7796
6969.65 4.7802
6969.70 4.7807
6969.75 4.7813
6969.80 4.7819
6969.85 4.7825
6969.90 4.7830
6969.95 4.7836
6970.00 4.7842
6970.05 4.7847
6970.10 4.7853
6970.15 4.7859
6970.20 4.7864
6970.25 4.7870
6970.30 4.7876
6970.35 4.7881
6970.40 4.7887
6970.45 4.7893
6970.50 4.7898
6970.55 4.7904
6970.60 4.7909
6970.65 4.7915
6970.70 4.7921
6970.75 4.7926
6970.80 4.7932
6970.85 4.7938
6970.90 4.7943
6970.95 4.7949
6971.00 4.7954
6971.05 4.7960
6971.10 4.7965
6971.15 4.7971
6971.20 4.7977
6971.25 4.7982
6971.30 4.7988
6971.35 4.7993
6971.40 4.7999
6971.45 4.8004
6971.50 4.8010
6971.55 4.8016
6971.60 4.8021
6971.65 4.8027
6971.70 4.8032
6971.75 4.8038
6971.80 4.8043
6971.85 4.8049
6971.90 4.8054
6971.95 4.8060
6972.00 4.8065
6972.05 4.8071
6972.10 4.8076
6972.15 4.8082
6972.20 4.8087
6972.25 4.8093
6972.30 4.8098
6972.35 4.8104
6972.40 4.8109
6972.45 4.8114
6972.50 4.8120
6972.55 4.8125
6972.60 4.8131
6972.65 4.8136
6972.70 4.8142
6972.75 4.8147
6972.80 4.8153
6972.85 4.8158
6972.90 4.8163
6972.95 4.8169
6973.00 4.8174
6973.05 4.8180
6973.10 4.8185
6973.15 4.8190
6973.20 4.8196
6973.25 4.8201
6973.30 4.8207
6973.35 4.8212
6973.40 4.8217
6973.45 4.8223
6973.50 4.8228
6973.55 4.8233
6973.60 4.8239
6973.65 4.8244
6973.70 4.8249
6973.75 4.8255
6973.80 4.8260
6973.85 4.8265
6973.90 4.8271
6973.95 4.8276
6974.00 4.8281
6974.05 4.8287
6974.10 4.8292
6974.15 4.8297
6974.20 4.8303
6974.25 4.8308
6974.30 4.8313
6974.35 4.8319
6974.40 4.8324
6974.45 4.8329
6974.50 4.8334
6974.55 4.8340
6974.60 4.8345
6974.65 4.8350
6974.70 4.8355
6974.75 4.8361
6974.80 4.8366
6974.85 4.8371
6974.90 4.8376
6974.95 4.8382
6975.00 4.8387
6975.05 4.8392
6975.10 4.8397
6975.15 4.8403
6975.20 4.8408
6975.25 4.8413
6975.30 4.8418
6975.35 4.8423
6975.40 4.8429
6975.45 4.8434
6975.50 4.8439
6975.55 4.8444
6975.60 4.8449
6975.65 4.8454
6975.70 4.8460
6975.75 4.8465
6975.80 4.8470
6975.85 4.8475
6975.90 4.8480
6975.95 4.8485
6976.00 4.8491
6976.05 4.8496
6976.10 4.8501
6976.15 4.8506
6976.20 4.8511
6976.25 4.8516
6976.30 4.8521
6976.35 4.8526
6976.40 4.8531
6976.45 4.8537
6976.50 4.8542
6976.55 4.8547
6976.60 4.8552
6976.65 4.8557
6976.70 4.8562
6976.75 4.8567
6976.80 4.8572
6976.85 4.8577
6976.90 4.8582
6976.95 4.8587
6977.00 4.8592
6977.05 4.8597
6977.10 4.8603
6977.15 4.8608
6977.20 4.8613
6977.25 4.8618
6977.30 4.8623
6977.35 4.8628
6977.40 4.8633
6977.45 4.8638
6977.50 4.8643
6977.55 4.8648
6977.60 4.8653
6977.65 4.8658
6977.70 4.8663
6977.75 4.8668
6977.80 4.8673
6977.85 4.8678
6977.90 4.8683
6977.95 4.8688
6978.00 4.8693
6978.05 4.8698
6978.10 4.8703
6978.15 4.8707
6978.20 4.8712
6978.25 4.8717
6978.30 4.8722
6978.35 4.8727
6978.40 4.8732
6978.45 4.8737
6978.50 4.8742
6978.55 4.8747
6978.60 4.8752
6978.65 4.8757
6978.70 4.8762
6978.75 4.8767
6978.80 4.8771
6978.85 4.8776
6978.90 4.8781
6978.95 4.8786
6979.00 4.8791
6979.05 4.8796
6979.10 4.8801
6979.15 4.8806
6979.20 4.8811
6979.25 4.8815
6979.30 4.8820
6979.35 4.8825
6979.40 4.8830
6979.45 4.8835
6979.50 4.8840
6979.55 4.8844
6979.60 4.8849
6979.65 4.8854
6979.70 4.8859
6979.75 4.8864
6979.80 4.8869
6979.85 4.8873
6979.90 4.8878
6979.95 4.8883
6980.00 4.8888
6980.05 4.8893
6980.10 4.8897
6980.15 4.8902
6980.20 4.8907
6980.25 4.8912
6980.30 4.8916
6980.35 4.8921
6980.40 4.8926
6980.45 4.8931
6980.50 4.8936
6980.55 4.8940
6980.60 4.8945
6980.65 4.8950
6980.70 4.8955
6980.75 4.8959
6980.80 4.8964
6980.85 4.8969
6980.90 4.8973
6980.95 4.8978
6981.00 4.8983
6981.05 4.8988
6981.10 4.8992
6981.15 4.8997
6981.20 4.9002
6981.25 4.9006
6981.30 4.9011
6981.35 4.9016
6981.40 4.9020
6981.45 4.9025
6981.50 4.9030
6981.55 4.9034
6981.60 4.9039
6981.65 4.9044
6981.70 4.9048
6981.75 4.9053
6981.80 4.9058
6981.85 4.9062
6981.90 4.9067
6981.95 4.9072
6982.00 4.9076
6982.05 4.9081
6982.10 4.9086
6982.15 4.9090
6982.20 4.9095
6982.25 4.9099
6982.30 4.9104
6982.35 4.9109
6982.40 4.9113
6982.45 4.9118
6982.50 4.9122
6982.55 4.9127
6982.60 4.9132
6982.65 4.9136
6982.70 4.9141
6982.75 4.9145
6982.80 4.9150
6982.85 4.9154
6982.90 4.9159
6982.95 4.9163
6983.00 4.9168
6983.05 4.9173
6983.10 4.9177
6983.15 4.9182
6983.20 4.9186
6983.25 4.9191
6983.30 4.9195
6983.35 4.9200
6983.40 4.9204
6983.45 4.9209
6983.50 4.9213
6983.55 4.9218
6983.60 4.9222
6983.65 4.9227
6983.70 4.9231
6983.75 4.9236
6983.80 4.9240
6983.85 4.9245
6983.90 4.9249
6983.95 4.9254
6984.00 4.9258
6984.05 4.9263
6984.10 4.9267
6984.15 4.9272
6984.20 4.9276
6984.25 4.9280
6984.30 4.9285
6984.35 4.9289
6984.40 4.9294
6984.45 4.9298
6984.50 4.9303
6984.55 4.9307
6984.60 4.9311
6984.65 4.9316
6984.70 4.9320
6984.75 4.9325
6984.80 4.9329
6984.85 4.9334
6984.90 4.9338
6984.95 4.9342
6985.00 4.9347
6985.05 4.9351
6985.10 4.9355
6985.15 4.9360
6985.20 4.9364
6985.25 4.9369
6985.30 4.9373
6985.35 4.9377
6985.40 4.9382
6985.45 4.9386
6985.50 4.9390
6985.55 4.9395
6985.60 4.9399
6985.65 4.9403
6985.70 4.9408
6985.75 4.9412
6985.80 4.9416
6985.85 4.9421
6985.90 4.9425
6985.95 4.9429
6986.00 4.9434
6986.05 4.9438
6986.10 4.9442
6986.15 4.9447
6986.20 4.9451
6986.25 4.9455
6986.30 4.9459
6986.35 4.9464
6986.40 4.9468
6986.45 4.9472
6986.50 4.9477
6986.55 4.9481
6986.60 4.9485
6986.65 4.9489
6986.70 4.9494
6986.75 4.9498
6986.80 4.9502
6986.85 4.9506
6986.90 4.9511
6986.95 4.9515
6987.00 4.9519
6987.05 4.9523
6987.10 4.9528
6987.15 4.9532
6987.20 4.9536
6987.25 4.9540
6987.30 4.9544
6987.35 4.9549
6987.40 4.9553
6987.45 4.9557
6987.50 4.9561
6987.55 4.9565
6987.60 4.9570
6987.65 4.9574
6987.70 4.9578
6987.75 4.9582
6987.80 4.9586
6987.85 4.9590
6987.90 4.9595
6987.95 4.9599
6988.00 4.9603
6988.05 4.9607
6988.10 4.9611
6988.15 4.9615
6988.20 4.9619
6988.25 4.9624
6988.30 4.9628
6988.35 4.9632
6988.40 4.9636
6988.45 4.9640
6988.50 4.9644
6988.55 4.9648
6988.60 4.9652
6988.65 4.9657
6988.70 4.9661
6988.75 4.9665
6988.80 4.9669
6988.85 4.9673
6988.90 4.9677
6988.95 4.9681
6989.00 4.9685
6989.05 4.9689
6989.10 4.9693
6989.15 4.9697
6989.20 4.9701
6989.25 4.9706
6989.30 4.9710
6989.35 4.9714
6989.40 4.9718
6989.45 4.9722
6989.50 4.9726
6989.55 4.9730
6989.60 4.9734
6989.65 4.9738
6989.70 4.9742
6989.75 4.9746
6989.80 4.9750
6989.85 4.9754
6989.90 4.9758
6989.95 4.9762
6990.00 4.9766
6990.05 4.9770
6990.10 4.9774
6990.15 4.9778
6990.20 4.9782
6990.25 4.9786
6990.30 4.9790
6990.35 4.9794
6990.40 4.9798
6990.45 4.9802
6990.50 4.9806
6990.55 4.9810
6990.60 4.9814
6990.65 4.9818
6990.70 4.9822
6990.75 4.9826
6990.80 4.9830
6990.85 4.9834
6990.90 4.9837
6990.95 4.9841
6991.00 4.9845
6991.05 4.9849
6991.10 4.9853
6991.15 4.9857
6991.20 4.9861
6991.25 4.9865
6991.30 4.9869
6991.35 4.9873
6991.40 4.9877
6991.45 4.9881
6991.50 4.9884
6991.55 4.9888
6991.60 4.9892
6991.65 4.9896
6991.70 4.9900
6991.75 4.9904
6991.80 4.9908
6991.85 4.9912
6991.90 4.9915
6991.95 4.9919
6992.00 4.9923
6992.05 4.9927
6992.10 4.9931
6992.15 4.9935
6992.20 4.9939
6992.25 4.9942
6992.30 4.9946
6992.35 4.9950
6992.40 4.9954
6992.45 4.9958
6992.50 4.9962
6992.55 4.9965
6992.60 4.9969
6992.65 4.9973
6992.70 4.9977
6992.75 4.9981
6992.80 4.9984
6992.85 4.9988
6992.90 4.9992
6992.95 4.9996
6993.00 5.0000
6993.05 5.0003
6993.10 5.0007
6993.15 5.0011
6993.20 5.0015
6993.25 5.0018
6993.30 5.0022
6993.35 5.0026
6993.40 5.0030
6993.45 5.0034
6993.50 5.0037
6993.55 5.0041
6993.60 5.0045
6993.65 5.0048
6993.70 5.0052
6993.75 5.0056
6993.80 5.0060
6993.85 5.0063
6993.90 5.0067
6993.95 5.0071
6994.00 5.0075
6994.05 5.0078
6994.10 5.0082
6994.15 5.0086
6994.20 5.0089
6994.25 5.0093
6994.30 5.0097
6994.35 5.0100
6994.40 5.0104
6994.45 5.0108
6994.50 5.0112
6994.55 5.0115
6994.60 5.0119
6994.65 5.0123
6994.70 5.0126
6994.75 5.0130
6994.80 5.0134
6994.85 5.0137
6994.90 5.0141
6994.95 5.0145
6995.00 5.0148
6995.05 5.0152
6995.10 5.0155
6995.15 5.0159
6995.20 5.0163
6995.25 5.0166
6995.30 5.0170
6995.35 5.0174
6995.40 5.0177
6995.45 5.0181
6995.50 5.0184
6995.55 5.0188
6995.60 5.0192
6995.65 5.0195
6995.70 5.0199
6995.75 5.0202
6995.80 5.0206
6995.85 5.0210
6995.90 5.0213
6995.95 5.0217
6996.00 5.0220
6996.05 5.0224
6996.10 5.0227
6996.15 5.0231
6996.20 5.0235
6996.25 5.0238
6996.30 5.0242
6996.35 5.0245
6996.40 5.0249
6996.45 5.0252
6996.50 5.0256
6996.55 5.0259
6996.60 5.0263
6996.65 5.0267
6996.70 5.0270
6996.75 5.0274
6996.80 5.0277
6996.85 5.0281
6996.90 5.0284
6996.95 5.0288
6997.00 5.0291
6997.05 5.0295
6997.10 5.0298
6997.15 5.0302
6997.20 5.0305
6997.25 5.0309
6997.30 5.0312
6997.35 5.0316
6997.40 5.0319
6997.45 5.0323
6997.50 5.0326
6997.55 5.0330
6997.60 5.0333
6997.65 5.0336
6997.70 5.0340
6997.75 5.0343
6997.80 5.0347
6997.85 5.0350
6997.90 5.0354
6997.95 5.0357
6998.00 5.0361
6998.05 5.0364
6998.10 5.0368
6998.15 5.0371
6998.20 5.0374
6998.25 5.0378
6998.30 5.0381
6998.35 5.0385
6998.40 5.0388
6998.45 5.0391
6998.50 5.0395
6998.55 5.0398
6998.60 5.0402
6998.65 5.0405
6998.70 5.0408
6998.75 5.0412
6998.80 5.0415
6998.85 5.0419
6998.90 5.0422
6998.95 5.0425
6999.00 5.0429
6999.05 5.0432
6999.10 5.0436
6999.15 5.0439
6999.20 5.0442
6999.25 5.0446
6999.30 5.0449
6999.35 5.0452
6999.40 5.0456
6999.45 5.0459
6999.50 5.0462
6999.55 5.0466
6999.60 5.0469
6999.65 5.0472
6999.70 5.0476
6999.75 5.0479
6999.80 5.0482
6999.85 5.0486
6999.90 5.0489
6999.95 5.0492
7000.00 5.0496
7000.05 5.0499
7000.10 5.0502
7000.15 5.0506
7000.20 5.0509
7000.25 5.0512
7000.30 5.0515
7000.35 5.0519
7000.40 5.0522
7000.45 5.0525
7000.50 5.0529
7000.55 5.0532
7000.60 5.0535
7000.65 5.0538
7000.70 5.0542
7000.75 5.0545
7000.80 5.0548
7000.85 5.0551
7000.90 5.0555
7000.95 5.0558
7001.00 5.0561
7001.05 5.0564
7001.10 5.0568
7001.15 5.0571
7001.20 5.0574
7001.25 5.0577
7001.30 5.0581
7001.35 5.0584
7001.40 5.0587
7001.45 5.0590
7001.50 5.0594
7001.55 5.0597
7001.60 5.0600
7001.65 5.0603
7001.70 5.0606
7001.75 5.0610
7001.80 5.0613
7001.85 5.0616
7001.90 5.0619
7001.95 5.0622
7002.00 5.0626
7002.05 5.0629
7002.10 5.0632
7002.15 5.0635
7002.20 5.0638
7002.25 5.0641
7002.30 5.0645
7002.35 5.0648
7002.40 5.0651
7002.45 5.0654
7002.50 5.0657
7002.55 5.0660
7002.60 5.0663
7002.65 5.0667
7002.70 5.0670
7002.75 5.0673
7002.80 5.0676
7002.85 5.0679
7002.90 5.0682
7002.95 5.0685
7003.00 5.0689
7003.05 5.0692
7003.10 5.0695
7003.15 5.0698
7003.20 5.0701
7003.25 5.0704
7003.30 5.0707
7003.35 5.0710
7003.40 5.0713
7003.45 5.0717
7003.50 5.0720
7003.55 5.0723
7003.60 5.0726
7003.65 5.0729
7003.70 5.0732
7003.75 5.0735
7003.80 5.0738
7003.85 5.0741
7003.90 5.0744
7003.95 5.0747
7004.00 5.0750
7004.05 5.0753
7004.10 5.0757
7004.15 5.0760
7004.20 5.0763
7004.25 5.0766
7004.30 5.0769
7004.35 5.0772
7004.40 5.0775
7004.45 5.0778
7004.50 5.0781
7004.55 5.0784
7004.60 5.0787
7004.65 5.0790
7004.70 5.0793
7004.75 5.0796
7004.80 5.0799
7004.85 5.0802
7004.90 5.0805
7004.95 5.0808
7005.00 5.0811
7005.05 5.0814
7005.10 5.0817
7005.15 5.0820
7005.20 5.0823
7005.25 5.0826
7005.30 5.0829
7005.35 5.0832
7005.40 5.0835
7005.45 5.0838
7005.50 5.0841
7005.55 5.0844
7005.60 5.0847
7005.65 5.0850
7005.70 5.0853
7005.75 5.0856
7005.80 5.0859
7005.85 5.0862
7005.90 5.0865
7005.95 5.0868
7006.00 5.0871
7006.05 5.0873
7006.10 5.0876
7006.15 5.0879
7006.20 5.0882
7006.25 5.0885
7006.30 5.0888
7006.35 5.0891
7006.40 5.0894
7006.45 5.0897
7006.50 5.0900
7006.55 5.0903
7006.60 5.0906
7006.65 5.0909
7006.70 5.0911
7006.75 5.0914
7006.80 5.0917
7006.85 5.0920
7006.90 5.0923
7006.95 5.0926
7007.00 5.0929
7007.05 5.0932
7007.10 5.0935
7007.15 5.0937
7007.20 5.0940
7007.25 5.0943
7007.30 5.0946
7007.35 5.0949
7007.40 5.0952
7007.45 5.0955
7007.50 5.0958
7007.55 5.0960
7007.60 5.0963
7007.65 5.0966
7007.70 5.0969
7007.75 5.0972
7007.80 5.0975
7007.85 5.0977
7007.90 5.0980
7007.95 5.0983
7008.00 5.0986
7008.05 5.0989
7008.10 5.0992
7008.15 5.0994
7008.20 5.0997
7008.25 5.1000
7008.30 5.1003
7008.35 5.1006
7008.40 5.1009
7008.45 5.1011
7008.50 5.1014
7008.55 5.1017
7008.60 5.1020
7008.65 5.1023
7008.70 5.1025
7008.75 5.1028
7008.80 5.1031
7008.85 5.1034
7008.90 5.1036
7008.95 5.1039
7009.00 5.1042
7009.05 5.1045
7009.10 5.1048
7009.15 5.1050
7009.20 5.1053
7009.25 5.1056
7009.30 5.1059
7009.35 5.1061
7009.40 5.1064
7009.45 5.1067
7009.50 5.1070
7009.55 5.1072
7009.60 5.1075
7009.65 5.1078
7009.70 5.1081
7009.75 5.1083
7009.80 5.1086
7009.85 5.1089
7009.90 5.1092
7009.95 5.1094
7010.00 5.1097
7010.05 5.1100
7010.10 5.1102
7010.15 5.1105
7010.20 5.1108
7010.25 5.1111
7010.30 5.1113
7010.35 5.1116
7010.40 5.1119
7010.45 5.1121
7010.50 5.1124
7010.55 5.1127
7010.60 5.1129
7010.65 5.1132
7010.70 5.1135
7010.75 5.1138
7010.80 5.1140
7010.85 5.1143
7010.90 5.1146
7010.95 5.1148
7011.00 5.1151
7011.05 5.1154
7011.10 5.1156
7011.15 5.1159
7011.20 5.1162
7011.25 5.1164
7011.30 5.1167
7011.35 5.1170
7011.40 5.1172
7011.45 5.1175
7011.50 5.1177
7011.55 5.1180
7011.60 5.1183
7011.65 5.1185
7011.70 5.1188
7011.75 5.1191
7011.80 5.1193
7011.85 5.1196
7011.90 5.1199
7011.95 5.1201
7012.00 5.1204
7012.05 5.1206
7012.10 5.1209
7012.15 5.1212
7012.20 5.1214
7012.25 5.1217
7012.30 5.1219
7012.35 5.1222
7012.40 5.1225
7012.45 5.1227
7012.50 5.1230
7012.55 5.1232
7012.60 5.1235
7012.65 5.1238
7012.70 5.1240
7012.75 5.1243
7012.80 5.1245
7012.85 5.1248
7012.90 5.1250
7012.95 5.1253
7013.00 5.1256
7013.05 5.1258
7013.10 5.1261
7013.15 5.1263
7013.20 5.1266
7013.25 5.1268
7013.30 5.1271
7013.35 5.1273
7013.40 5.1276
7013.45 5.1279
7013.50 5.1281
7013.55 5.1284
7013.60 5.1286
7013.65 5.1289
7013.70 5.1291
7013.75 5.1294
7013.80 5.1296
7013.85 5.1299
7013.90 5.1301
7013.95 5.1304
7014.00 5.1306
7014.05 5.1309
7014.10 5.1311
7014.15 5.1314
7014.20 5.1316
7014.25 5.1319
7014.30 5.1321
7014.35 5.1324
7014.40 5.1326
7014.45 5.1329
7014.50 5.1331
7014.55 5.1334
7014.60 5.1336
7014.65 5.1339
7014.70 5.1341
7014.75 5.1344
7014.80 5.1346
7014.85 5.1349
7014.90 5.1351
7014.95 5.1354
7015.00 5.1356
7015.05 5.1359
7015.10 5.1361
7015.15 5.1364
7015.20 5.1366
7015.25 5.1369
7015.30 5.1371
7015.35 5.1373
7015.40 5.1376
7015.45 5.1378
7015.50 5.1381
7015.55 5.1383
7015.60 5.1386
7015.65 5.1388
7015.70 5.1391
7015.75 5.1393
7015.80 5.1395
7015.85 5.1398
7015.90 5.1400
7015.95 5.1403
7016.00 5.1405
7016.05 5.1407
7016.10 5.1410
7016.15 5.1412
7016.20 5.1415
7016.25 5.1417
7016.30 5.1420
7016.35 5.1422
7016.40 5.1424
7016.45 5.1427
7016.50 5.1429
7016.55 5.1432
7016.60 5.1434
7016.65 5.1436
7016.70 5.1439
7016.75 5.1441
7016.80 5.1443
7016.85 5.1446
7016.90 5.1448
7016.95 5.1451
7017.00 5.1453
7017.05 5.1455
7017.10 5.1458
7017.15 5.1460
7017.20 5.1462
7017.25 5.1465
7017.30 5.1467
7017.35 5.1470
7017.40 5.1472
7017.45 5.1474
7017.50 5.1477
7017.55 5.1479
7017.60 5.1481
7017.65 5.1484
7017.70 5.1486
7017.75 5.1488
7017.80 5.1491
7017.85 5.1493
7017.90 5.1495
7017.95 5.1498
7018.00 5.1500
7018.05 5.1502
7018.10 5.1505
7018.15 5.1507
7018.20 5.1509
7018.25 5.1512
7018.30 5.1514
7018.35 5.1516
7018.40 5.1519
7018.45 5.1521
7018.50 5.1523
7018.55 5.1525
7018.60 5.1528
7018.65 5.1530
7018.70 5.1532
7018.75 5.1535
7018.80 5.1537
7018.85 5.1539
7018.90 5.1542
7018.95 5.1544
7019.00 5.1546
7019.05 5.1548
7019.10 5.1551
7019.15 5.1553
7019.20 5.1555
7019.25 5.1558
7019.30 5.1560
7019.35 5.1562
7019.40 5.1564
7019.45 5.1567
7019.50 5.1569
7019.55 5.1571
7019.60 5.1573
7019.65 5.1576
7019.70 5.1578
7019.75 5.1580
7019.80 5.1582
7019.85 5.1585
7019.90 5.1587
7019.95 5.1589
7020.00 5.1591
7020.05 5.1594
7020.10 5.1596
7020.15 5.1598
7020.20 5.1600
7020.25 5.1603
7020.30 5.1605
7020.35 5.1607
7020.40 5.1609
7020.45 5.1611
7020.50 5.1614
7020.55 5.1616
7020.60 5.1618
7020.65 5.1620
7020.70 5.1623
7020.75 5.1625
7020.80 5.1627
7020.85 5.1629
7020.90 5.1631
7020.95 5.1634
7021.00 5.1636
7021.05 5.1638
7021.10 5.1640
7021.15 5.1642
7021.20 5.1645
7021.25 5.1647
7021.30 5.1649
7021.35 5.1651
7021.40 5.1653
7021.45 5.1655
7021.50 5.1658
7021.55 5.1660
7021.60 5.1662
7021.65 5.1664
7021.70 5.1666
7021.75 5.1669
7021.80 5.1671
7021.85 5.1673
7021.90 5.1675
7021.95 5.1677
7022.00 5.1679
7022.05 5.1681
7022.10 5.1684
7022.15 5.1686
7022.20 5.1688
7022.25 5.1690
7022.30 5.1692
7022.35 5.1694
7022.40 5.1697
7022.45 5.1699
7022.50 5.1701
7022.55 5.1703
7022.60 5.1705
7022.65 5.1707
7022.70 5.1709
7022.75 5.1711
7022.80 5.1714
7022.85 5.1716
7022.90 5.1718
7022.95 5.1720
7023.00 5.1722
7023.05 5.1724
7023.10 5.1726
7023.15 5.1728
7023.20 5.1731
7023.25 5.1733
7023.30 5.1735
7023.35 5.1737
7023.40 5.1739
7023.45 5.1741
7023.50 5.1743
7023.55 5.1745
7023.60 5.1747
7023.65 5.1749
7023.70 5.1752
7023.75 5.1754
7023.80 5.1756
7023.85 5.1758
7023.90 5.1760
7023.95 5.1762
7024.00 5.1764
7024.05 5.1766
7024.10 5.1768
7024.15 5.1770
7024.20 5.1772
7024.25 5.1774
7024.30 5.1777
7024.35 5.1779
7024.40 5.1781
7024.45 5.1783
7024.50 5.1785
7024.55 5.1787
7024.60 5.1789
7024.65 5.1791
7024.70 5.1793
7024.75 5.1795
7024.80 5.1797
7024.85 5.1799
7024.90 5.1801
7024.95 5.1803
7025.00 5.1805
7025.05 5.1807
7025.10 5.1809
7025.15 5.1811
7025.20 5.1813
7025.25 5.1815
7025.30 5.1818
7025.35 5.1820
7025.40 5.1822
7025.45 5.1824
7025.50 5.1826
7025.55 5.1828
7025.60 5.1830
7025.65 5.1832
7025.70 5.1834
7025.75 5.1836
7025.80 5.1838
7025.85 5.1840
7025.90 5.1842
7025.95 5.1844
7026.00 5.1846
7026.05 5.1848
7026.10 5.1850
7026.15 5.1852
7026.20 5.1854
7026.25 5.1856
7026.30 5.1858
7026.35 5.1860
7026.40 5.1862
7026.45 5.1864
7026.50 5.1866
7026.55 5.1868
7026.60 5.1870
7026.65 5.1872
7026.70 5.1874
7026.75 5.1876
7026.80 5.1878
7026.85 5.1880
7026.90 5.1882
7026.95 5.1884
7027.00 5.1886
7027.05 5.1888
7027.10 5.1890
7027.15 5.1891
7027.20 5.1893
7027.25 5.1895
7027.30 5.1897
7027.35 5.1899
7027.40 5.1901
7027.45 5.1903
7027.50 5.1905
7027.55 5.1907
7027.60 5.1909
7027.65 5.1911
7027.70 5.1913
7027.75 5.1915
7027.80 5.1917
7027.85 5.1919
7027.90 5.1921
7027.95 5.1923
7028.00 5.1925
7028.05 5.1927
7028.10 5.1929
7028.15 5.1930
7028.20 5.1932
7028.25 5.1934
7028.30 5.1936
7028.35 5.1938
7028.40 5.1940
7028.45 5.1942
7028.50 5.1944
7028.55 5.1946
7028.60 5.1948
7028.65 5.1950
7028.70 5.1952
7028.75 5.1954
7028.80 5.1955
7028.85 5.1957
7028.90 5.1959
7028.95 5.1961
7029.00 5.1963
7029.05 5.1965
7029.10 5.1967
7029.15 5.1969
7029.20 5.1971
7029.25 5.1973
7029.30 5.1974
7029.35 5.1976
7029.40 5.1978
7029.45 5.1980
7029.50 5.1982
7029.55 5.1984
7029.60 5.1986
7029.65 5.1988
7029.70 5.1990
7029.75 5.1991
7029.80 5.1993
7029.85 5.1995
7029.90 5.1997
7029.95 5.1999
7030.00 5.2001
7030.05 5.2003
7030.10 5.2005
7030.15 5.2006
7030.20 5.2008
7030.25 5.2010
7030.30 5.2012
7030.35 5.2014
7030.40 5.2016
7030.45 5.2018
7030.50 5.2020
7030.55 5.2021
7030.60 5.2023
7030.65 5.2025
7030.70 5.2027
7030.75 5.2029
7030.80 5.2031
7030.85 5.2033
7030.90 5.2034
7030.95 5.2036
7031.00 5.2038
7031.05 5.2040
7031.10 5.2042
7031.15 5.2044
7031.20 5.2045
7031.25 5.2047
7031.30 5.2049
7031.35 5.2051
7031.40 5.2053
7031.45 5.2055
7031.50 5.2056
7031.55 5.2058
7031.60 5.2060
7031.65 5.2062
7031.70 5.2064
7031.75 5.2066
7031.80 5.2067
7031.85 5.2069
7031.90 5.2071
7031.95 5.2073
7032.00 5.2075
7032.05 5.2076
7032.10 5.2078
7032.15 5.2080
7032.20 5.2082
7032.25 5.2084
7032.30 5.2085
7032.35 5.2087
7032.40 5.2089
7032.45 5.2091
7032.50 5.2093
7032.55 5.2094
7032.60 5.2096
7032.65 5.2098
7032.70 5.2100
7032.75 5.2102
7032.80 5.2103
7032.85 5.2105
7032.90 5.2107
7032.95 5.2109
7033.00 5.2111
7033.05 5.2112
7033.10 5.2114
7033.15 5.2116
7033.20 5.2118
7033.25 5.2120
7033.30 5.2121
7033.35 5.2123
7033.40 5.2125
7033.45 5.2127
7033.50 5.2128
7033.55 5.2130
7033.60 5.2132
7033.65 5.2134
7033.70 5.2135
7033.75 5.2137
7033.80 5.2139
7033.85 5.2141
7033.90 5.2143
7033.95 5.2144
7034.00 5.2146
7034.05 5.2148
7034.10 5.2150
7034.15 5.2151
7034.20 5.2153
7034.25 5.2155
7034.30 5.2157
7034.35 5.2158
7034.40 5.2160
7034.45 5.2162
7034.50 5.2164
7034.55 5.2165
7034.60 5.2167
7034.65 5.2169
7034.70 5.2171
7034.75 5.2172
7034.80 5.2174
7034.85 5.2176
7034.90 5.2178
7034.95 5.2179
7035.00 5.2181
7035.05 5.2183
7035.10 5.2184
7035.15 5.2186
7035.20 5.2188
7035.25 5.2190
7035.30 5.2191
7035.35 5.2193
7035.40 5.2195
7035.45 5.2197
7035.50 5.2198
7035.55 5.2200
7035.60 5.2202
7035.65 5.2203
7035.70 5.2205
7035.75 5.2207
7035.80 5.2209
7035.85 5.2210
7035.90 5.2212
7035.95 5.2214
7036.00 5.2215
7036.05 5.2217
7036.10 5.2219
7036.15 5.2221
7036.20 5.2222
7036.25 5.2224
7036.30 5.2226
7036.35 5.2227
7036.40 5.2229
7036.45 5.2231
7036.50 5.2232
7036.55 5.2234
7036.60 5.2236
7036.65 5.2238
7036.70 5.2239
7036.75 5.2241
7036.80 5.2243
7036.85 5.2244
7036.90 5.2246
7036.95 5.2248
7037.00 5.2249
7037.05 5.2251
7037.10 5.2253
7037.15 5.2254
7037.20 5.2256
7037.25 5.2258
7037.30 5.2259
7037.35 5.2261
7037.40 5.2263
7037.45 5.2265
7037.50 5.2266
7037.55 5.2268
7037.60 5.2270
7037.65 5.2271
7037.70 5.2273
7037.75 5.2275
7037.80 5.2276
7037.85 5.2278
7037.90 5.2280
7037.95 5.2281
7038.00 5.2283
7038.05 5.2285
7038.10 5.2286
7038.15 5.2288
7038.20 5.2290
7038.25 5.2291
7038.30 5.2293
7038.35 5.2295
7038.40 5.2296
7038.45 5.2298
7038.50 5.2299
7038.55 5.2301
7038.60 5.2303
7038.65 5.2304
7038.70 5.2306
7038.75 5.2308
7038.80 5.2309
7038.85 5.2311
7038.90 5.2313
7038.95 5.2314
7039.00 5.2316
7039.05 5.2318
7039.10 5.2319
7039.15 5.2321
7039.20 5.2323
7039.25 5.2324
7039.30 5.2326
7039.35 5.2327
7039.40 5.2329
7039.45 5.2331
7039.50 5.2332
7039.55 5.2334
7039.60 5.2336
7039.65 5.2337
7039.70 5.2339
7039.75 5.2341
7039.80 5.2342
7039.85 5.2344
7039.90 5.2345
7039.95 5.2347
7040.00 5.2349
7040.05 5.2350
7040.10 5.2352
7040.15 5.2354
7040.20 5.2355
7040.25 5.2357
7040.30 5.2358
7040.35 5.2360
7040.40 5.2362
7040.45 5.2363
7040.50 5.2365
7040.55 5.2366
7040.60 5.2368
7040.65 5.2370
7040.70 5.2371
7040.75 5.2373
7040.80 5.2375
7040.85 5.2376
7040.90 5.2378
7040.95 5.2379
7041.00 5.2381
7041.05 5.2383
7041.10 5.2384
7041.15 5.2386
7041.20 5.2387
7041.25 5.2389
7041.30 5.2391
7041.35 5.2392
7041.40 5.2394
7041.45 5.2395
7041.50 5.2397
7041.55 5.2399
7041.60 5.2400
7041.65 5.2402
7041.70 5.2403
7041.75 5.2405
7041.80 5.2407
7041.85 5.2408
7041.90 5.2410
7041.95 5.2411
7042.00 5.2413
7042.05 5.2414
7042.10 5.2416
7042.15 5.2418
7042.20 5.2419
7042.25 5.2421
7042.30 5.2422
7042.35 5.2424
7042.40 5.2426
7042.45 5.2427
7042.50 5.2429
7042.55 5.2430
7042.60 5.2432
7042.65 5.2433
7042.70 5.2435
7042.75 5.2437
7042.80 5.2438
7042.85 5.2440
7042.90 5.2441
7042.95 5.2443
7043.00 5.2445
7043.05 5.2446
7043.10 5.2448
7043.15 5.2449
7043.20 5.2451
7043.25 5.2452
7043.30 5.2454
7043.35 5.2456
7043.40 5.2457
7043.45 5.2459
7043.50 5.2460
7043.55 5.2462
7043.60 5.2463
7043.65 5.2465
7043.70 5.2466
7043.75 5.2468
7043.80 5.2470
7043.85 5.2471
7043.90 5.2473
7043.95 5.2474
7044.00 5.2476
7044.05 5.2477
7044.10 5.2479
7044.15 5.2480
7044.20 5.2482
7044.25 5.2484
7044.30 5.2485
7044.35 5.2487
7044.40 5.2488
7044.45 5.2490
7044.50 5.2491
7044.55 5.2493
7044.60 5.2494
7044.65 5.2496
7044.70 5.2498
7044.75 5.2499
7044.80 5.2501
7044.85 5.2502
7044.90 5.2504
7044.95 5.2505
7045.00 5.2507
7045.05 5.2508
7045.10 5.2510
7045.15 5.2511
7045.20 5.2513
7045.25 5.2515
7045.30 5.2516
7045.35 5.2518
7045.40 5.2519
7045.45 5.2521
7045.50 5.2522
7045.55 5.2524
7045.60 5.2525
7045.65 5.2527
7045.70 5.2528
7045.75 5.2530
7045.80 5.2531
7045.85 5.2533
7045.90 5.2535
7045.95 5.2536
7046.00 5.2538
7046.05 5.2539
7046.10 5.2541
7046.15 5.2542
7046.20 5.2544
7046.25 5.2545
7046.30 5.2547
7046.35 5.2548
7046.40 5.2550
7046.45 5.2551
7046.50 5.2553
7046.55 5.2554
7046.60 5.2556
7046.65 5.2558
7046.70 5.2559
7046.75 5.2561
7046.80 5.2562
7046.85 5.2564
7046.90 5.2565
7046.95 5.2567
7047.00 5.2568
7047.05 5.2570
7047.10 5.2571
7047.15 5.2573
7047.20 5.2574
7047.25 5.2576
7047.30 5.2577
7047.35 5.2579
7047.40 5.2580
7047.45 5.2582
7047.50 5.2583
7047.55 5.2585
7047.60 5.2586
7047.65 5.2588
7047.70 5.2589
7047.75 5.2591
7047.80 5.2592
7047.85 5.2594
7047.90 5.2596
7047.95 5.2597
7048.00 5.2599
7048.05 5.2600
7048.10 5.2602
7048.15 5.2603
7048.20 5.2605
7048.25 5.2606
7048.30 5.2608
7048.35 5.2609
7048.40 5.2611
7048.45 5.2612
7048.50 5.2614
7048.55 5.2615
7048.60 5.2617
7048.65 5.2618
7048.70 5.2620
7048.75 5.2621
7048.80 5.2623
7048.85 5.2624
7048.90 5.2626
7048.95 5.2627
7049.00 5.2629
7049.05 5.2630
7049.10 5.2632
7049.15 5.2633
7049.20 5.2635
7049.25 5.2636
7049.30 5.2638
7049.35 5.2639
7049.40 5.2641
7049.45 5.2642
7049.50 5.2644
7049.55 5.2645
7049.60 5.2647
7049.65 5.2648
7049.70 5.2650
7049.75 5.2651
7049.80 5.2653
7049.85 5.2654
7049.90 5.2656
7049.95 5.2657
7050.00 5.2659
7050.05 5.2660
7050.10 5.2662
7050.15 5.2663
7050.20 5.2665
7050.25 5.2666
7050.30 5.2668
7050.35 5.2669
7050.40 5.2671
7050.45 5.2672
7050.50 5.2674
7050.55 5.2675
7050.60 5.2677
7050.65 5.2678
7050.70 5.2680
7050.75 5.2681
7050.80 5.2683
7050.85 5.2684
7050.90 5.2686
7050.95 5.2687
7051.00 5.2689
7051.05 5.2690
7051.10 5.2692
7051.15 5.2693
7051.20 5.2695
7051.25 5.2696
7051.30 5.2698
7051.35 5.2699
7051.40 5.2701
7051.45 5.2702
7051.50 5.2704
7051.55 5.2705
7051.60 5.2706
7051.65 5.2708
7051.70 5.2709
7051.75 5.2711
7051.80 5.2712
7051.85 5.2714
7051.90 5.2715
7051.95 5.2717
7052.00 5.2718
7052.05 5.2720
7052.10 5.2721
7052.15 5.2723
7052.20 5.2724
7052.25 5.2726
7052.30 5.2727
7052.35 5.2729
7052.40 5.2730
7052.45 5.2732
7052.50 5.2733
7052.55 5.2735
7052.60 5.2736
7052.65 5.2738
7052.70 5.2739
7052.75 5.2741
7052.80 5.2742
7052.85 5.2744
7052.90 5.2745
7052.95 5.2747
7053.00 5.2748
7053.05 5.2750
7053.10 5.2751
7053.15 5.2753
7053.20 5.2754
7053.25 5.2756
7053.30 5.2757
7053.35 5.2758
7053.40 5.2760
7053.45 5.2761
7053.50 5.2763
7053.55 5.2764
7053.60 5.2766
7053.65 5.2767
7053.70 5.2769
7053.75 5.2770
7053.80 5.2772
7053.85 5.2773
7053.90 5.2775
7053.95 5.2776
7054.00 5.2778
7054.05 5.2779
7054.10 5.2781
7054.15 5.2782
7054.20 5.2784
7054.25 5.2785
7054.30 5.2787
7054.35 5.2788
7054.40 5.2790
7054.45 5.2791
7054.50 5.2793
7054.55 5.2794
7054.60 5.2796
7054.65 5.2797
7054.70 5.2798
7054.75 5.2800
7054.80 5.2801
7054.85 5.2803
7054.90 5.2804
7054.95 5.2806
7055.00 5.2807
7055.05 5.2809
7055.10 5.2810
7055.15 5.2812
7055.20 5.2813
7055.25 5.2815
7055.30 5.2816
7055.35 5.2818
7055.40 5.2819
7055.45 5.2821
7055.50 5.2822
7055.55 5.2824
7055.60 5.2825
7055.65 5.2827
7055.70 5.2828
7055.75 5.2830
7055.80 5.2831
7055.85 5.2833
7055.90 5.2834
7055.95 5.2836
7056.00 5.2837
7056.05 5.2838
7056.10 5.2840
7056.15 5.2841
7056.20 5.2843
7056.25 5.2844
7056.30 5.2846
7056.35 5.2847
7056.40 5.2849
7056.45 5.2850
7056.50 5.2852
7056.55 5.2853
7056.60 5.2855
7056.65 5.2856
7056.70 5.2858
7056.75 5.2859
7056.80 5.2861
7056.85 5.2862
7056.90 5.2864
7056.95 5.2865
7057.00 5.2867
7057.05 5.2868
7057.10 5.2870
7057.15 5.2871
7057.20 5.2873
7057.25 5.2874
7057.30 5.2876
7057.35 5.2877
7057.40 5.2879
7057.45 5.2880
7057.50 5.2881
7057.55 5.2883
7057.60 5.2884
7057.65 5.2886
7057.70 5.2887
7057.75 5.2889
7057.80 5.2890
7057.85 5.2892
7057.90 5.2893
7057.95 5.2895
7058.00 5.2896
7058.05 5.2898
7058.10 5.2899
7058.15 5.2901
7058.20 5.2902
7058.25 5.2904
7058.30 5.2905
7058.35 5.2907
7058.40 5.2908
7058.45 5.2910
7058.50 5.2911
7058.55 5.2913
7058.60 5.2914
7058.65 5.2916
7058.70 5.2917
7058.75 5.2919
7058.80 5.2920
7058.85 5.2922
7058.90 5.2923
7058.95 5.2925
7059.00 5.2926
7059.05 5.2928
7059.10 5.2929
7059.15 5.2931
7059.20 5.2932
7059.25 5.2934
7059.30 5.2935
7059.35 5.2937
7059.40 5.2938
7059.45 5.2940
7059.50 5.2941
7059.55 5.2943
7059.60 5.2944
7059.65 5.2946
7059.70 5.2947
7059.75 5.2949
7059.80 5.2950
7059.85 5.2952
7059.90 5.2953
7059.95 5.2955
7060.00 5.2956
7060.05 5.2958
7060.10 5.2959
7060.15 5.2961
7060.20 5.2962
7060.25 5.2964
7060.30 5.2965
7060.35 5.2967
7060.40 5.2968
7060.45 5.2970
7060.50 5.2971
7060.55 5.2973
7060.60 5.2974
7060.65 5.2976
7060.70 5.2977
7060.75 5.2979
7060.80 5.2980
7060.85 5.2982
7060.90 5.2983
7060.95 5.2985
7061.00 5.2986
7061.05 5.2988
7061.10 5.2989
7061.15 5.2991
7061.20 5.2992
7061.25 5.2994
7061.30 5.2995
7061.35 5.2997
7061.40 5.2998
7061.45 5.3000
7061.50 5.3001
7061.55 5.3003
7061.60 5.3004
7061.65 5.3006
7061.70 5.3007
7061.75 5.3009
7061.80 5.3010
7061.85 5.3012
7061.90 5.3013
7061.95 5.3015
7062.00 5.3016
7062.05 5.3018
7062.10 5.3019
7062.15 5.3021
7062.20 5.3022
7062.25 5.3024
7062.30 5.3025
7062.35 5.3027
7062.40 5.3028
7062.45 5.3030
7062.50 5.3031
7062.55 5.3033
7062.60 5.3034
7062.65 5.3036
7062.70 5.3037
7062.75 5.3039
7062.80 5.3040
7062.85 5.3042
7062.90 5.3044
7062.95 5.3045
7063.00 5.3047
7063.05 5.3048
7063.10 5.3050
7063.15 5.3051
7063.20 5.3053
7063.25 5.3054
7063.30 5.3056
7063.35 5.3057
7063.40 5.3059
7063.45 5.3060
7063.50 5.3062
7063.55 5.3063
7063.60 5.3065
7063.65 5.3066
7063.70 5.3068
7063.75 5.3069
7063.80 5.3071
7063.85 5.3073
7063.90 5.3074
7063.95 5.3076
7064.00 5.3077
7064.05 5.3079
7064.10 5.3080
7064.15 5.3082
7064.20 5.3083
7064.25 5.3085
7064.30 5.3086
7064.35 5.3088
7064.40 5.3089
7064.45 5.3091
7064.50 5.3093
7064.55 5.3094
7064.60 5.3096
7064.65 5.3097
7064.70 5.3099
7064.75 5.3100
7064.80 5.3102
7064.85 5.3103
7064.90 5.3105
7064.95 5.3106
7065.00 5.3108
7065.05 5.3110
7065.10 5.3111
7065.15 5.3113
7065.20 5.3114
7065.25 5.3116
7065.30 5.3117
7065.35 5.3119
7065.40 5.3120
7065.45 5.3122
7065.50 5.3123
7065.55 5.3125
7065.60 5.3127
7065.65 5.3128
7065.70 5.3130
7065.75 5.3131
7065.80 5.3133
7065.85 5.3134
7065.90 5.3136
7065.95 5.3137
7066.00 5.3139
7066.05 5.3141
7066.10 5.3142
7066.15 5.3144
7066.20 5.3145
7066.25 5.3147
7066.30 5.3148
7066.35 5.3150
7066.40 5.3152
7066.45 5.3153
7066.50 5.3155
7066.55 5.3156
7066.60 5.3158
7066.65 5.3159
7066.70 5.3161
7066.75 5.3163
7066.80 5.3164
7066.85 5.3166
7066.90 5.3167
7066.95 5.3169
7067.00 5.3170
7067.05 5.3172
7067.10 5.3174
7067.15 5.3175
7067.20 5.3177
7067.25 5.3178
7067.30 5.3180
7067.35 5.3181
7067.40 5.3183
7067.45 5.3185
7067.50 5.3186
7067.55 5.3188
7067.60 5.3189
7067.65 5.3191
7067.70 5.3193
7067.75 5.3194
7067.80 5.3196
7067.85 5.3197
7067.90 5.3199
7067.95 5.3200
7068.00 5.3202
7068.05 5.3204
7068.10 5.3205
7068.15 5.3207
7068.20 5.3208
7068.25 5.3210
7068.30 5.3212
7068.35 5.3213
7068.40 5.3215
7068.45 5.3216
7068.50 5.3218
7068.55 5.3220
7068.60 5.3221
7068.65 5.3223
7068.70 5.3224
7068.75 5.3226
7068.80 5.3228
7068.85 5.3229
7068.90 5.3231
7068.95 5.3232
7069.00 5.3234
7069.05 5.3236
7069.10 5.3237
7069.15 5.3239
7069.20 5.3241
7069.25 5.3242
7069.30 5.3244
7069.35 5.3245
7069.40 5.3247
7069.45 5.3249
7069.50 5.3250
7069.55 5.3252
7069.60 5.3253
7069.65 5.3255
7069.70 5.3257
7069.75 5.3258
7069.80 5.3260
7069.85 5.3262
7069.90 5.3263
7069.95 5.3265
7070.00 5.3266
7070.05 5.3268
7070.10 5.3270
7070.15 5.3271
7070.20 5.3273
7070.25 5.3275
7070.30 5.3276
7070.35 5.3278
7070.40 5.3280
7070.45 5.3281
7070.50 5.3283
7070.55 5.3284
7070.60 5.3286
7070.65 5.3288
7070.70 5.3289
7070.75 5.3291
7070.80 5.3293
7070.85 5.3294
7070.90 5.3296
7070.95 5.3298
7071.00 5.3299
7071.05 5.3301
7071.10 5.3303
7071.15 5.3304
7071.20 5.3306
7071.25 5.3308
7071.30 5.3309
7071.35 5.3311
7071.40 5.3312
7071.45 5.3314
7071.50 5.3316
7071.55 5.3317
7071.60 5.3319
7071.65 5.3321
7071.70 5.3322
7071.75 5.3324
7071.80 5.3326
7071.85 5.3327
7071.90 5.3329
7071.95 5.3331
7072.00 5.3332
7072.05 5.3334
7072.10 5.3336
7072.15 5.3337
7072.20 5.3339
7072.25 5.3341
7072.30 5.3343
7072.35 5.3344
7072.40 5.3346
7072.45 5.3348
7072.50 5.3349
7072.55 5.3351
7072.60 5.3353
7072.65 5.3354
7072.70 5.3356
7072.75 5.3358
7072.80 5.3359
7072.85 5.3361
7072.90 5.3363
7072.95 5.3364
7073.00 5.3366
7073.05 5.3368
7073.10 5.3370
7073.15 5.3371
7073.20 5.3373
7073.25 5.3375
7073.30 5.3376
7073.35 5.3378
7073.40 5.3380
7073.45 5.3381
7073.50 5.3383
7073.55 5.3385
7073.60 5.3387
7073.65 5.3388
7073.70 5.3390
7073.75 5.3392
7073.80 5.3393
7073.85 5.3395
7073.90 5.3397
7073.95 5.3399
7074.00 5.3400
7074.05 5.3402
7074.10 5.3404
7074.15 5.3405
7074.20 5.3407
7074.25 5.3409
7074.30 5.3411
7074.35 5.3412
7074.40 5.3414
7074.45 5.3416
7074.50 5.3418
7074.55 5.3419
7074.60 5.3421
7074.65 5.3423
7074.70 5.3425
7074.75 5.3426
7074.80 5.3428
7074.85 5.3430
7074.90 5.3431
7074.95 5.3433
7075.00 5.3435
7075.05 5.3437
7075.10 5.3438
7075.15 5.3440
7075.20 5.3442
7075.25 5.3444
7075.30 5.3445
7075.35 5.3447
7075.40 5.3449
7075.45 5.3451
7075.50 5.3452
7075.55 5.3454
7075.60 5.3456
7075.65 5.3458
7075.70 5.3460
7075.75 5.3461
7075.80 5.3463
7075.85 5.3465
7075.90 5.3467
7075.95 5.3468
7076.00 5.3470
7076.05 5.3472
7076.10 5.3474
7076.15 5.3475
7076.20 5.3477
7076.25 5.3479
7076.30 5.3481
7076.35 5.3483
7076.40 5.3484
7076.45 5.3486
7076.50 5.3488
7076.55 5.3490
7076.60 5.3492
7076.65 5.3493
7076.70 5.3495
7076.75 5.3497
7076.80 5.3499
7076.85 5.3501
7076.90 5.3502
7076.95 5.3504
7077.00 5.3506
7077.05 5.3508
7077.10 5.3510
7077.15 5.3511
7077.20 5.3513
7077.25 5.3515
7077.30 5.3517
7077.35 5.3519
7077.40 5.3520
7077.45 5.3522
7077.50 5.3524
7077.55 5.3526
7077.60 5.3528
7077.65 5.3529
7077.70 5.3531
7077.75 5.3533
7077.80 5.3535
7077.85 5.3537
7077.90 5.3539
7077.95 5.3540
7078.00 5.3542
7078.05 5.3544
7078.10 5.3546
7078.15 5.3548
7078.20 5.3550
7078.25 5.3551
7078.30 5.3553
7078.35 5.3555
7078.40 5.3557
7078.45 5.3559
7078.50 5.3561
7078.55 5.3563
7078.60 5.3564
7078.65 5.3566
7078.70 5.3568
7078.75 5.3570
7078.80 5.3572
7078.85 5.3574
7078.90 5.3576
7078.95 5.3577
7079.00 5.3579
7079.05 5.3581
7079.10 5.3583
7079.15 5.3585
7079.20 5.3587
7079.25 5.3589
7079.30 5.3590
7079.35 5.3592
7079.40 5.3594
7079.45 5.3596
7079.50 5.3598
7079.55 5.3600
7079.60 5.3602
7079.65 5.3604
7079.70 5.3605
7079.75 5.3607
7079.80 5.3609
7079.85 5.3611
7079.90 5.3613
7079.95 5.3615
7080.00 5.3617
7080.05 5.3619
7080.10 5.3621
7080.15 5.3623
7080.20 5.3624
7080.25 5.3626
7080.30 5.3628
7080.35 5.3630
7080.40 5.3632
7080.45 5.3634
7080.50 5.3636
7080.55 5.3638
7080.60 5.3640
7080.65 5.3642
7080.70 5.3644
7080.75 5.3646
7080.80 5.3647
7080.85 5.3649
7080.90 5.3651
7080.95 5.3653
7081.00 5.3655
7081.05 5.3657
7081.10 5.3659
7081.15 5.3661
7081.20 5.3663
7081.25 5.3665
7081.30 5.3667
7081.35 5.3669
7081.40 5.3671
7081.45 5.3673
7081.50 5.3675
7081.55 5.3677
7081.60 5.3678
7081.65 5.3680
7081.70 5.3682
7081.75 5.3684
7081.80 5.3686
7081.85 5.3688
7081.90 5.3690
7081.95 5.3692
7082.00 5.3694
7082.05 5.3696
7082.10 5.3698
7082.15 5.3700
7082.20 5.3702
7082.25 5.3704
7082.30 5.3706
7082.35 5.3708
7082.40 5.3710
7082.45 5.3712
7082.50 5.3714
7082.55 5.3716
7082.60 5.3718
7082.65 5.3720
7082.70 5.3722
7082.75 5.3724
7082.80 5.3726
7082.85 5.3728
7082.90 5.3730
7082.95 5.3732
7083.00 5.3734
7083.05 5.3736
7083.10 5.3738
7083.15 5.3740
7083.20 5.3742
7083.25 5.3744
7083.30 5.3746
7083.35 5.3748
7083.40 5.3750
7083.45 5.3752
7083.50 5.3754
7083.55 5.3756
7083.60 5.3758
7083.65 5.3760
7083.70 5.3762
7083.75 5.3764
7083.80 5.3766
7083.85 5.3768
7083.90 5.3770
7083.95 5.3772
7084.00 5.3774
7084.05 5.3776
7084.10 5.3778
7084.15 5.3781
7084.20 5.3783
7084.25 5.3785
7084.30 5.3787
7084.35 5.3789
7084.40 5.3791
7084.45 5.3793
7084.50 5.3795
7084.55 5.3797
7084.60 5.3799
7084.65 5.3801
7084.70 5.3803
7084.75 5.3805
7084.80 5.3807
7084.85 5.3809
7084.90 5.3811
7084.95 5.3814
7085.00 5.3816
7085.05 5.3818
7085.10 5.3820
7085.15 5.3822
7085.20 5.3824
7085.25 5.3826
7085.30 5.3828
7085.35 5.3830
7085.40 5.3832
7085.45 5.3834
7085.50 5.3837
7085.55 5.3839
7085.60 5.3841
7085.65 5.3843
7085.70 5.3845
7085.75 5.3847
7085.80 5.3849
7085.85 5.3851
7085.90 5.3853
7085.95 5.3856
7086.00 5.3858
7086.05 5.3860
7086.10 5.3862
7086.15 5.3864
7086.20 5.3866
7086.25 5.3868
7086.30 5.3871
7086.35 5.3873
7086.40 5.3875
7086.45 5.3877
7086.50 5.3879
7086.55 5.3881
7086.60 5.3883
7086.65 5.3886
7086.70 5.3888
7086.75 5.3890
7086.80 5.3892
7086.85 5.3894
7086.90 5.3896
7086.95 5.3899
7087.00 5.3901
7087.05 5.3903
7087.10 5.3905
7087.15 5.3907
7087.20 5.3909
7087.25 5.3912
7087.30 5.3914
7087.35 5.3916
7087.40 5.3918
7087.45 5.3920
7087.50 5.3922
7087.55 5.3925
7087.60 5.3927
7087.65 5.3929
7087.70 5.3931
7087.75 5.3933
7087.80 5.3936
7087.85 5.3938
7087.90 5.3940
7087.95 5.3942
7088.00 5.3945
7088.05 5.3947
7088.10 5.3949
7088.15 5.3951
7088.20 5.3953
7088.25 5.3956
7088.30 5.3958
7088.35 5.3960
7088.40 5.3962
7088.45 5.3965
7088.50 5.3967
7088.55 5.3969
7088.60 5.3971
7088.65 5.3973
7088.70 5.3976
7088.75 5.3978
7088.80 5.3980
7088.85 5.3982
7088.90 5.3985
7088.95 5.3987
7089.00 5.3989
7089.05 5.3992
7089.10 5.3994
7089.15 5.3996
7089.20 5.3998
7089.25 5.4001
7089.30 5.4003
7089.35 5.4005
7089.40 5.4007
7089.45 5.4010
7089.50 5.4012
7089.55 5.4014
7089.60 5.4017
7089.65 5.4019
7089.70 5.4021
7089.75 5.4023
7089.80 5.4026
7089.85 5.4028
7089.90 5.4030
7089.95 5.4033
7090.00 5.4035
7090.05 5.4037
7090.10 5.4040
7090.15 5.4042
7090.20 5.4044
7090.25 5.4046
7090.30 5.4049
7090.35 5.4051
7090.40 5.4053
7090.45 5.4056
7090.50 5.4058
7090.55 5.4060
7090.60 5.4063
7090.65 5.4065
7090.70 5.4067
7090.75 5.4070
7090.80 5.4072
7090.85 5.4074
7090.90 5.4077
7090.95 5.4079
7091.00 5.4082
7091.05 5.4084
7091.10 5.4086
7091.15 5.4089
7091.20 5.4091
7091.25 5.4093
7091.30 5.4096
7091.35 5.4098
7091.40 5.4100
7091.45 5.4103
7091.50 5.4105
7091.55 5.4108
7091.60 5.4110
7091.65 5.4112
7091.70 5.4115
7091.75 5.4117
7091.80 5.4120
7091.85 5.4122
7091.90 5.4124
7091.95 5.4127
7092.00 5.4129
7092.05 5.4132
7092.10 5.4134
7092.15 5.4136
7092.20 5.4139
7092.25 5.4141
7092.30 5.4144
7092.35 5.4146
7092.40 5.4148
7092.45 5.4151
7092.50 5.4153
7092.55 5.4156
7092.60 5.4158
7092.65 5.4161
7092.70 5.4163
7092.75 5.4166
7092.80 5.4168
7092.85 5.4170
7092.90 5.4173
7092.95 5.4175
7093.00 5.4178
7093.05 5.4180
7093.10 5.4183
7093.15 5.4185
7093.20 5.4188
7093.25 5.4190
7093.30 5.4193
7093.35 5.4195
7093.40 5.4198
7093.45 5.4200
7093.50 5.4202
7093.55 5.4205
7093.60 5.4207
7093.65 5.4210
7093.70 5.4212
7093.75 5.4215
7093.80 5.4217
7093.85 5.4220
7093.90 5.4222
7093.95 5.4225
7094.00 5.4227
7094.05 5.4230
7094.10 5.4232
7094.15 5.4235
7094.20 5.4238
7094.25 5.4240
7094.30 5.4243
7094.35 5.4245
7094.40 5.4248
7094.45 5.4250
7094.50 5.4253
7094.55 5.4255
7094.60 5.4258
7094.65 5.4260
7094.70 5.4263
7094.75 5.4265
7094.80 5.4268
7094.85 5.4271
7094.90 5.4273
7094.95 5.4276
7095.00 5.4278
7095.05 5.4281
7095.10 5.4283
7095.15 5.4286
7095.20 5.4289
7095.25 5.4291
7095.30 5.4294
7095.35 5.4296
7095.40 5.4299
7095.45 5.4301
7095.50 5.4304
7095.55 5.4307
7095.60 5.4309
7095.65 5.4312
7095.70 5.4314
7095.75 5.4317
7095.80 5.4320
7095.85 5.4322
7095.90 5.4325
7095.95 5.4327
7096.00 5.4330
7096.05 5.4333
7096.10 5.4335
7096.15 5.4338
7096.20 5.4341
7096.25 5.4343
7096.30 5.4346
7096.35 5.4349
7096.40 5.4351
7096.45 5.4354
7096.50 5.4356
7096.55 5.4359
7096.60 5.4362
7096.65 5.4364
7096.70 5.4367
7096.75 5.4370
7096.80 5.4372
7096.85 5.4375
7096.90 5.4378
7096.95 5.4380
7097.00 5.4383
7097.05 5.4386
7097.10 5.4388
7097.15 5.4391
7097.20 5.4394
7097.25 5.4397
7097.30 5.4399
7097.35 5.4402
7097.40 5.4405
7097.45 5.4407
7097.50 5.4410
7097.55 5.4413
7097.60 5.4415
7097.65 5.4418
7097.70 5.4421
7097.75 5.4424
7097.80 5.4426
7097.85 5.4429
7097.90 5.4432
7097.95 5.4435
7098.00 5.4437
7098.05 5.4440
7098.10 5.4443
7098.15 5.4446
7098.20 5.4448
7098.25 5.4451
7098.30 5.4454
7098.35 5.4457
7098.40 5.4459
7098.45 5.4462
7098.50 5.4465
7098.55 5.4468
7098.60 5.4470
7098.65 5.4473
7098.70 5.4476
7098.75 5.4479
7098.80 5.4482
7098.85 5.4484
7098.90 5.4487
7098.95 5.4490
7099.00 5.4493
7099.05 5.4495
7099.10 5.4498
7099.15 5.4501
7099.20 5.4504
7099.25 5.4507
7099.30 5.4510
7099.35 5.4512
7099.40 5.4515
7099.45 5.4518
7099.50 5.4521
7099.55 5.4524
7099.60 5.4526
7099.65 5.4529
7099.70 5.4532
7099.75 5.4535
7099.80 5.4538
7099.85 5.4541
7099.90 5.4544
7099.95 5.4546
7100.00 5.4549
7100.05 5.4552
7100.10 5.4555
7100.15 5.4558
7100.20 5.4561
7100.25 5.4564
7100.30 5.4567
7100.35 5.4569
7100.40 5.4572
7100.45 5.4575
7100.50 5.4578
7100.55 5.4581
7100.60 5.4584
7100.65 5.4587
7100.70 5.4590
7100.75 5.4593
7100.80 5.4595
7100.85 5.4598
7100.90 5.4601
7100.95 5.4604
7101.00 5.4607
7101.05 5.4610
7101.10 5.4613
7101.15 5.4616
7101.20 5.4619
7101.25 5.4622
7101.30 5.4625
7101.35 5.4628
7101.40 5.4631
7101.45 5.4634
7101.50 5.4637
7101.55 5.4640
7101.60 5.4642
7101.65 5.4645
7101.70 5.4648
7101.75 5.4651
7101.80 5.4654
7101.85 5.4657
7101.90 5.4660
7101.95 5.4663
7102.00 5.4666
7102.05 5.4669
7102.10 5.4672
7102.15 5.4675
7102.20 5.4678
7102.25 5.4681
7102.30 5.4684
7102.35 5.4687
7102.40 5.4690
7102.45 5.4693
7102.50 5.4696
7102.55 5.4699
7102.60 5.4702
7102.65 5.4705
7102.70 5.4709
7102.75 5.4712
7102.80 5.4715
7102.85 5.4718
7102.90 5.4721
7102.95 5.4724
7103.00 5.4727
7103.05 5.4730
7103.10 5.4733
7103.15 5.4736
7103.20 5.4739
7103.25 5.4742
7103.30 5.4745
7103.35 5.4748
7103.40 5.4751
7103.45 5.4754
7103.50 5.4758
7103.55 5.4761
7103.60 5.4764
7103.65 5.4767
7103.70 5.4770
7103.75 5.4773
7103.80 5.4776
7103.85 5.4779
7103.90 5.4782
7103.95 5.4785
7104.00 5.4789
7104.05 5.4792
7104.10 5.4795
7104.15 5.4798
7104.20 5.4801
7104.25 5.4804
7104.30 5.4807
7104.35 5.4811
7104.40 5.4814
7104.45 5.4817
7104.50 5.4820
7104.55 5.4823
7104.60 5.4826
7104.65 5.4830
7104.70 5.4833
7104.75 5.4836
7104.80 5.4839
7104.85 5.4842
7104.90 5.4845
7104.95 5.4849
7105.00 5.4852
7105.05 5.4855
7105.10 5.4858
7105.15 5.4861
7105.20 5.4865
7105.25 5.4868
7105.30 5.4871
7105.35 5.4874
7105.40 5.4877
7105.45 5.4881
7105.50 5.4884
7105.55 5.4887
7105.60 5.4890
7105.65 5.4894
7105.70 5.4897
7105.75 5.4900
7105.80 5.4903
7105.85 5.4907
7105.90 5.4910
7105.95 5.4913
7106.00 5.4916
7106.05 5.4920
7106.10 5.4923
7106.15 5.4926
7106.20 5.4930
7106.25 5.4933
7106.30 5.4936
7106.35 5.4939
7106.40 5.4943
7106.45 5.4946
7106.50 5.4949
7106.55 5.4953
7106.60 5.4956
7106.65 5.4959
7106.70 5.4963
7106.75 5.4966
7106.80 5.4969
7106.85 5.4972
7106.90 5.4976
7106.95 5.4979
7107.00 5.4982
7107.05 5.4986
7107.10 5.4989
7107.15 5.4993
7107.20 5.4996
7107.25 5.4999
7107.30 5.5003
7107.35 5.5006
7107.40 5.5009
7107.45 5.5013
7107.50 5.5016
7107.55 5.5019
7107.60 5.5023
7107.65 5.5026
7107.70 5.5030
7107.75 5.5033
7107.80 5.5036
7107.85 5.5040
7107.90 5.5043
7107.95 5.5047
7108.00 5.5050
7108.05 5.5053
7108.10 5.5057
7108.15 5.5060
7108.20 5.5064
7108.25 5.5067
7108.30 5.5071
7108.35 5.5074
7108.40 5.5077
7108.45 5.5081
7108.50 5.5084
7108.55 5.5088
7108.60 5.5091
7108.65 5.5095
7108.70 5.5098
7108.75 5.5102
7108.80 5.5105
7108.85 5.5109
7108.90 5.5112
7108.95 5.5116
7109.00 5.5119
7109.05 5.5123
7109.10 5.5126
7109.15 5.5130
7109.20 5.5133
7109.25 5.5137
7109.30 5.5140
7109.35 5.5144
7109.40 5.5147
7109.45 5.5151
7109.50 5.5154
7109.55 5.5158
7109.60 5.5161
7109.65 5.5165
7109.70 5.5168
7109.75 5.5172
7109.80 5.5175
7109.85 5.5179
7109.90 5.5182
7109.95 5.5186
7110.00 5.5190
7110.05 5.5193
7110.10 5.5197
7110.15 5.5200
7110.20 5.5204
7110.25 5.5207
7110.30 5.5211
7110.35 5.5215
7110.40 5.5218
7110.45 5.5222
7110.50 5.5225
7110.55 5.5229
7110.60 5.5233
7110.65 5.5236
7110.70 5.5240
7110.75 5.5244
7110.80 5.5247
7110.85 5.5251
7110.90 5.5254
7110.95 5.5258
7111.00 5.5262
7111.05 5.5265
7111.10 5.5269
7111.15 5.5273
7111.20 5.5276
7111.25 5.5280
7111.30 5.5284
7111.35 5.5287
7111.40 5.5291
7111.45 5.5295
7111.50 5.5298
7111.55 5.5302
7111.60 5.5306
7111.65 5.5309
7111.70 5.5313
7111.75 5.5317
7111.80 5.5321
7111.85 5.5324
7111.90 5.5328
7111.95 5.5332
7112.00 5.5335
7112.05 5.5339
7112.10 5.5343
7112.15 5.5347
7112.20 5.5350
7112.25 5.5354
7112.30 5.5358
7112.35 5.5362
7112.40 5.5365
7112.45 5.5369
7112.50 5.5373
7112.55 5.5377
7112.60 5.5380
7112.65 5.5384
7112.70 5.5388
7112.75 5.5392
7112.80 5.5396
7112.85 5.5399
7112.90 5.5403
7112.95 5.5407
7113.00 5.5411
7113.05 5.5415
7113.10 5.5418
7113.15 5.5422
7113.20 5.5426
7113.25 5.5430
7113.30 5.5434
7113.35 5.5438
7113.40 5.5441
7113.45 5.5445
7113.50 5.5449
7113.55 5.5453
7113.60 5.5457
7113.65 5.5461
7113.70 5.5465
7113.75 5.5468
7113.80 5.5472
7113.85 5.5476
7113.90 5.5480
7113.95 5.5484
7114.00 5.5488
7114.05 5.5492
7114.10 5.5496
7114.15 5.5499
7114.20 5.5503
7114.25 5.5507
7114.30 5.5511
7114.35 5.5515
7114.40 5.5519
7114.45 5.5523
7114.50 5.5527
7114.55 5.5531
7114.60 5.5535
7114.65 5.5539
7114.70 5.5543
7114.75 5.5547
7114.80 5.5551
7114.85 5.5555
7114.90 5.5559
7114.95 5.5563
7115.00 5.5566
7115.05 5.5570
7115.10 5.5574
7115.15 5.5578
7115.20 5.5582
7115.25 5.5586
7115.30 5.5590
7115.35 5.5594
7115.40 5.5598
7115.45 5.5602
7115.50 5.5606
7115.55 5.5610
7115.60 5.5615
7115.65 5.5619
7115.70 5.5623
7115.75 5.5627
7115.80 5.5631
7115.85 5.5635
7115.90 5.5639
7115.95 5.5643
7116.00 5.5647
7116.05 5.5651
7116.10 5.5655
7116.15 5.5659
7116.20 5.5663
7116.25 5.5667
7116.30 5.5671
7116.35 5.5675
7116.40 5.5680
7116.45 5.5684
7116.50 5.5688
7116.55 5.5692
7116.60 5.5696
7116.65 5.5700
7116.70 5.5704
7116.75 5.5708
7116.80 5.5712
7116.85 5.5717
7116.90 5.5721
7116.95 5.5725
7117.00 5.5729
7117.05 5.5733
7117.10 5.5737
7117.15 5.5742
7117.20 5.5746
7117.25 5.5750
7117.30 5.5754
7117.35 5.5758
7117.40 5.5762
7117.45 5.5767
7117.50 5.5771
7117.55 5.5775
7117.60 5.5779
7117.65 5.5783
7117.70 5.5788
7117.75 5.5792
7117.80 5.5796
7117.85 5.5800
7117.90 5.5805
7117.95 5.5809
7118.00 5.5813
7118.05 5.5817
7118.10 5.5821
7118.15 5.5826
7118.20 5.5830
7118.25 5.5834
7118.30 5.5839
7118.35 5.5843
7118.40 5.5847
7118.45 5.5851
7118.50 5.5856
7118.55 5.5860
7118.60 5.5864
7118.65 5.5869
7118.70 5.5873
7118.75 5.5877
7118.80 5.5881
7118.85 5.5886
7118.90 5.5890
7118.95 5.5894
7119.00 5.5899
7119.05 5.5903
7119.10 5.5907
7119.15 5.5912
7119.20 5.5916
7119.25 5.5920
7119.30 5.5925
7119.35 5.5929
7119.40 5.5934
7119.45 5.5938
7119.50 5.5942
7119.55 5.5947
7119.60 5.5951
7119.65 5.5955
7119.70 5.5960
7119.75 5.5964
7119.80 5.5969
7119.85 5.5973
7119.90 5.5978
7119.95 5.5982
7120.00 5.5986
7120.05 5.5991
7120.10 5.5995
7120.15 5.6000
7120.20 5.6004
7120.25 5.6009
7120.30 5.6013
7120.35 5.6017
7120.40 5.6022
7120.45 5.6026
7120.50 5.6031
7120.55 5.6035
7120.60 5.6040
7120.65 5.6044
7120.70 5.6049
7120.75 5.6053
7120.80 5.6058
7120.85 5.6062
7120.90 5.6067
7120.95 5.6071
7121.00 5.6076
7121.05 5.6080
7121.10 5.6085
7121.15 5.6089
7121.20 5.6094
7121.25 5.6098
7121.30 5.6103
7121.35 5.6108
7121.40 5.6112
7121.45 5.6117
7121.50 5.6121
7121.55 5.6126
7121.60 5.6130
7121.65 5.6135
7121.70 5.6140
7121.75 5.6144
7121.80 5.6149
7121.85 5.6153
7121.90 5.6158
7121.95 5.6163
7122.00 5.6167
7122.05 5.6172
7122.10 5.6176
7122.15 5.6181
7122.20 5.6186
7122.25 5.6190
7122.30 5.6195
7122.35 5.6200
7122.40 5.6204
7122.45 5.6209
7122.50 5.6214
7122.55 5.6218
7122.60 5.6223
7122.65 5.6228
7122.70 5.6232
7122.75 5.6237
7122.80 5.6242
7122.85 5.6246
7122.90 5.6251
7122.95 5.6256
7123.00 5.6261
7123.05 5.6265
7123.10 5.6270
7123.15 5.6275
7123.20 5.6279
7123.25 5.6284
7123.30 5.6289
7123.35 5.6294
7123.40 5.6298
7123.45 5.6303
7123.50 5.6308
7123.55 5.6313
7123.60 5.6318
7123.65 5.6322
7123.70 5.6327
7123.75 5.6332
7123.80 5.6337
7123.85 5.6341
7123.90 5.6346
7123.95 5.6351
7124.00 5.6356
7124.05 5.6361
7124.10 5.6366
7124.15 5.6370
7124.20 5.6375
7124.25 5.6380
7124.30 5.6385
7124.35 5.6390
7124.40 5.6395
7124.45 5.6399
7124.50 5.6404
7124.55 5.6409
7124.60 5.6414
7124.65 5.6419
7124.70 5.6424
7124.75 5.6429
7124.80 5.6434
7124.85 5.6438
7124.90 5.6443
7124.95 5.6448
7125.00 5.6453
7125.05 5.6458
7125.10 5.6463
7125.15 5.6468
7125.20 5.6473
7125.25 5.6478
7125.30 5.6483
7125.35 5.6488
7125.40 5.6493
7125.45 5.6498
7125.50 5.6503
7125.55 5.6508
7125.60 5.6513
7125.65 5.6518
7125.70 5.6523
7125.75 5.6527
7125.80 5.6532
7125.85 5.6537
7125.90 5.6543
7125.95 5.6548
7126.00 5.6553
7126.05 5.6558
7126.10 5.6563
7126.15 5.6568
7126.20 5.6573
7126.25 5.6578
7126.30 5.6583
7126.35 5.6588
7126.40 5.6593
7126.45 5.6598
7126.50 5.6603
7126.55 5.6608
7126.60 5.6613
7126.65 5.6618
7126.70 5.6623
7126.75 5.6628
7126.80 5.6634
7126.85 5.6639
7126.90 5.6644
7126.95 5.6649
7127.00 5.6654
7127.05 5.6659
7127.10 5.6664
7127.15 5.6669
7127.20 5.6674
7127.25 5.6680
7127.30 5.6685
7127.35 5.6690
7127.40 5.6695
7127.45 5.6700
7127.50 5.6705
7127.55 5.6711
7127.60 5.6716
7127.65 5.6721
7127.70 5.6726
7127.75 5.6731
7127.80 5.6737
7127.85 5.6742
7127.90 5.6747
7127.95 5.6752
7128.00 5.6757
7128.05 5.6763
7128.10 5.6768
7128.15 5.6773
7128.20 5.6778
7128.25 5.6784
7128.30 5.6789
7128.35 5.6794
7128.40 5.6799
7128.45 5.6805
7128.50 5.6810
7128.55 5.6815
7128.60 5.6821
7128.65 5.6826
7128.70 5.6831
7128.75 5.6837
7128.80 5.6842
7128.85 5.6847
7128.90 5.6852
7128.95 5.6858
7129.00 5.6863
7129.05 5.6868
7129.10 5.6874
7129.15 5.6879
7129.20 5.6885
7129.25 5.6890
7129.30 5.6895
7129.35 5.6901
7129.40 5.6906
7129.45 5.6911
7129.50 5.6917
7129.55 5.6922
7129.60 5.6928
7129.65 5.6933
7129.70 5.6938
7129.75 5.6944
7129.80 5.6949
7129.85 5.6955
7129.90 5.6960
7129.95 5.6966
7130.00 5.6971
7130.05 5.6976
7130.10 5.6982
7130.15 5.6987
7130.20 5.6993
7130.25 5.6998
7130.30 5.7004
7130.35 5.7009
7130.40 5.7015
7130.45 5.7020
7130.50 5.7026
7130.55 5.7031
7130.60 5.7037
7130.65 5.7042
7130.70 5.7048
7130.75 5.7053
7130.80 5.7059
7130.85 5.7064
7130.90 5.7070
7130.95 5.7075
7131.00 5.7081
7131.05 5.7087
7131.10 5.7092
7131.15 5.7098
7131.20 5.7103
7131.25 5.7109
7131.30 5.7114
7131.35 5.7120
7131.40 5.7126
7131.45 5.7131
7131.50 5.7137
7131.55 5.7142
7131.60 5.7148
7131.65 5.7154
7131.70 5.7159
7131.75 5.7165
7131.80 5.7171
7131.85 5.7176
7131.90 5.7182
7131.95 5.7188
7132.00 5.7193
7132.05 5.7199
7132.10 5.7205
7132.15 5.7210
7132.20 5.7216
7132.25 5.7222
7132.30 5.7227
7132.35 5.7233
7132.40 5.7239
7132.45 5.7245
7132.50 5.7250
7132.55 5.7256
7132.60 5.7262
7132.65 5.7267
7132.70 5.7273
7132.75 5.7279
7132.80 5.7285
7132.85 5.7290
7132.90 5.7296
7132.95 5.7302
7133.00 5.7308
7133.05 5.7314
7133.10 5.7319
7133.15 5.7325
7133.20 5.7331
7133.25 5.7337
7133.30 5.7343
7133.35 5.7348
7133.40 5.7354
7133.45 5.7360
7133.50 5.7366
7133.55 5.7372
7133.60 5.7378
7133.65 5.7383
7133.70 5.7389
7133.75 5.7395
7133.80 5.7401
7133.85 5.7407
7133.90 5.7413
7133.95 5.7419
7134.00 5.7425
7134.05 5.7431
7134.10 5.7436
7134.15 5.7442
7134.20 5.7448
7134.25 5.7454
7134.30 5.7460
7134.35 5.7466
7134.40 5.7472
7134.45 5.7478
7134.50 5.7484
7134.55 5.7490
7134.60 5.7496
7134.65 5.7502
7134.70 5.7508
7134.75 5.7514
7134.80 5.7520
7134.85 5.7526
7134.90 5.7532
7134.95 5.7538
7135.00 5.7544
7135.05 5.7550
7135.10 5.7556
7135.15 5.7562
7135.20 5.7568
7135.25 5.7574
7135.30 5.7580
7135.35 5.7586
7135.40 5.7592
7135.45 5.7598
7135.50 5.7604
7135.55 5.7610
7135.60 5.7616
7135.65 5.7623
7135.70 5.7629
7135.75 5.7635
7135.80 5.7641
7135.85 5.7647
7135.90 5.7653
7135.95 5.7659
7136.00 5.7665
7136.05 5.7672
7136.10 5.7678
7136.15 5.7684
7136.20 5.7690
7136.25 5.7696
7136.30 5.7702
7136.35 5.7708
7136.40 5.7715
7136.45 5.7721
7136.50 5.7727
7136.55 5.7733
7136.60 5.7739
7136.65 5.7746
7136.70 5.7752
7136.75 5.7758
7136.80 5.7764
7136.85 5.7771
7136.90 5.7777
7136.95 5.7783
7137.00 5.7789
7137.05 5.7796
7137.10 5.7802
7137.15 5.7808
7137.20 5.7814
7137.25 5.7821
7137.30 5.7827
7137.35 5.7833
7137.40 5.7840
7137.45 5.7846
7137.50 5.7852
7137.55 5.7859
7137.60 5.7865
7137.65 5.7871
7137.70 5.7878
7137.75 5.7884
7137.80 5.7890
7137.85 5.7897
7137.90 5.7903
7137.95 5.7909
7138.00 5.7916
7138.05 5.7922
7138.10 5.7928
7138.15 5.7935
7138.20 5.7941
7138.25 5.7948
7138.30 5.7954
7138.35 5.7960
7138.40 5.7967
7138.45 5.7973
7138.50 5.7980
7138.55 5.7986
7138.60 5.7993
7138.65 5.7999
7138.70 5.8006
7138.75 5.8012
7138.80 5.8019
7138.85 5.8025
7138.90 5.8032
7138.95 5.8038
7139.00 5.8045
7139.05 5.8051
7139.10 5.8058
7139.15 5.8064
7139.20 5.8071
7139.25 5.8077
7139.30 5.8084
7139.35 5.8090
7139.40 5.8097
7139.45 5.8103
7139.50 5.8110
7139.55 5.8116
7139.60 5.8123
7139.65 5.8130
7139.70 5.8136
7139.75 5.8143
7139.80 5.8149
7139.85 5.8156
7139.90 5.8163
7139.95 5.8169
7140.00 5.8176
7140.05 5.8182
7140.10 5.8189
7140.15 5.8196
7140.20 5.8202
7140.25 5.8209
7140.30 5.8216
7140.35 5.8222
7140.40 5.8229
7140.45 5.8236
7140.50 5.8242
7140.55 5.8249
7140.60 5.8256
7140.65 5.8263
7140.70 5.8269
7140.75 5.8276
7140.80 5.8283
7140.85 5.8289
7140.90 5.8296
7140.95 5.8303
7141.00 5.8310
7141.05 5.8316
7141.10 5.8323
7141.15 5.8330
7141.20 5.8337
7141.25 5.8344
7141.30 5.8350
7141.35 5.8357
7141.40 5.8364
7141.45 5.8371
7141.50 5.8378
7141.55 5.8384
7141.60 5.8391
7141.65 5.8398
7141.70 5.8405
