6705.50 3.5331
6705.55 3.5331
6705.60 3.5331
6705.65 3.5331
6705.70 3.5331
6705.75 3.5332
6705.80 3.5332
6705.85 3.5332
6705.90 3.5333
6705.95 3.5333
6706.00 3.5334
6706.05 3.5335
6706.10 3.5335
6706.15 3.5336
6706.20 3.5337
6706.25 3.5338
6706.30 3.5338
6706.35 3.5339
6706.40 3.5340
6706.45 3.5341
6706.50 3.5342
6706.55 3.5344
6706.60 3.5345
6706.65 3.5346
6706.70 3.5347
6706.75 3.5349
6706.80 3.5350
6706.85 3.5352
6706.90 3.5353
6706.95 3.5355
6707.00 3.5356
6707.05 3.5358
6707.10 3.5360
6707.15 3.5362
6707.20 3.5363
6707.25 3.5365
6707.30 3.5367
6707.35 3.5369
6707.40 3.5371
6707.45 3.5374
6707.50 3.5376
6707.55 3.5378
6707.60 3.5380
6707.65 3.5383
6707.70 3.5385
6707.75 3.5387
6707.80 3.5390
6707.85 3.5392
6707.90 3.5395
6707.95 3.5398
6708.00 3.5400
6708.05 3.5403
6708.10 3.5406
6708.15 3.5409
6708.20 3.5412
6708.25 3.5415
6708.30 3.5418
6708.35 3.5421
6708.40 3.5424
6708.45 3.5427
6708.50 3.5430
6708.55 3.5433
6708.60 3.5437
6708.65 3.5440
6708.70 3.5443
6708.75 3.5447
6708.80 3.5450
6708.85 3.5454
6708.90 3.5457
6708.95 3.5461
6709.00 3.5465
6709.05 3.5469
6709.10 3.5472
6709.15 3.5476
6709.20 3.5480
6709.25 3.5484
6709.30 3.5488
6709.35 3.5492
6709.40 3.5496
6709.45 3.5500
6709.50 3.5505
6709.55 3.5509
6709.60 3.5513
6709.65 3.5517
6709.70 3.5522
6709.75 3.5526
6709.80 3.5531
6709.85 3.5535
6709.90 3.5540
6709.95 3.5544
6710.00 3.5549
6710.05 3.5554
6710.10 3.5558
6710.15 3.5563
6710.20 3.5568
6710.25 3.5573
6710.30 3.5578
6710.35 3.5583
6710.40 3.5588
6710.45 3.5593
6710.50 3.5598
6710.55 3.5603
6710.60 3.5608
6710.65 3.5613
6710.70 3.5619
6710.75 3.5624
6710.80 3.5629
6710.85 3.5635
6710.90 3.5640
6710.95 3.5646
6711.00 3.5651
6711.05 3.5657
6711.10 3.5662
6711.15 3.5668
6711.20 3.5674
6711.25 3.5680
6711.30 3.5685
6711.35 3.5691
6711.40 3.5697
6711.45 3.5703
6711.50 3.5709
6711.55 3.5715
6711.60 3.5721
6711.65 3.5727
6711.70 3.5733
6711.75 3.5739
6711.80 3.5745
6711.85 3.5751
6711.90 3.5758
6711.95 3.5764
6712.00 3.5770
6712.05 3.5777
6712.10 3.5783
6712.15 3.5789
6712.20 3.5796
6712.25 3.5802
6712.30 3.5809
6712.35 3.5816
6712.40 3.5822
6712.45 3.5829
6712.50 3.5836
6712.55 3.5842
6712.60 3.5849
6712.65 3.5856
6712.70 3.5863
6712.75 3.5870
6712.80 3.5876
6712.85 3.5883
6712.90 3.5890
6712.95 3.5897
6713.00 3.5904
6713.05 3.5912
6713.10 3.5919
6713.15 3.5926
6713.20 3.5933
6713.25 3.5940
6713.30 3.5947
6713.35 3.5955
6713.40 3.5962
6713.45 3.5969
6713.50 3.5977
6713.55 3.5984
6713.60 3.5992
6713.65 3.5999
6713.70 3.6007
6713.75 3.6014
6713.80 3.6022
6713.85 3.6029
6713.90 3.6037
6713.95 3.6045
6714.00 3.6052
6714.05 3.6060
6714.10 3.6068
6714.15 3.6075
6714.20 3.6083
6714.25 3.6091
6714.30 3.6099
6714.35 3.6107
6714.40 3.6115
6714.45 3.6123
6714.50 3.6131
6714.55 3.6139
6714.60 3.6147
6714.65 3.6155
6714.70 3.6163
6714.75 3.6171
6714.80 3.6179
6714.85 3.6187
6714.90 3.6196
6714.95 3.6204
6715.00 3.6212
6715.05 3.6220
6715.10 3.6229
6715.15 3.6237
6715.20 3.6245
6715.25 3.6254
6715.30 3.6262
6715.35 3.6271
6715.40 3.6279
6715.45 3.6287
6715.50 3.6296
6715.55 3.6305
6715.60 3.6313
6715.65 3.6322
6715.70 3.6330
6715.75 3.6339
6715.80 3.6348
6715.85 3.6356
6715.90 3.6365
6715.95 3.6374
6716.00 3.6382
6716.05 3.6391
6716.10 3.6400
6716.15 3.6409
6716.20 3.6418
6716.25 3.6427
6716.30 3.6435
6716.35 3.6444
6716.40 3.6453
6716.45 3.6462
6716.50 3.6471
6716.55 3.6480
6716.60 3.6489
6716.65 3.6498
6716.70 3.6507
6716.75 3.6516
6716.80 3.6525
6716.85 3.6535
6716.90 3.6544
6716.95 3.6553
6717.00 3.6562
6717.05 3.6571
6717.10 3.6580
6717.15 3.6590
6717.20 3.6599
6717.25 3.6608
6717.30 3.6618
6717.35 3.6627
6717.40 3.6636
6717.45 3.6646
6717.50 3.6655
6717.55 3.6664
6717.60 3.6674
6717.65 3.6683
6717.70 3.6693
6717.75 3.6702
6717.80 3.6712
6717.85 3.6721
6717.90 3.6731
6717.95 3.6740
6718.00 3.6750
6718.05 3.6759
6718.10 3.6769
6718.15 3.6778
6718.20 3.6788
6718.25 3.6798
6718.30 3.6807
6718.35 3.6817
6718.40 3.6827
6718.45 3.6836
6718.50 3.6846
6718.55 3.6856
6718.60 3.6865
6718.65 3.6875
6718.70 3.6885
6718.75 3.6895
6718.80 3.6904
6718.85 3.6914
6718.90 3.6924
6718.95 3.6934
6719.00 3.6944
6719.05 3.6954
6719.10 3.6963
6719.15 3.6973
6719.20 3.6983
6719.25 3.6993
6719.30 3.7003
6719.35 3.7013
6719.40 3.7023
6719.45 3.7033
6719.50 3.7043
6719.55 3.7053
6719.60 3.7063
6719.65 3.7073
6719.70 3.7083
6719.75 3.7093
6719.80 3.7103
6719.85 3.7113
6719.90 3.7123
6719.95 3.7133
6720.00 3.7143
6720.05 3.7153
6720.10 3.7163
6720.15 3.7173
6720.20 3.7184
6720.25 3.7194
6720.30 3.7204
6720.35 3.7214
6720.40 3.7224
6720.45 3.7234
6720.50 3.7245
6720.55 3.7255
6720.60 3.7265
6720.65 3.7275
6720.70 3.7285
6720.75 3.7296
6720.80 3.7306
6720.85 3.7316
6720.90 3.7326
6720.95 3.7336
6721.00 3.7347
6721.05 3.7357
6721.10 3.7367
6721.15 3.7378
6721.20 3.7388
6721.25 3.7398
6721.30 3.7408
6721.35 3.7419
6721.40 3.7429
6721.45 3.7439
6721.50 3.7450
6721.55 3.7460
6721.60 3.7470
6721.65 3.7481
6721.70 3.7491
6721.75 3.7501
6721.80 3.7512
6721.85 3.7522
6721.90 3.7533
6721.95 3.7543
6722.00 3.7553
6722.05 3.7564
6722.10 3.7574
6722.15 3.7584
6722.20 3.7595
6722.25 3.7605
6722.30 3.7616
6722.35 3.7626
6722.40 3.7636
6722.45 3.7647
6722.50 3.7657
6722.55 3.7668
6722.60 3.7678
6722.65 3.7689
6722.70 3.7699
6722.75 3.7709
6722.80 3.7720
6722.85 3.7730
6722.90 3.7741
6722.95 3.7751
6723.00 3.7762
6723.05 3.7772
6723.10 3.7783
6723.15 3.7793
6723.20 3.7804
6723.25 3.7814
6723.30 3.7824
6723.35 3.7835
6723.40 3.7845
6723.45 3.7856
6723.50 3.7866
6723.55 3.7877
6723.60 3.7887
6723.65 3.7898
6723.70 3.7908
6723.75 3.7919
6723.80 3.7929
6723.85 3.7940
6723.90 3.7950
6723.95 3.7961
6724.00 3.7971
6724.05 3.7982
6724.10 3.7992
6724.15 3.8003
6724.20 3.8013
6724.25 3.8023
6724.30 3.8034
6724.35 3.8044
6724.40 3.8055
6724.45 3.8065
6724.50 3.8076
6724.55 3.8086
6724.60 3.8097
6724.65 3.8107
6724.70 3.8118
6724.75 3.8128
6724.80 3.8139
6724.85 3.8149
6724.90 3.8160
6724.95 3.8170
6725.00 3.8181
6725.05 3.8191
6725.10 3.8202
6725.15 3.8212
6725.20 3.8223
6725.25 3.8233
6725.30 3.8244
6725.35 3.8254
6725.40 3.8264
6725.45 3.8275
6725.50 3.8285
6725.55 3.8296
6725.60 3.8306
6725.65 3.8317
6725.70 3.8327
6725.75 3.8338
6725.80 3.8348
6725.85 3.8359
6725.90 3.8369
6725.95 3.8380
6726.00 3.8390
6726.05 3.8400
6726.10 3.8411
6726.15 3.8421
6726.20 3.8432
6726.25 3.8442
6726.30 3.8453
6726.35 3.8463
6726.40 3.8474
6726.45 3.8484
6726.50 3.8494
6726.55 3.8505
6726.60 3.8515
6726.65 3.8526
6726.70 3.8536
6726.75 3.8547
6726.80 3.8557
6726.85 3.8568
6726.90 3.8578
6726.95 3.8588
6727.00 3.8599
6727.05 3.8609
6727.10 3.8620
6727.15 3.8630
6727.20 3.8640
6727.25 3.8651
6727.30 3.8661
6727.35 3.8672
6727.40 3.8682
6727.45 3.8693
6727.50 3.8703
6727.55 3.8713
6727.60 3.8724
6727.65 3.8734
6727.70 3.8745
6727.75 3.8755
6727.80 3.8765
6727.85 3.8776
6727.90 3.8786
6727.95 3.8797
6728.00 3.8807
6728.05 3.8817
6728.10 3.8828
6728.15 3.8838
6728.20 3.8848
6728.25 3.8859
6728.30 3.8869
6728.35 3.8880
6728.40 3.8890
6728.45 3.8900
6728.50 3.8911
6728.55 3.8921
6728.60 3.8931
6728.65 3.8942
6728.70 3.8952
6728.75 3.8963
6728.80 3.8973
6728.85 3.8983
6728.90 3.8994
6728.95 3.9004
6729.00 3.9014
6729.05 3.9025
6729.10 3.9035
6729.15 3.9046
6729.20 3.9056
6729.25 3.9066
6729.30 3.9077
6729.35 3.9087
6729.40 3.9097
6729.45 3.9108
6729.50 3.9118
6729.55 3.9128
6729.60 3.9139
6729.65 3.9149
6729.70 3.9159
6729.75 3.9170
6729.80 3.9180
6729.85 3.9190
6729.90 3.9201
6729.95 3.9211
6730.00 3.9222
6730.05 3.9232
6730.10 3.9242
6730.15 3.9253
6730.20 3.9263
6730.25 3.9273
6730.30 3.9284
6730.35 3.9294
6730.40 3.9304
6730.45 3.9315
6730.50 3.9325
6730.55 3.9335
6730.60 3.9346
6730.65 3.9356
6730.70 3.9366
6730.75 3.9377
6730.80 3.9387
6730.85 3.9397
6730.90 3.9408
6730.95 3.9418
6731.00 3.9428
6731.05 3.9439
6731.10 3.9449
6731.15 3.9459
6731.20 3.9470
6731.25 3.9480
6731.30 3.9491
6731.35 3.9501
6731.40 3.9511
6731.45 3.9522
6731.50 3.9532
6731.55 3.9542
6731.60 3.9553
6731.65 3.9563
6731.70 3.9573
6731.75 3.9584
6731.80 3.9594
6731.85 3.9604
6731.90 3.9615
6731.95 3.9625
6732.00 3.9635
6732.05 3.9646
6732.10 3.9656
6732.15 3.9666
6732.20 3.9677
6732.25 3.9687
6732.30 3.9697
6732.35 3.9708
6732.40 3.9718
6732.45 3.9728
6732.50 3.9739
6732.55 3.9749
6732.60 3.9759
6732.65 3.9770
6732.70 3.9780
6732.75 3.9790
6732.80 3.9801
6732.85 3.9811
6732.90 3.9821
6732.95 3.9832
6733.00 3.9842
6733.05 3.9852
6733.10 3.9863
6733.15 3.9873
6733.20 3.9883
6733.25 3.9894
6733.30 3.9904
6733.35 3.9914
6733.40 3.9925
6733.45 3.9935
6733.50 3.9945
6733.55 3.9956
6733.60 3.9966
6733.65 3.9976
6733.70 3.9987
6733.75 3.9997
6733.80 4.0007
6733.85 4.0018
6733.90 4.0028
6733.95 4.0038
6734.00 4.0049
6734.05 4.0059
6734.10 4.0069
6734.15 4.0080
6734.20 4.0090
6734.25 4.0100
6734.30 4.0110
6734.35 4.0121
6734.40 4.0131
6734.45 4.0141
6734.50 4.0152
6734.55 4.0162
6734.60 4.0172
6734.65 4.0183
6734.70 4.0193
6734.75 4.0203
6734.80 4.0213
6734.85 4.0224
6734.90 4.0234
6734.95 4.0244
6735.00 4.0254
6735.05 4.0265
6735.10 4.0275
6735.15 4.0285
6735.20 4.0295
6735.25 4.0306
6735.30 4.0316
6735.35 4.0326
6735.40 4.0336
6735.45 4.0347
6735.50 4.0357
6735.55 4.0367
6735.60 4.0377
6735.65 4.0388
6735.70 4.0398
6735.75 4.0408
6735.80 4.0418
6735.85 4.0428
6735.90 4.0439
6735.95 4.0449
6736.00 4.0459
6736.05 4.0469
6736.10 4.0479
6736.15 4.0489
6736.20 4.0500
6736.25 4.0510
6736.30 4.0520
6736.35 4.0530
6736.40 4.0540
6736.45 4.0550
6736.50 4.0560
6736.55 4.0571
6736.60 4.0581
6736.65 4.0591
6736.70 4.0601
6736.75 4.0611
6736.80 4.0621
6736.85 4.0631
6736.90 4.0641
6736.95 4.0651
6737.00 4.0661
6737.05 4.0671
6737.10 4.0681
6737.15 4.0691
6737.20 4.0701
6737.25 4.0711
6737.30 4.0721
6737.35 4.0731
6737.40 4.0741
6737.45 4.0751
6737.50 4.0761
6737.55 4.0771
6737.60 4.0781
6737.65 4.0791
6737.70 4.0801
6737.75 4.0811
6737.80 4.0821
6737.85 4.0831
6737.90 4.0841
6737.95 4.0850
6738.00 4.0860
6738.05 4.0870
6738.10 4.0880
6738.15 4.0890
6738.20 4.0900
6738.25 4.0909
6738.30 4.0919
6738.35 4.0929
6738.40 4.0939
6738.45 4.0948
6738.50 4.0958
6738.55 4.0968
6738.60 4.0978
6738.65 4.0987
6738.70 4.0997
6738.75 4.1007
6738.80 4.1016
6738.85 4.1026
6738.90 4.1036
6738.95 4.1045
6739.00 4.1055
6739.05 4.1064
6739.10 4.1074
6739.15 4.1084
6739.20 4.1093
6739.25 4.1103
6739.30 4.1112
6739.35 4.1122
6739.40 4.1131
6739.45 4.1141
6739.50 4.1150
6739.55 4.1159
6739.60 4.1169
6739.65 4.1178
6739.70 4.1188
6739.75 4.1197
6739.80 4.1206
6739.85 4.1216
6739.90 4.1225
6739.95 4.1234
6740.00 4.1244
6740.05 4.1253
6740.10 4.1262
6740.15 4.1271
6740.20 4.1280
6740.25 4.1290
6740.30 4.1299
6740.35 4.1308
6740.40 4.1317
6740.45 4.1326
6740.50 4.1335
6740.55 4.1344
6740.60 4.1353
6740.65 4.1363
6740.70 4.1372
6740.75 4.1381
6740.80 4.1390
6740.85 4.1398
6740.90 4.1407
6740.95 4.1416
6741.00 4.1425
6741.05 4.1434
6741.10 4.1443
6741.15 4.1452
6741.20 4.1461
6741.25 4.1469
6741.30 4.1478
6741.35 4.1487
6741.40 4.1496
6741.45 4.1504
6741.50 4.1513
6741.55 4.1522
6741.60 4.1530
6741.65 4.1539
6741.70 4.1548
6741.75 4.1556
6741.80 4.1565
6741.85 4.1573
6741.90 4.1582
6741.95 4.1590
6742.00 4.1599
6742.05 4.1607
6742.10 4.1616
6742.15 4.1624
6742.20 4.1632
6742.25 4.1641
6742.30 4.1649
6742.35 4.1657
6742.40 4.1666
6742.45 4.1674
6742.50 4.1682
6742.55 4.1690
6742.60 4.1698
6742.65 4.1707
6742.70 4.1715
6742.75 4.1723
6742.80 4.1731
6742.85 4.1739
6742.90 4.1747
6742.95 4.1755
6743.00 4.1763
6743.05 4.1771
6743.10 4.1779
6743.15 4.1787
6743.20 4.1795
6743.25 4.1802
6743.30 4.1810
6743.35 4.1818
6743.40 4.1826
6743.45 4.1834
6743.50 4.1841
6743.55 4.1849
6743.60 4.1857
6743.65 4.1864
6743.70 4.1872
6743.75 4.1879
6743.80 4.1887
6743.85 4.1895
6743.90 4.1902
6743.95 4.1910
6744.00 4.1917
6744.05 4.1924
6744.10 4.1932
6744.15 4.1939
6744.20 4.1947
6744.25 4.1954
6744.30 4.1961
6744.35 4.1968
6744.40 4.1976
6744.45 4.1983
6744.50 4.1990
6744.55 4.1997
6744.60 4.2004
6744.65 4.2012
6744.70 4.2019
6744.75 4.2026
6744.80 4.2033
6744.85 4.2040
6744.90 4.2047
6744.95 4.2054
6745.00 4.2061
6745.05 4.2067
6745.10 4.2074
6745.15 4.2081
6745.20 4.2088
6745.25 4.2095
6745.30 4.2101
6745.35 4.2108
6745.40 4.2115
6745.45 4.2122
6745.50 4.2128
6745.55 4.2135
6745.60 4.2141
6745.65 4.2148
6745.70 4.2155
6745.75 4.2161
6745.80 4.2168
6745.85 4.2174
6745.90 4.2180
6745.95 4.2187
6746.00 4.2193
6746.05 4.2200
6746.10 4.2206
6746.15 4.2212
6746.20 4.2219
6746.25 4.2225
6746.30 4.2231
6746.35 4.2237
6746.40 4.2243
6746.45 4.2250
6746.50 4.2256
6746.55 4.2262
6746.60 4.2268
6746.65 4.2274
6746.70 4.2280
6746.75 4.2286
6746.80 4.2292
6746.85 4.2298
6746.90 4.2304
6746.95 4.2310
6747.00 4.2315
6747.05 4.2321
6747.10 4.2327
6747.15 4.2333
6747.20 4.2339
6747.25 4.2344
6747.30 4.2350
6747.35 4.2356
6747.40 4.2362
6747.45 4.2367
6747.50 4.2373
6747.55 4.2378
6747.60 4.2384
6747.65 4.2390
6747.70 4.2395
6747.75 4.2401
6747.80 4.2406
6747.85 4.2411
6747.90 4.2417
6747.95 4.2422
6748.00 4.2428
6748.05 4.2433
6748.10 4.2438
6748.15 4.2444
6748.20 4.2449
6748.25 4.2454
6748.30 4.2459
6748.35 4.2465
6748.40 4.2470
6748.45 4.2475
6748.50 4.2480
6748.55 4.2485
6748.60 4.2491
6748.65 4.2496
6748.70 4.2501
6748.75 4.2506
6748.80 4.2511
6748.85 4.2516
6748.90 4.2521
6748.95 4.2526
6749.00 4.2531
6749.05 4.2536
6749.10 4.2540
6749.15 4.2545
6749.20 4.2550
6749.25 4.2555
6749.30 4.2560
6749.35 4.2565
6749.40 4.2570
6749.45 4.2574
6749.50 4.2579
6749.55 4.2584
6749.60 4.2588
6749.65 4.2593
6749.70 4.2598
6749.75 4.2602
6749.80 4.2607
6749.85 4.2612
6749.90 4.2616
6749.95 4.2621
6750.00 4.2626
6750.05 4.2630
6750.10 4.2635
6750.15 4.2639
6750.20 4.2644
6750.25 4.2648
6750.30 4.2653
6750.35 4.2657
6750.40 4.2661
6750.45 4.2666
6750.50 4.2670
6750.55 4.2675
6750.60 4.2679
6750.65 4.2683
6750.70 4.2688
6750.75 4.2692
6750.80 4.2696
6750.85 4.2701
6750.90 4.2705
6750.95 4.2709
6751.00 4.2713
6751.05 4.2718
6751.10 4.2722
6751.15 4.2726
6751.20 4.2730
6751.25 4.2734
6751.30 4.2739
6751.35 4.2743
6751.40 4.2747
6751.45 4.2751
6751.50 4.2755
6751.55 4.2759
6751.60 4.2763
6751.65 4.2767
6751.70 4.2771
6751.75 4.2776
6751.80 4.2780
6751.85 4.2784
6751.90 4.2788
6751.95 4.2792
6752.00 4.2796
6752.05 4.2800
6752.10 4.2804
6752.15 4.2808
6752.20 4.2811
6752.25 4.2815
6752.30 4.2819
6752.35 4.2823
6752.40 4.2827
6752.45 4.2831
6752.50 4.2835
6752.55 4.2839
6752.60 4.2843
6752.65 4.2847
6752.70 4.2850
6752.75 4.2854
6752.80 4.2858
6752.85 4.2862
6752.90 4.2866
6752.95 4.2869
6753.00 4.2873
6753.05 4.2877
6753.10 4.2881
6753.15 4.2885
6753.20 4.2888
6753.25 4.2892
6753.30 4.2896
6753.35 4.2899
6753.40 4.2903
6753.45 4.2907
6753.50 4.2911
6753.55 4.2914
6753.60 4.2918
6753.65 4.2922
6753.70 4.2925
6753.75 4.2929
6753.80 4.2933
6753.85 4.2936
6753.90 4.2940
6753.95 4.2944
6754.00 4.2947
6754.05 4.2951
6754.10 4.2954
6754.15 4.2958
6754.20 4.2962
6754.25 4.2965
6754.30 4.2969
6754.35 4.2972
6754.40 4.2976
6754.45 4.2979
6754.50 4.2983
6754.55 4.2986
6754.60 4.2990
6754.65 4.2994
6754.70 4.2997
6754.75 4.3001
6754.80 4.3004
6754.85 4.3008
6754.90 4.3011
6754.95 4.3015
6755.00 4.3018
6755.05 4.3022
6755.10 4.3025
6755.15 4.3028
6755.20 4.3032
6755.25 4.3035
6755.30 4.3039
6755.35 4.3042
6755.40 4.3046
6755.45 4.3049
6755.50 4.3052
6755.55 4.3056
6755.60 4.3059
6755.65 4.3063
6755.70 4.3066
6755.75 4.3069
6755.80 4.3073
6755.85 4.3076
6755.90 4.3080
6755.95 4.3083
6756.00 4.3086
6756.05 4.3090
6756.10 4.3093
6756.15 4.3096
6756.20 4.3100
6756.25 4.3103
6756.30 4.3106
6756.35 4.3110
6756.40 4.3113
6756.45 4.3116
6756.50 4.3119
6756.55 4.3123
6756.60 4.3126
6756.65 4.3129
6756.70 4.3133
6756.75 4.3136
6756.80 4.3139
6756.85 4.3142
6756.90 4.3146
6756.95 4.3149
6757.00 4.3152
6757.05 4.3155
6757.10 4.3158
6757.15 4.3162
6757.20 4.3165
6757.25 4.3168
6757.30 4.3171
6757.35 4.3174
6757.40 4.3178
6757.45 4.3181
6757.50 4.3184
6757.55 4.3187
6757.60 4.3190
6757.65 4.3193
6757.70 4.3196
6757.75 4.3199
6757.80 4.3203
6757.85 4.3206
6757.90 4.3209
6757.95 4.3212
6758.00 4.3215
6758.05 4.3218
6758.10 4.3221
6758.15 4.3224
6758.20 4.3227
6758.25 4.3230
6758.30 4.3233
6758.35 4.3236
6758.40 4.3239
6758.45 4.3242
6758.50 4.3245
6758.55 4.3248
6758.60 4.3251
6758.65 4.3254
6758.70 4.3257
6758.75 4.3260
6758.80 4.3263
6758.85 4.3266
6758.90 4.3269
6758.95 4.3272
6759.00 4.3275
6759.05 4.3278
6759.10 4.3281
6759.15 4.3283
6759.20 4.3286
6759.25 4.3289
6759.30 4.3292
6759.35 4.3295
6759.40 4.3298
6759.45 4.3301
6759.50 4.3303
6759.55 4.3306
6759.60 4.3309
6759.65 4.3312
6759.70 4.3315
6759.75 4.3317
6759.80 4.3320
6759.85 4.3323
6759.90 4.3326
6759.95 4.3328
6760.00 4.3331
6760.05 4.3334
6760.10 4.3336
6760.15 4.3339
6760.20 4.3342
6760.25 4.3344
6760.30 4.3347
6760.35 4.3350
6760.40 4.3352
6760.45 4.3355
6760.50 4.3358
6760.55 4.3360
6760.60 4.3363
6760.65 4.3365
6760.70 4.3368
6760.75 4.3371
6760.80 4.3373
6760.85 4.3376
6760.90 4.3378
6760.95 4.3381
6761.00 4.3383
6761.05 4.3386
6761.10 4.3388
6761.15 4.3391
6761.20 4.3393
6761.25 4.3396
6761.30 4.3398
6761.35 4.3401
6761.40 4.3403
6761.45 4.3406
6761.50 4.3408
6761.55 4.3410
6761.60 4.3413
6761.65 4.3415
6761.70 4.3417
6761.75 4.3420
6761.80 4.3422
6761.85 4.3425
6761.90 4.3427
6761.95 4.3429
6762.00 4.3431
6762.05 4.3434
6762.10 4.3436
6762.15 4.3438
6762.20 4.3441
6762.25 4.3443
6762.30 4.3445
6762.35 4.3447
6762.40 4.3450
6762.45 4.3452
6762.50 4.3454
6762.55 4.3456
6762.60 4.3458
6762.65 4.3460
6762.70 4.3463
6762.75 4.3465
6762.80 4.3467
6762.85 4.3469
6762.90 4.3471
6762.95 4.3473
6763.00 4.3475
6763.05 4.3477
6763.10 4.3479
6763.15 4.3482
6763.20 4.3484
6763.25 4.3486
6763.30 4.3488
6763.35 4.3490
6763.40 4.3492
6763.45 4.3494
6763.50 4.3496
6763.55 4.3498
6763.60 4.3500
6763.65 4.3502
6763.70 4.3504
6763.75 4.3506
6763.80 4.3507
6763.85 4.3509
6763.90 4.3511
6763.95 4.3513
6764.00 4.3515
6764.05 4.3517
6764.10 4.3519
6764.15 4.3521
6764.20 4.3523
6764.25 4.3524
6764.30 4.3526
6764.35 4.3528
6764.40 4.3530
6764.45 4.3532
6764.50 4.3534
6764.55 4.3535
6764.60 4.3537
6764.65 4.3539
6764.70 4.3541
6764.75 4.3542
6764.80 4.3544
6764.85 4.3546
6764.90 4.3548
6764.95 4.3549
6765.00 4.3551
6765.05 4.3553
6765.10 4.3555
6765.15 4.3556
6765.20 4.3558
6765.25 4.3560
6765.30 4.3561
6765.35 4.3563
6765.40 4.3565
6765.45 4.3566
6765.50 4.3568
6765.55 4.3570
6765.60 4.3571
6765.65 4.3573
6765.70 4.3574
6765.75 4.3576
6765.80 4.3578
6765.85 4.3579
6765.90 4.3581
6765.95 4.3582
6766.00 4.3584
6766.05 4.3586
6766.10 4.3587
6766.15 4.3589
6766.20 4.3590
6766.25 4.3592
6766.30 4.3593
6766.35 4.3595
6766.40 4.3597
6766.45 4.3598
6766.50 4.3600
6766.55 4.3601
6766.60 4.3603
6766.65 4.3604
6766.70 4.3606
6766.75 4.3607
6766.80 4.3609
6766.85 4.3610
6766.90 4.3612
6766.95 4.3613
6767.00 4.3615
6767.05 4.3616
6767.10 4.3618
6767.15 4.3619
6767.20 4.3621
6767.25 4.3622
6767.30 4.3623
6767.35 4.3625
6767.40 4.3626
6767.45 4.3628
6767.50 4.3629
6767.55 4.3631
6767.60 4.3632
6767.65 4.3634
6767.70 4.3635
6767.75 4.3636
6767.80 4.3638
6767.85 4.3639
6767.90 4.3641
6767.95 4.3642
6768.00 4.3644
6768.05 4.3645
6768.10 4.3646
6768.15 4.3648
6768.20 4.3649
6768.25 4.3651
6768.30 4.3652
6768.35 4.3653
6768.40 4.3655
6768.45 4.3656
6768.50 4.3658
6768.55 4.3659
6768.60 4.3660
6768.65 4.3662
6768.70 4.3663
6768.75 4.3665
6768.80 4.3666
6768.85 4.3667
6768.90 4.3669
6768.95 4.3670
6769.00 4.3672
6769.05 4.3673
6769.10 4.3674
6769.15 4.3676
6769.20 4.3677
6769.25 4.3679
6769.30 4.3680
6769.35 4.3681
6769.40 4.3683
6769.45 4.3684
6769.50 4.3686
6769.55 4.3687
6769.60 4.3688
6769.65 4.3690
6769.70 4.3691
6769.75 4.3693
6769.80 4.3694
6769.85 4.3695
6769.90 4.3697
6769.95 4.3698
6770.00 4.3700
6770.05 4.3701
6770.10 4.3702
6770.15 4.3704
6770.20 4.3705
6770.25 4.3707
6770.30 4.3708
6770.35 4.3710
6770.40 4.3711
6770.45 4.3712
6770.50 4.3714
6770.55 4.3715
6770.60 4.3717
6770.65 4.3718
6770.70 4.3720
6770.75 4.3721
6770.80 4.3722
6770.85 4.3724
6770.90 4.3725
6770.95 4.3727
6771.00 4.3728
6771.05 4.3730
6771.10 4.3731
6771.15 4.3732
6771.20 4.3734
6771.25 4.3735
6771.30 4.3737
6771.35 4.3738
6771.40 4.3740
6771.45 4.3741
6771.50 4.3743
6771.55 4.3744
6771.60 4.3746
6771.65 4.3747
6771.70 4.3749
6771.75 4.3750
6771.80 4.3752
6771.85 4.3753
6771.90 4.3755
6771.95 4.3756
6772.00 4.3758
6772.05 4.3759
6772.10 4.3761
6772.15 4.3762
6772.20 4.3764
6772.25 4.3765
6772.30 4.3767
6772.35 4.3768
6772.40 4.3770
6772.45 4.3771
6772.50 4.3773
6772.55 4.3774
6772.60 4.3776
6772.65 4.3777
6772.70 4.3779
6772.75 4.3781
6772.80 4.3782
6772.85 4.3784
6772.90 4.3785
6772.95 4.3787
6773.00 4.3788
6773.05 4.3790
6773.10 4.3792
6773.15 4.3793
6773.20 4.3795
6773.25 4.3796
6773.30 4.3798
6773.35 4.3800
6773.40 4.3801
6773.45 4.3803
6773.50 4.3804
6773.55 4.3806
6773.60 4.3808
6773.65 4.3809
6773.70 4.3811
6773.75 4.3813
6773.80 4.3814
6773.85 4.3816
6773.90 4.3818
6773.95 4.3819
6774.00 4.3821
6774.05 4.3823
6774.10 4.3824
6774.15 4.3826
6774.20 4.3828
6774.25 4.3829
6774.30 4.3831
6774.35 4.3833
6774.40 4.3835
6774.45 4.3836
6774.50 4.3838
6774.55 4.3840
6774.60 4.3841
6774.65 4.3843
6774.70 4.3845
6774.75 4.3847
6774.80 4.3848
6774.85 4.3850
6774.90 4.3852
6774.95 4.3854
6775.00 4.3855
6775.05 4.3857
6775.10 4.3859
6775.15 4.3861
6775.20 4.3863
6775.25 4.3864
6775.30 4.3866
6775.35 4.3868
6775.40 4.3870
6775.45 4.3872
6775.50 4.3874
6775.55 4.3875
6775.60 4.3877
6775.65 4.3879
6775.70 4.3881
6775.75 4.3883
6775.80 4.3885
6775.85 4.3887
6775.90 4.3888
6775.95 4.3890
6776.00 4.3892
6776.05 4.3894
6776.10 4.3896
6776.15 4.3898
6776.20 4.3900
6776.25 4.3902
6776.30 4.3904
6776.35 4.3906
6776.40 4.3908
6776.45 4.3910
6776.50 4.3912
6776.55 4.3914
6776.60 4.3916
6776.65 4.3918
6776.70 4.3919
6776.75 4.3921
6776.80 4.3923
6776.85 4.3925
6776.90 4.3928
6776.95 4.3930
6777.00 4.3932
6777.05 4.3934
6777.10 4.3936
6777.15 4.3938
6777.20 4.3940
6777.25 4.3942
6777.30 4.3944
6777.35 4.3946
6777.40 4.3948
6777.45 4.3950
6777.50 4.3952
6777.55 4.3954
6777.60 4.3956
6777.65 4.3959
6777.70 4.3961
6777.75 4.3963
6777.80 4.3965
6777.85 4.3967
6777.90 4.3969
6777.95 4.3971
6778.00 4.3974
6778.05 4.3976
6778.10 4.3978
6778.15 4.3980
6778.20 4.3982
6778.25 4.3985
6778.30 4.3987
6778.35 4.3989
6778.40 4.3991
6778.45 4.3994
6778.50 4.3996
6778.55 4.3998
6778.60 4.4000
6778.65 4.4003
6778.70 4.4005
6778.75 4.4007
6778.80 4.4009
6778.85 4.4012
6778.90 4.4014
6778.95 4.4016
6779.00 4.4019
6779.05 4.4021
6779.10 4.4023
6779.15 4.4026
6779.20 4.4028
6779.25 4.4031
6779.30 4.4033
6779.35 4.4035
6779.40 4.4038
6779.45 4.4040
6779.50 4.4043
6779.55 4.4045
6779.60 4.4047
6779.65 4.4050
6779.70 4.4052
6779.75 4.4055
6779.80 4.4057
6779.85 4.4060
6779.90 4.4062
6779.95 4.4065
6780.00 4.4067
6780.05 4.4070
6780.10 4.4072
6780.15 4.4075
6780.20 4.4077
6780.25 4.4080
6780.30 4.4082
6780.35 4.4085
6780.40 4.4087
6780.45 4.4090
6780.50 4.4092
6780.55 4.4095
6780.60 4.4098
6780.65 4.4100
6780.70 4.4103
6780.75 4.4105
6780.80 4.4108
6780.85 4.4111
6780.90 4.4113
6780.95 4.4116
6781.00 4.4119
6781.05 4.4121
6781.10 4.4124
6781.15 4.4127
6781.20 4.4129
6781.25 4.4132
6781.30 4.4135
6781.35 4.4137
6781.40 4.4140
6781.45 4.4143
6781.50 4.4146
6781.55 4.4148
6781.60 4.4151
6781.65 4.4154
6781.70 4.4157
6781.75 4.4159
6781.80 4.4162
6781.85 4.4165
6781.90 4.4168
6781.95 4.4170
6782.00 4.4173
6782.05 4.4176
6782.10 4.4179
6782.15 4.4182
6782.20 4.4185
6782.25 4.4187
6782.30 4.4190
6782.35 4.4193
6782.40 4.4196
6782.45 4.4199
6782.50 4.4202
6782.55 4.4205
6782.60 4.4207
6782.65 4.4210
6782.70 4.4213
6782.75 4.4216
6782.80 4.4219
6782.85 4.4222
6782.90 4.4225
6782.95 4.4228
6783.00 4.4231
6783.05 4.4234
6783.10 4.4237
6783.15 4.4240
6783.20 4.4243
6783.25 4.4246
6783.30 4.4248
6783.35 4.4251
6783.40 4.4254
6783.45 4.4257
6783.50 4.4260
6783.55 4.4263
6783.60 4.4266
6783.65 4.4269
6783.70 4.4272
6783.75 4.4275
6783.80 4.4278
6783.85 4.4282
6783.90 4.4285
6783.95 4.4288
6784.00 4.4291
6784.05 4.4294
6784.10 4.4297
6784.15 4.4300
6784.20 4.4303
6784.25 4.4306
6784.30 4.4309
6784.35 4.4312
6784.40 4.4315
6784.45 4.4318
6784.50 4.4321
6784.55 4.4324
6784.60 4.4327
6784.65 4.4331
6784.70 4.4334
6784.75 4.4337
6784.80 4.4340
6784.85 4.4343
6784.90 4.4346
6784.95 4.4349
6785.00 4.4352
6785.05 4.4355
6785.10 4.4358
6785.15 4.4362
6785.20 4.4365
6785.25 4.4368
6785.30 4.4371
6785.35 4.4374
6785.40 4.4377
6785.45 4.4380
6785.50 4.4383
6785.55 4.4387
6785.60 4.4390
6785.65 4.4393
6785.70 4.4396
6785.75 4.4399
6785.80 4.4402
6785.85 4.4405
6785.90 4.4409
6785.95 4.4412
6786.00 4.4415
6786.05 4.4418
6786.10 4.4421
6786.15 4.4424
6786.20 4.4427
6786.25 4.4430
6786.30 4.4434
6786.35 4.4437
6786.40 4.4440
6786.45 4.4443
6786.50 4.4446
6786.55 4.4449
6786.60 4.4452
6786.65 4.4456
6786.70 4.4459
6786.75 4.4462
6786.80 4.4465
6786.85 4.4468
6786.90 4.4471
6786.95 4.4474
6787.00 4.4477
6787.05 4.4481
6787.10 4.4484
6787.15 4.4487
6787.20 4.4490
6787.25 4.4493
6787.30 4.4496
6787.35 4.4499
6787.40 4.4502
6787.45 4.4505
6787.50 4.4508
6787.55 4.4512
6787.60 4.4515
6787.65 4.4518
6787.70 4.4521
6787.75 4.4524
6787.80 4.4527
6787.85 4.4530
6787.90 4.4533
6787.95 4.4536
6788.00 4.4539
6788.05 4.4542
6788.10 4.4545
6788.15 4.4548
6788.20 4.4551
6788.25 4.4554
6788.30 4.4557
6788.35 4.4560
6788.40 4.4564
6788.45 4.4567
6788.50 4.4570
6788.55 4.4573
6788.60 4.4576
6788.65 4.4579
6788.70 4.4582
6788.75 4.4585
6788.80 4.4588
6788.85 4.4591
6788.90 4.4593
6788.95 4.4596
6789.00 4.4599
6789.05 4.4602
6789.10 4.4605
6789.15 4.4608
6789.20 4.4611
6789.25 4.4614
6789.30 4.4617
6789.35 4.4620
6789.40 4.4623
6789.45 4.4626
6789.50 4.4629
6789.55 4.4632
6789.60 4.4635
6789.65 4.4637
6789.70 4.4640
6789.75 4.4643
6789.80 4.4646
6789.85 4.4649
6789.90 4.4652
6789.95 4.4655
6790.00 4.4657
6790.05 4.4660
6790.10 4.4663
6790.15 4.4666
6790.20 4.4669
6790.25 4.4671
6790.30 4.4674
6790.35 4.4677
6790.40 4.4680
6790.45 4.4683
6790.50 4.4685
6790.55 4.4688
6790.60 4.4691
6790.65 4.4694
6790.70 4.4696
6790.75 4.4699
6790.80 4.4702
6790.85 4.4705
6790.90 4.4707
6790.95 4.4710
6791.00 4.4713
6791.05 4.4715
6791.10 4.4718
6791.15 4.4721
6791.20 4.4723
6791.25 4.4726
6791.30 4.4729
6791.35 4.4731
6791.40 4.4734
6791.45 4.4737
6791.50 4.4739
6791.55 4.4742
6791.60 4.4744
6791.65 4.4747
6791.70 4.4750
6791.75 4.4752
6791.80 4.4755
6791.85 4.4757
6791.90 4.4760
6791.95 4.4762
6792.00 4.4765
6792.05 4.4767
6792.10 4.4770
6792.15 4.4773
6792.20 4.4775
6792.25 4.4778
6792.30 4.4780
6792.35 4.4783
6792.40 4.4785
6792.45 4.4787
6792.50 4.4790
6792.55 4.4792
6792.60 4.4795
6792.65 4.4797
6792.70 4.4800
6792.75 4.4802
6792.80 4.4805
6792.85 4.4807
6792.90 4.4809
6792.95 4.4812
6793.00 4.4814
6793.05 4.4817
6793.10 4.4819
6793.15 4.4821
6793.20 4.4824
6793.25 4.4826
6793.30 4.4828
6793.35 4.4831
6793.40 4.4833
6793.45 4.4835
6793.50 4.4838
6793.55 4.4840
6793.60 4.4842
6793.65 4.4844
6793.70 4.4847
6793.75 4.4849
6793.80 4.4851
6793.85 4.4854
6793.90 4.4856
6793.95 4.4858
6794.00 4.4860
6794.05 4.4862
6794.10 4.4865
6794.15 4.4867
6794.20 4.4869
6794.25 4.4871
6794.30 4.4873
6794.35 4.4876
6794.40 4.4878
6794.45 4.4880
6794.50 4.4882
6794.55 4.4884
6794.60 4.4886
6794.65 4.4889
6794.70 4.4891
6794.75 4.4893
6794.80 4.4895
6794.85 4.4897
6794.90 4.4899
6794.95 4.4901
6795.00 4.4903
6795.05 4.4905
6795.10 4.4907
6795.15 4.4909
6795.20 4.4912
6795.25 4.4914
6795.30 4.4916
6795.35 4.4918
6795.40 4.4920
6795.45 4.4922
6795.50 4.4924
6795.55 4.4926
6795.60 4.4928
6795.65 4.4930
6795.70 4.4932
6795.75 4.4934
6795.80 4.4936
6795.85 4.4938
6795.90 4.4940
6795.95 4.4941
6796.00 4.4943
6796.05 4.4945
6796.10 4.4947
6796.15 4.4949
6796.20 4.4951
6796.25 4.4953
6796.30 4.4955
6796.35 4.4957
6796.40 4.4959
6796.45 4.4960
6796.50 4.4962
6796.55 4.4964
6796.60 4.4966
6796.65 4.4968
6796.70 4.4970
6796.75 4.4972
6796.80 4.4973
6796.85 4.4975
6796.90 4.4977
6796.95 4.4979
6797.00 4.4981
6797.05 4.4982
6797.10 4.4984
6797.15 4.4986
6797.20 4.4988
6797.25 4.4989
6797.30 4.4991
6797.35 4.4993
6797.40 4.4995
6797.45 4.4996
6797.50 4.4998
6797.55 4.5000
6797.60 4.5002
6797.65 4.5003
6797.70 4.5005
6797.75 4.5007
6797.80 4.5008
6797.85 4.5010
6797.90 4.5012
6797.95 4.5013
6798.00 4.5015
6798.05 4.5017
6798.10 4.5018
6798.15 4.5020
6798.20 4.5021
6798.25 4.5023
6798.30 4.5025
6798.35 4.5026
6798.40 4.5028
6798.45 4.5029
6798.50 4.5031
6798.55 4.5033
6798.60 4.5034
6798.65 4.5036
6798.70 4.5037
6798.75 4.5039
6798.80 4.5040
6798.85 4.5042
6798.90 4.5043
6798.95 4.5045
6799.00 4.5046
6799.05 4.5048
6799.10 4.5049
6799.15 4.5051
6799.20 4.5052
6799.25 4.5054
6799.30 4.5055
6799.35 4.5057
6799.40 4.5058
6799.45 4.5059
6799.50 4.5061
6799.55 4.5062
6799.60 4.5064
6799.65 4.5065
6799.70 4.5066
6799.75 4.5068
6799.80 4.5069
6799.85 4.5071
6799.90 4.5072
6799.95 4.5073
6800.00 4.5075
6800.05 4.5076
6800.10 4.5077
6800.15 4.5079
6800.20 4.5080
6800.25 4.5081
6800.30 4.5083
6800.35 4.5084
6800.40 4.5085
6800.45 4.5086
6800.50 4.5088
6800.55 4.5089
6800.60 4.5090
6800.65 4.5091
6800.70 4.5093
6800.75 4.5094
6800.80 4.5095
6800.85 4.5096
6800.90 4.5097
6800.95 4.5099
6801.00 4.5100
6801.05 4.5101
6801.10 4.5102
6801.15 4.5103
6801.20 4.5105
6801.25 4.5106
6801.30 4.5107
6801.35 4.5108
6801.40 4.5109
6801.45 4.5110
6801.50 4.5111
6801.55 4.5112
6801.60 4.5114
6801.65 4.5115
6801.70 4.5116
6801.75 4.5117
6801.80 4.5118
6801.85 4.5119
6801.90 4.5120
6801.95 4.5121
6802.00 4.5122
6802.05 4.5123
6802.10 4.5124
6802.15 4.5125
6802.20 4.5126
6802.25 4.5127
6802.30 4.5128
6802.35 4.5129
6802.40 4.5130
6802.45 4.5131
6802.50 4.5132
6802.55 4.5133
6802.60 4.5134
6802.65 4.5135
6802.70 4.5136
6802.75 4.5137
6802.80 4.5138
6802.85 4.5139
6802.90 4.5139
6802.95 4.5140
6803.00 4.5141
6803.05 4.5142
6803.10 4.5143
6803.15 4.5144
6803.20 4.5145
6803.25 4.5146
6803.30 4.5146
6803.35 4.5147
6803.40 4.5148
6803.45 4.5149
6803.50 4.5150
6803.55 4.5151
6803.60 4.5151
6803.65 4.5152
6803.70 4.5153
6803.75 4.5154
6803.80 4.5155
6803.85 4.5155
6803.90 4.5156
6803.95 4.5157
6804.00 4.5158
6804.05 4.5158
6804.10 4.5159
6804.15 4.5160
6804.20 4.5161
6804.25 4.5161
6804.30 4.5162
6804.35 4.5163
6804.40 4.5164
6804.45 4.5164
6804.50 4.5165
6804.55 4.5166
6804.60 4.5166
6804.65 4.5167
6804.70 4.5168
6804.75 4.5168
6804.80 4.5169
6804.85 4.5170
6804.90 4.5170
6804.95 4.5171
6805.00 4.5172
6805.05 4.5172
6805.10 4.5173
6805.15 4.5174
6805.20 4.5174
6805.25 4.5175
6805.30 4.5175
6805.35 4.5176
6805.40 4.5177
6805.45 4.5177
6805.50 4.5178
6805.55 4.5178
6805.60 4.5179
6805.65 4.5180
6805.70 4.5180
6805.75 4.5181
6805.80 4.5181
6805.85 4.5182
6805.90 4.5183
6805.95 4.5183
6806.00 4.5184
6806.05 4.5184
6806.10 4.5185
6806.15 4.5185
6806.20 4.5186
6806.25 4.5186
6806.30 4.5187
6806.35 4.5187
6806.40 4.5188
6806.45 4.5189
6806.50 4.5189
6806.55 4.5190
6806.60 4.5190
6806.65 4.5191
6806.70 4.5191
6806.75 4.5192
6806.80 4.5192
6806.85 4.5193
6806.90 4.5193
6806.95 4.5194
6807.00 4.5194
6807.05 4.5195
6807.10 4.5195
6807.15 4.5196
6807.20 4.5196
6807.25 4.5197
6807.30 4.5197
6807.35 4.5198
6807.40 4.5198
6807.45 4.5199
6807.50 4.5199
6807.55 4.5200
6807.60 4.5200
6807.65 4.5201
6807.70 4.5201
6807.75 4.5201
6807.80 4.5202
6807.85 4.5202
6807.90 4.5203
6807.95 4.5203
6808.00 4.5204
6808.05 4.5204
6808.10 4.5205
6808.15 4.5205
6808.20 4.5206
6808.25 4.5206
6808.30 4.5207
6808.35 4.5207
6808.40 4.5208
6808.45 4.5208
6808.50 4.5209
6808.55 4.5209
6808.60 4.5210
6808.65 4.5210
6808.70 4.5210
6808.75 4.5211
6808.80 4.5211
6808.85 4.5212
6808.90 4.5212
6808.95 4.5213
6809.00 4.5213
6809.05 4.5214
6809.10 4.5214
6809.15 4.5215
6809.20 4.5215
6809.25 4.5216
6809.30 4.5216
6809.35 4.5217
6809.40 4.5217
6809.45 4.5218
6809.50 4.5218
6809.55 4.5219
6809.60 4.5219
6809.65 4.5220
6809.70 4.5220
6809.75 4.5221
6809.80 4.5221
6809.85 4.5222
6809.90 4.5222
6809.95 4.5223
6810.00 4.5223
6810.05 4.5224
6810.10 4.5224
6810.15 4.5225
6810.20 4.5225
6810.25 4.5226
6810.30 4.5226
6810.35 4.5227
6810.40 4.5227
6810.45 4.5228
6810.50 4.5228
6810.55 4.5229
6810.60 4.5229
6810.65 4.5230
6810.70 4.5230
6810.75 4.5231
6810.80 4.5231
6810.85 4.5232
6810.90 4.5233
6810.95 4.5233
6811.00 4.5234
6811.05 4.5234
6811.10 4.5235
6811.15 4.5235
6811.20 4.5236
6811.25 4.5236
6811.30 4.5237
6811.35 4.5238
6811.40 4.5238
6811.45 4.5239
6811.50 4.5239
6811.55 4.5240
6811.60 4.5241
6811.65 4.5241
6811.70 4.5242
6811.75 4.5242
6811.80 4.5243
6811.85 4.5244
6811.90 4.5244
6811.95 4.5245
6812.00 4.5245
6812.05 4.5246
6812.10 4.5247
6812.15 4.5247
6812.20 4.5248
6812.25 4.5249
6812.30 4.5249
6812.35 4.5250
6812.40 4.5251
6812.45 4.5251
6812.50 4.5252
6812.55 4.5253
6812.60 4.5253
6812.65 4.5254
6812.70 4.5255
6812.75 4.5255
6812.80 4.5256
6812.85 4.5257
6812.90 4.5257
6812.95 4.5258
6813.00 4.5259
6813.05 4.5260
6813.10 4.5260
6813.15 4.5261
6813.20 4.5262
6813.25 4.5262
6813.30 4.5263
6813.35 4.5264
6813.40 4.5265
6813.45 4.5265
6813.50 4.5266
6813.55 4.5267
6813.60 4.5268
6813.65 4.5268
6813.70 4.5269
6813.75 4.5270
6813.80 4.5271
6813.85 4.5271
6813.90 4.5272
6813.95 4.5273
6814.00 4.5274
6814.05 4.5275
6814.10 4.5275
6814.15 4.5276
6814.20 4.5277
6814.25 4.5278
6814.30 4.5279
6814.35 4.5279
6814.40 4.5280
6814.45 4.5281
6814.50 4.5282
6814.55 4.5283
6814.60 4.5283
6814.65 4.5284
6814.70 4.5285
6814.75 4.5286
6814.80 4.5287
6814.85 4.5288
6814.90 4.5289
6814.95 4.5289
6815.00 4.5290
6815.05 4.5291
6815.10 4.5292
6815.15 4.5293
6815.20 4.5294
6815.25 4.5295
6815.30 4.5295
6815.35 4.5296
6815.40 4.5297
6815.45 4.5298
6815.50 4.5299
6815.55 4.5300
6815.60 4.5301
6815.65 4.5302
6815.70 4.5303
6815.75 4.5304
6815.80 4.5304
6815.85 4.5305
6815.90 4.5306
6815.95 4.5307
6816.00 4.5308
6816.05 4.5309
6816.10 4.5310
6816.15 4.5311
6816.20 4.5312
6816.25 4.5313
6816.30 4.5314
6816.35 4.5315
6816.40 4.5316
6816.45 4.5317
6816.50 4.5318
6816.55 4.5319
6816.60 4.5320
6816.65 4.5321
6816.70 4.5321
6816.75 4.5322
6816.80 4.5323
6816.85 4.5324
6816.90 4.5325
6816.95 4.5326
6817.00 4.5327
6817.05 4.5328
6817.10 4.5329
6817.15 4.5330
6817.20 4.5331
6817.25 4.5332
6817.30 4.5333
6817.35 4.5334
6817.40 4.5335
6817.45 4.5336
6817.50 4.5337
6817.55 4.5338
6817.60 4.5339
6817.65 4.5340
6817.70 4.5341
6817.75 4.5342
6817.80 4.5343
6817.85 4.5344
6817.90 4.5345
6817.95 4.5346
6818.00 4.5348
6818.05 4.5349
6818.10 4.5350
6818.15 4.5351
6818.20 4.5352
6818.25 4.5353
6818.30 4.5354
6818.35 4.5355
6818.40 4.5356
6818.45 4.5357
6818.50 4.5358
6818.55 4.5359
6818.60 4.5360
6818.65 4.5361
6818.70 4.5362
6818.75 4.5363
6818.80 4.5364
6818.85 4.5365
6818.90 4.5366
6818.95 4.5367
6819.00 4.5368
6819.05 4.5369
6819.10 4.5371
6819.15 4.5372
6819.20 4.5373
6819.25 4.5374
6819.30 4.5375
6819.35 4.5376
6819.40 4.5377
6819.45 4.5378
6819.50 4.5379
6819.55 4.5380
6819.60 4.5381
6819.65 4.5382
6819.70 4.5383
6819.75 4.5385
6819.80 4.5386
6819.85 4.5387
6819.90 4.5388
6819.95 4.5389
6820.00 4.5390
6820.05 4.5391
6820.10 4.5392
6820.15 4.5393
6820.20 4.5394
6820.25 4.5395
6820.30 4.5397
6820.35 4.5398
6820.40 4.5399
6820.45 4.5400
6820.50 4.5401
6820.55 4.5402
6820.60 4.5403
6820.65 4.5404
6820.70 4.5405
6820.75 4.5406
6820.80 4.5408
6820.85 4.5409
6820.90 4.5410
6820.95 4.5411
6821.00 4.5412
6821.05 4.5413
6821.10 4.5414
6821.15 4.5415
6821.20 4.5417
6821.25 4.5418
6821.30 4.5419
6821.35 4.5420
6821.40 4.5421
6821.45 4.5422
6821.50 4.5423
6821.55 4.5425
6821.60 4.5426
6821.65 4.5427
6821.70 4.5428
6821.75 4.5429
6821.80 4.5430
6821.85 4.5431
6821.90 4.5433
6821.95 4.5434
6822.00 4.5435
6822.05 4.5436
6822.10 4.5437
6822.15 4.5438
6822.20 4.5440
6822.25 4.5441
6822.30 4.5442
6822.35 4.5443
6822.40 4.5444
6822.45 4.5446
6822.50 4.5447
6822.55 4.5448
6822.60 4.5449
6822.65 4.5450
6822.70 4.5452
6822.75 4.5453
6822.80 4.5454
6822.85 4.5455
6822.90 4.5456
6822.95 4.5458
6823.00 4.5459
6823.05 4.5460
6823.10 4.5461
6823.15 4.5463
6823.20 4.5464
6823.25 4.5465
6823.30 4.5466
6823.35 4.5468
6823.40 4.5469
6823.45 4.5470
6823.50 4.5471
6823.55 4.5473
6823.60 4.5474
6823.65 4.5475
6823.70 4.5477
6823.75 4.5478
6823.80 4.5479
6823.85 4.5480
6823.90 4.5482
6823.95 4.5483
6824.00 4.5484
6824.05 4.5486
6824.10 4.5487
6824.15 4.5488
6824.20 4.5490
6824.25 4.5491
6824.30 4.5492
6824.35 4.5494
6824.40 4.5495
6824.45 4.5496
6824.50 4.5498
6824.55 4.5499
6824.60 4.5501
6824.65 4.5502
6824.70 4.5503
6824.75 4.5505
6824.80 4.5506
6824.85 4.5508
6824.90 4.5509
6824.95 4.5510
6825.00 4.5512
6825.05 4.5513
6825.10 4.5515
6825.15 4.5516
6825.20 4.5518
6825.25 4.5519
6825.30 4.5521
6825.35 4.5522
6825.40 4.5524
6825.45 4.5525
6825.50 4.5527
6825.55 4.5528
6825.60 4.5530
6825.65 4.5531
6825.70 4.5533
6825.75 4.5534
6825.80 4.5536
6825.85 4.5537
6825.90 4.5539
6825.95 4.5540
6826.00 4.5542
6826.05 4.5544
6826.10 4.5545
6826.15 4.5547
6826.20 4.5548
6826.25 4.5550
6826.30 4.5552
6826.35 4.5553
6826.40 4.5555
6826.45 4.5556
6826.50 4.5558
6826.55 4.5560
6826.60 4.5561
6826.65 4.5563
6826.70 4.5565
6826.75 4.5567
6826.80 4.5568
6826.85 4.5570
6826.90 4.5572
6826.95 4.5573
6827.00 4.5575
6827.05 4.5577
6827.10 4.5579
6827.15 4.5581
6827.20 4.5582
6827.25 4.5584
6827.30 4.5586
6827.35 4.5588
6827.40 4.5590
6827.45 4.5591
6827.50 4.5593
6827.55 4.5595
6827.60 4.5597
6827.65 4.5599
6827.70 4.5601
6827.75 4.5603
6827.80 4.5604
6827.85 4.5606
6827.90 4.5608
6827.95 4.5610
6828.00 4.5612
6828.05 4.5614
6828.10 4.5616
6828.15 4.5618
6828.20 4.5620
6828.25 4.5622
6828.30 4.5624
6828.35 4.5626
6828.40 4.5628
6828.45 4.5630
6828.50 4.5632
6828.55 4.5634
6828.60 4.5636
6828.65 4.5638
6828.70 4.5640
6828.75 4.5642
6828.80 4.5645
6828.85 4.5647
6828.90 4.5649
6828.95 4.5651
6829.00 4.5653
6829.05 4.5655
6829.10 4.5657
6829.15 4.5660
6829.20 4.5662
6829.25 4.5664
6829.30 4.5666
6829.35 4.5668
6829.40 4.5671
6829.45 4.5673
6829.50 4.5675
6829.55 4.5677
6829.60 4.5680
6829.65 4.5682
6829.70 4.5684
6829.75 4.5686
6829.80 4.5689
6829.85 4.5691
6829.90 4.5693
6829.95 4.5696
6830.00 4.5698
6830.05 4.5700
6830.10 4.5703
6830.15 4.5705
6830.20 4.5708
6830.25 4.5710
6830.30 4.5712
6830.35 4.5715
6830.40 4.5717
6830.45 4.5720
6830.50 4.5722
6830.55 4.5725
6830.60 4.5727
6830.65 4.5730
6830.70 4.5732
6830.75 4.5735
6830.80 4.5737
6830.85 4.5740
6830.90 4.5742
6830.95 4.5745
6831.00 4.5747
6831.05 4.5750
6831.10 4.5752
6831.15 4.5755
6831.20 4.5757
6831.25 4.5760
6831.30 4.5763
6831.35 4.5765
6831.40 4.5768
6831.45 4.5770
6831.50 4.5773
6831.55 4.5776
6831.60 4.5778
6831.65 4.5781
6831.70 4.5784
6831.75 4.5786
6831.80 4.5789
6831.85 4.5792
6831.90 4.5794
6831.95 4.5797
6832.00 4.5800
6832.05 4.5803
6832.10 4.5805
6832.15 4.5808
6832.20 4.5811
6832.25 4.5814
6832.30 4.5816
6832.35 4.5819
6832.40 4.5822
6832.45 4.5825
6832.50 4.5828
6832.55 4.5830
6832.60 4.5833
6832.65 4.5836
6832.70 4.5839
6832.75 4.5842
6832.80 4.5844
6832.85 4.5847
6832.90 4.5850
6832.95 4.5853
6833.00 4.5856
6833.05 4.5859
6833.10 4.5862
6833.15 4.5864
6833.20 4.5867
6833.25 4.5870
6833.30 4.5873
6833.35 4.5876
6833.40 4.5879
6833.45 4.5882
6833.50 4.5885
6833.55 4.5888
6833.60 4.5891
6833.65 4.5894
6833.70 4.5897
6833.75 4.5899
6833.80 4.5902
6833.85 4.5905
6833.90 4.5908
6833.95 4.5911
6834.00 4.5914
6834.05 4.5917
6834.10 4.5920
6834.15 4.5923
6834.20 4.5926
6834.25 4.5929
6834.30 4.5932
6834.35 4.5935
6834.40 4.5938
6834.45 4.5941
6834.50 4.5944
6834.55 4.5947
6834.60 4.5950
6834.65 4.5953
6834.70 4.5956
6834.75 4.5959
6834.80 4.5962
6834.85 4.5965
6834.90 4.5968
6834.95 4.5971
6835.00 4.5974
6835.05 4.5977
6835.10 4.5980
6835.15 4.5983
6835.20 4.5986
6835.25 4.5989
6835.30 4.5992
6835.35 4.5995
6835.40 4.5998
6835.45 4.6001
6835.50 4.6004
6835.55 4.6007
6835.60 4.6010
6835.65 4.6014
6835.70 4.6017
6835.75 4.6020
6835.80 4.6023
6835.85 4.6026
6835.90 4.6029
6835.95 4.6032
6836.00 4.6035
6836.05 4.6038
6836.10 4.6041
6836.15 4.6044
6836.20 4.6047
6836.25 4.6050
6836.30 4.6053
6836.35 4.6056
6836.40 4.6059
6836.45 4.6062
6836.50 4.6065
6836.55 4.6068
6836.60 4.6071
6836.65 4.6074
6836.70 4.6077
6836.75 4.6080
6836.80 4.6083
6836.85 4.6086
6836.90 4.6089
6836.95 4.6092
6837.00 4.6094
6837.05 4.6097
6837.10 4.6100
6837.15 4.6103
6837.20 4.6106
6837.25 4.6109
6837.30 4.6112
6837.35 4.6115
6837.40 4.6118
6837.45 4.6121
6837.50 4.6124
6837.55 4.6127
6837.60 4.6130
6837.65 4.6132
6837.70 4.6135
6837.75 4.6138
6837.80 4.6141
6837.85 4.6144
6837.90 4.6147
6837.95 4.6150
6838.00 4.6153
6838.05 4.6155
6838.10 4.6158
6838.15 4.6161
6838.20 4.6164
6838.25 4.6167
6838.30 4.6169
6838.35 4.6172
6838.40 4.6175
6838.45 4.6178
6838.50 4.6180
6838.55 4.6183
6838.60 4.6186
6838.65 4.6189
6838.70 4.6191
6838.75 4.6194
6838.80 4.6197
6838.85 4.6199
6838.90 4.6202
6838.95 4.6205
6839.00 4.6207
6839.05 4.6210
6839.10 4.6213
6839.15 4.6215
6839.20 4.6218
6839.25 4.6221
6839.30 4.6223
6839.35 4.6226
6839.40 4.6228
6839.45 4.6231
6839.50 4.6233
6839.55 4.6236
6839.60 4.6239
6839.65 4.6241
6839.70 4.6244
6839.75 4.6246
6839.80 4.6248
6839.85 4.6251
6839.90 4.6253
6839.95 4.6256
6840.00 4.6258
6840.05 4.6261
6840.10 4.6263
6840.15 4.6265
6840.20 4.6268
6840.25 4.6270
6840.30 4.6272
6840.35 4.6275
6840.40 4.6277
6840.45 4.6279
6840.50 4.6282
6840.55 4.6284
6840.60 4.6286
6840.65 4.6288
6840.70 4.6291
6840.75 4.6293
6840.80 4.6295
6840.85 4.6297
6840.90 4.6299
6840.95 4.6302
6841.00 4.6304
6841.05 4.6306
6841.10 4.6308
6841.15 4.6310
6841.20 4.6312
6841.25 4.6314
6841.30 4.6316
6841.35 4.6318
6841.40 4.6320
6841.45 4.6322
6841.50 4.6324
6841.55 4.6326
6841.60 4.6328
6841.65 4.6330
6841.70 4.6332
6841.75 4.6334
6841.80 4.6335
6841.85 4.6337
6841.90 4.6339
6841.95 4.6341
6842.00 4.6343
6842.05 4.6345
6842.10 4.6346
6842.15 4.6348
6842.20 4.6350
6842.25 4.6351
6842.30 4.6353
6842.35 4.6355
6842.40 4.6356
6842.45 4.6358
6842.50 4.6360
6842.55 4.6361
6842.60 4.6363
6842.65 4.6364
6842.70 4.6366
6842.75 4.6367
6842.80 4.6369
6842.85 4.6370
6842.90 4.6372
6842.95 4.6373
6843.00 4.6375
6843.05 4.6376
6843.10 4.6377
6843.15 4.6379
6843.20 4.6380
6843.25 4.6381
6843.30 4.6383
6843.35 4.6384
6843.40 4.6385
6843.45 4.6386
6843.50 4.6388
6843.55 4.6389
6843.60 4.6390
6843.65 4.6391
6843.70 4.6392
6843.75 4.6393
6843.80 4.6395
6843.85 4.6396
6843.90 4.6397
6843.95 4.6398
6844.00 4.6399
6844.05 4.6400
6844.10 4.6401
6844.15 4.6402
6844.20 4.6402
6844.25 4.6403
6844.30 4.6404
6844.35 4.6405
6844.40 4.6406
6844.45 4.6407
6844.50 4.6408
6844.55 4.6408
6844.60 4.6409
6844.65 4.6410
6844.70 4.6410
6844.75 4.6411
6844.80 4.6412
6844.85 4.6412
6844.90 4.6413
6844.95 4.6414
6845.00 4.6414
6845.05 4.6415
6845.10 4.6415
6845.15 4.6416
6845.20 4.6416
6845.25 4.6417
6845.30 4.6417
6845.35 4.6418
6845.40 4.6418
6845.45 4.6418
6845.50 4.6419
6845.55 4.6419
6845.60 4.6419
6845.65 4.6420
6845.70 4.6420
6845.75 4.6420
6845.80 4.6420
6845.85 4.6421
6845.90 4.6421
6845.95 4.6421
6846.00 4.6421
6846.05 4.6421
6846.10 4.6421
6846.15 4.6421
6846.20 4.6421
6846.25 4.6421
6846.30 4.6421
6846.35 4.6421
6846.40 4.6421
6846.45 4.6421
6846.50 4.6421
6846.55 4.6421
6846.60 4.6421
6846.65 4.6420
6846.70 4.6420
6846.75 4.6420
6846.80 4.6420
6846.85 4.6420
6846.90 4.6419
6846.95 4.6419
6847.00 4.6419
6847.05 4.6418
6847.10 4.6418
6847.15 4.6417
6847.20 4.6417
6847.25 4.6417
6847.30 4.6416
6847.35 4.6416
6847.40 4.6415
6847.45 4.6415
6847.50 4.6414
6847.55 4.6413
6847.60 4.6413
6847.65 4.6412
6847.70 4.6411
6847.75 4.6411
6847.80 4.6410
6847.85 4.6409
6847.90 4.6409
6847.95 4.6408
6848.00 4.6407
6848.05 4.6406
6848.10 4.6405
6848.15 4.6404
6848.20 4.6403
6848.25 4.6403
6848.30 4.6402
6848.35 4.6401
6848.40 4.6400
6848.45 4.6399
6848.50 4.6398
6848.55 4.6397
6848.60 4.6395
6848.65 4.6394
6848.70 4.6393
6848.75 4.6392
6848.80 4.6391
6848.85 4.6390
6848.90 4.6388
6848.95 4.6387
6849.00 4.6386
6849.05 4.6385
6849.10 4.6383
6849.15 4.6382
6849.20 4.6380
6849.25 4.6379
6849.30 4.6378
6849.35 4.6376
6849.40 4.6375
6849.45 4.6373
6849.50 4.6372
6849.55 4.6370
6849.60 4.6369
6849.65 4.6367
6849.70 4.6365
6849.75 4.6364
6849.80 4.6362
6849.85 4.6360
6849.90 4.6359
6849.95 4.6357
6850.00 4.6355
6850.05 4.6353
6850.10 4.6352
6850.15 4.6350
6850.20 4.6348
6850.25 4.6346
6850.30 4.6344
6850.35 4.6342
6850.40 4.6340
6850.45 4.6338
6850.50 4.6336
6850.55 4.6334
6850.60 4.6332
6850.65 4.6330
6850.70 4.6328
6850.75 4.6326
6850.80 4.6323
6850.85 4.6321
6850.90 4.6319
6850.95 4.6317
6851.00 4.6315
6851.05 4.6312
6851.10 4.6310
6851.15 4.6308
6851.20 4.6305
6851.25 4.6303
6851.30 4.6300
6851.35 4.6298
6851.40 4.6296
6851.45 4.6293
6851.50 4.6290
6851.55 4.6288
6851.60 4.6285
6851.65 4.6283
6851.70 4.6280
6851.75 4.6277
6851.80 4.6275
6851.85 4.6272
6851.90 4.6269
6851.95 4.6267
6852.00 4.6264
6852.05 4.6261
6852.10 4.6258
6852.15 4.6255
6852.20 4.6252
6852.25 4.6250
6852.30 4.6247
6852.35 4.6244
6852.40 4.6241
6852.45 4.6238
6852.50 4.6235
6852.55 4.6231
6852.60 4.6228
6852.65 4.6225
6852.70 4.6222
6852.75 4.6219
6852.80 4.6216
6852.85 4.6212
6852.90 4.6209
6852.95 4.6206
6853.00 4.6203
6853.05 4.6199
6853.10 4.6196
6853.15 4.6192
6853.20 4.6189
6853.25 4.6186
6853.30 4.6182
6853.35 4.6179
6853.40 4.6175
6853.45 4.6172
6853.50 4.6168
6853.55 4.6164
6853.60 4.6161
6853.65 4.6157
6853.70 4.6153
6853.75 4.6150
6853.80 4.6146
6853.85 4.6142
6853.90 4.6138
6853.95 4.6134
6854.00 4.6131
6854.05 4.6127
6854.10 4.6123
6854.15 4.6119
6854.20 4.6115
6854.25 4.6111
6854.30 4.6107
6854.35 4.6103
6854.40 4.6099
6854.45 4.6094
6854.50 4.6090
6854.55 4.6086
6854.60 4.6082
6854.65 4.6078
6854.70 4.6074
6854.75 4.6069
6854.80 4.6065
6854.85 4.6061
6854.90 4.6056
6854.95 4.6052
6855.00 4.6047
6855.05 4.6043
6855.10 4.6038
6855.15 4.6034
6855.20 4.6029
6855.25 4.6025
6855.30 4.6020
6855.35 4.6016
6855.40 4.6011
6855.45 4.6006
6855.50 4.6002
6855.55 4.5997
6855.60 4.5992
6855.65 4.5987
6855.70 4.5983
6855.75 4.5978
6855.80 4.5973
6855.85 4.5968
6855.90 4.5963
6855.95 4.5958
6856.00 4.5953
6856.05 4.5948
6856.10 4.5943
6856.15 4.5938
6856.20 4.5933
6856.25 4.5928
6856.30 4.5923
6856.35 4.5918
6856.40 4.5912
6856.45 4.5907
6856.50 4.5902
6856.55 4.5897
6856.60 4.5891
6856.65 4.5886
6856.70 4.5881
6856.75 4.5875
6856.80 4.5870
6856.85 4.5865
6856.90 4.5859
6856.95 4.5854
6857.00 4.5848
6857.05 4.5843
6857.10 4.5837
6857.15 4.5832
6857.20 4.5826
6857.25 4.5820
6857.30 4.5815
6857.35 4.5809
6857.40 4.5803
6857.45 4.5798
6857.50 4.5792
6857.55 4.5786
6857.60 4.5780
6857.65 4.5775
6857.70 4.5769
6857.75 4.5763
6857.80 4.5757
6857.85 4.5751
6857.90 4.5745
6857.95 4.5739
6858.00 4.5733
6858.05 4.5727
6858.10 4.5721
6858.15 4.5715
6858.20 4.5709
6858.25 4.5703
6858.30 4.5697
6858.35 4.5691
6858.40 4.5685
6858.45 4.5679
6858.50 4.5673
6858.55 4.5666
6858.60 4.5660
6858.65 4.5654
6858.70 4.5648
6858.75 4.5642
6858.80 4.5635
6858.85 4.5629
6858.90 4.5623
6858.95 4.5616
6859.00 4.5610
6859.05 4.5604
6859.10 4.5597
6859.15 4.5591
6859.20 4.5584
6859.25 4.5578
6859.30 4.5572
6859.35 4.5565
6859.40 4.5559
6859.45 4.5552
6859.50 4.5546
6859.55 4.5539
6859.60 4.5533
6859.65 4.5526
6859.70 4.5519
6859.75 4.5513
6859.80 4.5506
6859.85 4.5500
6859.90 4.5493
6859.95 4.5487
6860.00 4.5480
6860.05 4.5473
6860.10 4.5467
6860.15 4.5460
6860.20 4.5453
6860.25 4.5447
6860.30 4.5440
6860.35 4.5433
6860.40 4.5427
6860.45 4.5420
6860.50 4.5413
6860.55 4.5406
6860.60 4.5400
6860.65 4.5393
6860.70 4.5386
6860.75 4.5379
6860.80 4.5373
6860.85 4.5366
6860.90 4.5359
6860.95 4.5352
6861.00 4.5346
6861.05 4.5339
6861.10 4.5332
6861.15 4.5325
6861.20 4.5319
6861.25 4.5312
6861.30 4.5305
6861.35 4.5298
6861.40 4.5291
6861.45 4.5285
6861.50 4.5278
6861.55 4.5271
6861.60 4.5264
6861.65 4.5258
6861.70 4.5251
6861.75 4.5244
6861.80 4.5237
6861.85 4.5230
6861.90 4.5224
6861.95 4.5217
6862.00 4.5210
6862.05 4.5203
6862.10 4.5197
6862.15 4.5190
6862.20 4.5183
6862.25 4.5176
6862.30 4.5170
6862.35 4.5163
6862.40 4.5156
6862.45 4.5150
6862.50 4.5143
6862.55 4.5136
6862.60 4.5130
6862.65 4.5123
6862.70 4.5116
6862.75 4.5110
6862.80 4.5103
6862.85 4.5096
6862.90 4.5090
6862.95 4.5083
6863.00 4.5076
6863.05 4.5070
6863.10 4.5063
6863.15 4.5057
6863.20 4.5050
6863.25 4.5044
6863.30 4.5037
6863.35 4.5031
6863.40 4.5024
6863.45 4.5018
6863.50 4.5011
6863.55 4.5005
6863.60 4.4998
6863.65 4.4992
6863.70 4.4986
6863.75 4.4979
6863.80 4.4973
6863.85 4.4967
6863.90 4.4960
6863.95 4.4954
6864.00 4.4948
6864.05 4.4941
6864.10 4.4935
6864.15 4.4929
6864.20 4.4923
6864.25 4.4917
6864.30 4.4911
6864.35 4.4904
6864.40 4.4898
6864.45 4.4892
6864.50 4.4886
6864.55 4.4880
6864.60 4.4874
6864.65 4.4868
6864.70 4.4862
6864.75 4.4856
6864.80 4.4850
6864.85 4.4844
6864.90 4.4839
6864.95 4.4833
6865.00 4.4827
6865.05 4.4821
6865.10 4.4815
6865.15 4.4810
6865.20 4.4804
6865.25 4.4798
6865.30 4.4793
6865.35 4.4787
6865.40 4.4781
6865.45 4.4776
6865.50 4.4770
6865.55 4.4765
6865.60 4.4759
6865.65 4.4754
6865.70 4.4748
6865.75 4.4743
6865.80 4.4738
6865.85 4.4732
6865.90 4.4727
6865.95 4.4722
6866.00 4.4717
6866.05 4.4711
6866.10 4.4706
6866.15 4.4701
6866.20 4.4696
6866.25 4.4691
6866.30 4.4686
6866.35 4.4681
6866.40 4.4676
6866.45 4.4671
6866.50 4.4666
6866.55 4.4661
6866.60 4.4656
6866.65 4.4651
6866.70 4.4647
6866.75 4.4642
6866.80 4.4637
6866.85 4.4632
6866.90 4.4628
6866.95 4.4623
6867.00 4.4619
6867.05 4.4614
6867.10 4.4609
6867.15 4.4605
6867.20 4.4601
6867.25 4.4596
6867.30 4.4592
6867.35 4.4587
6867.40 4.4583
6867.45 4.4579
6867.50 4.4575
6867.55 4.4570
6867.60 4.4566
6867.65 4.4562
6867.70 4.4558
6867.75 4.4554
6867.80 4.4550
6867.85 4.4546
6867.90 4.4542
6867.95 4.4538
6868.00 4.4534
6868.05 4.4530
6868.10 4.4526
6868.15 4.4523
6868.20 4.4519
6868.25 4.4515
6868.30 4.4511
6868.35 4.4508
6868.40 4.4504
6868.45 4.4501
6868.50 4.4497
6868.55 4.4494
6868.60 4.4490
6868.65 4.4487
6868.70 4.4483
6868.75 4.4480
6868.80 4.4477
6868.85 4.4473
6868.90 4.4470
6868.95 4.4467
6869.00 4.4464
6869.05 4.4461
6869.10 4.4457
6869.15 4.4454
6869.20 4.4451
6869.25 4.4448
6869.30 4.4445
6869.35 4.4442
6869.40 4.4440
6869.45 4.4437
6869.50 4.4434
6869.55 4.4431
6869.60 4.4428
6869.65 4.4425
6869.70 4.4423
6869.75 4.4420
6869.80 4.4417
6869.85 4.4415
6869.90 4.4412
6869.95 4.4410
6870.00 4.4407
6870.05 4.4405
6870.10 4.4402
6870.15 4.4400
6870.20 4.4398
6870.25 4.4395
6870.30 4.4393
6870.35 4.4391
6870.40 4.4388
6870.45 4.4386
6870.50 4.4384
6870.55 4.4382
6870.60 4.4380
6870.65 4.4378
6870.70 4.4376
6870.75 4.4374
6870.80 4.4372
6870.85 4.4370
6870.90 4.4368
6870.95 4.4366
6871.00 4.4364
6871.05 4.4362
6871.10 4.4360
6871.15 4.4358
6871.20 4.4357
6871.25 4.4355
6871.30 4.4353
6871.35 4.4352
6871.40 4.4350
6871.45 4.4348
6871.50 4.4347
6871.55 4.4345
6871.60 4.4344
6871.65 4.4342
6871.70 4.4341
6871.75 4.4339
6871.80 4.4338
6871.85 4.4337
6871.90 4.4335
6871.95 4.4334
6872.00 4.4332
6872.05 4.4331
6872.10 4.4330
6872.15 4.4329
6872.20 4.4328
6872.25 4.4326
6872.30 4.4325
6872.35 4.4324
6872.40 4.4323
6872.45 4.4322
6872.50 4.4321
6872.55 4.4320
6872.60 4.4319
6872.65 4.4318
6872.70 4.4317
6872.75 4.4316
6872.80 4.4315
6872.85 4.4314
6872.90 4.4313
6872.95 4.4312
6873.00 4.4311
6873.05 4.4311
6873.10 4.4310
6873.15 4.4309
6873.20 4.4308
6873.25 4.4308
6873.30 4.4307
6873.35 4.4306
6873.40 4.4306
6873.45 4.4305
6873.50 4.4304
6873.55 4.4304
6873.60 4.4303
6873.65 4.4303
6873.70 4.4302
6873.75 4.4301
6873.80 4.4301
6873.85 4.4300
6873.90 4.4300
6873.95 4.4300
6874.00 4.4299
6874.05 4.4299
6874.10 4.4298
6874.15 4.4298
6874.20 4.4298
6874.25 4.4297
6874.30 4.4297
6874.35 4.4297
6874.40 4.4296
6874.45 4.4296
6874.50 4.4296
6874.55 4.4295
6874.60 4.4295
6874.65 4.4295
6874.70 4.4295
6874.75 4.4295
6874.80 4.4294
6874.85 4.4294
6874.90 4.4294
6874.95 4.4294
6875.00 4.4294
6875.05 4.4294
6875.10 4.4294
6875.15 4.4294
6875.20 4.4294
6875.25 4.4294
6875.30 4.4294
6875.35 4.4294
6875.40 4.4294
6875.45 4.4294
6875.50 4.4294
6875.55 4.4294
6875.60 4.4294
6875.65 4.4294
6875.70 4.4294
6875.75 4.4294
6875.80 4.4294
6875.85 4.4294
6875.90 4.4294
6875.95 4.4294
6876.00 4.4294
6876.05 4.4295
6876.10 4.4295
6876.15 4.4295
6876.20 4.4295
6876.25 4.4295
6876.30 4.4295
6876.35 4.4296
6876.40 4.4296
6876.45 4.4296
6876.50 4.4296
6876.55 4.4296
6876.60 4.4297
6876.65 4.4297
6876.70 4.4297
6876.75 4.4298
6876.80 4.4298
6876.85 4.4298
6876.90 4.4298
6876.95 4.4299
6877.00 4.4299
6877.05 4.4299
6877.10 4.4300
6877.15 4.4300
6877.20 4.4300
6877.25 4.4301
6877.30 4.4301
6877.35 4.4302
6877.40 4.4302
6877.45 4.4302
6877.50 4.4303
6877.55 4.4303
6877.60 4.4303
6877.65 4.4304
6877.70 4.4304
6877.75 4.4305
6877.80 4.4305
6877.85 4.4306
6877.90 4.4306
6877.95 4.4306
6878.00 4.4307
6878.05 4.4307
6878.10 4.4308
6878.15 4.4308
6878.20 4.4309
6878.25 4.4309
6878.30 4.4310
6878.35 4.4310
6878.40 4.4311
6878.45 4.4311
6878.50 4.4312
6878.55 4.4312
6878.60 4.4313
6878.65 4.4313
6878.70 4.4314
6878.75 4.4314
6878.80 4.4315
6878.85 4.4315
6878.90 4.4316
6878.95 4.4317
6879.00 4.4317
6879.05 4.4318
6879.10 4.4318
6879.15 4.4319
6879.20 4.4319
6879.25 4.4320
6879.30 4.4320
6879.35 4.4321
6879.40 4.4322
6879.45 4.4322
6879.50 4.4323
6879.55 4.4323
6879.60 4.4324
6879.65 4.4325
6879.70 4.4325
6879.75 4.4326
6879.80 4.4326
6879.85 4.4327
6879.90 4.4328
6879.95 4.4328
6880.00 4.4329
6880.05 4.4329
6880.10 4.4330
6880.15 4.4331
6880.20 4.4331
6880.25 4.4332
6880.30 4.4332
6880.35 4.4333
6880.40 4.4334
6880.45 4.4334
6880.50 4.4335
6880.55 4.4336
6880.60 4.4336
6880.65 4.4337
6880.70 4.4338
6880.75 4.4338
6880.80 4.4339
6880.85 4.4340
6880.90 4.4340
6880.95 4.4341
6881.00 4.4341
6881.05 4.4342
6881.10 4.4343
6881.15 4.4343
6881.20 4.4344
6881.25 4.4345
6881.30 4.4345
6881.35 4.4346
6881.40 4.4347
6881.45 4.4347
6881.50 4.4348
6881.55 4.4349
6881.60 4.4349
6881.65 4.4350
6881.70 4.4351
6881.75 4.4352
6881.80 4.4352
6881.85 4.4353
6881.90 4.4354
6881.95 4.4354
6882.00 4.4355
6882.05 4.4356
6882.10 4.4356
6882.15 4.4357
6882.20 4.4358
6882.25 4.4358
6882.30 4.4359
6882.35 4.4360
6882.40 4.4360
6882.45 4.4361
6882.50 4.4362
6882.55 4.4363
6882.60 4.4363
6882.65 4.4364
6882.70 4.4365
6882.75 4.4365
6882.80 4.4366
6882.85 4.4367
6882.90 4.4367
6882.95 4.4368
6883.00 4.4369
6883.05 4.4370
6883.10 4.4370
6883.15 4.4371
6883.20 4.4372
6883.25 4.4372
6883.30 4.4373
6883.35 4.4374
6883.40 4.4374
6883.45 4.4375
6883.50 4.4376
6883.55 4.4377
6883.60 4.4377
6883.65 4.4378
6883.70 4.4379
6883.75 4.4379
6883.80 4.4380
6883.85 4.4381
6883.90 4.4382
6883.95 4.4382
6884.00 4.4383
6884.05 4.4384
6884.10 4.4384
6884.15 4.4385
6884.20 4.4386
6884.25 4.4387
6884.30 4.4387
6884.35 4.4388
6884.40 4.4389
6884.45 4.4389
6884.50 4.4390
6884.55 4.4391
6884.60 4.4392
6884.65 4.4392
6884.70 4.4393
6884.75 4.4394
6884.80 4.4394
6884.85 4.4395
6884.90 4.4396
6884.95 4.4397
6885.00 4.4397
6885.05 4.4398
6885.10 4.4399
6885.15 4.4399
6885.20 4.4400
6885.25 4.4401
6885.30 4.4402
6885.35 4.4402
6885.40 4.4403
6885.45 4.4404
6885.50 4.4404
6885.55 4.4405
6885.60 4.4406
6885.65 4.4407
6885.70 4.4407
6885.75 4.4408
6885.80 4.4409
6885.85 4.4410
6885.90 4.4410
6885.95 4.4411
6886.00 4.4412
6886.05 4.4412
6886.10 4.4413
6886.15 4.4414
6886.20 4.4415
6886.25 4.4415
6886.30 4.4416
6886.35 4.4417
6886.40 4.4417
6886.45 4.4418
6886.50 4.4419
6886.55 4.4420
6886.60 4.4420
6886.65 4.4421
6886.70 4.4422
6886.75 4.4423
6886.80 4.4423
6886.85 4.4424
6886.90 4.4425
6886.95 4.4425
6887.00 4.4426
6887.05 4.4427
6887.10 4.4428
6887.15 4.4428
6887.20 4.4429
6887.25 4.4430
6887.30 4.4431
6887.35 4.4431
6887.40 4.4432
6887.45 4.4433
6887.50 4.4433
6887.55 4.4434
6887.60 4.4435
6887.65 4.4436
6887.70 4.4436
6887.75 4.4437
6887.80 4.4438
6887.85 4.4438
6887.90 4.4439
6887.95 4.4440
6888.00 4.4441
6888.05 4.4441
6888.10 4.4442
6888.15 4.4443
6888.20 4.4444
6888.25 4.4444
6888.30 4.4445
6888.35 4.4446
6888.40 4.4446
6888.45 4.4447
6888.50 4.4448
6888.55 4.4449
6888.60 4.4449
6888.65 4.4450
6888.70 4.4451
6888.75 4.4452
6888.80 4.4452
6888.85 4.4453
6888.90 4.4454
6888.95 4.4454
6889.00 4.4455
6889.05 4.4456
6889.10 4.4457
6889.15 4.4457
6889.20 4.4458
6889.25 4.4459
6889.30 4.4460
6889.35 4.4460
6889.40 4.4461
6889.45 4.4462
6889.50 4.4462
6889.55 4.4463
6889.60 4.4464
6889.65 4.4465
6889.70 4.4465
6889.75 4.4466
6889.80 4.4467
6889.85 4.4468
6889.90 4.4468
6889.95 4.4469
6890.00 4.4470
6890.05 4.4470
6890.10 4.4471
6890.15 4.4472
6890.20 4.4473
6890.25 4.4473
6890.30 4.4474
6890.35 4.4475
6890.40 4.4476
6890.45 4.4476
6890.50 4.4477
6890.55 4.4478
6890.60 4.4478
6890.65 4.4479
6890.70 4.4480
6890.75 4.4481
6890.80 4.4481
6890.85 4.4482
6890.90 4.4483
6890.95 4.4484
6891.00 4.4484
6891.05 4.4485
6891.10 4.4486
6891.15 4.4486
6891.20 4.4487
6891.25 4.4488
6891.30 4.4489
6891.35 4.4489
6891.40 4.4490
6891.45 4.4491
6891.50 4.4491
6891.55 4.4492
6891.60 4.4493
6891.65 4.4494
6891.70 4.4494
6891.75 4.4495
6891.80 4.4496
6891.85 4.4497
6891.90 4.4497
6891.95 4.4498
6892.00 4.4499
6892.05 4.4499
6892.10 4.4500
6892.15 4.4501
6892.20 4.4502
6892.25 4.4502
6892.30 4.4503
6892.35 4.4504
6892.40 4.4505
6892.45 4.4505
6892.50 4.4506
6892.55 4.4507
6892.60 4.4507
6892.65 4.4508
6892.70 4.4509
6892.75 4.4510
6892.80 4.4510
6892.85 4.4511
6892.90 4.4512
6892.95 4.4513
6893.00 4.4513
6893.05 4.4514
6893.10 4.4515
6893.15 4.4515
6893.20 4.4516
6893.25 4.4517
6893.30 4.4518
6893.35 4.4518
6893.40 4.4519
6893.45 4.4520
6893.50 4.4521
6893.55 4.4521
6893.60 4.4522
6893.65 4.4523
6893.70 4.4523
6893.75 4.4524
6893.80 4.4525
6893.85 4.4526
6893.90 4.4526
6893.95 4.4527
6894.00 4.4528
6894.05 4.4529
6894.10 4.4529
6894.15 4.4530
6894.20 4.4531
6894.25 4.4531
6894.30 4.4532
6894.35 4.4533
6894.40 4.4534
6894.45 4.4534
6894.50 4.4535
6894.55 4.4536
6894.60 4.4536
6894.65 4.4537
6894.70 4.4538
6894.75 4.4539
6894.80 4.4539
6894.85 4.4540
6894.90 4.4541
6894.95 4.4542
6895.00 4.4542
6895.05 4.4543
6895.10 4.4544
6895.15 4.4544
6895.20 4.4545
6895.25 4.4546
6895.30 4.4547
6895.35 4.4547
6895.40 4.4548
6895.45 4.4549
6895.50 4.4550
6895.55 4.4550
6895.60 4.4551
6895.65 4.4552
6895.70 4.4552
6895.75 4.4553
6895.80 4.4554
6895.85 4.4555
6895.90 4.4555
6895.95 4.4556
6896.00 4.4557
6896.05 4.4558
6896.10 4.4558
6896.15 4.4559
6896.20 4.4560
6896.25 4.4560
6896.30 4.4561
6896.35 4.4562
6896.40 4.4563
6896.45 4.4563
6896.50 4.4564
6896.55 4.4565
6896.60 4.4566
6896.65 4.4566
6896.70 4.4567
6896.75 4.4568
6896.80 4.4568
6896.85 4.4569
6896.90 4.4570
6896.95 4.4571
6897.00 4.4571
6897.05 4.4572
6897.10 4.4573
6897.15 4.4574
6897.20 4.4574
6897.25 4.4575
6897.30 4.4576
6897.35 4.4576
6897.40 4.4577
6897.45 4.4578
6897.50 4.4579
6897.55 4.4579
6897.60 4.4580
6897.65 4.4581
6897.70 4.4582
6897.75 4.4582
6897.80 4.4583
6897.85 4.4584
6897.90 4.4584
6897.95 4.4585
6898.00 4.4586
6898.05 4.4587
6898.10 4.4587
6898.15 4.4588
6898.20 4.4589
6898.25 4.4589
6898.30 4.4590
6898.35 4.4591
6898.40 4.4592
6898.45 4.4592
6898.50 4.4593
6898.55 4.4594
6898.60 4.4595
6898.65 4.4595
6898.70 4.4596
6898.75 4.4597
6898.80 4.4597
6898.85 4.4598
6898.90 4.4599
6898.95 4.4600
6899.00 4.4600
6899.05 4.4601
6899.10 4.4602
6899.15 4.4603
6899.20 4.4603
6899.25 4.4604
6899.30 4.4605
6899.35 4.4605
6899.40 4.4606
6899.45 4.4607
6899.50 4.4608
6899.55 4.4608
6899.60 4.4609
6899.65 4.4610
6899.70 4.4610
6899.75 4.4611
6899.80 4.4612
6899.85 4.4613
6899.90 4.4613
6899.95 4.4614
6900.00 4.4615
6900.05 4.4616
6900.10 4.4616
6900.15 4.4617
6900.20 4.4618
6900.25 4.4618
6900.30 4.4619
6900.35 4.4620
6900.40 4.4621
6900.45 4.4621
6900.50 4.4622
6900.55 4.4623
6900.60 4.4623
6900.65 4.4624
6900.70 4.4625
6900.75 4.4626
6900.80 4.4626
6900.85 4.4627
6900.90 4.4628
6900.95 4.4628
6901.00 4.4629
6901.05 4.4630
6901.10 4.4631
6901.15 4.4631
6901.20 4.4632
6901.25 4.4633
6901.30 4.4633
6901.35 4.4634
6901.40 4.4635
6901.45 4.4636
6901.50 4.4636
6901.55 4.4637
6901.60 4.4638
6901.65 4.4638
6901.70 4.4639
6901.75 4.4640
6901.80 4.4641
6901.85 4.4641
6901.90 4.4642
6901.95 4.4643
6902.00 4.4643
6902.05 4.4644
6902.10 4.4645
6902.15 4.4646
6902.20 4.4646
6902.25 4.4647
6902.30 4.4648
6902.35 4.4648
6902.40 4.4649
6902.45 4.4650
6902.50 4.4651
6902.55 4.4651
6902.60 4.4652
6902.65 4.4653
6902.70 4.4653
6902.75 4.4654
6902.80 4.4655
6902.85 4.4655
6902.90 4.4656
6902.95 4.4657
6903.00 4.4658
6903.05 4.4658
6903.10 4.4659
6903.15 4.4660
6903.20 4.4660
6903.25 4.4661
6903.30 4.4662
6903.35 4.4662
6903.40 4.4663
6903.45 4.4664
6903.50 4.4664
6903.55 4.4665
6903.60 4.4666
6903.65 4.4667
6903.70 4.4667
6903.75 4.4668
6903.80 4.4669
6903.85 4.4669
6903.90 4.4670
6903.95 4.4671
6904.00 4.4671
6904.05 4.4672
6904.10 4.4673
6904.15 4.4673
6904.20 4.4674
6904.25 4.4675
6904.30 4.4675
6904.35 4.4676
6904.40 4.4677
6904.45 4.4677
6904.50 4.4678
6904.55 4.4679
6904.60 4.4679
6904.65 4.4680
6904.70 4.4681
6904.75 4.4681
6904.80 4.4682
6904.85 4.4683
6904.90 4.4683
6904.95 4.4684
6905.00 4.4685
6905.05 4.4685
6905.10 4.4686
6905.15 4.4687
6905.20 4.4687
6905.25 4.4688
6905.30 4.4688
6905.35 4.4689
6905.40 4.4690
6905.45 4.4690
6905.50 4.4691
6905.55 4.4692
6905.60 4.4692
6905.65 4.4693
6905.70 4.4694
6905.75 4.4694
6905.80 4.4695
6905.85 4.4695
6905.90 4.4696
6905.95 4.4697
6906.00 4.4697
6906.05 4.4698
6906.10 4.4698
6906.15 4.4699
6906.20 4.4700
6906.25 4.4700
6906.30 4.4701
6906.35 4.4701
6906.40 4.4702
6906.45 4.4703
6906.50 4.4703
6906.55 4.4704
6906.60 4.4704
6906.65 4.4705
6906.70 4.4705
6906.75 4.4706
6906.80 4.4707
6906.85 4.4707
6906.90 4.4708
6906.95 4.4708
6907.00 4.4709
6907.05 4.4709
6907.10 4.4710
6907.15 4.4710
6907.20 4.4711
6907.25 4.4711
6907.30 4.4712
6907.35 4.4712
6907.40 4.4713
6907.45 4.4713
6907.50 4.4714
6907.55 4.4714
6907.60 4.4715
6907.65 4.4715
6907.70 4.4716
6907.75 4.4716
6907.80 4.4717
6907.85 4.4717
6907.90 4.4718
6907.95 4.4718
6908.00 4.4719
6908.05 4.4719
6908.10 4.4720
6908.15 4.4720
6908.20 4.4720
6908.25 4.4721
6908.30 4.4721
6908.35 4.4722
6908.40 4.4722
6908.45 4.4722
6908.50 4.4723
6908.55 4.4723
6908.60 4.4724
6908.65 4.4724
6908.70 4.4724
6908.75 4.4725
6908.80 4.4725
6908.85 4.4725
6908.90 4.4726
6908.95 4.4726
6909.00 4.4726
6909.05 4.4727
6909.10 4.4727
6909.15 4.4727
6909.20 4.4728
6909.25 4.4728
6909.30 4.4728
6909.35 4.4729
6909.40 4.4729
6909.45 4.4729
6909.50 4.4729
6909.55 4.4730
6909.60 4.4730
6909.65 4.4730
6909.70 4.4730
6909.75 4.4730
6909.80 4.4731
6909.85 4.4731
6909.90 4.4731
6909.95 4.4731
6910.00 4.4731
6910.05 4.4731
6910.10 4.4732
6910.15 4.4732
6910.20 4.4732
6910.25 4.4732
6910.30 4.4732
6910.35 4.4732
6910.40 4.4732
6910.45 4.4732
6910.50 4.4732
6910.55 4.4732
6910.60 4.4732
6910.65 4.4733
6910.70 4.4733
6910.75 4.4733
6910.80 4.4733
6910.85 4.4733
6910.90 4.4732
6910.95 4.4732
6911.00 4.4732
6911.05 4.4732
6911.10 4.4732
6911.15 4.4732
6911.20 4.4732
6911.25 4.4732
6911.30 4.4732
6911.35 4.4732
6911.40 4.4732
6911.45 4.4731
6911.50 4.4731
6911.55 4.4731
6911.60 4.4731
6911.65 4.4731
6911.70 4.4730
6911.75 4.4730
6911.80 4.4730
6911.85 4.4730
6911.90 4.4729
6911.95 4.4729
6912.00 4.4729
6912.05 4.4728
6912.10 4.4728
6912.15 4.4728
6912.20 4.4727
6912.25 4.4727
6912.30 4.4727
6912.35 4.4726
6912.40 4.4726
6912.45 4.4725
6912.50 4.4725
6912.55 4.4724
6912.60 4.4724
6912.65 4.4723
6912.70 4.4723
6912.75 4.4722
6912.80 4.4722
6912.85 4.4721
6912.90 4.4721
6912.95 4.4720
6913.00 4.4720
6913.05 4.4719
6913.10 4.4718
6913.15 4.4718
6913.20 4.4717
6913.25 4.4716
6913.30 4.4716
6913.35 4.4715
6913.40 4.4714
6913.45 4.4713
6913.50 4.4713
6913.55 4.4712
6913.60 4.4711
6913.65 4.4710
6913.70 4.4709
6913.75 4.4709
6913.80 4.4708
6913.85 4.4707
6913.90 4.4706
6913.95 4.4705
6914.00 4.4704
6914.05 4.4703
6914.10 4.4702
6914.15 4.4701
6914.20 4.4700
6914.25 4.4699
6914.30 4.4698
6914.35 4.4697
6914.40 4.4696
6914.45 4.4695
6914.50 4.4694
6914.55 4.4693
6914.60 4.4691
6914.65 4.4690
6914.70 4.4689
6914.75 4.4688
6914.80 4.4687
6914.85 4.4685
6914.90 4.4684
6914.95 4.4683
6915.00 4.4682
6915.05 4.4680
6915.10 4.4679
6915.15 4.4678
6915.20 4.4676
6915.25 4.4675
6915.30 4.4673
6915.35 4.4672
6915.40 4.4671
6915.45 4.4669
6915.50 4.4668
6915.55 4.4666
6915.60 4.4665
6915.65 4.4663
6915.70 4.4662
6915.75 4.4660
6915.80 4.4659
6915.85 4.4657
6915.90 4.4655
6915.95 4.4654
6916.00 4.4652
6916.05 4.4651
6916.10 4.4649
6916.15 4.4647
6916.20 4.4645
6916.25 4.4644
6916.30 4.4642
6916.35 4.4640
6916.40 4.4639
6916.45 4.4637
6916.50 4.4635
6916.55 4.4633
6916.60 4.4631
6916.65 4.4630
6916.70 4.4628
6916.75 4.4626
6916.80 4.4624
6916.85 4.4622
6916.90 4.4620
6916.95 4.4618
6917.00 4.4616
6917.05 4.4614
6917.10 4.4612
6917.15 4.4610
6917.20 4.4608
6917.25 4.4606
6917.30 4.4604
6917.35 4.4602
6917.40 4.4600
6917.45 4.4598
6917.50 4.4596
6917.55 4.4594
6917.60 4.4592
6917.65 4.4590
6917.70 4.4588
6917.75 4.4586
6917.80 4.4584
6917.85 4.4582
6917.90 4.4579
6917.95 4.4577
6918.00 4.4575
6918.05 4.4573
6918.10 4.4571
6918.15 4.4569
6918.20 4.4566
6918.25 4.4564
6918.30 4.4562
6918.35 4.4560
6918.40 4.4558
6918.45 4.4555
6918.50 4.4553
6918.55 4.4551
6918.60 4.4549
6918.65 4.4546
6918.70 4.4544
6918.75 4.4542
6918.80 4.4540
6918.85 4.4537
6918.90 4.4535
6918.95 4.4533
6919.00 4.4530
6919.05 4.4528
6919.10 4.4526
6919.15 4.4524
6919.20 4.4521
6919.25 4.4519
6919.30 4.4517
6919.35 4.4514
6919.40 4.4512
6919.45 4.4510
6919.50 4.4508
6919.55 4.4505
6919.60 4.4503
6919.65 4.4501
6919.70 4.4498
6919.75 4.4496
6919.80 4.4494
6919.85 4.4491
6919.90 4.4489
6919.95 4.4487
6920.00 4.4485
6920.05 4.4482
6920.10 4.4480
6920.15 4.4478
6920.20 4.4476
6920.25 4.4473
6920.30 4.4471
6920.35 4.4469
6920.40 4.4467
6920.45 4.4464
6920.50 4.4462
6920.55 4.4460
6920.60 4.4458
6920.65 4.4456
6920.70 4.4453
6920.75 4.4451
6920.80 4.4449
6920.85 4.4447
6920.90 4.4445
6920.95 4.4443
6921.00 4.4441
6921.05 4.4439
6921.10 4.4436
6921.15 4.4434
6921.20 4.4432
6921.25 4.4430
6921.30 4.4428
6921.35 4.4426
6921.40 4.4424
6921.45 4.4422
6921.50 4.4420
6921.55 4.4418
6921.60 4.4416
6921.65 4.4414
6921.70 4.4412
6921.75 4.4411
6921.80 4.4409
6921.85 4.4407
6921.90 4.4405
6921.95 4.4403
6922.00 4.4401
6922.05 4.4400
6922.10 4.4398
6922.15 4.4396
6922.20 4.4394
6922.25 4.4393
6922.30 4.4391
6922.35 4.4389
6922.40 4.4388
6922.45 4.4386
6922.50 4.4385
6922.55 4.4383
6922.60 4.4381
6922.65 4.4380
6922.70 4.4378
6922.75 4.4377
6922.80 4.4375
6922.85 4.4374
6922.90 4.4373
6922.95 4.4371
6923.00 4.4370
6923.05 4.4369
6923.10 4.4367
6923.15 4.4366
6923.20 4.4365
6923.25 4.4364
6923.30 4.4362
6923.35 4.4361
6923.40 4.4360
6923.45 4.4359
6923.50 4.4358
6923.55 4.4357
6923.60 4.4356
6923.65 4.4355
6923.70 4.4354
6923.75 4.4353
6923.80 4.4352
6923.85 4.4351
6923.90 4.4350
6923.95 4.4350
6924.00 4.4349
6924.05 4.4348
6924.10 4.4347
6924.15 4.4347
6924.20 4.4346
6924.25 4.4345
6924.30 4.4345
6924.35 4.4344
6924.40 4.4344
6924.45 4.4343
6924.50 4.4343
6924.55 4.4342
6924.60 4.4342
6924.65 4.4341
6924.70 4.4341
6924.75 4.4341
6924.80 4.4340
6924.85 4.4340
6924.90 4.4340
6924.95 4.4340
6925.00 4.4339
6925.05 4.4339
6925.10 4.4339
6925.15 4.4339
6925.20 4.4339
