4450.50 15.9769
4450.55 15.9788
4450.60 15.9807
4450.65 15.9826
4450.70 15.9845
4450.75 15.9864
4450.80 15.9882
4450.85 15.9901
4450.90 15.9919
4450.95 15.9937
4451.00 15.9956
4451.05 15.9974
4451.10 15.9992
4451.15 16.0009
4451.20 16.0027
4451.25 16.0045
4451.30 16.0062
4451.35 16.0080
4451.40 16.0097
4451.45 16.0115
4451.50 16.0132
4451.55 16.0149
4451.60 16.0166
4451.65 16.0183
4451.70 16.0200
4451.75 16.0216
4451.80 16.0233
4451.85 16.0249
4451.90 16.0266
4451.95 16.0282
4452.00 16.0298
4452.05 16.0314
4452.10 16.0330
4452.15 16.0346
4452.20 16.0362
4452.25 16.0378
4452.30 16.0393
4452.35 16.0409
4452.40 16.0424
4452.45 16.0439
4452.50 16.0455
4452.55 16.0470
4452.60 16.0485
4452.65 16.0500
4452.70 16.0515
4452.75 16.0529
4452.80 16.0544
4452.85 16.0559
4452.90 16.0573
4452.95 16.0587
4453.00 16.0602
4453.05 16.0616
4453.10 16.0630
4453.15 16.0644
4453.20 16.0658
4453.25 16.0672
4453.30 16.0685
4453.35 16.0699
4453.40 16.0713
4453.45 16.0726
4453.50 16.0739
4453.55 16.0753
4453.60 16.0766
4453.65 16.0779
4453.70 16.0792
4453.75 16.0805
4453.80 16.0818
4453.85 16.0830
4453.90 16.0843
4453.95 16.0856
4454.00 16.0868
4454.05 16.0880
4454.10 16.0893
4454.15 16.0905
4454.20 16.0917
4454.25 16.0929
4454.30 16.0941
4454.35 16.0953
4454.40 16.0964
4454.45 16.0976
4454.50 16.0988
4454.55 16.0999
4454.60 16.1011
4454.65 16.1022
4454.70 16.1033
4454.75 16.1044
4454.80 16.1055
4454.85 16.1066
4454.90 16.1077
4454.95 16.1088
4455.00 16.1099
4455.05 16.1109
4455.10 16.1120
4455.15 16.1130
4455.20 16.1141
4455.25 16.1151
4455.30 16.1161
4455.35 16.1171
4455.40 16.1181
4455.45 16.1191
4455.50 16.1201
4455.55 16.1211
4455.60 16.1221
4455.65 16.1230
4455.70 16.1240
4455.75 16.1249
4455.80 16.1259
4455.85 16.1268
4455.90 16.1277
4455.95 16.1286
4456.00 16.1296
4456.05 16.1305
4456.10 16.1313
4456.15 16.1322
4456.20 16.1331
4456.25 16.1340
4456.30 16.1348
4456.35 16.1357
4456.40 16.1365
4456.45 16.1373
4456.50 16.1382
4456.55 16.1390
4456.60 16.1398
4456.65 16.1406
4456.70 16.1414
4456.75 16.1422
4456.80 16.1430
4456.85 16.1437
4456.90 16.1445
4456.95 16.1453
4457.00 16.1460
4457.05 16.1467
4457.10 16.1475
4457.15 16.1482
4457.20 16.1489
4457.25 16.1496
4457.30 16.1503
4457.35 16.1510
4457.40 16.1517
4457.45 16.1524
4457.50 16.1531
4457.55 16.1537
4457.60 16.1544
4457.65 16.1550
4457.70 16.1557
4457.75 16.1563
4457.80 16.1569
4457.85 16.1576
4457.90 16.1582
4457.95 16.1588
4458.00 16.1594
4458.05 16.1600
4458.10 16.1606
4458.15 16.1611
4458.20 16.1617
4458.25 16.1623
4458.30 16.1628
4458.35 16.1634
4458.40 16.1639
4458.45 16.1644
4458.50 16.1650
4458.55 16.1655
4458.60 16.1660
4458.65 16.1665
4458.70 16.1670
4458.75 16.1675
4458.80 16.1680
4458.85 16.1685
4458.90 16.1689
4458.95 16.1694
4459.00 16.1699
4459.05 16.1703
4459.10 16.1707
4459.15 16.1712
4459.20 16.1716
4459.25 16.1720
4459.30 16.1724
4459.35 16.1729
4459.40 16.1733
4459.45 16.1737
4459.50 16.1740
4459.55 16.1744
4459.60 16.1748
4459.65 16.1752
4459.70 16.1755
4459.75 16.1759
4459.80 16.1762
4459.85 16.1766
4459.90 16.1769
4459.95 16.1772
4460.00 16.1776
4460.05 16.1779
4460.10 16.1782
4460.15 16.1785
4460.20 16.1788
4460.25 16.1791
4460.30 16.1794
4460.35 16.1796
4460.40 16.1799
4460.45 16.1802
4460.50 16.1804
4460.55 16.1807
4460.60 16.1809
4460.65 16.1812
4460.70 16.1814
4460.75 16.1816
4460.80 16.1818
4460.85 16.1820
4460.90 16.1823
4460.95 16.1825
4461.00 16.1827
4461.05 16.1828
4461.10 16.1830
4461.15 16.1832
4461.20 16.1834
4461.25 16.1835
4461.30 16.1837
4461.35 16.1838
4461.40 16.1840
4461.45 16.1841
4461.50 16.1843
4461.55 16.1844
4461.60 16.1845
4461.65 16.1846
4461.70 16.1847
4461.75 16.1848
4461.80 16.1849
4461.85 16.1850
4461.90 16.1851
4461.95 16.1852
4462.00 16.1853
4462.05 16.1853
4462.10 16.1854
4462.15 16.1855
4462.20 16.1855
4462.25 16.1856
4462.30 16.1856
4462.35 16.1856
4462.40 16.1857
4462.45 16.1857
4462.50 16.1857
4462.55 16.1857
4462.60 16.1857
4462.65 16.1857
4462.70 16.1857
4462.75 16.1857
4462.80 16.1857
4462.85 16.1857
4462.90 16.1856
4462.95 16.1856
4463.00 16.1856
4463.05 16.1855
4463.10 16.1855
4463.15 16.1854
4463.20 16.1854
4463.25 16.1853
4463.30 16.1852
4463.35 16.1851
4463.40 16.1851
4463.45 16.1850
4463.50 16.1849
4463.55 16.1848
4463.60 16.1847
4463.65 16.1846
4463.70 16.1845
4463.75 16.1843
4463.80 16.1842
4463.85 16.1841
4463.90 16.1840
4463.95 16.1838
4464.00 16.1837
4464.05 16.1835
4464.10 16.1834
4464.15 16.1832
4464.20 16.1830
4464.25 16.1829
4464.30 16.1827
4464.35 16.1825
4464.40 16.1823
4464.45 16.1821
4464.50 16.1819
4464.55 16.1817
4464.60 16.1815
4464.65 16.1813
4464.70 16.1811
4464.75 16.1809
4464.80 16.1807
4464.85 16.1804
4464.90 16.1802
4464.95 16.1800
4465.00 16.1797
4465.05 16.1795
4465.10 16.1792
4465.15 16.1790
4465.20 16.1787
4465.25 16.1784
4465.30 16.1782
4465.35 16.1779
4465.40 16.1776
4465.45 16.1773
4465.50 16.1770
4465.55 16.1767
4465.60 16.1764
4465.65 16.1761
4465.70 16.1758
4465.75 16.1755
4465.80 16.1752
4465.85 16.1748
4465.90 16.1745
4465.95 16.1742
4466.00 16.1738
4466.05 16.1735
4466.10 16.1732
4466.15 16.1728
4466.20 16.1725
4466.25 16.1721
4466.30 16.1717
4466.35 16.1714
4466.40 16.1710
4466.45 16.1706
4466.50 16.1702
4466.55 16.1698
4466.60 16.1695
4466.65 16.1691
4466.70 16.1687
4466.75 16.1683
4466.80 16.1678
4466.85 16.1674
4466.90 16.1670
4466.95 16.1666
4467.00 16.1662
4467.05 16.1657
4467.10 16.1653
4467.15 16.1649
4467.20 16.1644
4467.25 16.1640
4467.30 16.1635
4467.35 16.1631
4467.40 16.1626
4467.45 16.1622
4467.50 16.1617
4467.55 16.1612
4467.60 16.1608
4467.65 16.1603
4467.70 16.1598
4467.75 16.1593
4467.80 16.1588
4467.85 16.1583
4467.90 16.1578
4467.95 16.1573
4468.00 16.1568
4468.05 16.1563
4468.10 16.1558
4468.15 16.1553
4468.20 16.1548
4468.25 16.1542
4468.30 16.1537
4468.35 16.1532
4468.40 16.1526
4468.45 16.1521
4468.50 16.1516
4468.55 16.1510
4468.60 16.1505
4468.65 16.1499
4468.70 16.1493
4468.75 16.1488
4468.80 16.1482
4468.85 16.1476
4468.90 16.1471
4468.95 16.1465
4469.00 16.1459
4469.05 16.1453
4469.10 16.1447
4469.15 16.1442
4469.20 16.1436
4469.25 16.1430
4469.30 16.1424
4469.35 16.1418
4469.40 16.1411
4469.45 16.1405
4469.50 16.1399
4469.55 16.1393
4469.60 16.1387
4469.65 16.1381
4469.70 16.1374
4469.75 16.1368
4469.80 16.1362
4469.85 16.1355
4469.90 16.1349
4469.95 16.1342
4470.00 16.1336
4470.05 16.1329
4470.10 16.1323
4470.15 16.1316
4470.20 16.1309
4470.25 16.1303
4470.30 16.1296
4470.35 16.1289
4470.40 16.1283
4470.45 16.1276
4470.50 16.1269
4470.55 16.1262
4470.60 16.1255
4470.65 16.1248
4470.70 16.1241
4470.75 16.1234
4470.80 16.1227
4470.85 16.1220
4470.90 16.1213
4470.95 16.1206
4471.00 16.1199
4471.05 16.1192
4471.10 16.1185
4471.15 16.1177
4471.20 16.1170
4471.25 16.1163
4471.30 16.1156
4471.35 16.1148
4471.40 16.1141
4471.45 16.1133
4471.50 16.1126
4471.55 16.1119
4471.60 16.1111
4471.65 16.1104
4471.70 16.1096
4471.75 16.1088
4471.80 16.1081
4471.85 16.1073
4471.90 16.1065
4471.95 16.1058
4472.00 16.1050
4472.05 16.1042
4472.10 16.1035
4472.15 16.1027
4472.20 16.1019
4472.25 16.1011
4472.30 16.1003
4472.35 16.0995
4472.40 16.0987
4472.45 16.0979
4472.50 16.0971
4472.55 16.0963
4472.60 16.0955
4472.65 16.0947
4472.70 16.0939
4472.75 16.0931
4472.80 16.0923
4472.85 16.0915
4472.90 16.0906
4472.95 16.0898
4473.00 16.0890
4473.05 16.0882
4473.10 16.0873
4473.15 16.0865
4473.20 16.0857
4473.25 16.0848
4473.30 16.0840
4473.35 16.0832
4473.40 16.0823
4473.45 16.0815
4473.50 16.0806
4473.55 16.0798
4473.60 16.0789
4473.65 16.0780
4473.70 16.0772
4473.75 16.0763
4473.80 16.0755
4473.85 16.0746
4473.90 16.0737
4473.95 16.0729
4474.00 16.0720
4474.05 16.0711
4474.10 16.0702
4474.15 16.0693
4474.20 16.0685
4474.25 16.0676
4474.30 16.0667
4474.35 16.0658
4474.40 16.0649
4474.45 16.0640
4474.50 16.0631
4474.55 16.0622
4474.60 16.0613
4474.65 16.0604
4474.70 16.0595
4474.75 16.0586
4474.80 16.0577
4474.85 16.0568
4474.90 16.0559
4474.95 16.0550
4475.00 16.0540
4475.05 16.0531
4475.10 16.0522
4475.15 16.0513
4475.20 16.0504
4475.25 16.0494
4475.30 16.0485
4475.35 16.0476
4475.40 16.0466
4475.45 16.0457
4475.50 16.0448
4475.55 16.0438
4475.60 16.0429
4475.65 16.0419
4475.70 16.0410
4475.75 16.0400
4475.80 16.0391
4475.85 16.0382
4475.90 16.0372
4475.95 16.0362
4476.00 16.0353
4476.05 16.0343
4476.10 16.0334
4476.15 16.0324
4476.20 16.0314
4476.25 16.0305
4476.30 16.0295
4476.35 16.0285
4476.40 16.0276
4476.45 16.0266
4476.50 16.0256
4476.55 16.0247
4476.60 16.0237
4476.65 16.0227
4476.70 16.0217
4476.75 16.0207
4476.80 16.0198
4476.85 16.0188
4476.90 16.0178
4476.95 16.0168
4477.00 16.0158
4477.05 16.0148
4477.10 16.0138
4477.15 16.0128
4477.20 16.0118
4477.25 16.0108
4477.30 16.0098
4477.35 16.0088
4477.40 16.0078
4477.45 16.0068
4477.50 16.0058
4477.55 16.0048
4477.60 16.0038
4477.65 16.0028
4477.70 16.0018
4477.75 16.0008
4477.80 15.9997
4477.85 15.9987
4477.90 15.9977
4477.95 15.9967
4478.00 15.9957
4478.05 15.9947
4478.10 15.9936
4478.15 15.9926
4478.20 15.9916
4478.25 15.9906
4478.30 15.9895
4478.35 15.9885
4478.40 15.9875
4478.45 15.9864
4478.50 15.9854
4478.55 15.9844
4478.60 15.9833
4478.65 15.9823
4478.70 15.9812
4478.75 15.9802
4478.80 15.9792
4478.85 15.9781
4478.90 15.9771
4478.95 15.9760
4479.00 15.9750
4479.05 15.9739
4479.10 15.9729
4479.15 15.9718
4479.20 15.9708
4479.25 15.9697
4479.30 15.9687
4479.35 15.9676
4479.40 15.9666
4479.45 15.9655
4479.50 15.9645
4479.55 15.9634
4479.60 15.9623
4479.65 15.9613
4479.70 15.9602
4479.75 15.9592
4479.80 15.9581
4479.85 15.9570
4479.90 15.9560
4479.95 15.9549
4480.00 15.9538
4480.05 15.9527
4480.10 15.9517
4480.15 15.9506
4480.20 15.9495
4480.25 15.9485
4480.30 15.9474
4480.35 15.9463
4480.40 15.9452
4480.45 15.9442
4480.50 15.9431
4480.55 15.9420
4480.60 15.9409
4480.65 15.9398
4480.70 15.9388
4480.75 15.9377
4480.80 15.9366
4480.85 15.9355
4480.90 15.9344
4480.95 15.9333
4481.00 15.9322
4481.05 15.9312
4481.10 15.9301
4481.15 15.9290
4481.20 15.9279
4481.25 15.9268
4481.30 15.9257
4481.35 15.9246
4481.40 15.9235
4481.45 15.9224
4481.50 15.9213
4481.55 15.9202
4481.60 15.9191
4481.65 15.9180
4481.70 15.9169
4481.75 15.9158
4481.80 15.9147
4481.85 15.9136
4481.90 15.9125
4481.95 15.9114
4482.00 15.9103
4482.05 15.9092
4482.10 15.9081
4482.15 15.9070
4482.20 15.9059
4482.25 15.9048
4482.30 15.9037
4482.35 15.9026
4482.40 15.9015
4482.45 15.9004
4482.50 15.8993
4482.55 15.8982
4482.60 15.8971
4482.65 15.8960
4482.70 15.8949
4482.75 15.8937
4482.80 15.8926
4482.85 15.8915
4482.90 15.8904
4482.95 15.8893
4483.00 15.8882
4483.05 15.8871
4483.10 15.8860
4483.15 15.8848
4483.20 15.8837
4483.25 15.8826
4483.30 15.8815
4483.35 15.8804
4483.40 15.8793
4483.45 15.8781
4483.50 15.8770
4483.55 15.8759
4483.60 15.8748
4483.65 15.8737
4483.70 15.8725
4483.75 15.8714
4483.80 15.8703
4483.85 15.8692
4483.90 15.8681
4483.95 15.8669
4484.00 15.8658
4484.05 15.8647
4484.10 15.8636
4484.15 15.8625
4484.20 15.8613
4484.25 15.8602
4484.30 15.8591
4484.35 15.8580
4484.40 15.8568
4484.45 15.8557
4484.50 15.8546
4484.55 15.8535
4484.60 15.8523
4484.65 15.8512
4484.70 15.8501
4484.75 15.8490
4484.80 15.8478
4484.85 15.8467
4484.90 15.8456
4484.95 15.8445
4485.00 15.8433
4485.05 15.8422
4485.10 15.8411
4485.15 15.8399
4485.20 15.8388
4485.25 15.8377
4485.30 15.8366
4485.35 15.8354
4485.40 15.8343
4485.45 15.8332
4485.50 15.8320
4485.55 15.8309
4485.60 15.8298
4485.65 15.8287
4485.70 15.8275
4485.75 15.8264
4485.80 15.8253
4485.85 15.8241
4485.90 15.8230
4485.95 15.8219
4486.00 15.8208
4486.05 15.8196
4486.10 15.8185
4486.15 15.8174
4486.20 15.8162
4486.25 15.8151
4486.30 15.8140
4486.35 15.8128
4486.40 15.8117
4486.45 15.8106
4486.50 15.8095
4486.55 15.8083
4486.60 15.8072
4486.65 15.8061
4486.70 15.8049
4486.75 15.8038
4486.80 15.8027
4486.85 15.8015
4486.90 15.8004
4486.95 15.7993
4487.00 15.7982
4487.05 15.7970
4487.10 15.7959
4487.15 15.7948
4487.20 15.7936
4487.25 15.7925
4487.30 15.7914
4487.35 15.7902
4487.40 15.7891
4487.45 15.7880
4487.50 15.7869
4487.55 15.7857
4487.60 15.7846
4487.65 15.7835
4487.70 15.7824
4487.75 15.7812
4487.80 15.7801
4487.85 15.7790
4487.90 15.7778
4487.95 15.7767
4488.00 15.7756
4488.05 15.7745
4488.10 15.7733
4488.15 15.7722
4488.20 15.7711
4488.25 15.7700
4488.30 15.7688
4488.35 15.7677
4488.40 15.7666
4488.45 15.7655
4488.50 15.7643
4488.55 15.7632
4488.60 15.7621
4488.65 15.7610
4488.70 15.7598
4488.75 15.7587
4488.80 15.7576
4488.85 15.7565
4488.90 15.7553
4488.95 15.7542
4489.00 15.7531
4489.05 15.7520
4489.10 15.7509
4489.15 15.7497
4489.20 15.7486
4489.25 15.7475
4489.30 15.7464
4489.35 15.7452
4489.40 15.7441
4489.45 15.7430
4489.50 15.7419
4489.55 15.7408
4489.60 15.7397
4489.65 15.7385
4489.70 15.7374
4489.75 15.7363
4489.80 15.7352
4489.85 15.7341
4489.90 15.7330
4489.95 15.7318
4490.00 15.7307
4490.05 15.7296
4490.10 15.7285
4490.15 15.7274
4490.20 15.7263
4490.25 15.7252
4490.30 15.7240
4490.35 15.7229
4490.40 15.7218
4490.45 15.7207
4490.50 15.7196
4490.55 15.7185
4490.60 15.7174
4490.65 15.7163
4490.70 15.7152
4490.75 15.7140
4490.80 15.7129
4490.85 15.7118
4490.90 15.7107
4490.95 15.7096
4491.00 15.7085
4491.05 15.7074
4491.10 15.7063
4491.15 15.7052
4491.20 15.7041
4491.25 15.7030
4491.30 15.7019
4491.35 15.7008
4491.40 15.6997
4491.45 15.6986
4491.50 15.6975
4491.55 15.6964
4491.60 15.6953
4491.65 15.6942
4491.70 15.6931
4491.75 15.6920
4491.80 15.6909
4491.85 15.6898
4491.90 15.6887
4491.95 15.6876
4492.00 15.6865
4492.05 15.6854
4492.10 15.6843
4492.15 15.6832
4492.20 15.6821
4492.25 15.6810
4492.30 15.6799
4492.35 15.6788
4492.40 15.6777
4492.45 15.6767
4492.50 15.6756
4492.55 15.6745
4492.60 15.6734
4492.65 15.6723
4492.70 15.6712
4492.75 15.6701
4492.80 15.6690
4492.85 15.6680
4492.90 15.6669
4492.95 15.6658
4493.00 15.6647
4493.05 15.6636
4493.10 15.6625
4493.15 15.6615
4493.20 15.6604
4493.25 15.6593
4493.30 15.6582
4493.35 15.6571
4493.40 15.6561
4493.45 15.6550
4493.50 15.6539
4493.55 15.6528
4493.60 15.6517
4493.65 15.6507
4493.70 15.6496
4493.75 15.6485
4493.80 15.6474
4493.85 15.6464
4493.90 15.6453
4493.95 15.6442
4494.00 15.6432
4494.05 15.6421
4494.10 15.6410
4494.15 15.6400
4494.20 15.6389
4494.25 15.6378
4494.30 15.6368
4494.35 15.6357
4494.40 15.6346
4494.45 15.6336
4494.50 15.6325
4494.55 15.6314
4494.60 15.6304
4494.65 15.6293
4494.70 15.6283
4494.75 15.6272
4494.80 15.6261
4494.85 15.6251
4494.90 15.6240
4494.95 15.6230
4495.00 15.6219
4495.05 15.6209
4495.10 15.6198
4495.15 15.6188
4495.20 15.6177
4495.25 15.6166
4495.30 15.6156
4495.35 15.6145
4495.40 15.6135
4495.45 15.6125
4495.50 15.6114
4495.55 15.6104
4495.60 15.6093
4495.65 15.6083
4495.70 15.6072
4495.75 15.6062
4495.80 15.6051
4495.85 15.6041
4495.90 15.6030
4495.95 15.6020
4496.00 15.6010
4496.05 15.5999
4496.10 15.5989
4496.15 15.5979
4496.20 15.5968
4496.25 15.5958
4496.30 15.5947
4496.35 15.5937
4496.40 15.5927
4496.45 15.5916
4496.50 15.5906
4496.55 15.5896
4496.60 15.5886
4496.65 15.5875
4496.70 15.5865
4496.75 15.5855
4496.80 15.5844
4496.85 15.5834
4496.90 15.5824
4496.95 15.5814
4497.00 15.5803
4497.05 15.5793
4497.10 15.5783
4497.15 15.5773
4497.20 15.5763
4497.25 15.5752
4497.30 15.5742
4497.35 15.5732
4497.40 15.5722
4497.45 15.5712
4497.50 15.5702
4497.55 15.5691
4497.60 15.5681
4497.65 15.5671
4497.70 15.5661
4497.75 15.5651
4497.80 15.5641
4497.85 15.5631
4497.90 15.5621
4497.95 15.5611
4498.00 15.5601
4498.05 15.5591
4498.10 15.5581
4498.15 15.5571
4498.20 15.5560
4498.25 15.5550
4498.30 15.5540
4498.35 15.5530
4498.40 15.5520
4498.45 15.5510
4498.50 15.5501
4498.55 15.5491
4498.60 15.5481
4498.65 15.5471
4498.70 15.5461
4498.75 15.5451
4498.80 15.5441
4498.85 15.5431
4498.90 15.5421
4498.95 15.5411
4499.00 15.5401
4499.05 15.5391
4499.10 15.5382
4499.15 15.5372
4499.20 15.5362
4499.25 15.5352
4499.30 15.5342
4499.35 15.5332
4499.40 15.5323
4499.45 15.5313
4499.50 15.5303
4499.55 15.5293
4499.60 15.5283
4499.65 15.5274
4499.70 15.5264
4499.75 15.5254
4499.80 15.5244
4499.85 15.5235
4499.90 15.5225
4499.95 15.5215
4500.00 15.5205
4500.05 15.5196
4500.10 15.5186
4500.15 15.5176
4500.20 15.5167
4500.25 15.5157
4500.30 15.5147
4500.35 15.5138
4500.40 15.5128
4500.45 15.5119
4500.50 15.5109
4500.55 15.5099
4500.60 15.5090
4500.65 15.5080
4500.70 15.5071
4500.75 15.5061
4500.80 15.5051
4500.85 15.5042
4500.90 15.5032
4500.95 15.5023
4501.00 15.5013
4501.05 15.5004
4501.10 15.4994
4501.15 15.4985
4501.20 15.4975
4501.25 15.4966
4501.30 15.4956
4501.35 15.4947
4501.40 15.4937
4501.45 15.4928
4501.50 15.4919
4501.55 15.4909
4501.60 15.4900
4501.65 15.4890
4501.70 15.4881
4501.75 15.4872
4501.80 15.4862
4501.85 15.4853
4501.90 15.4843
4501.95 15.4834
4502.00 15.4825
4502.05 15.4815
4502.10 15.4806
4502.15 15.4797
4502.20 15.4787
4502.25 15.4778
4502.30 15.4769
4502.35 15.4760
4502.40 15.4750
4502.45 15.4741
4502.50 15.4732
4502.55 15.4723
4502.60 15.4713
4502.65 15.4704
4502.70 15.4695
4502.75 15.4686
4502.80 15.4676
4502.85 15.4667
4502.90 15.4658
4502.95 15.4649
4503.00 15.4640
4503.05 15.4631
4503.10 15.4621
4503.15 15.4612
4503.20 15.4603
4503.25 15.4594
4503.30 15.4585
4503.35 15.4576
4503.40 15.4567
4503.45 15.4558
4503.50 15.4549
4503.55 15.4539
4503.60 15.4530
4503.65 15.4521
4503.70 15.4512
4503.75 15.4503
4503.80 15.4494
4503.85 15.4485
4503.90 15.4476
4503.95 15.4467
4504.00 15.4458
4504.05 15.4449
4504.10 15.4440
4504.15 15.4431
4504.20 15.4422
4504.25 15.4413
4504.30 15.4404
4504.35 15.4396
4504.40 15.4387
4504.45 15.4378
4504.50 15.4369
4504.55 15.4360
4504.60 15.4351
4504.65 15.4342
4504.70 15.4333
4504.75 15.4324
4504.80 15.4315
4504.85 15.4307
4504.90 15.4298
4504.95 15.4289
4505.00 15.4280
4505.05 15.4271
4505.10 15.4262
4505.15 15.4254
4505.20 15.4245
4505.25 15.4236
4505.30 15.4227
4505.35 15.4219
4505.40 15.4210
4505.45 15.4201
4505.50 15.4192
4505.55 15.4184
4505.60 15.4175
4505.65 15.4166
4505.70 15.4157
4505.75 15.4149
4505.80 15.4140
4505.85 15.4131
4505.90 15.4123
4505.95 15.4114
4506.00 15.4105
4506.05 15.4097
4506.10 15.4088
4506.15 15.4079
4506.20 15.4071
4506.25 15.4062
4506.30 15.4053
4506.35 15.4045
4506.40 15.4036
4506.45 15.4028
4506.50 15.4019
4506.55 15.4010
4506.60 15.4002
4506.65 15.3993
4506.70 15.3985
4506.75 15.3976
4506.80 15.3968
4506.85 15.3959
4506.90 15.3951
4506.95 15.3942
4507.00 15.3933
4507.05 15.3925
4507.10 15.3916
4507.15 15.3908
4507.20 15.3899
4507.25 15.3891
4507.30 15.3883
4507.35 15.3874
4507.40 15.3866
4507.45 15.3857
4507.50 15.3849
4507.55 15.3840
4507.60 15.3832
4507.65 15.3823
4507.70 15.3815
4507.75 15.3807
4507.80 15.3798
4507.85 15.3790
4507.90 15.3781
4507.95 15.3773
4508.00 15.3765
4508.05 15.3756
4508.10 15.3748
4508.15 15.3739
4508.20 15.3731
4508.25 15.3723
4508.30 15.3714
4508.35 15.3706
4508.40 15.3698
4508.45 15.3689
4508.50 15.3681
4508.55 15.3673
4508.60 15.3665
4508.65 15.3656
4508.70 15.3648
4508.75 15.3640
4508.80 15.3631
4508.85 15.3623
4508.90 15.3615
4508.95 15.3607
4509.00 15.3598
4509.05 15.3590
4509.10 15.3582
4509.15 15.3574
4509.20 15.3565
4509.25 15.3557
4509.30 15.3549
4509.35 15.3541
4509.40 15.3532
4509.45 15.3524
4509.50 15.3516
4509.55 15.3508
4509.60 15.3500
4509.65 15.3491
4509.70 15.3483
4509.75 15.3475
4509.80 15.3467
4509.85 15.3459
4509.90 15.3451
4509.95 15.3442
4510.00 15.3434
4510.05 15.3426
4510.10 15.3418
4510.15 15.3410
4510.20 15.3402
4510.25 15.3394
4510.30 15.3386
4510.35 15.3377
4510.40 15.3369
4510.45 15.3361
4510.50 15.3353
4510.55 15.3345
4510.60 15.3337
4510.65 15.3329
4510.70 15.3321
4510.75 15.3313
4510.80 15.3305
4510.85 15.3297
4510.90 15.3288
4510.95 15.3280
4511.00 15.3272
4511.05 15.3264
4511.10 15.3256
4511.15 15.3248
4511.20 15.3240
4511.25 15.3232
4511.30 15.3224
4511.35 15.3216
4511.40 15.3208
4511.45 15.3200
4511.50 15.3192
4511.55 15.3184
4511.60 15.3176
4511.65 15.3168
4511.70 15.3160
4511.75 15.3152
4511.80 15.3144
4511.85 15.3136
4511.90 15.3128
4511.95 15.3120
4512.00 15.3112
4512.05 15.3104
4512.10 15.3096
4512.15 15.3088
4512.20 15.3080
4512.25 15.3072
4512.30 15.3064
4512.35 15.3056
4512.40 15.3048
4512.45 15.3040
4512.50 15.3032
4512.55 15.3024
4512.60 15.3016
4512.65 15.3008
4512.70 15.3001
4512.75 15.2993
4512.80 15.2985
4512.85 15.2977
4512.90 15.2969
4512.95 15.2961
4513.00 15.2953
4513.05 15.2945
4513.10 15.2937
4513.15 15.2929
4513.20 15.2921
4513.25 15.2913
4513.30 15.2905
4513.35 15.2897
4513.40 15.2890
4513.45 15.2882
4513.50 15.2874
4513.55 15.2866
4513.60 15.2858
4513.65 15.2850
4513.70 15.2842
4513.75 15.2834
4513.80 15.2826
4513.85 15.2818
4513.90 15.2810
4513.95 15.2803
4514.00 15.2795
4514.05 15.2787
4514.10 15.2779
4514.15 15.2771
4514.20 15.2763
4514.25 15.2755
4514.30 15.2747
4514.35 15.2739
4514.40 15.2731
4514.45 15.2724
4514.50 15.2716
4514.55 15.2708
4514.60 15.2700
4514.65 15.2692
4514.70 15.2684
4514.75 15.2676
4514.80 15.2668
4514.85 15.2660
4514.90 15.2652
4514.95 15.2645
4515.00 15.2637
4515.05 15.2629
4515.10 15.2621
4515.15 15.2613
4515.20 15.2605
4515.25 15.2597
4515.30 15.2589
4515.35 15.2581
4515.40 15.2574
4515.45 15.2566
4515.50 15.2558
4515.55 15.2550
4515.60 15.2542
4515.65 15.2534
4515.70 15.2526
4515.75 15.2518
4515.80 15.2510
4515.85 15.2502
4515.90 15.2494
4515.95 15.2487
4516.00 15.2479
4516.05 15.2471
4516.10 15.2463
4516.15 15.2455
4516.20 15.2447
4516.25 15.2439
4516.30 15.2431
4516.35 15.2423
4516.40 15.2415
4516.45 15.2407
4516.50 15.2399
4516.55 15.2391
4516.60 15.2383
4516.65 15.2376
4516.70 15.2368
4516.75 15.2360
4516.80 15.2352
4516.85 15.2344
4516.90 15.2336
4516.95 15.2328
4517.00 15.2320
4517.05 15.2312
4517.10 15.2304
4517.15 15.2296
4517.20 15.2288
4517.25 15.2280
4517.30 15.2272
4517.35 15.2264
4517.40 15.2256
4517.45 15.2248
4517.50 15.2240
4517.55 15.2232
4517.60 15.2224
4517.65 15.2216
4517.70 15.2208
4517.75 15.2200
4517.80 15.2192
4517.85 15.2184
4517.90 15.2176
4517.95 15.2168
4518.00 15.2160
4518.05 15.2152
4518.10 15.2144
4518.15 15.2136
4518.20 15.2128
4518.25 15.2119
4518.30 15.2111
4518.35 15.2103
4518.40 15.2095
4518.45 15.2087
4518.50 15.2079
4518.55 15.2071
4518.60 15.2063
4518.65 15.2055
4518.70 15.2047
4518.75 15.2039
4518.80 15.2030
4518.85 15.2022
4518.90 15.2014
4518.95 15.2006
4519.00 15.1998
4519.05 15.1990
4519.10 15.1982
4519.15 15.1973
4519.20 15.1965
4519.25 15.1957
4519.30 15.1949
4519.35 15.1941
4519.40 15.1932
4519.45 15.1924
4519.50 15.1916
4519.55 15.1908
4519.60 15.1900
4519.65 15.1891
4519.70 15.1883
4519.75 15.1875
4519.80 15.1867
4519.85 15.1858
4519.90 15.1850
4519.95 15.1842
4520.00 15.1833
4520.05 15.1825
4520.10 15.1817
4520.15 15.1808
4520.20 15.1800
4520.25 15.1792
4520.30 15.1783
4520.35 15.1775
4520.40 15.1767
4520.45 15.1758
4520.50 15.1750
4520.55 15.1742
4520.60 15.1733
4520.65 15.1725
4520.70 15.1716
4520.75 15.1708
4520.80 15.1700
4520.85 15.1691
4520.90 15.1683
4520.95 15.1674
4521.00 15.1666
4521.05 15.1657
4521.10 15.1649
4521.15 15.1640
4521.20 15.1632
4521.25 15.1623
4521.30 15.1615
4521.35 15.1606
4521.40 15.1598
4521.45 15.1589
4521.50 15.1580
4521.55 15.1572
4521.60 15.1563
4521.65 15.1555
4521.70 15.1546
4521.75 15.1537
4521.80 15.1529
4521.85 15.1520
4521.90 15.1511
4521.95 15.1503
4522.00 15.1494
4522.05 15.1485
4522.10 15.1477
4522.15 15.1468
4522.20 15.1459
4522.25 15.1450
4522.30 15.1442
4522.35 15.1433
4522.40 15.1424
4522.45 15.1415
4522.50 15.1407
4522.55 15.1398
4522.60 15.1389
4522.65 15.1380
4522.70 15.1371
4522.75 15.1362
4522.80 15.1353
4522.85 15.1345
4522.90 15.1336
4522.95 15.1327
4523.00 15.1318
4523.05 15.1309
4523.10 15.1300
4523.15 15.1291
4523.20 15.1282
4523.25 15.1273
4523.30 15.1264
4523.35 15.1255
4523.40 15.1246
4523.45 15.1237
4523.50 15.1228
4523.55 15.1218
4523.60 15.1209
4523.65 15.1200
4523.70 15.1191
4523.75 15.1182
4523.80 15.1173
4523.85 15.1164
4523.90 15.1154
4523.95 15.1145
4524.00 15.1136
4524.05 15.1127
4524.10 15.1117
4524.15 15.1108
4524.20 15.1099
4524.25 15.1090
4524.30 15.1080
4524.35 15.1071
4524.40 15.1062
4524.45 15.1052
4524.50 15.1043
4524.55 15.1033
4524.60 15.1024
4524.65 15.1014
4524.70 15.1005
4524.75 15.0996
4524.80 15.0986
4524.85 15.0976
4524.90 15.0967
4524.95 15.0957
4525.00 15.0948
4525.05 15.0938
4525.10 15.0929
4525.15 15.0919
4525.20 15.0909
4525.25 15.0900
4525.30 15.0890
4525.35 15.0880
4525.40 15.0871
4525.45 15.0861
4525.50 15.0851
4525.55 15.0841
4525.60 15.0832
4525.65 15.0822
4525.70 15.0812
4525.75 15.0802
4525.80 15.0792
4525.85 15.0782
4525.90 15.0772
4525.95 15.0762
4526.00 15.0753
4526.05 15.0743
4526.10 15.0733
4526.15 15.0723
4526.20 15.0713
4526.25 15.0702
4526.30 15.0692
4526.35 15.0682
4526.40 15.0672
4526.45 15.0662
4526.50 15.0652
4526.55 15.0642
4526.60 15.0632
4526.65 15.0621
4526.70 15.0611
4526.75 15.0601
4526.80 15.0591
4526.85 15.0580
4526.90 15.0570
4526.95 15.0560
4527.00 15.0549
4527.05 15.0539
4527.10 15.0528
4527.15 15.0518
4527.20 15.0507
4527.25 15.0497
4527.30 15.0486
4527.35 15.0476
4527.40 15.0465
4527.45 15.0455
4527.50 15.0444
4527.55 15.0434
4527.60 15.0423
4527.65 15.0412
4527.70 15.0401
4527.75 15.0391
4527.80 15.0380
4527.85 15.0369
4527.90 15.0358
4527.95 15.0348
4528.00 15.0337
4528.05 15.0326
4528.10 15.0315
4528.15 15.0304
4528.20 15.0293
4528.25 15.0282
4528.30 15.0271
4528.35 15.0260
4528.40 15.0249
4528.45 15.0238
4528.50 15.0227
4528.55 15.0216
4528.60 15.0205
4528.65 15.0193
4528.70 15.0182
4528.75 15.0171
4528.80 15.0160
4528.85 15.0148
4528.90 15.0137
4528.95 15.0126
4529.00 15.0114
4529.05 15.0103
4529.10 15.0092
4529.15 15.0080
4529.20 15.0069
4529.25 15.0057
4529.30 15.0046
4529.35 15.0034
4529.40 15.0022
4529.45 15.0011
4529.50 14.9999
4529.55 14.9987
4529.60 14.9976
4529.65 14.9964
4529.70 14.9952
4529.75 14.9940
4529.80 14.9929
4529.85 14.9917
4529.90 14.9905
4529.95 14.9893
4530.00 14.9881
4530.05 14.9869
4530.10 14.9857
4530.15 14.9845
4530.20 14.9833
4530.25 14.9821
4530.30 14.9809
4530.35 14.9797
4530.40 14.9784
4530.45 14.9772
4530.50 14.9760
4530.55 14.9748
4530.60 14.9735
4530.65 14.9723
4530.70 14.9711
4530.75 14.9698
4530.80 14.9686
4530.85 14.9673
4530.90 14.9661
4530.95 14.9648
4531.00 14.9636
4531.05 14.9623
4531.10 14.9610
4531.15 14.9598
4531.20 14.9585
4531.25 14.9572
4531.30 14.9559
4531.35 14.9547
4531.40 14.9534
4531.45 14.9521
4531.50 14.9508
4531.55 14.9495
4531.60 14.9482
4531.65 14.9469
4531.70 14.9456
4531.75 14.9443
4531.80 14.9430
4531.85 14.9417
4531.90 14.9403
4531.95 14.9390
4532.00 14.9377
4532.05 14.9364
4532.10 14.9350
4532.15 14.9337
4532.20 14.9324
4532.25 14.9310
4532.30 14.9297
4532.35 14.9283
4532.40 14.9270
4532.45 14.9256
4532.50 14.9242
4532.55 14.9229
4532.60 14.9215
4532.65 14.9201
4532.70 14.9188
4532.75 14.9174
4532.80 14.9160
4532.85 14.9146
4532.90 14.9132
4532.95 14.9118
4533.00 14.9104
4533.05 14.9090
4533.10 14.9076
4533.15 14.9062
4533.20 14.9048
4533.25 14.9034
4533.30 14.9019
4533.35 14.9005
4533.40 14.8991
4533.45 14.8976
4533.50 14.8962
4533.55 14.8948
4533.60 14.8933
4533.65 14.8919
4533.70 14.8904
4533.75 14.8889
4533.80 14.8875
4533.85 14.8860
4533.90 14.8845
4533.95 14.8831
4534.00 14.8816
4534.05 14.8801
4534.10 14.8786
4534.15 14.8771
4534.20 14.8756
4534.25 14.8741
4534.30 14.8726
4534.35 14.8711
4534.40 14.8696
4534.45 14.8681
4534.50 14.8666
4534.55 14.8650
4534.60 14.8635
4534.65 14.8620
4534.70 14.8604
4534.75 14.8589
4534.80 14.8573
4534.85 14.8558
4534.90 14.8542
4534.95 14.8527
4535.00 14.8511
4535.05 14.8495
4535.10 14.8480
4535.15 14.8464
4535.20 14.8448
4535.25 14.8432
4535.30 14.8416
4535.35 14.8400
4535.40 14.8384
4535.45 14.8368
4535.50 14.8352
4535.55 14.8336
4535.60 14.8320
4535.65 14.8303
4535.70 14.8287
4535.75 14.8271
4535.80 14.8254
4535.85 14.8238
4535.90 14.8222
4535.95 14.8205
4536.00 14.8188
4536.05 14.8172
4536.10 14.8155
4536.15 14.8138
4536.20 14.8122
4536.25 14.8105
4536.30 14.8088
4536.35 14.8071
4536.40 14.8054
4536.45 14.8037
4536.50 14.8020
4536.55 14.8003
4536.60 14.7986
4536.65 14.7969
4536.70 14.7951
4536.75 14.7934
4536.80 14.7917
4536.85 14.7899
4536.90 14.7882
4536.95 14.7864
4537.00 14.7847
4537.05 14.7829
4537.10 14.7811
4537.15 14.7794
4537.20 14.7776
4537.25 14.7758
4537.30 14.7740
4537.35 14.7722
4537.40 14.7704
4537.45 14.7686
4537.50 14.7668
4537.55 14.7650
4537.60 14.7632
4537.65 14.7614
4537.70 14.7595
4537.75 14.7577
4537.80 14.7559
4537.85 14.7540
4537.90 14.7522
4537.95 14.7503
4538.00 14.7485
4538.05 14.7466
4538.10 14.7447
4538.15 14.7428
4538.20 14.7410
4538.25 14.7391
4538.30 14.7372
4538.35 14.7353
4538.40 14.7334
4538.45 14.7315
4538.50 14.7296
4538.55 14.7276
4538.60 14.7257
4538.65 14.7238
4538.70 14.7218
4538.75 14.7199
4538.80 14.7179
4538.85 14.7160
4538.90 14.7140
4538.95 14.7121
4539.00 14.7101
4539.05 14.7081
4539.10 14.7061
4539.15 14.7041
4539.20 14.7021
4539.25 14.7001
4539.30 14.6981
4539.35 14.6961
4539.40 14.6941
4539.45 14.6921
4539.50 14.6900
4539.55 14.6880
4539.60 14.6860
4539.65 14.6839
4539.70 14.6818
4539.75 14.6798
4539.80 14.6777
4539.85 14.6756
4539.90 14.6736
4539.95 14.6715
4540.00 14.6694
4540.05 14.6673
4540.10 14.6652
4540.15 14.6631
4540.20 14.6610
4540.25 14.6588
4540.30 14.6567
4540.35 14.6546
4540.40 14.6524
4540.45 14.6503
4540.50 14.6481
4540.55 14.6460
4540.60 14.6438
4540.65 14.6416
4540.70 14.6395
4540.75 14.6373
4540.80 14.6351
4540.85 14.6329
4540.90 14.6307
4540.95 14.6285
4541.00 14.6263
4541.05 14.6240
4541.10 14.6218
4541.15 14.6196
4541.20 14.6173
4541.25 14.6151
4541.30 14.6128
4541.35 14.6105
4541.40 14.6083
4541.45 14.6060
4541.50 14.6037
4541.55 14.6014
4541.60 14.5991
4541.65 14.5968
4541.70 14.5945
4541.75 14.5922
4541.80 14.5899
4541.85 14.5875
4541.90 14.5852
4541.95 14.5829
4542.00 14.5805
4542.05 14.5782
4542.10 14.5758
4542.15 14.5734
4542.20 14.5710
4542.25 14.5687
4542.30 14.5663
4542.35 14.5639
4542.40 14.5615
4542.45 14.5591
4542.50 14.5566
4542.55 14.5542
4542.60 14.5518
4542.65 14.5493
4542.70 14.5469
4542.75 14.5444
4542.80 14.5420
4542.85 14.5395
4542.90 14.5370
4542.95 14.5345
4543.00 14.5320
4543.05 14.5295
4543.10 14.5270
4543.15 14.5245
4543.20 14.5220
4543.25 14.5195
4543.30 14.5169
4543.35 14.5144
4543.40 14.5118
4543.45 14.5093
4543.50 14.5067
4543.55 14.5042
4543.60 14.5016
4543.65 14.4990
4543.70 14.4964
4543.75 14.4938
4543.80 14.4912
4543.85 14.4886
4543.90 14.4859
4543.95 14.4833
4544.00 14.4807
4544.05 14.4780
4544.10 14.4754
4544.15 14.4727
4544.20 14.4700
4544.25 14.4674
4544.30 14.4647
4544.35 14.4620
4544.40 14.4593
4544.45 14.4566
4544.50 14.4539
4544.55 14.4511
4544.60 14.4484
4544.65 14.4457
4544.70 14.4429
4544.75 14.4402
4544.80 14.4374
4544.85 14.4346
4544.90 14.4318
4544.95 14.4290
4545.00 14.4263
4545.05 14.4234
4545.10 14.4206
4545.15 14.4178
4545.20 14.4150
4545.25 14.4122
4545.30 14.4093
4545.35 14.4065
4545.40 14.4036
4545.45 14.4007
