4124.50 18.0530
4124.55 18.0530
4124.60 18.0530
4124.65 18.0530
4124.70 18.0530
4124.75 18.0531
4124.80 18.0531
4124.85 18.0531
4124.90 18.0532
4124.95 18.0532
4125.00 18.0533
4125.05 18.0534
4125.10 18.0534
4125.15 18.0535
4125.20 18.0536
4125.25 18.0537
4125.30 18.0538
4125.35 18.0539
4125.40 18.0540
4125.45 18.0541
4125.50 18.0543
4125.55 18.0544
4125.60 18.0545
4125.65 18.0547
4125.70 18.0548
4125.75 18.0550
4125.80 18.0552
4125.85 18.0553
4125.90 18.0555
4125.95 18.0557
4126.00 18.0559
4126.05 18.0561
4126.10 18.0563
4126.15 18.0565
4126.20 18.0567
4126.25 18.0569
4126.30 18.0571
4126.35 18.0573
4126.40 18.0576
4126.45 18.0578
4126.50 18.0581
4126.55 18.0583
4126.60 18.0586
4126.65 18.0589
4126.70 18.0591
4126.75 18.0594
4126.80 18.0597
4126.85 18.0600
4126.90 18.0603
4126.95 18.0606
4127.00 18.0609
4127.05 18.0612
4127.10 18.0615
4127.15 18.0619
4127.20 18.0622
4127.25 18.0625
4127.30 18.0629
4127.35 18.0632
4127.40 18.0636
4127.45 18.0640
4127.50 18.0643
4127.55 18.0647
4127.60 18.0651
4127.65 18.0655
4127.70 18.0659
4127.75 18.0663
4127.80 18.0667
4127.85 18.0671
4127.90 18.0675
4127.95 18.0679
4128.00 18.0684
4128.05 18.0688
4128.10 18.0693
4128.15 18.0697
4128.20 18.0702
4128.25 18.0706
4128.30 18.0711
4128.35 18.0716
4128.40 18.0720
4128.45 18.0725
4128.50 18.0730
4128.55 18.0735
4128.60 18.0740
4128.65 18.0745
4128.70 18.0750
4128.75 18.0755
4128.80 18.0761
4128.85 18.0766
4128.90 18.0771
4128.95 18.0777
4129.00 18.0782
4129.05 18.0788
4129.10 18.0793
4129.15 18.0799
4129.20 18.0805
4129.25 18.0810
4129.30 18.0816
4129.35 18.0822
4129.40 18.0828
4129.45 18.0834
4129.50 18.0840
4129.55 18.0846
4129.60 18.0852
4129.65 18.0858
4129.70 18.0865
4129.75 18.0871
4129.80 18.0877
4129.85 18.0884
4129.90 18.0890
4129.95 18.0897
4130.00 18.0903
4130.05 18.0910
4130.10 18.0917
4130.15 18.0924
4130.20 18.0930
4130.25 18.0937
4130.30 18.0944
4130.35 18.0951
4130.40 18.0958
4130.45 18.0965
4130.50 18.0972
4130.55 18.0979
4130.60 18.0987
4130.65 18.0994
4130.70 18.1001
4130.75 18.1009
4130.80 18.1016
4130.85 18.1024
4130.90 18.1031
4130.95 18.1039
4131.00 18.1046
4131.05 18.1054
4131.10 18.1062
4131.15 18.1070
4131.20 18.1077
4131.25 18.1085
4131.30 18.1093
4131.35 18.1101
4131.40 18.1109
4131.45 18.1117
4131.50 18.1126
4131.55 18.1134
4131.60 18.1142
4131.65 18.1150
4131.70 18.1159
4131.75 18.1167
4131.80 18.1175
4131.85 18.1184
4131.90 18.1192
4131.95 18.1201
4132.00 18.1210
4132.05 18.1218
4132.10 18.1227
4132.15 18.1236
4132.20 18.1244
4132.25 18.1253
4132.30 18.1262
4132.35 18.1271
4132.40 18.1280
4132.45 18.1289
4132.50 18.1298
4132.55 18.1307
4132.60 18.1316
4132.65 18.1326
4132.70 18.1335
4132.75 18.1344
4132.80 18.1353
4132.85 18.1363
4132.90 18.1372
4132.95 18.1382
4133.00 18.1391
4133.05 18.1401
4133.10 18.1410
4133.15 18.1420
4133.20 18.1429
4133.25 18.1439
4133.30 18.1449
4133.35 18.1459
4133.40 18.1468
4133.45 18.1478
4133.50 18.1488
4133.55 18.1498
4133.60 18.1508
4133.65 18.1518
4133.70 18.1528
4133.75 18.1538
4133.80 18.1548
4133.85 18.1558
4133.90 18.1569
4133.95 18.1579
4134.00 18.1589
4134.05 18.1599
4134.10 18.1610
4134.15 18.1620
4134.20 18.1630
4134.25 18.1641
4134.30 18.1651
4134.35 18.1662
4134.40 18.1672
4134.45 18.1683
4134.50 18.1693
4134.55 18.1704
4134.60 18.1715
4134.65 18.1725
4134.70 18.1736
4134.75 18.1747
4134.80 18.1758
4134.85 18.1768
4134.90 18.1779
4134.95 18.1790
4135.00 18.1801
4135.05 18.1812
4135.10 18.1823
4135.15 18.1834
4135.20 18.1845
4135.25 18.1856
4135.30 18.1867
4135.35 18.1878
4135.40 18.1889
4135.45 18.1900
4135.50 18.1912
4135.55 18.1923
4135.60 18.1934
4135.65 18.1945
4135.70 18.1956
4135.75 18.1968
4135.80 18.1979
4135.85 18.1990
4135.90 18.2002
4135.95 18.2013
4136.00 18.2025
4136.05 18.2036
4136.10 18.2047
4136.15 18.2059
4136.20 18.2070
4136.25 18.2082
4136.30 18.2093
4136.35 18.2105
4136.40 18.2116
4136.45 18.2128
4136.50 18.2140
4136.55 18.2151
4136.60 18.2163
4136.65 18.2175
4136.70 18.2186
4136.75 18.2198
4136.80 18.2210
4136.85 18.2221
4136.90 18.2233
4136.95 18.2245
4137.00 18.2257
4137.05 18.2268
4137.10 18.2280
4137.15 18.2292
4137.20 18.2304
4137.25 18.2316
4137.30 18.2328
4137.35 18.2339
4137.40 18.2351
4137.45 18.2363
4137.50 18.2375
4137.55 18.2387
4137.60 18.2399
4137.65 18.2411
4137.70 18.2423
4137.75 18.2435
4137.80 18.2447
4137.85 18.2459
4137.90 18.2471
4137.95 18.2483
4138.00 18.2495
4138.05 18.2507
4138.10 18.2519
4138.15 18.2531
4138.20 18.2543
4138.25 18.2555
4138.30 18.2567
4138.35 18.2579
4138.40 18.2591
4138.45 18.2603
4138.50 18.2615
4138.55 18.2627
4138.60 18.2639
4138.65 18.2651
4138.70 18.2663
4138.75 18.2675
4138.80 18.2687
4138.85 18.2699
4138.90 18.2711
4138.95 18.2723
4139.00 18.2735
4139.05 18.2747
4139.10 18.2760
4139.15 18.2772
4139.20 18.2784
4139.25 18.2796
4139.30 18.2808
4139.35 18.2820
4139.40 18.2832
4139.45 18.2844
4139.50 18.2856
4139.55 18.2868
4139.60 18.2880
4139.65 18.2892
4139.70 18.2904
4139.75 18.2916
4139.80 18.2928
4139.85 18.2940
4139.90 18.2952
4139.95 18.2964
4140.00 18.2976
4140.05 18.2988
4140.10 18.3000
4140.15 18.3012
4140.20 18.3024
4140.25 18.3036
4140.30 18.3048
4140.35 18.3060
4140.40 18.3072
4140.45 18.3084
4140.50 18.3095
4140.55 18.3107
4140.60 18.3119
4140.65 18.3131
4140.70 18.3143
4140.75 18.3155
4140.80 18.3167
4140.85 18.3178
4140.90 18.3190
4140.95 18.3202
4141.00 18.3214
4141.05 18.3226
4141.10 18.3237
4141.15 18.3249
4141.20 18.3261
4141.25 18.3272
4141.30 18.3284
4141.35 18.3296
4141.40 18.3307
4141.45 18.3319
4141.50 18.3331
4141.55 18.3342
4141.60 18.3354
4141.65 18.3365
4141.70 18.3377
4141.75 18.3389
4141.80 18.3400
4141.85 18.3412
4141.90 18.3423
4141.95 18.3434
4142.00 18.3446
4142.05 18.3457
4142.10 18.3469
4142.15 18.3480
4142.20 18.3491
4142.25 18.3503
4142.30 18.3514
4142.35 18.3525
4142.40 18.3537
4142.45 18.3548
4142.50 18.3559
4142.55 18.3570
4142.60 18.3581
4142.65 18.3593
4142.70 18.3604
4142.75 18.3615
4142.80 18.3626
4142.85 18.3637
4142.90 18.3648
4142.95 18.3659
4143.00 18.3670
4143.05 18.3681
4143.10 18.3692
4143.15 18.3703
4143.20 18.3714
4143.25 18.3725
4143.30 18.3735
4143.35 18.3746
4143.40 18.3757
4143.45 18.3768
4143.50 18.3778
4143.55 18.3789
4143.60 18.3800
4143.65 18.3810
4143.70 18.3821
4143.75 18.3832
4143.80 18.3842
4143.85 18.3853
4143.90 18.3863
4143.95 18.3874
4144.00 18.3884
4144.05 18.3894
4144.10 18.3905
4144.15 18.3915
4144.20 18.3925
4144.25 18.3936
4144.30 18.3946
4144.35 18.3956
4144.40 18.3966
4144.45 18.3976
4144.50 18.3987
4144.55 18.3997
4144.60 18.4007
4144.65 18.4017
4144.70 18.4027
4144.75 18.4037
4144.80 18.4047
4144.85 18.4057
4144.90 18.4066
4144.95 18.4076
4145.00 18.4086
4145.05 18.4096
4145.10 18.4106
4145.15 18.4115
4145.20 18.4125
4145.25 18.4135
4145.30 18.4144
4145.35 18.4154
4145.40 18.4163
4145.45 18.4173
4145.50 18.4182
4145.55 18.4192
4145.60 18.4201
4145.65 18.4210
4145.70 18.4220
4145.75 18.4229
4145.80 18.4238
4145.85 18.4247
4145.90 18.4257
4145.95 18.4266
4146.00 18.4275
4146.05 18.4284
4146.10 18.4293
4146.15 18.4302
4146.20 18.4311
4146.25 18.4320
4146.30 18.4329
4146.35 18.4337
4146.40 18.4346
4146.45 18.4355
4146.50 18.4364
4146.55 18.4372
4146.60 18.4381
4146.65 18.4390
4146.70 18.4398
4146.75 18.4407
4146.80 18.4415
4146.85 18.4424
4146.90 18.4432
4146.95 18.4441
4147.00 18.4449
4147.05 18.4457
4147.10 18.4466
4147.15 18.4474
4147.20 18.4482
4147.25 18.4490
4147.30 18.4498
4147.35 18.4507
4147.40 18.4515
4147.45 18.4523
4147.50 18.4531
4147.55 18.4539
4147.60 18.4546
4147.65 18.4554
4147.70 18.4562
4147.75 18.4570
4147.80 18.4578
4147.85 18.4585
4147.90 18.4593
4147.95 18.4601
4148.00 18.4608
4148.05 18.4616
4148.10 18.4623
4148.15 18.4631
4148.20 18.4638
4148.25 18.4646
4148.30 18.4653
4148.35 18.4660
4148.40 18.4668
4148.45 18.4675
4148.50 18.4682
4148.55 18.4689
4148.60 18.4696
4148.65 18.4703
4148.70 18.4710
4148.75 18.4717
4148.80 18.4724
4148.85 18.4731
4148.90 18.4738
4148.95 18.4745
4149.00 18.4752
4149.05 18.4759
4149.10 18.4765
4149.15 18.4772
4149.20 18.4779
4149.25 18.4785
4149.30 18.4792
4149.35 18.4798
4149.40 18.4805
4149.45 18.4811
4149.50 18.4818
4149.55 18.4824
4149.60 18.4830
4149.65 18.4837
4149.70 18.4843
4149.75 18.4849
4149.80 18.4855
4149.85 18.4861
4149.90 18.4867
4149.95 18.4874
4150.00 18.4880
4150.05 18.4886
4150.10 18.4891
4150.15 18.4897
4150.20 18.4903
4150.25 18.4909
4150.30 18.4915
4150.35 18.4921
4150.40 18.4926
4150.45 18.4932
4150.50 18.4938
4150.55 18.4943
4150.60 18.4949
4150.65 18.4954
4150.70 18.4960
4150.75 18.4965
4150.80 18.4970
4150.85 18.4976
4150.90 18.4981
4150.95 18.4986
4151.00 18.4992
4151.05 18.4997
4151.10 18.5002
4151.15 18.5007
4151.20 18.5012
4151.25 18.5017
4151.30 18.5022
4151.35 18.5027
4151.40 18.5032
4151.45 18.5037
4151.50 18.5042
4151.55 18.5047
4151.60 18.5051
4151.65 18.5056
4151.70 18.5061
4151.75 18.5066
4151.80 18.5070
4151.85 18.5075
4151.90 18.5079
4151.95 18.5084
4152.00 18.5088
4152.05 18.5093
4152.10 18.5097
4152.15 18.5101
4152.20 18.5106
4152.25 18.5110
4152.30 18.5114
4152.35 18.5119
4152.40 18.5123
4152.45 18.5127
4152.50 18.5131
4152.55 18.5135
4152.60 18.5139
4152.65 18.5143
4152.70 18.5147
4152.75 18.5151
4152.80 18.5155
4152.85 18.5159
4152.90 18.5162
4152.95 18.5166
4153.00 18.5170
4153.05 18.5174
4153.10 18.5177
4153.15 18.5181
4153.20 18.5185
4153.25 18.5188
4153.30 18.5192
4153.35 18.5195
4153.40 18.5199
4153.45 18.5202
4153.50 18.5205
4153.55 18.5209
4153.60 18.5212
4153.65 18.5215
4153.70 18.5218
4153.75 18.5222
4153.80 18.5225
4153.85 18.5228
4153.90 18.5231
4153.95 18.5234
4154.00 18.5237
4154.05 18.5240
4154.10 18.5243
4154.15 18.5246
4154.20 18.5249
4154.25 18.5252
4154.30 18.5255
4154.35 18.5257
4154.40 18.5260
4154.45 18.5263
4154.50 18.5266
4154.55 18.5268
4154.60 18.5271
4154.65 18.5273
4154.70 18.5276
4154.75 18.5278
4154.80 18.5281
4154.85 18.5283
4154.90 18.5286
4154.95 18.5288
4155.00 18.5291
4155.05 18.5293
4155.10 18.5295
4155.15 18.5297
4155.20 18.5300
4155.25 18.5302
4155.30 18.5304
4155.35 18.5306
4155.40 18.5308
4155.45 18.5310
4155.50 18.5312
4155.55 18.5314
4155.60 18.5316
4155.65 18.5318
4155.70 18.5320
4155.75 18.5322
4155.80 18.5324
4155.85 18.5326
4155.90 18.5327
4155.95 18.5329
4156.00 18.5331
4156.05 18.5333
4156.10 18.5334
4156.15 18.5336
4156.20 18.5338
4156.25 18.5339
4156.30 18.5341
4156.35 18.5342
4156.40 18.5344
4156.45 18.5345
4156.50 18.5347
4156.55 18.5348
4156.60 18.5349
4156.65 18.5351
4156.70 18.5352
4156.75 18.5353
4156.80 18.5354
4156.85 18.5356
4156.90 18.5357
4156.95 18.5358
4157.00 18.5359
4157.05 18.5360
4157.10 18.5361
4157.15 18.5362
4157.20 18.5363
4157.25 18.5364
4157.30 18.5365
4157.35 18.5366
4157.40 18.5367
4157.45 18.5368
4157.50 18.5369
4157.55 18.5370
4157.60 18.5371
4157.65 18.5371
4157.70 18.5372
4157.75 18.5373
4157.80 18.5374
4157.85 18.5374
4157.90 18.5375
4157.95 18.5376
4158.00 18.5376
4158.05 18.5377
4158.10 18.5377
4158.15 18.5378
4158.20 18.5378
4158.25 18.5379
4158.30 18.5379
4158.35 18.5380
4158.40 18.5380
4158.45 18.5380
4158.50 18.5381
4158.55 18.5381
4158.60 18.5381
4158.65 18.5382
4158.70 18.5382
4158.75 18.5382
4158.80 18.5382
4158.85 18.5382
4158.90 18.5383
4158.95 18.5383
4159.00 18.5383
4159.05 18.5383
4159.10 18.5383
4159.15 18.5383
4159.20 18.5383
4159.25 18.5383
4159.30 18.5383
4159.35 18.5383
4159.40 18.5383
4159.45 18.5383
4159.50 18.5383
4159.55 18.5382
4159.60 18.5382
4159.65 18.5382
4159.70 18.5382
4159.75 18.5382
4159.80 18.5381
4159.85 18.5381
4159.90 18.5381
4159.95 18.5380
4160.00 18.5380
4160.05 18.5380
4160.10 18.5379
4160.15 18.5379
4160.20 18.5379
4160.25 18.5378
4160.30 18.5378
4160.35 18.5377
4160.40 18.5377
4160.45 18.5376
4160.50 18.5376
4160.55 18.5375
4160.60 18.5375
4160.65 18.5374
4160.70 18.5373
4160.75 18.5373
4160.80 18.5372
4160.85 18.5371
4160.90 18.5371
4160.95 18.5370
4161.00 18.5369
4161.05 18.5369
4161.10 18.5368
4161.15 18.5367
4161.20 18.5366
4161.25 18.5366
4161.30 18.5365
4161.35 18.5364
4161.40 18.5363
4161.45 18.5362
4161.50 18.5361
4161.55 18.5360
4161.60 18.5360
4161.65 18.5359
4161.70 18.5358
4161.75 18.5357
4161.80 18.5356
4161.85 18.5355
4161.90 18.5354
4161.95 18.5353
4162.00 18.5352
4162.05 18.5351
4162.10 18.5350
4162.15 18.5349
4162.20 18.5348
4162.25 18.5346
4162.30 18.5345
4162.35 18.5344
4162.40 18.5343
4162.45 18.5342
4162.50 18.5341
4162.55 18.5340
4162.60 18.5338
4162.65 18.5337
4162.70 18.5336
4162.75 18.5335
4162.80 18.5333
4162.85 18.5332
4162.90 18.5331
4162.95 18.5330
4163.00 18.5328
4163.05 18.5327
4163.10 18.5326
4163.15 18.5324
4163.20 18.5323
4163.25 18.5322
4163.30 18.5320
4163.35 18.5319
4163.40 18.5318
4163.45 18.5316
4163.50 18.5315
4163.55 18.5314
4163.60 18.5312
4163.65 18.5311
4163.70 18.5309
4163.75 18.5308
4163.80 18.5306
4163.85 18.5305
4163.90 18.5304
4163.95 18.5302
4164.00 18.5301
4164.05 18.5299
4164.10 18.5298
4164.15 18.5296
4164.20 18.5295
4164.25 18.5293
4164.30 18.5292
4164.35 18.5290
4164.40 18.5288
4164.45 18.5287
4164.50 18.5285
4164.55 18.5284
4164.60 18.5282
4164.65 18.5281
4164.70 18.5279
4164.75 18.5277
4164.80 18.5276
4164.85 18.5274
4164.90 18.5273
4164.95 18.5271
4165.00 18.5269
4165.05 18.5268
4165.10 18.5266
4165.15 18.5265
4165.20 18.5263
4165.25 18.5261
4165.30 18.5260
4165.35 18.5258
4165.40 18.5256
4165.45 18.5255
4165.50 18.5253
4165.55 18.5251
4165.60 18.5250
4165.65 18.5248
4165.70 18.5246
4165.75 18.5245
4165.80 18.5243
4165.85 18.5241
4165.90 18.5240
4165.95 18.5238
4166.00 18.5236
4166.05 18.5235
4166.10 18.5233
4166.15 18.5231
4166.20 18.5230
4166.25 18.5228
4166.30 18.5226
4166.35 18.5224
4166.40 18.5223
4166.45 18.5221
4166.50 18.5219
4166.55 18.5218
4166.60 18.5216
4166.65 18.5214
4166.70 18.5212
4166.75 18.5211
4166.80 18.5209
4166.85 18.5207
4166.90 18.5206
4166.95 18.5204
4167.00 18.5202
4167.05 18.5200
4167.10 18.5199
4167.15 18.5197
4167.20 18.5195
4167.25 18.5194
4167.30 18.5192
4167.35 18.5190
4167.40 18.5188
4167.45 18.5187
4167.50 18.5185
4167.55 18.5183
4167.60 18.5182
4167.65 18.5180
4167.70 18.5178
4167.75 18.5176
4167.80 18.5175
4167.85 18.5173
4167.90 18.5171
4167.95 18.5170
4168.00 18.5168
4168.05 18.5166
4168.10 18.5165
4168.15 18.5163
4168.20 18.5161
4168.25 18.5159
4168.30 18.5158
4168.35 18.5156
4168.40 18.5154
4168.45 18.5153
4168.50 18.5151
4168.55 18.5149
4168.60 18.5148
4168.65 18.5146
4168.70 18.5144
4168.75 18.5143
4168.80 18.5141
4168.85 18.5139
4168.90 18.5138
4168.95 18.5136
4169.00 18.5134
4169.05 18.5133
4169.10 18.5131
4169.15 18.5130
4169.20 18.5128
4169.25 18.5126
4169.30 18.5125
4169.35 18.5123
4169.40 18.5121
4169.45 18.5120
4169.50 18.5118
4169.55 18.5117
4169.60 18.5115
4169.65 18.5113
4169.70 18.5112
4169.75 18.5110
4169.80 18.5109
4169.85 18.5107
4169.90 18.5105
4169.95 18.5104
4170.00 18.5102
4170.05 18.5101
4170.10 18.5099
4170.15 18.5098
4170.20 18.5096
4170.25 18.5094
4170.30 18.5093
4170.35 18.5091
4170.40 18.5090
4170.45 18.5088
4170.50 18.5087
4170.55 18.5085
4170.60 18.5084
4170.65 18.5082
4170.70 18.5081
4170.75 18.5079
4170.80 18.5078
4170.85 18.5076
4170.90 18.5075
4170.95 18.5073
4171.00 18.5072
4171.05 18.5070
4171.10 18.5069
4171.15 18.5067
4171.20 18.5066
4171.25 18.5064
4171.30 18.5063
4171.35 18.5061
4171.40 18.5060
4171.45 18.5058
4171.50 18.5057
4171.55 18.5056
4171.60 18.5054
4171.65 18.5053
4171.70 18.5051
4171.75 18.5050
4171.80 18.5048
4171.85 18.5047
4171.90 18.5046
4171.95 18.5044
4172.00 18.5043
4172.05 18.5041
4172.10 18.5040
4172.15 18.5039
4172.20 18.5037
4172.25 18.5036
4172.30 18.5034
4172.35 18.5033
4172.40 18.5032
4172.45 18.5030
4172.50 18.5029
4172.55 18.5027
4172.60 18.5026
4172.65 18.5025
4172.70 18.5023
4172.75 18.5022
4172.80 18.5021
4172.85 18.5019
4172.90 18.5018
4172.95 18.5017
4173.00 18.5015
4173.05 18.5014
4173.10 18.5013
4173.15 18.5011
4173.20 18.5010
4173.25 18.5009
4173.30 18.5007
4173.35 18.5006
4173.40 18.5005
4173.45 18.5003
4173.50 18.5002
4173.55 18.5001
4173.60 18.4999
4173.65 18.4998
4173.70 18.4997
4173.75 18.4996
4173.80 18.4994
4173.85 18.4993
4173.90 18.4992
4173.95 18.4990
4174.00 18.4989
4174.05 18.4988
4174.10 18.4987
4174.15 18.4985
4174.20 18.4984
4174.25 18.4983
4174.30 18.4981
4174.35 18.4980
4174.40 18.4979
4174.45 18.4978
4174.50 18.4976
4174.55 18.4975
4174.60 18.4974
4174.65 18.4972
4174.70 18.4971
4174.75 18.4970
4174.80 18.4969
4174.85 18.4967
4174.90 18.4966
4174.95 18.4965
4175.00 18.4963
4175.05 18.4962
4175.10 18.4961
4175.15 18.4960
4175.20 18.4958
4175.25 18.4957
4175.30 18.4956
4175.35 18.4954
4175.40 18.4953
4175.45 18.4952
4175.50 18.4951
4175.55 18.4949
4175.60 18.4948
4175.65 18.4947
4175.70 18.4945
4175.75 18.4944
4175.80 18.4943
4175.85 18.4941
4175.90 18.4940
4175.95 18.4939
4176.00 18.4938
4176.05 18.4936
4176.10 18.4935
4176.15 18.4934
4176.20 18.4932
4176.25 18.4931
4176.30 18.4930
4176.35 18.4928
4176.40 18.4927
4176.45 18.4926
4176.50 18.4924
4176.55 18.4923
4176.60 18.4922
4176.65 18.4920
4176.70 18.4919
4176.75 18.4918
4176.80 18.4916
4176.85 18.4915
4176.90 18.4913
4176.95 18.4912
4177.00 18.4911
4177.05 18.4909
4177.10 18.4908
4177.15 18.4906
4177.20 18.4905
4177.25 18.4904
4177.30 18.4902
4177.35 18.4901
4177.40 18.4899
4177.45 18.4898
4177.50 18.4897
4177.55 18.4895
4177.60 18.4894
4177.65 18.4892
4177.70 18.4891
4177.75 18.4889
4177.80 18.4888
4177.85 18.4886
4177.90 18.4885
4177.95 18.4883
4178.00 18.4882
4178.05 18.4880
4178.10 18.4879
4178.15 18.4877
4178.20 18.4876
4178.25 18.4874
4178.30 18.4873
4178.35 18.4871
4178.40 18.4869
4178.45 18.4868
4178.50 18.4866
4178.55 18.4865
4178.60 18.4863
4178.65 18.4861
4178.70 18.4860
4178.75 18.4858
4178.80 18.4857
4178.85 18.4855
4178.90 18.4853
4178.95 18.4852
4179.00 18.4850
4179.05 18.4848
4179.10 18.4847
4179.15 18.4845
4179.20 18.4843
4179.25 18.4841
4179.30 18.4840
4179.35 18.4838
4179.40 18.4836
4179.45 18.4834
4179.50 18.4833
4179.55 18.4831
4179.60 18.4829
4179.65 18.4827
4179.70 18.4825
4179.75 18.4824
4179.80 18.4822
4179.85 18.4820
4179.90 18.4818
4179.95 18.4816
4180.00 18.4814
4180.05 18.4812
4180.10 18.4810
4180.15 18.4809
4180.20 18.4807
4180.25 18.4805
4180.30 18.4803
4180.35 18.4801
4180.40 18.4799
4180.45 18.4797
4180.50 18.4795
4180.55 18.4793
4180.60 18.4791
4180.65 18.4789
4180.70 18.4787
4180.75 18.4784
4180.80 18.4782
4180.85 18.4780
4180.90 18.4778
4180.95 18.4776
4181.00 18.4774
4181.05 18.4772
4181.10 18.4770
4181.15 18.4767
4181.20 18.4765
4181.25 18.4763
4181.30 18.4761
4181.35 18.4759
4181.40 18.4756
4181.45 18.4754
4181.50 18.4752
4181.55 18.4749
4181.60 18.4747
4181.65 18.4745
4181.70 18.4742
4181.75 18.4740
4181.80 18.4738
4181.85 18.4735
4181.90 18.4733
4181.95 18.4731
4182.00 18.4728
4182.05 18.4726
4182.10 18.4723
4182.15 18.4721
4182.20 18.4718
4182.25 18.4716
4182.30 18.4713
4182.35 18.4711
4182.40 18.4708
4182.45 18.4706
4182.50 18.4703
4182.55 18.4700
4182.60 18.4698
4182.65 18.4695
4182.70 18.4692
4182.75 18.4690
4182.80 18.4687
4182.85 18.4684
4182.90 18.4682
4182.95 18.4679
4183.00 18.4676
4183.05 18.4674
4183.10 18.4671
4183.15 18.4668
4183.20 18.4665
4183.25 18.4662
4183.30 18.4659
4183.35 18.4657
4183.40 18.4654
4183.45 18.4651
4183.50 18.4648
4183.55 18.4645
4183.60 18.4642
4183.65 18.4639
4183.70 18.4636
4183.75 18.4633
4183.80 18.4630
4183.85 18.4627
4183.90 18.4624
4183.95 18.4621
4184.00 18.4618
4184.05 18.4615
4184.10 18.4612
4184.15 18.4609
4184.20 18.4605
4184.25 18.4602
4184.30 18.4599
4184.35 18.4596
4184.40 18.4593
4184.45 18.4589
4184.50 18.4586
4184.55 18.4583
4184.60 18.4580
4184.65 18.4576
4184.70 18.4573
4184.75 18.4570
4184.80 18.4566
4184.85 18.4563
4184.90 18.4560
4184.95 18.4556
4185.00 18.4553
4185.05 18.4549
4185.10 18.4546
4185.15 18.4542
4185.20 18.4539
4185.25 18.4535
4185.30 18.4532
4185.35 18.4528
4185.40 18.4525
4185.45 18.4521
4185.50 18.4517
4185.55 18.4514
4185.60 18.4510
4185.65 18.4507
4185.70 18.4503
4185.75 18.4499
4185.80 18.4496
4185.85 18.4492
4185.90 18.4488
4185.95 18.4484
4186.00 18.4481
4186.05 18.4477
4186.10 18.4473
4186.15 18.4469
4186.20 18.4465
4186.25 18.4461
4186.30 18.4457
4186.35 18.4454
4186.40 18.4450
4186.45 18.4446
4186.50 18.4442
4186.55 18.4438
4186.60 18.4434
4186.65 18.4430
4186.70 18.4426
4186.75 18.4422
4186.80 18.4418
4186.85 18.4414
4186.90 18.4410
4186.95 18.4405
4187.00 18.4401
4187.05 18.4397
4187.10 18.4393
4187.15 18.4389
4187.20 18.4385
4187.25 18.4380
4187.30 18.4376
4187.35 18.4372
4187.40 18.4368
4187.45 18.4363
4187.50 18.4359
4187.55 18.4355
4187.60 18.4351
4187.65 18.4346
4187.70 18.4342
4187.75 18.4337
4187.80 18.4333
4187.85 18.4329
4187.90 18.4324
4187.95 18.4320
4188.00 18.4315
4188.05 18.4311
4188.10 18.4306
4188.15 18.4302
4188.20 18.4297
4188.25 18.4293
4188.30 18.4288
4188.35 18.4284
4188.40 18.4279
4188.45 18.4275
4188.50 18.4270
4188.55 18.4265
4188.60 18.4261
4188.65 18.4256
4188.70 18.4251
4188.75 18.4247
4188.80 18.4242
4188.85 18.4237
4188.90 18.4233
4188.95 18.4228
4189.00 18.4223
4189.05 18.4218
4189.10 18.4213
4189.15 18.4209
4189.20 18.4204
4189.25 18.4199
4189.30 18.4194
4189.35 18.4189
4189.40 18.4184
4189.45 18.4179
4189.50 18.4175
4189.55 18.4170
4189.60 18.4165
4189.65 18.4160
4189.70 18.4155
4189.75 18.4150
4189.80 18.4145
4189.85 18.4140
4189.90 18.4135
4189.95 18.4130
4190.00 18.4125
4190.05 18.4120
4190.10 18.4115
4190.15 18.4110
4190.20 18.4105
4190.25 18.4099
4190.30 18.4094
4190.35 18.4089
4190.40 18.4084
4190.45 18.4079
4190.50 18.4074
4190.55 18.4069
4190.60 18.4063
4190.65 18.4058
4190.70 18.4053
4190.75 18.4048
4190.80 18.4042
4190.85 18.4037
4190.90 18.4032
4190.95 18.4027
4191.00 18.4021
4191.05 18.4016
4191.10 18.4011
4191.15 18.4006
4191.20 18.4000
4191.25 18.3995
4191.30 18.3990
4191.35 18.3984
4191.40 18.3979
4191.45 18.3974
4191.50 18.3968
4191.55 18.3963
4191.60 18.3957
4191.65 18.3952
4191.70 18.3947
4191.75 18.3941
4191.80 18.3936
4191.85 18.3930
4191.90 18.3925
4191.95 18.3919
4192.00 18.3914
4192.05 18.3909
4192.10 18.3903
4192.15 18.3898
4192.20 18.3892
4192.25 18.3887
4192.30 18.3881
4192.35 18.3876
4192.40 18.3870
4192.45 18.3865
4192.50 18.3859
4192.55 18.3854
4192.60 18.3848
4192.65 18.3842
4192.70 18.3837
4192.75 18.3831
4192.80 18.3826
4192.85 18.3820
4192.90 18.3815
4192.95 18.3809
4193.00 18.3804
4193.05 18.3798
4193.10 18.3792
4193.15 18.3787
4193.20 18.3781
4193.25 18.3776
4193.30 18.3770
4193.35 18.3764
4193.40 18.3759
4193.45 18.3753
4193.50 18.3748
4193.55 18.3742
4193.60 18.3736
4193.65 18.3731
4193.70 18.3725
4193.75 18.3720
4193.80 18.3714
4193.85 18.3708
4193.90 18.3703
4193.95 18.3697
4194.00 18.3692
4194.05 18.3686
4194.10 18.3680
4194.15 18.3675
4194.20 18.3669
4194.25 18.3663
4194.30 18.3658
4194.35 18.3652
4194.40 18.3647
4194.45 18.3641
4194.50 18.3635
4194.55 18.3630
4194.60 18.3624
4194.65 18.3619
4194.70 18.3613
4194.75 18.3607
4194.80 18.3602
4194.85 18.3596
4194.90 18.3591
4194.95 18.3585
4195.00 18.3579
4195.05 18.3574
4195.10 18.3568
4195.15 18.3563
4195.20 18.3557
4195.25 18.3552
4195.30 18.3546
4195.35 18.3540
4195.40 18.3535
4195.45 18.3529
4195.50 18.3524
4195.55 18.3518
4195.60 18.3513
4195.65 18.3507
4195.70 18.3502
4195.75 18.3496
4195.80 18.3491
4195.85 18.3485
4195.90 18.3480
4195.95 18.3474
4196.00 18.3469
4196.05 18.3464
4196.10 18.3458
4196.15 18.3453
4196.20 18.3447
4196.25 18.3442
4196.30 18.3436
4196.35 18.3431
4196.40 18.3426
4196.45 18.3420
4196.50 18.3415
4196.55 18.3410
4196.60 18.3404
4196.65 18.3399
4196.70 18.3394
4196.75 18.3388
4196.80 18.3383
4196.85 18.3378
4196.90 18.3373
4196.95 18.3367
4197.00 18.3362
4197.05 18.3357
4197.10 18.3352
4197.15 18.3346
4197.20 18.3341
4197.25 18.3336
4197.30 18.3331
4197.35 18.3326
4197.40 18.3321
4197.45 18.3316
4197.50 18.3310
4197.55 18.3305
4197.60 18.3300
4197.65 18.3295
4197.70 18.3290
4197.75 18.3285
4197.80 18.3280
4197.85 18.3275
4197.90 18.3270
4197.95 18.3265
4198.00 18.3260
4198.05 18.3256
4198.10 18.3251
4198.15 18.3246
4198.20 18.3241
4198.25 18.3236
4198.30 18.3231
4198.35 18.3227
4198.40 18.3222
4198.45 18.3217
4198.50 18.3212
4198.55 18.3208
4198.60 18.3203
4198.65 18.3198
4198.70 18.3194
4198.75 18.3189
4198.80 18.3184
4198.85 18.3180
4198.90 18.3175
4198.95 18.3171
4199.00 18.3166
4199.05 18.3162
4199.10 18.3157
4199.15 18.3153
4199.20 18.3149
4199.25 18.3144
4199.30 18.3140
4199.35 18.3135
4199.40 18.3131
4199.45 18.3127
4199.50 18.3123
4199.55 18.3118
4199.60 18.3114
4199.65 18.3110
4199.70 18.3106
4199.75 18.3102
4199.80 18.3098
4199.85 18.3093
4199.90 18.3089
4199.95 18.3085
4200.00 18.3081
4200.05 18.3077
4200.10 18.3073
4200.15 18.3070
4200.20 18.3066
4200.25 18.3062
4200.30 18.3058
4200.35 18.3054
4200.40 18.3050
4200.45 18.3047
4200.50 18.3043
4200.55 18.3039
4200.60 18.3036
4200.65 18.3032
4200.70 18.3028
4200.75 18.3025
4200.80 18.3021
4200.85 18.3018
4200.90 18.3014
4200.95 18.3011
4201.00 18.3008
4201.05 18.3004
4201.10 18.3001
4201.15 18.2998
4201.20 18.2994
4201.25 18.2991
4201.30 18.2988
4201.35 18.2985
4201.40 18.2981
4201.45 18.2978
4201.50 18.2975
4201.55 18.2972
4201.60 18.2969
4201.65 18.2966
4201.70 18.2963
4201.75 18.2960
4201.80 18.2958
4201.85 18.2955
4201.90 18.2952
4201.95 18.2949
4202.00 18.2946
4202.05 18.2944
4202.10 18.2941
4202.15 18.2938
4202.20 18.2936
4202.25 18.2933
4202.30 18.2931
4202.35 18.2928
4202.40 18.2926
4202.45 18.2923
4202.50 18.2921
4202.55 18.2919
4202.60 18.2916
4202.65 18.2914
4202.70 18.2912
4202.75 18.2910
4202.80 18.2908
4202.85 18.2905
4202.90 18.2903
4202.95 18.2901
4203.00 18.2899
4203.05 18.2897
4203.10 18.2895
4203.15 18.2894
4203.20 18.2892
4203.25 18.2890
4203.30 18.2888
4203.35 18.2886
4203.40 18.2885
4203.45 18.2883
4203.50 18.2881
4203.55 18.2880
4203.60 18.2878
4203.65 18.2877
4203.70 18.2875
4203.75 18.2874
4203.80 18.2873
4203.85 18.2871
4203.90 18.2870
4203.95 18.2869
4204.00 18.2868
4204.05 18.2866
4204.10 18.2865
4204.15 18.2864
4204.20 18.2863
4204.25 18.2862
4204.30 18.2861
4204.35 18.2860
4204.40 18.2859
4204.45 18.2858
4204.50 18.2858
4204.55 18.2857
4204.60 18.2856
4204.65 18.2855
4204.70 18.2855
4204.75 18.2854
4204.80 18.2853
4204.85 18.2853
4204.90 18.2852
4204.95 18.2852
4205.00 18.2852
4205.05 18.2851
4205.10 18.2851
4205.15 18.2851
4205.20 18.2850
4205.25 18.2850
4205.30 18.2850
4205.35 18.2850
4205.40 18.2850
4205.45 18.2850
