4540.50 14.7346
4540.55 14.7347
4540.60 14.7347
4540.65 14.7348
4540.70 14.7349
4540.75 14.7350
4540.80 14.7351
4540.85 14.7353
4540.90 14.7354
4540.95 14.7356
4541.00 14.7359
4541.05 14.7361
4541.10 14.7364
4541.15 14.7367
4541.20 14.7370
4541.25 14.7373
4541.30 14.7376
4541.35 14.7380
4541.40 14.7384
4541.45 14.7388
4541.50 14.7393
4541.55 14.7397
4541.60 14.7402
4541.65 14.7407
4541.70 14.7412
4541.75 14.7418
4541.80 14.7423
4541.85 14.7429
4541.90 14.7435
4541.95 14.7442
4542.00 14.7448
4542.05 14.7455
4542.10 14.7462
4542.15 14.7469
4542.20 14.7476
4542.25 14.7483
4542.30 14.7491
4542.35 14.7499
4542.40 14.7507
4542.45 14.7515
4542.50 14.7524
4542.55 14.7532
4542.60 14.7541
4542.65 14.7550
4542.70 14.7559
4542.75 14.7569
4542.80 14.7578
4542.85 14.7588
4542.90 14.7598
4542.95 14.7608
4543.00 14.7618
4543.05 14.7629
4543.10 14.7639
4543.15 14.7650
4543.20 14.7661
4543.25 14.7672
4543.30 14.7683
4543.35 14.7694
4543.40 14.7706
4543.45 14.7718
4543.50 14.7729
4543.55 14.7741
4543.60 14.7754
4543.65 14.7766
4543.70 14.7778
4543.75 14.7791
4543.80 14.7804
4543.85 14.7816
4543.90 14.7829
4543.95 14.7842
4544.00 14.7856
4544.05 14.7869
4544.10 14.7882
4544.15 14.7896
4544.20 14.7910
4544.25 14.7923
4544.30 14.7937
4544.35 14.7951
4544.40 14.7966
4544.45 14.7980
4544.50 14.7994
4544.55 14.8008
4544.60 14.8023
4544.65 14.8038
4544.70 14.8052
4544.75 14.8067
4544.80 14.8082
4544.85 14.8097
4544.90 14.8112
4544.95 14.8127
4545.00 14.8142
4545.05 14.8157
4545.10 14.8173
4545.15 14.8188
4545.20 14.8203
4545.25 14.8219
4545.30 14.8234
4545.35 14.8250
4545.40 14.8266
4545.45 14.8281
4545.50 14.8297
4545.55 14.8313
4545.60 14.8328
4545.65 14.8344
4545.70 14.8360
4545.75 14.8376
4545.80 14.8392
4545.85 14.8408
4545.90 14.8424
4545.95 14.8440
4546.00 14.8456
4546.05 14.8472
4546.10 14.8488
4546.15 14.8504
4546.20 14.8520
4546.25 14.8536
4546.30 14.8552
4546.35 14.8568
4546.40 14.8584
4546.45 14.8600
4546.50 14.8616
4546.55 14.8632
4546.60 14.8648
4546.65 14.8663
4546.70 14.8679
4546.75 14.8695
4546.80 14.8711
4546.85 14.8727
4546.90 14.8742
4546.95 14.8758
4547.00 14.8774
4547.05 14.8789
4547.10 14.8805
4547.15 14.8821
4547.20 14.8836
4547.25 14.8851
4547.30 14.8867
4547.35 14.8882
4547.40 14.8897
4547.45 14.8913
4547.50 14.8928
4547.55 14.8943
4547.60 14.8958
4547.65 14.8973
4547.70 14.8988
4547.75 14.9002
4547.80 14.9017
4547.85 14.9032
4547.90 14.9046
4547.95 14.9061
4548.00 14.9075
4548.05 14.9089
4548.10 14.9103
4548.15 14.9118
4548.20 14.9132
4548.25 14.9146
4548.30 14.9159
4548.35 14.9173
4548.40 14.9187
4548.45 14.9200
4548.50 14.9214
4548.55 14.9227
4548.60 14.9240
4548.65 14.9253
4548.70 14.9266
4548.75 14.9279
4548.80 14.9292
4548.85 14.9305
4548.90 14.9317
4548.95 14.9330
4549.00 14.9342
4549.05 14.9354
4549.10 14.9367
4549.15 14.9379
4549.20 14.9390
4549.25 14.9402
4549.30 14.9414
4549.35 14.9425
4549.40 14.9437
4549.45 14.9448
4549.50 14.9459
4549.55 14.9470
4549.60 14.9481
4549.65 14.9492
4549.70 14.9503
4549.75 14.9513
4549.80 14.9524
4549.85 14.9534
4549.90 14.9544
4549.95 14.9554
4550.00 14.9564
4550.05 14.9574
4550.10 14.9583
4550.15 14.9593
4550.20 14.9602
4550.25 14.9612
4550.30 14.9621
4550.35 14.9630
4550.40 14.9639
4550.45 14.9647
4550.50 14.9656
4550.55 14.9665
4550.60 14.9673
4550.65 14.9681
4550.70 14.9689
4550.75 14.9697
4550.80 14.9705
4550.85 14.9713
4550.90 14.9721
4550.95 14.9728
4551.00 14.9735
4551.05 14.9743
4551.10 14.9750
4551.15 14.9757
4551.20 14.9764
4551.25 14.9771
4551.30 14.9777
4551.35 14.9784
4551.40 14.9790
4551.45 14.9796
4551.50 14.9803
4551.55 14.9809
4551.60 14.9815
4551.65 14.9820
4551.70 14.9826
4551.75 14.9832
4551.80 14.9837
4551.85 14.9843
4551.90 14.9848
4551.95 14.9853
4552.00 14.9858
4552.05 14.9863
4552.10 14.9868
4552.15 14.9873
4552.20 14.9877
4552.25 14.9882
4552.30 14.9886
4552.35 14.9890
4552.40 14.9895
4552.45 14.9899
4552.50 14.9903
4552.55 14.9907
4552.60 14.9910
4552.65 14.9914
4552.70 14.9918
4552.75 14.9921
4552.80 14.9925
4552.85 14.9928
4552.90 14.9931
4552.95 14.9935
4553.00 14.9938
4553.05 14.9941
4553.10 14.9943
4553.15 14.9946
4553.20 14.9949
4553.25 14.9952
4553.30 14.9954
4553.35 14.9957
4553.40 14.9959
4553.45 14.9961
4553.50 14.9963
4553.55 14.9966
4553.60 14.9968
4553.65 14.9970
4553.70 14.9971
4553.75 14.9973
4553.80 14.9975
4553.85 14.9977
4553.90 14.9978
4553.95 14.9980
4554.00 14.9981
4554.05 14.9983
4554.10 14.9984
4554.15 14.9985
4554.20 14.9986
4554.25 14.9987
4554.30 14.9988
4554.35 14.9989
4554.40 14.9990
4554.45 14.9991
4554.50 14.9992
4554.55 14.9993
4554.60 14.9993
4554.65 14.9994
4554.70 14.9994
4554.75 14.9995
4554.80 14.9995
4554.85 14.9996
4554.90 14.9996
4554.95 14.9996
4555.00 14.9996
4555.05 14.9996
4555.10 14.9996
4555.15 14.9996
4555.20 14.9996
4555.25 14.9996
4555.30 14.9996
4555.35 14.9996
4555.40 14.9996
4555.45 14.9995
4555.50 14.9995
4555.55 14.9995
4555.60 14.9994
4555.65 14.9994
4555.70 14.9993
4555.75 14.9993
4555.80 14.9992
4555.85 14.9991
4555.90 14.9990
4555.95 14.9990
4556.00 14.9989
4556.05 14.9988
4556.10 14.9987
4556.15 14.9986
4556.20 14.9985
4556.25 14.9984
4556.30 14.9983
4556.35 14.9982
4556.40 14.9980
4556.45 14.9979
4556.50 14.9978
4556.55 14.9976
4556.60 14.9975
4556.65 14.9974
4556.70 14.9972
4556.75 14.9971
4556.80 14.9969
4556.85 14.9968
4556.90 14.9966
4556.95 14.9964
4557.00 14.9962
4557.05 14.9961
4557.10 14.9959
4557.15 14.9957
4557.20 14.9955
4557.25 14.9953
4557.30 14.9951
4557.35 14.9949
4557.40 14.9947
4557.45 14.9945
4557.50 14.9943
4557.55 14.9941
4557.60 14.9938
4557.65 14.9936
4557.70 14.9934
4557.75 14.9932
4557.80 14.9929
4557.85 14.9927
4557.90 14.9924
4557.95 14.9922
4558.00 14.9919
4558.05 14.9917
4558.10 14.9914
4558.15 14.9911
4558.20 14.9909
4558.25 14.9906
4558.30 14.9903
4558.35 14.9900
4558.40 14.9897
4558.45 14.9895
4558.50 14.9892
4558.55 14.9889
4558.60 14.9886
4558.65 14.9883
4558.70 14.9879
4558.75 14.9876
4558.80 14.9873
4558.85 14.9870
4558.90 14.9867
4558.95 14.9864
4559.00 14.9860
4559.05 14.9857
4559.10 14.9854
4559.15 14.9850
4559.20 14.9847
4559.25 14.9843
4559.30 14.9840
4559.35 14.9836
4559.40 14.9833
4559.45 14.9829
4559.50 14.9825
4559.55 14.9822
4559.60 14.9818
4559.65 14.9814
4559.70 14.9810
4559.75 14.9807
4559.80 14.9803
4559.85 14.9799
4559.90 14.9795
4559.95 14.9791
4560.00 14.9787
4560.05 14.9783
4560.10 14.9779
4560.15 14.9775
4560.20 14.9771
4560.25 14.9767
4560.30 14.9763
4560.35 14.9759
4560.40 14.9755
4560.45 14.9750
4560.50 14.9746
4560.55 14.9742
4560.60 14.9738
4560.65 14.9733
4560.70 14.9729
4560.75 14.9725
4560.80 14.9720
4560.85 14.9716
4560.90 14.9712
4560.95 14.9707
4561.00 14.9703
4561.05 14.9698
4561.10 14.9694
4561.15 14.9689
4561.20 14.9685
4561.25 14.9680
4561.30 14.9676
4561.35 14.9671
4561.40 14.9667
4561.45 14.9662
4561.50 14.9657
4561.55 14.9653
4561.60 14.9648
4561.65 14.9644
4561.70 14.9639
4561.75 14.9634
4561.80 14.9630
4561.85 14.9625
4561.90 14.9620
4561.95 14.9616
4562.00 14.9611
4562.05 14.9606
4562.10 14.9602
4562.15 14.9597
4562.20 14.9592
4562.25 14.9588
4562.30 14.9583
4562.35 14.9578
4562.40 14.9573
4562.45 14.9569
4562.50 14.9564
4562.55 14.9559
4562.60 14.9555
4562.65 14.9550
4562.70 14.9545
4562.75 14.9541
4562.80 14.9536
4562.85 14.9531
4562.90 14.9527
4562.95 14.9522
4563.00 14.9517
4563.05 14.9513
4563.10 14.9508
4563.15 14.9503
4563.20 14.9499
4563.25 14.9494
4563.30 14.9490
4563.35 14.9485
4563.40 14.9480
4563.45 14.9476
4563.50 14.9471
4563.55 14.9467
4563.60 14.9462
4563.65 14.9458
4563.70 14.9453
4563.75 14.9449
4563.80 14.9444
4563.85 14.9440
4563.90 14.9436
4563.95 14.9431
4564.00 14.9427
4564.05 14.9422
4564.10 14.9418
4564.15 14.9414
4564.20 14.9409
4564.25 14.9405
4564.30 14.9401
4564.35 14.9397
4564.40 14.9392
4564.45 14.9388
4564.50 14.9384
4564.55 14.9380
4564.60 14.9376
4564.65 14.9372
4564.70 14.9368
4564.75 14.9363
4564.80 14.9359
4564.85 14.9355
4564.90 14.9351
4564.95 14.9347
4565.00 14.9344
4565.05 14.9340
4565.10 14.9336
4565.15 14.9332
4565.20 14.9328
4565.25 14.9324
4565.30 14.9320
4565.35 14.9317
4565.40 14.9313
4565.45 14.9309
4565.50 14.9305
4565.55 14.9302
4565.60 14.9298
4565.65 14.9294
4565.70 14.9291
4565.75 14.9287
4565.80 14.9284
4565.85 14.9280
4565.90 14.9277
4565.95 14.9273
4566.00 14.9270
4566.05 14.9266
4566.10 14.9263
4566.15 14.9259
4566.20 14.9256
4566.25 14.9253
4566.30 14.9249
4566.35 14.9246
4566.40 14.9243
4566.45 14.9239
4566.50 14.9236
4566.55 14.9233
4566.60 14.9229
4566.65 14.9226
4566.70 14.9223
4566.75 14.9220
4566.80 14.9217
4566.85 14.9214
4566.90 14.9210
4566.95 14.9207
4567.00 14.9204
4567.05 14.9201
4567.10 14.9198
4567.15 14.9195
4567.20 14.9192
4567.25 14.9189
4567.30 14.9186
4567.35 14.9183
4567.40 14.9180
4567.45 14.9177
4567.50 14.9174
4567.55 14.9171
4567.60 14.9168
4567.65 14.9165
4567.70 14.9162
4567.75 14.9159
4567.80 14.9156
4567.85 14.9153
4567.90 14.9150
4567.95 14.9147
4568.00 14.9144
4568.05 14.9141
4568.10 14.9138
4568.15 14.9135
4568.20 14.9132
4568.25 14.9129
4568.30 14.9126
4568.35 14.9123
4568.40 14.9120
4568.45 14.9117
4568.50 14.9114
4568.55 14.9111
4568.60 14.9108
4568.65 14.9105
4568.70 14.9102
4568.75 14.9099
4568.80 14.9096
4568.85 14.9093
4568.90 14.9090
4568.95 14.9087
4569.00 14.9083
4569.05 14.9080
4569.10 14.9077
4569.15 14.9074
4569.20 14.9071
4569.25 14.9067
4569.30 14.9064
4569.35 14.9061
4569.40 14.9058
4569.45 14.9054
4569.50 14.9051
4569.55 14.9048
4569.60 14.9044
4569.65 14.9041
4569.70 14.9037
4569.75 14.9034
4569.80 14.9030
4569.85 14.9027
4569.90 14.9023
4569.95 14.9020
4570.00 14.9016
4570.05 14.9013
4570.10 14.9009
4570.15 14.9005
4570.20 14.9001
4570.25 14.8998
4570.30 14.8994
4570.35 14.8990
4570.40 14.8986
4570.45 14.8982
4570.50 14.8978
4570.55 14.8974
4570.60 14.8970
4570.65 14.8966
4570.70 14.8962
4570.75 14.8958
4570.80 14.8954
4570.85 14.8950
4570.90 14.8945
4570.95 14.8941
4571.00 14.8937
4571.05 14.8932
4571.10 14.8928
4571.15 14.8924
4571.20 14.8919
4571.25 14.8915
4571.30 14.8910
4571.35 14.8905
4571.40 14.8901
4571.45 14.8896
4571.50 14.8891
4571.55 14.8887
4571.60 14.8882
4571.65 14.8877
4571.70 14.8872
4571.75 14.8867
4571.80 14.8862
4571.85 14.8857
4571.90 14.8852
4571.95 14.8847
4572.00 14.8842
4572.05 14.8837
4572.10 14.8831
4572.15 14.8826
4572.20 14.8821
4572.25 14.8815
4572.30 14.8810
4572.35 14.8804
4572.40 14.8799
4572.45 14.8793
4572.50 14.8788
4572.55 14.8782
4572.60 14.8777
4572.65 14.8771
4572.70 14.8765
4572.75 14.8760
4572.80 14.8754
4572.85 14.8748
4572.90 14.8742
4572.95 14.8736
4573.00 14.8730
4573.05 14.8724
4573.10 14.8718
4573.15 14.8712
4573.20 14.8706
4573.25 14.8700
4573.30 14.8694
4573.35 14.8688
4573.40 14.8682
4573.45 14.8676
4573.50 14.8669
4573.55 14.8663
4573.60 14.8657
4573.65 14.8651
4573.70 14.8644
4573.75 14.8638
4573.80 14.8631
4573.85 14.8625
4573.90 14.8619
4573.95 14.8612
4574.00 14.8606
4574.05 14.8599
4574.10 14.8593
4574.15 14.8586
4574.20 14.8580
4574.25 14.8573
4574.30 14.8567
4574.35 14.8560
4574.40 14.8554
4574.45 14.8547
4574.50 14.8540
4574.55 14.8534
4574.60 14.8527
4574.65 14.8521
4574.70 14.8514
4574.75 14.8507
4574.80 14.8501
4574.85 14.8494
4574.90 14.8488
4574.95 14.8481
4575.00 14.8474
4575.05 14.8468
4575.10 14.8461
4575.15 14.8455
4575.20 14.8448
4575.25 14.8441
4575.30 14.8435
4575.35 14.8428
4575.40 14.8422
4575.45 14.8415
4575.50 14.8409
4575.55 14.8402
4575.60 14.8396
4575.65 14.8389
4575.70 14.8383
4575.75 14.8376
4575.80 14.8370
4575.85 14.8363
4575.90 14.8357
4575.95 14.8351
4576.00 14.8344
4576.05 14.8338
4576.10 14.8332
4576.15 14.8325
4576.20 14.8319
4576.25 14.8313
4576.30 14.8307
4576.35 14.8301
4576.40 14.8294
4576.45 14.8288
4576.50 14.8282
4576.55 14.8276
4576.60 14.8270
4576.65 14.8264
4576.70 14.8258
4576.75 14.8253
4576.80 14.8247
4576.85 14.8241
4576.90 14.8235
4576.95 14.8229
4577.00 14.8224
4577.05 14.8218
4577.10 14.8213
4577.15 14.8207
4577.20 14.8202
4577.25 14.8196
4577.30 14.8191
4577.35 14.8185
4577.40 14.8180
4577.45 14.8175
4577.50 14.8170
4577.55 14.8164
4577.60 14.8159
4577.65 14.8154
4577.70 14.8149
4577.75 14.8144
4577.80 14.8139
4577.85 14.8135
4577.90 14.8130
4577.95 14.8125
4578.00 14.8120
4578.05 14.8116
4578.10 14.8111
4578.15 14.8107
4578.20 14.8102
4578.25 14.8098
4578.30 14.8093
4578.35 14.8089
4578.40 14.8085
4578.45 14.8081
4578.50 14.8077
4578.55 14.8073
4578.60 14.8069
4578.65 14.8065
4578.70 14.8061
4578.75 14.8057
4578.80 14.8053
4578.85 14.8050
4578.90 14.8046
4578.95 14.8042
4579.00 14.8039
4579.05 14.8035
4579.10 14.8032
4579.15 14.8029
4579.20 14.8025
4579.25 14.8022
4579.30 14.8019
4579.35 14.8016
4579.40 14.8013
4579.45 14.8010
4579.50 14.8007
4579.55 14.8004
4579.60 14.8001
4579.65 14.7998
4579.70 14.7996
4579.75 14.7993
4579.80 14.7990
4579.85 14.7988
4579.90 14.7985
4579.95 14.7983
4580.00 14.7980
4580.05 14.7978
4580.10 14.7976
4580.15 14.7974
4580.20 14.7971
4580.25 14.7969
4580.30 14.7967
4580.35 14.7965
4580.40 14.7963
4580.45 14.7961
4580.50 14.7959
4580.55 14.7957
4580.60 14.7956
4580.65 14.7954
4580.70 14.7952
4580.75 14.7950
4580.80 14.7949
4580.85 14.7947
4580.90 14.7946
4580.95 14.7944
4581.00 14.7943
4581.05 14.7941
4581.10 14.7940
4581.15 14.7938
4581.20 14.7937
4581.25 14.7936
4581.30 14.7935
4581.35 14.7933
4581.40 14.7932
4581.45 14.7931
4581.50 14.7930
4581.55 14.7929
4581.60 14.7928
4581.65 14.7927
4581.70 14.7925
4581.75 14.7924
4581.80 14.7923
4581.85 14.7922
4581.90 14.7921
4581.95 14.7921
4582.00 14.7920
4582.05 14.7919
4582.10 14.7918
4582.15 14.7917
4582.20 14.7916
4582.25 14.7915
4582.30 14.7914
4582.35 14.7913
4582.40 14.7912
4582.45 14.7912
4582.50 14.7911
4582.55 14.7910
4582.60 14.7909
4582.65 14.7908
4582.70 14.7907
4582.75 14.7906
4582.80 14.7906
4582.85 14.7905
4582.90 14.7904
4582.95 14.7903
4583.00 14.7902
4583.05 14.7901
4583.10 14.7900
4583.15 14.7899
4583.20 14.7898
4583.25 14.7897
4583.30 14.7896
4583.35 14.7895
4583.40 14.7894
4583.45 14.7893
4583.50 14.7892
4583.55 14.7891
4583.60 14.7889
4583.65 14.7888
4583.70 14.7887
4583.75 14.7886
4583.80 14.7884
4583.85 14.7883
4583.90 14.7882
4583.95 14.7880
4584.00 14.7879
4584.05 14.7877
4584.10 14.7876
4584.15 14.7874
4584.20 14.7872
4584.25 14.7870
4584.30 14.7869
4584.35 14.7867
4584.40 14.7865
4584.45 14.7863
4584.50 14.7861
4584.55 14.7859
4584.60 14.7857
4584.65 14.7855
4584.70 14.7852
4584.75 14.7850
4584.80 14.7848
4584.85 14.7845
4584.90 14.7843
4584.95 14.7840
4585.00 14.7837
4585.05 14.7834
4585.10 14.7832
4585.15 14.7829
4585.20 14.7826
4585.25 14.7823
4585.30 14.7819
4585.35 14.7816
4585.40 14.7813
4585.45 14.7809
4585.50 14.7806
4585.55 14.7802
4585.60 14.7798
4585.65 14.7795
4585.70 14.7791
4585.75 14.7787
4585.80 14.7783
4585.85 14.7778
4585.90 14.7774
4585.95 14.7770
4586.00 14.7765
4586.05 14.7760
4586.10 14.7756
4586.15 14.7751
4586.20 14.7746
4586.25 14.7741
4586.30 14.7736
4586.35 14.7730
4586.40 14.7725
4586.45 14.7719
4586.50 14.7714
4586.55 14.7708
4586.60 14.7702
4586.65 14.7696
4586.70 14.7690
4586.75 14.7684
4586.80 14.7677
4586.85 14.7671
4586.90 14.7664
4586.95 14.7657
4587.00 14.7651
4587.05 14.7644
4587.10 14.7636
4587.15 14.7629
4587.20 14.7622
4587.25 14.7614
4587.30 14.7607
4587.35 14.7599
4587.40 14.7591
4587.45 14.7583
4587.50 14.7574
4587.55 14.7566
4587.60 14.7558
4587.65 14.7549
4587.70 14.7540
4587.75 14.7531
4587.80 14.7522
4587.85 14.7513
4587.90 14.7504
4587.95 14.7494
4588.00 14.7485
4588.05 14.7475
4588.10 14.7465
4588.15 14.7455
4588.20 14.7445
4588.25 14.7434
4588.30 14.7424
4588.35 14.7413
4588.40 14.7402
4588.45 14.7391
4588.50 14.7380
4588.55 14.7369
4588.60 14.7358
4588.65 14.7346
4588.70 14.7334
4588.75 14.7323
4588.80 14.7311
4588.85 14.7298
4588.90 14.7286
4588.95 14.7274
4589.00 14.7261
4589.05 14.7248
4589.10 14.7236
4589.15 14.7223
4589.20 14.7209
4589.25 14.7196
4589.30 14.7183
4589.35 14.7169
4589.40 14.7155
4589.45 14.7141
4589.50 14.7127
4589.55 14.7113
4589.60 14.7099
4589.65 14.7084
4589.70 14.7070
4589.75 14.7055
4589.80 14.7040
4589.85 14.7025
4589.90 14.7010
4589.95 14.6994
4590.00 14.6979
4590.05 14.6963
4590.10 14.6947
4590.15 14.6931
4590.20 14.6915
4590.25 14.6899
4590.30 14.6883
4590.35 14.6866
4590.40 14.6850
4590.45 14.6833
4590.50 14.6816
4590.55 14.6799
4590.60 14.6782
4590.65 14.6765
4590.70 14.6747
4590.75 14.6730
4590.80 14.6712
4590.85 14.6694
4590.90 14.6676
4590.95 14.6658
4591.00 14.6640
4591.05 14.6622
4591.10 14.6603
4591.15 14.6585
4591.20 14.6566
4591.25 14.6547
4591.30 14.6528
4591.35 14.6509
4591.40 14.6490
4591.45 14.6471
4591.50 14.6452
4591.55 14.6432
4591.60 14.6413
4591.65 14.6393
4591.70 14.6373
4591.75 14.6353
4591.80 14.6333
4591.85 14.6313
4591.90 14.6293
4591.95 14.6273
4592.00 14.6252
4592.05 14.6232
4592.10 14.6211
4592.15 14.6191
4592.20 14.6170
4592.25 14.6149
4592.30 14.6128
4592.35 14.6107
4592.40 14.6086
4592.45 14.6065
4592.50 14.6044
4592.55 14.6022
4592.60 14.6001
4592.65 14.5979
4592.70 14.5958
4592.75 14.5936
4592.80 14.5915
4592.85 14.5893
4592.90 14.5871
4592.95 14.5849
4593.00 14.5827
4593.05 14.5805
4593.10 14.5783
4593.15 14.5761
4593.20 14.5739
4593.25 14.5716
4593.30 14.5694
4593.35 14.5672
4593.40 14.5649
4593.45 14.5627
4593.50 14.5604
4593.55 14.5582
4593.60 14.5559
4593.65 14.5537
4593.70 14.5514
4593.75 14.5491
4593.80 14.5469
4593.85 14.5446
4593.90 14.5423
4593.95 14.5400
4594.00 14.5377
4594.05 14.5355
4594.10 14.5332
4594.15 14.5309
4594.20 14.5286
4594.25 14.5263
4594.30 14.5240
4594.35 14.5217
4594.40 14.5194
4594.45 14.5171
4594.50 14.5148
4594.55 14.5125
4594.60 14.5102
4594.65 14.5079
4594.70 14.5056
4594.75 14.5033
4594.80 14.5010
4594.85 14.4986
4594.90 14.4963
4594.95 14.4940
4595.00 14.4917
4595.05 14.4894
4595.10 14.4871
4595.15 14.4848
4595.20 14.4825
4595.25 14.4802
4595.30 14.4779
4595.35 14.4756
4595.40 14.4733
4595.45 14.4710
4595.50 14.4688
4595.55 14.4665
4595.60 14.4642
4595.65 14.4619
4595.70 14.4596
4595.75 14.4573
4595.80 14.4551
4595.85 14.4528
4595.90 14.4505
4595.95 14.4483
4596.00 14.4460
4596.05 14.4437
4596.10 14.4415
4596.15 14.4392
4596.20 14.4370
4596.25 14.4347
4596.30 14.4325
4596.35 14.4303
4596.40 14.4280
4596.45 14.4258
4596.50 14.4236
4596.55 14.4214
4596.60 14.4192
4596.65 14.4170
4596.70 14.4148
4596.75 14.4126
4596.80 14.4104
4596.85 14.4082
4596.90 14.4060
4596.95 14.4038
4597.00 14.4017
4597.05 14.3995
4597.10 14.3974
4597.15 14.3952
4597.20 14.3931
4597.25 14.3909
4597.30 14.3888
4597.35 14.3867
4597.40 14.3845
4597.45 14.3824
4597.50 14.3803
4597.55 14.3782
4597.60 14.3761
4597.65 14.3740
4597.70 14.3720
4597.75 14.3699
4597.80 14.3678
4597.85 14.3658
4597.90 14.3637
4597.95 14.3617
4598.00 14.3596
4598.05 14.3576
4598.10 14.3556
4598.15 14.3536
4598.20 14.3515
4598.25 14.3495
4598.30 14.3475
4598.35 14.3456
4598.40 14.3436
4598.45 14.3416
4598.50 14.3396
4598.55 14.3377
4598.60 14.3357
4598.65 14.3338
4598.70 14.3319
4598.75 14.3299
4598.80 14.3280
4598.85 14.3261
4598.90 14.3242
4598.95 14.3223
4599.00 14.3204
4599.05 14.3185
4599.10 14.3167
4599.15 14.3148
4599.20 14.3130
4599.25 14.3111
4599.30 14.3093
4599.35 14.3074
4599.40 14.3056
4599.45 14.3038
4599.50 14.3020
4599.55 14.3002
4599.60 14.2984
4599.65 14.2966
4599.70 14.2949
4599.75 14.2931
4599.80 14.2913
4599.85 14.2896
4599.90 14.2879
4599.95 14.2861
4600.00 14.2844
4600.05 14.2827
4600.10 14.2810
4600.15 14.2793
4600.20 14.2776
4600.25 14.2759
4600.30 14.2743
4600.35 14.2726
4600.40 14.2709
4600.45 14.2693
4600.50 14.2676
4600.55 14.2660
4600.60 14.2644
4600.65 14.2628
4600.70 14.2612
4600.75 14.2596
4600.80 14.2580
4600.85 14.2564
4600.90 14.2549
4600.95 14.2533
4601.00 14.2517
4601.05 14.2502
4601.10 14.2487
4601.15 14.2471
4601.20 14.2456
4601.25 14.2441
4601.30 14.2426
4601.35 14.2411
4601.40 14.2396
4601.45 14.2381
4601.50 14.2367
4601.55 14.2352
4601.60 14.2338
4601.65 14.2323
4601.70 14.2309
4601.75 14.2294
4601.80 14.2280
4601.85 14.2266
4601.90 14.2252
4601.95 14.2238
4602.00 14.2224
4602.05 14.2211
4602.10 14.2197
4602.15 14.2183
4602.20 14.2170
4602.25 14.2156
4602.30 14.2143
4602.35 14.2130
4602.40 14.2117
4602.45 14.2104
4602.50 14.2091
4602.55 14.2078
4602.60 14.2065
4602.65 14.2052
4602.70 14.2039
4602.75 14.2027
4602.80 14.2014
4602.85 14.2002
4602.90 14.1990
4602.95 14.1977
4603.00 14.1965
4603.05 14.1953
4603.10 14.1941
4603.15 14.1929
4603.20 14.1917
4603.25 14.1906
4603.30 14.1894
4603.35 14.1883
4603.40 14.1871
4603.45 14.1860
4603.50 14.1848
4603.55 14.1837
4603.60 14.1826
4603.65 14.1815
4603.70 14.1804
4603.75 14.1793
4603.80 14.1782
4603.85 14.1772
4603.90 14.1761
4603.95 14.1751
4604.00 14.1740
4604.05 14.1730
4604.10 14.1719
4604.15 14.1709
4604.20 14.1699
4604.25 14.1689
4604.30 14.1679
4604.35 14.1669
4604.40 14.1659
4604.45 14.1650
4604.50 14.1640
4604.55 14.1631
4604.60 14.1621
4604.65 14.1612
4604.70 14.1603
4604.75 14.1593
4604.80 14.1584
4604.85 14.1575
4604.90 14.1566
4604.95 14.1558
4605.00 14.1549
4605.05 14.1540
4605.10 14.1532
4605.15 14.1523
4605.20 14.1515
4605.25 14.1507
4605.30 14.1498
4605.35 14.1490
4605.40 14.1482
4605.45 14.1474
4605.50 14.1466
4605.55 14.1458
4605.60 14.1451
4605.65 14.1443
4605.70 14.1436
4605.75 14.1428
4605.80 14.1421
4605.85 14.1414
4605.90 14.1406
4605.95 14.1399
4606.00 14.1392
4606.05 14.1385
4606.10 14.1379
4606.15 14.1372
4606.20 14.1365
4606.25 14.1359
4606.30 14.1352
4606.35 14.1346
4606.40 14.1339
4606.45 14.1333
4606.50 14.1327
4606.55 14.1321
4606.60 14.1315
4606.65 14.1309
4606.70 14.1304
4606.75 14.1298
4606.80 14.1292
4606.85 14.1287
4606.90 14.1281
4606.95 14.1276
4607.00 14.1271
4607.05 14.1266
4607.10 14.1260
4607.15 14.1256
4607.20 14.1251
4607.25 14.1246
4607.30 14.1241
4607.35 14.1236
4607.40 14.1232
4607.45 14.1227
4607.50 14.1223
4607.55 14.1219
4607.60 14.1215
4607.65 14.1210
4607.70 14.1206
4607.75 14.1203
4607.80 14.1199
4607.85 14.1195
4607.90 14.1191
4607.95 14.1188
4608.00 14.1184
4608.05 14.1181
4608.10 14.1177
4608.15 14.1174
4608.20 14.1171
4608.25 14.1168
4608.30 14.1165
4608.35 14.1162
4608.40 14.1159
4608.45 14.1156
4608.50 14.1154
4608.55 14.1151
4608.60 14.1149
4608.65 14.1146
4608.70 14.1144
4608.75 14.1142
4608.80 14.1140
4608.85 14.1138
4608.90 14.1136
4608.95 14.1134
4609.00 14.1132
4609.05 14.1130
4609.10 14.1129
4609.15 14.1127
4609.20 14.1126
4609.25 14.1124
4609.30 14.1123
4609.35 14.1122
4609.40 14.1120
4609.45 14.1119
4609.50 14.1118
4609.55 14.1117
4609.60 14.1117
4609.65 14.1116
4609.70 14.1115
4609.75 14.1114
4609.80 14.1114
4609.85 14.1113
4609.90 14.1113
4609.95 14.1113
4610.00 14.1112
4610.05 14.1112
4610.10 14.1112
4610.15 14.1112
4610.20 14.1112
4610.25 14.1112
4610.30 14.1112
4610.35 14.1112
4610.40 14.1113
4610.45 14.1113
4610.50 14.1113
4610.55 14.1114
4610.60 14.1114
4610.65 14.1115
4610.70 14.1116
4610.75 14.1116
4610.80 14.1117
4610.85 14.1118
4610.90 14.1119
4610.95 14.1120
4611.00 14.1121
4611.05 14.1122
4611.10 14.1123
4611.15 14.1124
4611.20 14.1125
4611.25 14.1126
4611.30 14.1128
4611.35 14.1129
4611.40 14.1131
4611.45 14.1132
4611.50 14.1134
4611.55 14.1135
4611.60 14.1137
4611.65 14.1138
4611.70 14.1140
4611.75 14.1142
4611.80 14.1143
4611.85 14.1145
4611.90 14.1147
4611.95 14.1149
4612.00 14.1151
4612.05 14.1153
4612.10 14.1155
4612.15 14.1157
4612.20 14.1159
4612.25 14.1161
4612.30 14.1163
4612.35 14.1165
4612.40 14.1167
4612.45 14.1169
4612.50 14.1171
4612.55 14.1173
4612.60 14.1176
4612.65 14.1178
4612.70 14.1180
4612.75 14.1182
4612.80 14.1184
4612.85 14.1187
4612.90 14.1189
4612.95 14.1191
4613.00 14.1194
4613.05 14.1196
4613.10 14.1198
4613.15 14.1200
4613.20 14.1203
4613.25 14.1205
4613.30 14.1207
4613.35 14.1210
4613.40 14.1212
4613.45 14.1214
4613.50 14.1216
4613.55 14.1219
4613.60 14.1221
4613.65 14.1223
4613.70 14.1225
4613.75 14.1227
4613.80 14.1230
4613.85 14.1232
4613.90 14.1234
4613.95 14.1236
4614.00 14.1238
4614.05 14.1240
4614.10 14.1242
4614.15 14.1244
4614.20 14.1246
4614.25 14.1248
4614.30 14.1250
4614.35 14.1252
4614.40 14.1254
4614.45 14.1255
4614.50 14.1257
4614.55 14.1259
4614.60 14.1260
4614.65 14.1262
4614.70 14.1264
4614.75 14.1265
4614.80 14.1267
4614.85 14.1268
4614.90 14.1269
4614.95 14.1271
4615.00 14.1272
4615.05 14.1273
4615.10 14.1274
4615.15 14.1275
4615.20 14.1276
4615.25 14.1277
4615.30 14.1278
4615.35 14.1279
4615.40 14.1280
4615.45 14.1280
4615.50 14.1281
4615.55 14.1281
4615.60 14.1282
4615.65 14.1282
4615.70 14.1282
4615.75 14.1283
4615.80 14.1283
4615.85 14.1283
4615.90 14.1283
4615.95 14.1283
4616.00 14.1283
4616.05 14.1282
4616.10 14.1282
4616.15 14.1281
4616.20 14.1281
4616.25 14.1280
4616.30 14.1280
4616.35 14.1279
4616.40 14.1278
4616.45 14.1277
4616.50 14.1276
4616.55 14.1275
4616.60 14.1273
4616.65 14.1272
4616.70 14.1270
4616.75 14.1269
4616.80 14.1267
4616.85 14.1265
4616.90 14.1263
4616.95 14.1261
4617.00 14.1259
4617.05 14.1257
4617.10 14.1255
4617.15 14.1252
4617.20 14.1250
4617.25 14.1247
4617.30 14.1244
4617.35 14.1242
4617.40 14.1239
4617.45 14.1235
4617.50 14.1232
4617.55 14.1229
4617.60 14.1226
4617.65 14.1222
4617.70 14.1218
4617.75 14.1215
4617.80 14.1211
4617.85 14.1207
4617.90 14.1203
4617.95 14.1199
4618.00 14.1194
4618.05 14.1190
4618.10 14.1185
4618.15 14.1181
4618.20 14.1176
4618.25 14.1171
4618.30 14.1166
4618.35 14.1161
4618.40 14.1155
4618.45 14.1150
4618.50 14.1145
4618.55 14.1139
4618.60 14.1133
4618.65 14.1127
4618.70 14.1121
4618.75 14.1115
4618.80 14.1109
4618.85 14.1103
4618.90 14.1097
4618.95 14.1090
4619.00 14.1083
4619.05 14.1077
4619.10 14.1070
4619.15 14.1063
4619.20 14.1056
4619.25 14.1049
4619.30 14.1041
4619.35 14.1034
4619.40 14.1026
4619.45 14.1019
4619.50 14.1011
4619.55 14.1003
4619.60 14.0995
4619.65 14.0987
4619.70 14.0979
4619.75 14.0970
4619.80 14.0962
4619.85 14.0954
4619.90 14.0945
4619.95 14.0936
4620.00 14.0927
4620.05 14.0918
4620.10 14.0909
4620.15 14.0900
4620.20 14.0891
4620.25 14.0882
4620.30 14.0872
4620.35 14.0863
4620.40 14.0853
4620.45 14.0843
4620.50 14.0834
4620.55 14.0824
4620.60 14.0814
4620.65 14.0804
4620.70 14.0793
4620.75 14.0783
4620.80 14.0773
4620.85 14.0762
4620.90 14.0752
4620.95 14.0741
4621.00 14.0730
4621.05 14.0720
4621.10 14.0709
4621.15 14.0698
4621.20 14.0687
4621.25 14.0676
4621.30 14.0664
4621.35 14.0653
4621.40 14.0642
4621.45 14.0630
4621.50 14.0619
4621.55 14.0607
4621.60 14.0596
4621.65 14.0584
4621.70 14.0572
4621.75 14.0560
4621.80 14.0548
4621.85 14.0536
4621.90 14.0524
4621.95 14.0512
4622.00 14.0500
4622.05 14.0488
4622.10 14.0475
4622.15 14.0463
4622.20 14.0450
4622.25 14.0438
4622.30 14.0425
4622.35 14.0413
4622.40 14.0400
4622.45 14.0387
4622.50 14.0374
4622.55 14.0361
4622.60 14.0349
4622.65 14.0336
4622.70 14.0323
4622.75 14.0310
4622.80 14.0296
4622.85 14.0283
4622.90 14.0270
4622.95 14.0257
4623.00 14.0243
4623.05 14.0230
4623.10 14.0217
4623.15 14.0203
4623.20 14.0190
4623.25 14.0176
4623.30 14.0163
4623.35 14.0149
4623.40 14.0135
4623.45 14.0122
4623.50 14.0108
4623.55 14.0094
4623.60 14.0080
4623.65 14.0066
4623.70 14.0053
4623.75 14.0039
4623.80 14.0025
4623.85 14.0011
4623.90 13.9997
4623.95 13.9983
4624.00 13.9968
4624.05 13.9954
4624.10 13.9940
4624.15 13.9926
4624.20 13.9912
4624.25 13.9897
4624.30 13.9883
4624.35 13.9869
4624.40 13.9854
4624.45 13.9840
4624.50 13.9826
4624.55 13.9811
4624.60 13.9797
4624.65 13.9782
4624.70 13.9768
4624.75 13.9753
4624.80 13.9738
4624.85 13.9724
4624.90 13.9709
4624.95 13.9695
4625.00 13.9680
4625.05 13.9665
4625.10 13.9650
4625.15 13.9635
4625.20 13.9621
4625.25 13.9606
4625.30 13.9591
4625.35 13.9576
4625.40 13.9561
4625.45 13.9546
4625.50 13.9531
4625.55 13.9516
4625.60 13.9501
4625.65 13.9486
4625.70 13.9470
4625.75 13.9455
4625.80 13.9440
4625.85 13.9425
4625.90 13.9410
4625.95 13.9394
4626.00 13.9379
4626.05 13.9364
4626.10 13.9348
4626.15 13.9333
4626.20 13.9317
4626.25 13.9302
4626.30 13.9286
4626.35 13.9270
4626.40 13.9255
4626.45 13.9239
4626.50 13.9223
4626.55 13.9208
4626.60 13.9192
4626.65 13.9176
4626.70 13.9160
4626.75 13.9144
4626.80 13.9128
4626.85 13.9112
4626.90 13.9096
4626.95 13.9080
4627.00 13.9064
4627.05 13.9048
4627.10 13.9032
4627.15 13.9015
4627.20 13.8999
4627.25 13.8983
4627.30 13.8966
4627.35 13.8950
4627.40 13.8933
4627.45 13.8917
4627.50 13.8900
4627.55 13.8883
4627.60 13.8866
4627.65 13.8850
4627.70 13.8833
4627.75 13.8816
4627.80 13.8799
4627.85 13.8782
4627.90 13.8765
4627.95 13.8748
4628.00 13.8731
4628.05 13.8713
4628.10 13.8696
4628.15 13.8679
4628.20 13.8661
4628.25 13.8644
4628.30 13.8626
4628.35 13.8609
4628.40 13.8591
4628.45 13.8573
4628.50 13.8556
4628.55 13.8538
4628.60 13.8520
4628.65 13.8502
4628.70 13.8484
4628.75 13.8466
4628.80 13.8447
4628.85 13.8429
4628.90 13.8411
4628.95 13.8392
4629.00 13.8374
4629.05 13.8355
4629.10 13.8337
4629.15 13.8318
4629.20 13.8299
4629.25 13.8281
4629.30 13.8262
4629.35 13.8243
4629.40 13.8224
4629.45 13.8205
4629.50 13.8185
4629.55 13.8166
4629.60 13.8147
4629.65 13.8127
4629.70 13.8108
4629.75 13.8088
4629.80 13.8069
4629.85 13.8049
4629.90 13.8029
4629.95 13.8010
4630.00 13.7990
4630.05 13.7970
4630.10 13.7950
4630.15 13.7929
4630.20 13.7909
4630.25 13.7889
4630.30 13.7869
4630.35 13.7848
4630.40 13.7828
4630.45 13.7807
4630.50 13.7787
4630.55 13.7766
4630.60 13.7745
4630.65 13.7724
4630.70 13.7703
4630.75 13.7682
4630.80 13.7661
4630.85 13.7640
4630.90 13.7619
4630.95 13.7598
4631.00 13.7576
4631.05 13.7555
4631.10 13.7534
4631.15 13.7512
4631.20 13.7491
4631.25 13.7469
4631.30 13.7447
4631.35 13.7426
4631.40 13.7404
4631.45 13.7382
4631.50 13.7360
4631.55 13.7338
4631.60 13.7316
4631.65 13.7294
4631.70 13.7272
4631.75 13.7250
4631.80 13.7227
4631.85 13.7205
4631.90 13.7183
4631.95 13.7160
4632.00 13.7138
4632.05 13.7116
4632.10 13.7093
4632.15 13.7071
4632.20 13.7048
4632.25 13.7025
4632.30 13.7003
4632.35 13.6980
4632.40 13.6957
4632.45 13.6935
4632.50 13.6912
4632.55 13.6889
4632.60 13.6866
4632.65 13.6844
4632.70 13.6821
4632.75 13.6798
4632.80 13.6775
4632.85 13.6752
4632.90 13.6729
4632.95 13.6707
4633.00 13.6684
4633.05 13.6661
4633.10 13.6638
4633.15 13.6615
4633.20 13.6592
4633.25 13.6569
4633.30 13.6547
4633.35 13.6524
4633.40 13.6501
4633.45 13.6478
4633.50 13.6455
4633.55 13.6433
4633.60 13.6410
4633.65 13.6387
4633.70 13.6364
4633.75 13.6342
4633.80 13.6319
4633.85 13.6297
4633.90 13.6274
4633.95 13.6252
4634.00 13.6229
4634.05 13.6207
4634.10 13.6185
4634.15 13.6162
4634.20 13.6140
4634.25 13.6118
4634.30 13.6096
4634.35 13.6074
4634.40 13.6052
4634.45 13.6030
4634.50 13.6008
4634.55 13.5987
4634.60 13.5965
4634.65 13.5943
4634.70 13.5922
4634.75 13.5901
4634.80 13.5879
4634.85 13.5858
4634.90 13.5837
4634.95 13.5816
4635.00 13.5795
4635.05 13.5775
4635.10 13.5754
4635.15 13.5734
4635.20 13.5713
4635.25 13.5693
4635.30 13.5673
4635.35 13.5653
4635.40 13.5633
4635.45 13.5613
4635.50 13.5594
4635.55 13.5574
4635.60 13.5555
4635.65 13.5536
4635.70 13.5517
4635.75 13.5498
4635.80 13.5480
4635.85 13.5461
4635.90 13.5443
4635.95 13.5425
4636.00 13.5407
4636.05 13.5389
4636.10 13.5371
4636.15 13.5354
4636.20 13.5336
4636.25 13.5319
4636.30 13.5302
4636.35 13.5286
4636.40 13.5269
4636.45 13.5253
4636.50 13.5237
4636.55 13.5221
4636.60 13.5205
4636.65 13.5190
4636.70 13.5175
4636.75 13.5160
4636.80 13.5145
4636.85 13.5130
4636.90 13.5116
4636.95 13.5102
4637.00 13.5088
4637.05 13.5074
4637.10 13.5061
4637.15 13.5047
4637.20 13.5035
4637.25 13.5022
4637.30 13.5009
4637.35 13.4997
4637.40 13.4985
4637.45 13.4973
4637.50 13.4962
4637.55 13.4951
4637.60 13.4940
4637.65 13.4929
4637.70 13.4919
4637.75 13.4909
4637.80 13.4899
4637.85 13.4889
4637.90 13.4880
4637.95 13.4871
4638.00 13.4862
4638.05 13.4853
4638.10 13.4845
4638.15 13.4837
4638.20 13.4829
4638.25 13.4822
4638.30 13.4815
4638.35 13.4808
4638.40 13.4801
4638.45 13.4795
4638.50 13.4789
4638.55 13.4784
4638.60 13.4778
4638.65 13.4773
4638.70 13.4768
4638.75 13.4764
4638.80 13.4760
4638.85 13.4756
4638.90 13.4752
4638.95 13.4749
4639.00 13.4746
4639.05 13.4743
4639.10 13.4741
4639.15 13.4738
4639.20 13.4737
4639.25 13.4735
4639.30 13.4734
4639.35 13.4733
4639.40 13.4732
4639.45 13.4732
