4633.50 13.1696
4633.55 13.1696
4633.60 13.1697
4633.65 13.1697
4633.70 13.1697
4633.75 13.1698
4633.80 13.1698
4633.85 13.1699
4633.90 13.1699
4633.95 13.1700
4634.00 13.1701
4634.05 13.1702
4634.10 13.1703
4634.15 13.1704
4634.20 13.1705
4634.25 13.1707
4634.30 13.1708
4634.35 13.1709
4634.40 13.1711
4634.45 13.1713
4634.50 13.1714
4634.55 13.1716
4634.60 13.1718
4634.65 13.1720
4634.70 13.1722
4634.75 13.1724
4634.80 13.1726
4634.85 13.1729
4634.90 13.1731
4634.95 13.1733
4635.00 13.1736
4635.05 13.1738
4635.10 13.1741
4635.15 13.1744
4635.20 13.1747
4635.25 13.1750
4635.30 13.1753
4635.35 13.1756
4635.40 13.1759
4635.45 13.1762
4635.50 13.1765
4635.55 13.1768
4635.60 13.1772
4635.65 13.1775
4635.70 13.1779
4635.75 13.1782
4635.80 13.1786
4635.85 13.1790
4635.90 13.1794
4635.95 13.1797
4636.00 13.1801
4636.05 13.1805
4636.10 13.1809
4636.15 13.1813
4636.20 13.1818
4636.25 13.1822
4636.30 13.1826
4636.35 13.1830
4636.40 13.1835
4636.45 13.1839
4636.50 13.1844
4636.55 13.1848
4636.60 13.1853
4636.65 13.1857
4636.70 13.1862
4636.75 13.1867
4636.80 13.1872
4636.85 13.1876
4636.90 13.1881
4636.95 13.1886
4637.00 13.1891
4637.05 13.1896
4637.10 13.1901
4637.15 13.1906
4637.20 13.1911
4637.25 13.1917
4637.30 13.1922
4637.35 13.1927
4637.40 13.1932
4637.45 13.1938
4637.50 13.1943
4637.55 13.1948
4637.60 13.1954
4637.65 13.1959
4637.70 13.1965
4637.75 13.1970
4637.80 13.1975
4637.85 13.1981
4637.90 13.1986
4637.95 13.1992
4638.00 13.1998
4638.05 13.2003
4638.10 13.2009
4638.15 13.2014
4638.20 13.2020
4638.25 13.2026
4638.30 13.2031
4638.35 13.2037
4638.40 13.2043
4638.45 13.2048
4638.50 13.2054
4638.55 13.2060
4638.60 13.2066
4638.65 13.2071
4638.70 13.2077
4638.75 13.2083
4638.80 13.2089
4638.85 13.2094
4638.90 13.2100
4638.95 13.2106
4639.00 13.2111
4639.05 13.2117
4639.10 13.2123
4639.15 13.2129
4639.20 13.2134
4639.25 13.2140
4639.30 13.2146
4639.35 13.2151
4639.40 13.2157
4639.45 13.2163
4639.50 13.2168
4639.55 13.2174
4639.60 13.2180
4639.65 13.2185
4639.70 13.2191
4639.75 13.2197
4639.80 13.2202
4639.85 13.2208
4639.90 13.2213
4639.95 13.2219
4640.00 13.2224
4640.05 13.2230
4640.10 13.2235
4640.15 13.2240
4640.20 13.2246
4640.25 13.2251
4640.30 13.2257
4640.35 13.2262
4640.40 13.2267
4640.45 13.2272
4640.50 13.2278
4640.55 13.2283
4640.60 13.2288
4640.65 13.2293
4640.70 13.2298
4640.75 13.2303
4640.80 13.2308
4640.85 13.2313
4640.90 13.2318
4640.95 13.2323
4641.00 13.2328
4641.05 13.2333
4641.10 13.2338
4641.15 13.2343
4641.20 13.2347
4641.25 13.2352
4641.30 13.2357
4641.35 13.2361
4641.40 13.2366
4641.45 13.2370
4641.50 13.2375
4641.55 13.2379
4641.60 13.2384
4641.65 13.2388
4641.70 13.2392
4641.75 13.2397
4641.80 13.2401
4641.85 13.2405
4641.90 13.2409
4641.95 13.2414
4642.00 13.2418
4642.05 13.2422
4642.10 13.2426
4642.15 13.2430
4642.20 13.2433
4642.25 13.2437
4642.30 13.2441
4642.35 13.2445
4642.40 13.2448
4642.45 13.2452
4642.50 13.2456
4642.55 13.2459
4642.60 13.2463
4642.65 13.2466
4642.70 13.2470
4642.75 13.2473
4642.80 13.2476
4642.85 13.2480
4642.90 13.2483
4642.95 13.2486
4643.00 13.2489
4643.05 13.2492
4643.10 13.2495
4643.15 13.2498
4643.20 13.2501
4643.25 13.2504
4643.30 13.2507
4643.35 13.2510
4643.40 13.2512
4643.45 13.2515
4643.50 13.2518
4643.55 13.2520
4643.60 13.2523
4643.65 13.2525
4643.70 13.2528
4643.75 13.2530
4643.80 13.2533
4643.85 13.2535
4643.90 13.2537
4643.95 13.2539
4644.00 13.2541
4644.05 13.2544
4644.10 13.2546
4644.15 13.2548
4644.20 13.2550
4644.25 13.2552
4644.30 13.2553
4644.35 13.2555
4644.40 13.2557
4644.45 13.2559
4644.50 13.2561
4644.55 13.2562
4644.60 13.2564
4644.65 13.2565
4644.70 13.2567
4644.75 13.2568
4644.80 13.2570
4644.85 13.2571
4644.90 13.2573
4644.95 13.2574
4645.00 13.2575
4645.05 13.2577
4645.10 13.2578
4645.15 13.2579
4645.20 13.2580
4645.25 13.2581
4645.30 13.2582
4645.35 13.2583
4645.40 13.2584
4645.45 13.2585
4645.50 13.2586
4645.55 13.2587
4645.60 13.2588
4645.65 13.2589
4645.70 13.2589
4645.75 13.2590
4645.80 13.2591
4645.85 13.2591
4645.90 13.2592
4645.95 13.2593
4646.00 13.2593
4646.05 13.2594
4646.10 13.2594
4646.15 13.2595
4646.20 13.2595
4646.25 13.2596
4646.30 13.2596
4646.35 13.2596
4646.40 13.2597
4646.45 13.2597
4646.50 13.2597
4646.55 13.2598
4646.60 13.2598
4646.65 13.2598
4646.70 13.2598
4646.75 13.2598
4646.80 13.2598
4646.85 13.2599
4646.90 13.2599
4646.95 13.2599
4647.00 13.2599
4647.05 13.2599
4647.10 13.2599
4647.15 13.2599
4647.20 13.2599
4647.25 13.2598
4647.30 13.2598
4647.35 13.2598
4647.40 13.2598
4647.45 13.2598
4647.50 13.2598
4647.55 13.2598
4647.60 13.2597
4647.65 13.2597
4647.70 13.2597
4647.75 13.2597
4647.80 13.2596
4647.85 13.2596
4647.90 13.2596
4647.95 13.2596
4648.00 13.2595
4648.05 13.2595
4648.10 13.2594
4648.15 13.2594
4648.20 13.2594
4648.25 13.2593
4648.30 13.2593
4648.35 13.2593
4648.40 13.2592
4648.45 13.2592
4648.50 13.2591
4648.55 13.2591
4648.60 13.2590
4648.65 13.2590
4648.70 13.2589
4648.75 13.2589
4648.80 13.2588
4648.85 13.2588
4648.90 13.2587
4648.95 13.2587
4649.00 13.2586
4649.05 13.2586
4649.10 13.2585
4649.15 13.2585
4649.20 13.2584
4649.25 13.2583
4649.30 13.2583
4649.35 13.2582
4649.40 13.2582
4649.45 13.2581
4649.50 13.2580
4649.55 13.2580
4649.60 13.2579
4649.65 13.2579
4649.70 13.2578
4649.75 13.2577
4649.80 13.2577
4649.85 13.2576
4649.90 13.2575
4649.95 13.2575
4650.00 13.2574
4650.05 13.2573
4650.10 13.2573
4650.15 13.2572
4650.20 13.2571
4650.25 13.2571
4650.30 13.2570
4650.35 13.2569
4650.40 13.2569
4650.45 13.2568
4650.50 13.2567
4650.55 13.2567
4650.60 13.2566
4650.65 13.2565
4650.70 13.2564
4650.75 13.2564
4650.80 13.2563
4650.85 13.2562
4650.90 13.2562
4650.95 13.2561
4651.00 13.2560
4651.05 13.2559
4651.10 13.2559
4651.15 13.2558
4651.20 13.2557
4651.25 13.2556
4651.30 13.2555
4651.35 13.2555
4651.40 13.2554
4651.45 13.2553
4651.50 13.2552
4651.55 13.2551
4651.60 13.2550
4651.65 13.2550
4651.70 13.2549
4651.75 13.2548
4651.80 13.2547
4651.85 13.2546
4651.90 13.2545
4651.95 13.2544
4652.00 13.2544
4652.05 13.2543
4652.10 13.2542
4652.15 13.2541
4652.20 13.2540
4652.25 13.2539
4652.30 13.2538
4652.35 13.2537
4652.40 13.2536
4652.45 13.2535
4652.50 13.2534
4652.55 13.2533
4652.60 13.2532
4652.65 13.2531
4652.70 13.2530
4652.75 13.2529
4652.80 13.2528
4652.85 13.2527
4652.90 13.2525
4652.95 13.2524
4653.00 13.2523
4653.05 13.2522
4653.10 13.2521
4653.15 13.2520
4653.20 13.2518
4653.25 13.2517
4653.30 13.2516
4653.35 13.2515
4653.40 13.2513
4653.45 13.2512
4653.50 13.2511
4653.55 13.2510
4653.60 13.2508
4653.65 13.2507
4653.70 13.2505
4653.75 13.2504
4653.80 13.2503
4653.85 13.2501
4653.90 13.2500
4653.95 13.2498
4654.00 13.2497
4654.05 13.2495
4654.10 13.2494
4654.15 13.2492
4654.20 13.2490
4654.25 13.2489
4654.30 13.2487
4654.35 13.2485
4654.40 13.2484
4654.45 13.2482
4654.50 13.2480
4654.55 13.2478
4654.60 13.2477
4654.65 13.2475
4654.70 13.2473
4654.75 13.2471
4654.80 13.2469
4654.85 13.2467
4654.90 13.2465
4654.95 13.2463
4655.00 13.2461
4655.05 13.2459
4655.10 13.2457
4655.15 13.2455
4655.20 13.2453
4655.25 13.2451
4655.30 13.2449
4655.35 13.2446
4655.40 13.2444
4655.45 13.2442
4655.50 13.2440
4655.55 13.2437
4655.60 13.2435
4655.65 13.2433
4655.70 13.2430
4655.75 13.2428
4655.80 13.2425
4655.85 13.2423
4655.90 13.2420
4655.95 13.2418
4656.00 13.2415
4656.05 13.2413
4656.10 13.2410
4656.15 13.2407
4656.20 13.2405
4656.25 13.2402
4656.30 13.2399
4656.35 13.2396
4656.40 13.2394
4656.45 13.2391
4656.50 13.2388
4656.55 13.2385
4656.60 13.2382
4656.65 13.2379
4656.70 13.2376
4656.75 13.2373
4656.80 13.2370
4656.85 13.2367
4656.90 13.2364
4656.95 13.2361
4657.00 13.2358
4657.05 13.2354
4657.10 13.2351
4657.15 13.2348
4657.20 13.2345
4657.25 13.2342
4657.30 13.2338
4657.35 13.2335
4657.40 13.2332
4657.45 13.2328
4657.50 13.2325
4657.55 13.2321
4657.60 13.2318
4657.65 13.2314
4657.70 13.2311
4657.75 13.2307
4657.80 13.2304
4657.85 13.2300
4657.90 13.2296
4657.95 13.2293
4658.00 13.2289
4658.05 13.2286
4658.10 13.2282
4658.15 13.2278
4658.20 13.2274
4658.25 13.2271
4658.30 13.2267
4658.35 13.2263
4658.40 13.2259
4658.45 13.2255
4658.50 13.2251
4658.55 13.2247
4658.60 13.2243
4658.65 13.2240
4658.70 13.2236
4658.75 13.2232
4658.80 13.2228
4658.85 13.2224
4658.90 13.2219
4658.95 13.2215
4659.00 13.2211
4659.05 13.2207
4659.10 13.2203
4659.15 13.2199
4659.20 13.2195
4659.25 13.2191
4659.30 13.2186
4659.35 13.2182
4659.40 13.2178
4659.45 13.2174
4659.50 13.2170
4659.55 13.2165
4659.60 13.2161
4659.65 13.2157
4659.70 13.2152
4659.75 13.2148
4659.80 13.2144
4659.85 13.2139
4659.90 13.2135
4659.95 13.2131
4660.00 13.2126
4660.05 13.2122
4660.10 13.2118
4660.15 13.2113
4660.20 13.2109
4660.25 13.2104
4660.30 13.2100
4660.35 13.2095
4660.40 13.2091
4660.45 13.2086
4660.50 13.2082
4660.55 13.2077
4660.60 13.2073
4660.65 13.2068
4660.70 13.2064
4660.75 13.2059
4660.80 13.2055
4660.85 13.2050
4660.90 13.2046
4660.95 13.2041
4661.00 13.2037
4661.05 13.2032
4661.10 13.2028
4661.15 13.2023
4661.20 13.2018
4661.25 13.2014
4661.30 13.2009
4661.35 13.2004
4661.40 13.2000
4661.45 13.1995
4661.50 13.1991
4661.55 13.1986
4661.60 13.1981
4661.65 13.1977
4661.70 13.1972
4661.75 13.1967
4661.80 13.1963
4661.85 13.1958
4661.90 13.1953
4661.95 13.1949
4662.00 13.1944
4662.05 13.1939
4662.10 13.1934
4662.15 13.1930
4662.20 13.1925
4662.25 13.1920
4662.30 13.1915
4662.35 13.1911
4662.40 13.1906
4662.45 13.1901
4662.50 13.1896
4662.55 13.1892
4662.60 13.1887
4662.65 13.1882
4662.70 13.1877
4662.75 13.1872
4662.80 13.1867
4662.85 13.1863
4662.90 13.1858
4662.95 13.1853
4663.00 13.1848
4663.05 13.1843
4663.10 13.1838
4663.15 13.1833
4663.20 13.1828
4663.25 13.1823
4663.30 13.1818
4663.35 13.1814
4663.40 13.1809
4663.45 13.1804
4663.50 13.1799
4663.55 13.1794
4663.60 13.1789
4663.65 13.1784
4663.70 13.1778
4663.75 13.1773
4663.80 13.1768
4663.85 13.1763
4663.90 13.1758
4663.95 13.1753
4664.00 13.1748
4664.05 13.1743
4664.10 13.1738
4664.15 13.1732
4664.20 13.1727
4664.25 13.1722
4664.30 13.1717
4664.35 13.1711
4664.40 13.1706
4664.45 13.1701
4664.50 13.1695
4664.55 13.1690
4664.60 13.1685
4664.65 13.1679
4664.70 13.1674
4664.75 13.1668
4664.80 13.1663
4664.85 13.1657
4664.90 13.1652
4664.95 13.1646
4665.00 13.1641
4665.05 13.1635
4665.10 13.1630
4665.15 13.1624
4665.20 13.1618
4665.25 13.1613
4665.30 13.1607
4665.35 13.1601
4665.40 13.1595
4665.45 13.1590
4665.50 13.1584
4665.55 13.1578
4665.60 13.1572
4665.65 13.1566
4665.70 13.1560
4665.75 13.1554
4665.80 13.1548
4665.85 13.1542
4665.90 13.1536
4665.95 13.1530
4666.00 13.1524
4666.05 13.1517
4666.10 13.1511
4666.15 13.1505
4666.20 13.1499
4666.25 13.1492
4666.30 13.1486
4666.35 13.1479
4666.40 13.1473
4666.45 13.1467
4666.50 13.1460
4666.55 13.1453
4666.60 13.1447
4666.65 13.1440
4666.70 13.1434
4666.75 13.1427
4666.80 13.1420
4666.85 13.1413
4666.90 13.1407
4666.95 13.1400
4667.00 13.1393
4667.05 13.1386
4667.10 13.1379
4667.15 13.1372
4667.20 13.1365
4667.25 13.1358
4667.30 13.1351
4667.35 13.1344
4667.40 13.1336
4667.45 13.1329
4667.50 13.1322
4667.55 13.1315
4667.60 13.1307
4667.65 13.1300
4667.70 13.1292
4667.75 13.1285
4667.80 13.1277
4667.85 13.1270
4667.90 13.1262
4667.95 13.1254
4668.00 13.1247
4668.05 13.1239
4668.10 13.1231
4668.15 13.1224
4668.20 13.1216
4668.25 13.1208
4668.30 13.1200
4668.35 13.1192
4668.40 13.1184
4668.45 13.1176
4668.50 13.1168
4668.55 13.1160
4668.60 13.1152
4668.65 13.1143
4668.70 13.1135
4668.75 13.1127
4668.80 13.1119
4668.85 13.1110
4668.90 13.1102
4668.95 13.1093
4669.00 13.1085
4669.05 13.1077
4669.10 13.1068
4669.15 13.1060
4669.20 13.1051
4669.25 13.1042
4669.30 13.1034
4669.35 13.1025
4669.40 13.1016
4669.45 13.1008
4669.50 13.0999
4669.55 13.0990
4669.60 13.0981
4669.65 13.0972
4669.70 13.0963
4669.75 13.0954
4669.80 13.0945
4669.85 13.0936
4669.90 13.0927
4669.95 13.0918
4670.00 13.0909
4670.05 13.0900
4670.10 13.0891
4670.15 13.0882
4670.20 13.0873
4670.25 13.0863
4670.30 13.0854
4670.35 13.0845
4670.40 13.0836
4670.45 13.0826
4670.50 13.0817
4670.55 13.0808
4670.60 13.0798
4670.65 13.0789
4670.70 13.0780
4670.75 13.0770
4670.80 13.0761
4670.85 13.0751
4670.90 13.0742
4670.95 13.0732
4671.00 13.0723
4671.05 13.0713
4671.10 13.0704
4671.15 13.0694
4671.20 13.0684
4671.25 13.0675
4671.30 13.0665
4671.35 13.0656
4671.40 13.0646
4671.45 13.0636
4671.50 13.0627
4671.55 13.0617
4671.60 13.0607
4671.65 13.0598
4671.70 13.0588
4671.75 13.0578
4671.80 13.0569
4671.85 13.0559
4671.90 13.0549
4671.95 13.0539
4672.00 13.0530
4672.05 13.0520
4672.10 13.0510
4672.15 13.0501
4672.20 13.0491
4672.25 13.0481
4672.30 13.0471
4672.35 13.0462
4672.40 13.0452
4672.45 13.0442
4672.50 13.0432
4672.55 13.0423
4672.60 13.0413
4672.65 13.0403
4672.70 13.0393
4672.75 13.0384
4672.80 13.0374
4672.85 13.0364
4672.90 13.0354
4672.95 13.0345
4673.00 13.0335
4673.05 13.0325
4673.10 13.0315
4673.15 13.0306
4673.20 13.0296
4673.25 13.0286
4673.30 13.0277
4673.35 13.0267
4673.40 13.0257
4673.45 13.0248
4673.50 13.0238
4673.55 13.0228
4673.60 13.0219
4673.65 13.0209
4673.70 13.0199
4673.75 13.0190
4673.80 13.0180
4673.85 13.0171
4673.90 13.0161
4673.95 13.0151
4674.00 13.0142
4674.05 13.0132
4674.10 13.0123
4674.15 13.0113
4674.20 13.0104
4674.25 13.0094
4674.30 13.0085
4674.35 13.0075
4674.40 13.0066
4674.45 13.0056
4674.50 13.0047
4674.55 13.0038
4674.60 13.0028
4674.65 13.0019
4674.70 13.0009
4674.75 13.0000
4674.80 12.9991
4674.85 12.9981
4674.90 12.9972
4674.95 12.9963
4675.00 12.9953
4675.05 12.9944
4675.10 12.9935
4675.15 12.9926
4675.20 12.9916
4675.25 12.9907
4675.30 12.9898
4675.35 12.9889
4675.40 12.9879
4675.45 12.9870
4675.50 12.9861
4675.55 12.9852
4675.60 12.9843
4675.65 12.9834
4675.70 12.9825
4675.75 12.9815
4675.80 12.9806
4675.85 12.9797
4675.90 12.9788
4675.95 12.9779
4676.00 12.9770
4676.05 12.9761
4676.10 12.9752
4676.15 12.9743
4676.20 12.9734
4676.25 12.9725
4676.30 12.9716
4676.35 12.9707
4676.40 12.9698
4676.45 12.9689
4676.50 12.9680
4676.55 12.9671
4676.60 12.9663
4676.65 12.9654
4676.70 12.9645
4676.75 12.9636
4676.80 12.9627
4676.85 12.9618
4676.90 12.9609
4676.95 12.9600
4677.00 12.9592
4677.05 12.9583
4677.10 12.9574
4677.15 12.9565
4677.20 12.9556
4677.25 12.9548
4677.30 12.9539
4677.35 12.9530
4677.40 12.9521
4677.45 12.9512
4677.50 12.9504
4677.55 12.9495
4677.60 12.9486
4677.65 12.9477
4677.70 12.9469
4677.75 12.9460
4677.80 12.9451
4677.85 12.9442
4677.90 12.9434
4677.95 12.9425
4678.00 12.9416
4678.05 12.9407
4678.10 12.9399
4678.15 12.9390
4678.20 12.9381
4678.25 12.9372
4678.30 12.9364
4678.35 12.9355
4678.40 12.9346
4678.45 12.9337
4678.50 12.9329
4678.55 12.9320
4678.60 12.9311
4678.65 12.9302
4678.70 12.9294
4678.75 12.9285
4678.80 12.9276
4678.85 12.9267
4678.90 12.9259
4678.95 12.9250
4679.00 12.9241
4679.05 12.9232
4679.10 12.9224
4679.15 12.9215
4679.20 12.9206
4679.25 12.9197
4679.30 12.9188
4679.35 12.9180
4679.40 12.9171
4679.45 12.9162
4679.50 12.9153
4679.55 12.9144
4679.60 12.9135
4679.65 12.9127
4679.70 12.9118
4679.75 12.9109
4679.80 12.9100
4679.85 12.9091
4679.90 12.9082
4679.95 12.9073
4680.00 12.9064
4680.05 12.9055
4680.10 12.9046
4680.15 12.9037
4680.20 12.9028
4680.25 12.9020
4680.30 12.9011
4680.35 12.9002
4680.40 12.8993
4680.45 12.8984
4680.50 12.8974
4680.55 12.8965
4680.60 12.8956
4680.65 12.8947
4680.70 12.8938
4680.75 12.8929
4680.80 12.8920
4680.85 12.8911
4680.90 12.8902
4680.95 12.8893
4681.00 12.8884
4681.05 12.8874
4681.10 12.8865
4681.15 12.8856
4681.20 12.8847
4681.25 12.8838
4681.30 12.8828
4681.35 12.8819
4681.40 12.8810
4681.45 12.8801
4681.50 12.8791
4681.55 12.8782
4681.60 12.8773
4681.65 12.8763
4681.70 12.8754
4681.75 12.8745
4681.80 12.8735
4681.85 12.8726
4681.90 12.8716
4681.95 12.8707
4682.00 12.8698
4682.05 12.8688
4682.10 12.8679
4682.15 12.8669
4682.20 12.8660
4682.25 12.8650
4682.30 12.8641
4682.35 12.8631
4682.40 12.8622
4682.45 12.8612
4682.50 12.8603
4682.55 12.8593
4682.60 12.8584
4682.65 12.8574
4682.70 12.8564
4682.75 12.8555
4682.80 12.8545
4682.85 12.8535
4682.90 12.8526
4682.95 12.8516
4683.00 12.8506
4683.05 12.8497
4683.10 12.8487
4683.15 12.8477
4683.20 12.8468
4683.25 12.8458
4683.30 12.8448
4683.35 12.8438
4683.40 12.8429
4683.45 12.8419
4683.50 12.8409
4683.55 12.8399
4683.60 12.8389
4683.65 12.8379
4683.70 12.8370
4683.75 12.8360
4683.80 12.8350
4683.85 12.8340
4683.90 12.8330
4683.95 12.8320
4684.00 12.8310
4684.05 12.8300
4684.10 12.8290
4684.15 12.8281
4684.20 12.8271
4684.25 12.8261
4684.30 12.8251
4684.35 12.8241
4684.40 12.8231
4684.45 12.8221
4684.50 12.8211
4684.55 12.8201
4684.60 12.8191
4684.65 12.8181
4684.70 12.8171
4684.75 12.8161
4684.80 12.8151
4684.85 12.8141
4684.90 12.8130
4684.95 12.8120
4685.00 12.8110
4685.05 12.8100
4685.10 12.8090
4685.15 12.8080
4685.20 12.8070
4685.25 12.8060
4685.30 12.8050
4685.35 12.8040
4685.40 12.8030
4685.45 12.8019
4685.50 12.8009
4685.55 12.7999
4685.60 12.7989
4685.65 12.7979
4685.70 12.7969
4685.75 12.7959
4685.80 12.7949
4685.85 12.7938
4685.90 12.7928
4685.95 12.7918
4686.00 12.7908
4686.05 12.7898
4686.10 12.7888
4686.15 12.7877
4686.20 12.7867
4686.25 12.7857
4686.30 12.7847
4686.35 12.7837
4686.40 12.7826
4686.45 12.7816
4686.50 12.7806
4686.55 12.7796
4686.60 12.7786
4686.65 12.7776
4686.70 12.7765
4686.75 12.7755
4686.80 12.7745
4686.85 12.7735
4686.90 12.7725
4686.95 12.7714
4687.00 12.7704
4687.05 12.7694
4687.10 12.7684
4687.15 12.7674
4687.20 12.7663
4687.25 12.7653
4687.30 12.7643
4687.35 12.7633
4687.40 12.7623
4687.45 12.7612
4687.50 12.7602
4687.55 12.7592
4687.60 12.7582
4687.65 12.7571
4687.70 12.7561
4687.75 12.7551
4687.80 12.7541
4687.85 12.7531
4687.90 12.7520
4687.95 12.7510
4688.00 12.7500
4688.05 12.7490
4688.10 12.7480
4688.15 12.7469
4688.20 12.7459
4688.25 12.7449
4688.30 12.7439
4688.35 12.7429
4688.40 12.7418
4688.45 12.7408
4688.50 12.7398
4688.55 12.7388
4688.60 12.7377
4688.65 12.7367
4688.70 12.7357
4688.75 12.7347
4688.80 12.7337
4688.85 12.7326
4688.90 12.7316
4688.95 12.7306
4689.00 12.7296
4689.05 12.7285
4689.10 12.7275
4689.15 12.7265
4689.20 12.7255
4689.25 12.7245
4689.30 12.7234
4689.35 12.7224
4689.40 12.7214
4689.45 12.7204
4689.50 12.7193
4689.55 12.7183
4689.60 12.7173
4689.65 12.7163
4689.70 12.7153
4689.75 12.7142
4689.80 12.7132
4689.85 12.7122
4689.90 12.7112
4689.95 12.7101
4690.00 12.7091
4690.05 12.7081
4690.10 12.7071
4690.15 12.7060
4690.20 12.7050
4690.25 12.7040
4690.30 12.7030
4690.35 12.7019
4690.40 12.7009
4690.45 12.6999
4690.50 12.6989
4690.55 12.6978
4690.60 12.6968
4690.65 12.6958
4690.70 12.6948
4690.75 12.6937
4690.80 12.6927
4690.85 12.6917
4690.90 12.6907
4690.95 12.6896
4691.00 12.6886
4691.05 12.6876
4691.10 12.6866
4691.15 12.6855
4691.20 12.6845
4691.25 12.6835
4691.30 12.6824
4691.35 12.6814
4691.40 12.6804
4691.45 12.6794
4691.50 12.6783
4691.55 12.6773
4691.60 12.6763
4691.65 12.6753
4691.70 12.6742
4691.75 12.6732
4691.80 12.6722
4691.85 12.6711
4691.90 12.6701
4691.95 12.6691
4692.00 12.6680
4692.05 12.6670
4692.10 12.6660
4692.15 12.6650
4692.20 12.6639
4692.25 12.6629
4692.30 12.6619
4692.35 12.6608
4692.40 12.6598
4692.45 12.6588
4692.50 12.6578
4692.55 12.6567
4692.60 12.6557
4692.65 12.6547
4692.70 12.6536
4692.75 12.6526
4692.80 12.6516
4692.85 12.6506
4692.90 12.6495
4692.95 12.6485
4693.00 12.6475
4693.05 12.6464
4693.10 12.6454
4693.15 12.6444
4693.20 12.6434
4693.25 12.6423
4693.30 12.6413
4693.35 12.6403
4693.40 12.6392
4693.45 12.6382
4693.50 12.6372
4693.55 12.6362
4693.60 12.6351
4693.65 12.6341
4693.70 12.6331
4693.75 12.6321
4693.80 12.6310
4693.85 12.6300
4693.90 12.6290
4693.95 12.6280
4694.00 12.6269
4694.05 12.6259
4694.10 12.6249
4694.15 12.6239
4694.20 12.6229
4694.25 12.6218
4694.30 12.6208
4694.35 12.6198
4694.40 12.6188
4694.45 12.6178
4694.50 12.6167
4694.55 12.6157
4694.60 12.6147
4694.65 12.6137
4694.70 12.6127
4694.75 12.6117
4694.80 12.6107
4694.85 12.6096
4694.90 12.6086
4694.95 12.6076
4695.00 12.6066
4695.05 12.6056
4695.10 12.6046
4695.15 12.6036
4695.20 12.6026
4695.25 12.6016
4695.30 12.6006
4695.35 12.5996
4695.40 12.5986
4695.45 12.5976
4695.50 12.5966
4695.55 12.5956
4695.60 12.5946
4695.65 12.5936
4695.70 12.5926
4695.75 12.5916
4695.80 12.5906
4695.85 12.5896
4695.90 12.5886
4695.95 12.5876
4696.00 12.5866
4696.05 12.5857
4696.10 12.5847
4696.15 12.5837
4696.20 12.5827
4696.25 12.5817
4696.30 12.5808
4696.35 12.5798
4696.40 12.5788
4696.45 12.5778
4696.50 12.5769
4696.55 12.5759
4696.60 12.5749
4696.65 12.5739
4696.70 12.5730
4696.75 12.5720
4696.80 12.5710
4696.85 12.5701
4696.90 12.5691
4696.95 12.5682
4697.00 12.5672
4697.05 12.5662
4697.10 12.5653
4697.15 12.5643
4697.20 12.5634
4697.25 12.5624
4697.30 12.5615
4697.35 12.5605
4697.40 12.5596
4697.45 12.5586
4697.50 12.5577
4697.55 12.5568
4697.60 12.5558
4697.65 12.5549
4697.70 12.5540
4697.75 12.5530
4697.80 12.5521
4697.85 12.5512
4697.90 12.5502
4697.95 12.5493
4698.00 12.5484
4698.05 12.5474
4698.10 12.5465
4698.15 12.5456
4698.20 12.5447
4698.25 12.5438
4698.30 12.5428
4698.35 12.5419
4698.40 12.5410
4698.45 12.5401
4698.50 12.5392
4698.55 12.5383
4698.60 12.5374
4698.65 12.5365
4698.70 12.5356
4698.75 12.5347
4698.80 12.5338
4698.85 12.5329
4698.90 12.5320
4698.95 12.5311
4699.00 12.5302
4699.05 12.5293
4699.10 12.5284
4699.15 12.5275
4699.20 12.5266
4699.25 12.5257
4699.30 12.5248
4699.35 12.5240
4699.40 12.5231
4699.45 12.5222
4699.50 12.5213
4699.55 12.5204
4699.60 12.5196
4699.65 12.5187
4699.70 12.5178
4699.75 12.5169
4699.80 12.5161
4699.85 12.5152
4699.90 12.5143
4699.95 12.5134
4700.00 12.5126
4700.05 12.5117
4700.10 12.5108
4700.15 12.5100
4700.20 12.5091
4700.25 12.5082
4700.30 12.5074
4700.35 12.5065
4700.40 12.5057
4700.45 12.5048
4700.50 12.5039
4700.55 12.5031
4700.60 12.5022
4700.65 12.5014
4700.70 12.5005
4700.75 12.4996
4700.80 12.4988
4700.85 12.4979
4700.90 12.4971
4700.95 12.4962
4701.00 12.4954
4701.05 12.4945
4701.10 12.4937
4701.15 12.4928
4701.20 12.4920
4701.25 12.4911
4701.30 12.4903
4701.35 12.4894
4701.40 12.4886
4701.45 12.4877
4701.50 12.4869
4701.55 12.4860
4701.60 12.4852
4701.65 12.4843
4701.70 12.4835
4701.75 12.4826
4701.80 12.4818
4701.85 12.4809
4701.90 12.4801
4701.95 12.4792
4702.00 12.4784
4702.05 12.4775
4702.10 12.4767
4702.15 12.4758
4702.20 12.4750
4702.25 12.4741
4702.30 12.4733
4702.35 12.4724
4702.40 12.4715
4702.45 12.4707
4702.50 12.4698
4702.55 12.4690
4702.60 12.4681
4702.65 12.4673
4702.70 12.4664
4702.75 12.4656
4702.80 12.4647
4702.85 12.4639
4702.90 12.4630
4702.95 12.4621
4703.00 12.4613
4703.05 12.4604
4703.10 12.4596
4703.15 12.4587
4703.20 12.4578
4703.25 12.4570
4703.30 12.4561
4703.35 12.4553
4703.40 12.4544
4703.45 12.4535
4703.50 12.4527
4703.55 12.4518
4703.60 12.4509
4703.65 12.4500
4703.70 12.4492
4703.75 12.4483
4703.80 12.4474
4703.85 12.4465
4703.90 12.4457
4703.95 12.4448
4704.00 12.4439
4704.05 12.4430
4704.10 12.4422
4704.15 12.4413
4704.20 12.4404
4704.25 12.4395
4704.30 12.4386
4704.35 12.4377
4704.40 12.4368
4704.45 12.4359
4704.50 12.4351
4704.55 12.4342
4704.60 12.4333
4704.65 12.4324
4704.70 12.4315
4704.75 12.4306
4704.80 12.4297
4704.85 12.4288
4704.90 12.4279
4704.95 12.4270
4705.00 12.4260
4705.05 12.4251
4705.10 12.4242
4705.15 12.4233
4705.20 12.4224
4705.25 12.4215
4705.30 12.4206
4705.35 12.4196
4705.40 12.4187
4705.45 12.4178
4705.50 12.4169
4705.55 12.4160
4705.60 12.4150
4705.65 12.4141
4705.70 12.4132
4705.75 12.4122
4705.80 12.4113
4705.85 12.4104
4705.90 12.4094
4705.95 12.4085
4706.00 12.4075
4706.05 12.4066
4706.10 12.4056
4706.15 12.4047
4706.20 12.4037
4706.25 12.4028
4706.30 12.4018
4706.35 12.4009
4706.40 12.3999
4706.45 12.3990
4706.50 12.3980
4706.55 12.3970
4706.60 12.3961
4706.65 12.3951
4706.70 12.3941
4706.75 12.3932
4706.80 12.3922
4706.85 12.3912
4706.90 12.3902
4706.95 12.3893
4707.00 12.3883
4707.05 12.3873
4707.10 12.3863
4707.15 12.3853
4707.20 12.3843
4707.25 12.3834
4707.30 12.3824
4707.35 12.3814
4707.40 12.3804
4707.45 12.3794
4707.50 12.3784
4707.55 12.3774
4707.60 12.3764
4707.65 12.3754
4707.70 12.3744
4707.75 12.3733
4707.80 12.3723
4707.85 12.3713
4707.90 12.3703
4707.95 12.3693
4708.00 12.3683
4708.05 12.3672
4708.10 12.3662
4708.15 12.3652
4708.20 12.3642
4708.25 12.3631
4708.30 12.3621
4708.35 12.3611
4708.40 12.3600
4708.45 12.3590
4708.50 12.3580
4708.55 12.3569
4708.60 12.3559
4708.65 12.3548
4708.70 12.3538
4708.75 12.3528
4708.80 12.3517
4708.85 12.3507
4708.90 12.3496
4708.95 12.3486
4709.00 12.3475
4709.05 12.3464
4709.10 12.3454
4709.15 12.3443
4709.20 12.3433
4709.25 12.3422
4709.30 12.3411
4709.35 12.3401
4709.40 12.3390
4709.45 12.3379
4709.50 12.3369
4709.55 12.3358
4709.60 12.3347
4709.65 12.3336
4709.70 12.3325
4709.75 12.3315
4709.80 12.3304
4709.85 12.3293
4709.90 12.3282
4709.95 12.3271
4710.00 12.3260
4710.05 12.3250
4710.10 12.3239
4710.15 12.3228
4710.20 12.3217
4710.25 12.3206
4710.30 12.3195
4710.35 12.3184
4710.40 12.3173
4710.45 12.3162
4710.50 12.3151
4710.55 12.3140
4710.60 12.3129
4710.65 12.3118
4710.70 12.3107
4710.75 12.3096
4710.80 12.3084
4710.85 12.3073
4710.90 12.3062
4710.95 12.3051
4711.00 12.3040
4711.05 12.3029
4711.10 12.3018
4711.15 12.3006
4711.20 12.2995
4711.25 12.2984
4711.30 12.2973
4711.35 12.2962
4711.40 12.2950
4711.45 12.2939
4711.50 12.2928
4711.55 12.2917
4711.60 12.2905
4711.65 12.2894
4711.70 12.2883
4711.75 12.2871
4711.80 12.2860
4711.85 12.2849
4711.90 12.2837
4711.95 12.2826
4712.00 12.2815
4712.05 12.2803
4712.10 12.2792
4712.15 12.2781
4712.20 12.2769
4712.25 12.2758
4712.30 12.2746
4712.35 12.2735
4712.40 12.2724
4712.45 12.2712
4712.50 12.2701
4712.55 12.2689
4712.60 12.2678
4712.65 12.2666
4712.70 12.2655
4712.75 12.2644
4712.80 12.2632
4712.85 12.2621
4712.90 12.2609
4712.95 12.2598
4713.00 12.2586
4713.05 12.2575
4713.10 12.2563
4713.15 12.2552
4713.20 12.2540
4713.25 12.2529
4713.30 12.2517
4713.35 12.2506
4713.40 12.2494
4713.45 12.2483
4713.50 12.2471
4713.55 12.2460
4713.60 12.2448
4713.65 12.2437
4713.70 12.2425
4713.75 12.2414
4713.80 12.2402
4713.85 12.2391
4713.90 12.2379
4713.95 12.2368
4714.00 12.2356
4714.05 12.2345
4714.10 12.2333
4714.15 12.2322
4714.20 12.2310
4714.25 12.2299
4714.30 12.2287
4714.35 12.2276
4714.40 12.2264
4714.45 12.2253
4714.50 12.2241
4714.55 12.2230
4714.60 12.2218
4714.65 12.2207
4714.70 12.2195
4714.75 12.2184
4714.80 12.2172
4714.85 12.2161
4714.90 12.2149
4714.95 12.2138
4715.00 12.2126
4715.05 12.2115
4715.10 12.2104
4715.15 12.2092
4715.20 12.2081
4715.25 12.2069
4715.30 12.2058
4715.35 12.2046
4715.40 12.2035
4715.45 12.2024
4715.50 12.2012
4715.55 12.2001
4715.60 12.1990
4715.65 12.1978
4715.70 12.1967
4715.75 12.1955
4715.80 12.1944
4715.85 12.1933
4715.90 12.1921
4715.95 12.1910
4716.00 12.1899
4716.05 12.1887
4716.10 12.1876
4716.15 12.1865
4716.20 12.1854
4716.25 12.1842
4716.30 12.1831
4716.35 12.1820
4716.40 12.1809
4716.45 12.1797
4716.50 12.1786
4716.55 12.1775
4716.60 12.1764
4716.65 12.1753
4716.70 12.1741
4716.75 12.1730
4716.80 12.1719
4716.85 12.1708
4716.90 12.1697
4716.95 12.1686
4717.00 12.1674
4717.05 12.1663
4717.10 12.1652
4717.15 12.1641
4717.20 12.1630
4717.25 12.1619
4717.30 12.1608
4717.35 12.1597
4717.40 12.1586
4717.45 12.1575
4717.50 12.1564
4717.55 12.1553
4717.60 12.1542
4717.65 12.1531
4717.70 12.1520
4717.75 12.1509
4717.80 12.1498
4717.85 12.1487
4717.90 12.1476
4717.95 12.1465
4718.00 12.1454
4718.05 12.1443
4718.10 12.1432
4718.15 12.1421
4718.20 12.1411
4718.25 12.1400
4718.30 12.1389
4718.35 12.1378
4718.40 12.1367
4718.45 12.1356
4718.50 12.1345
4718.55 12.1335
4718.60 12.1324
4718.65 12.1313
4718.70 12.1302
4718.75 12.1291
4718.80 12.1281
4718.85 12.1270
4718.90 12.1259
4718.95 12.1248
4719.00 12.1238
4719.05 12.1227
4719.10 12.1216
4719.15 12.1205
4719.20 12.1195
4719.25 12.1184
4719.30 12.1173
4719.35 12.1163
4719.40 12.1152
4719.45 12.1141
4719.50 12.1131
4719.55 12.1120
4719.60 12.1109
4719.65 12.1098
4719.70 12.1088
4719.75 12.1077
4719.80 12.1066
4719.85 12.1056
4719.90 12.1045
4719.95 12.1034
4720.00 12.1024
4720.05 12.1013
4720.10 12.1002
4720.15 12.0992
4720.20 12.0981
4720.25 12.0970
4720.30 12.0960
4720.35 12.0949
4720.40 12.0938
4720.45 12.0927
4720.50 12.0917
4720.55 12.0906
4720.60 12.0895
4720.65 12.0885
4720.70 12.0874
4720.75 12.0863
4720.80 12.0852
4720.85 12.0842
4720.90 12.0831
4720.95 12.0820
4721.00 12.0809
4721.05 12.0799
4721.10 12.0788
4721.15 12.0777
4721.20 12.0766
4721.25 12.0755
4721.30 12.0745
4721.35 12.0734
4721.40 12.0723
4721.45 12.0712
4721.50 12.0701
4721.55 12.0690
4721.60 12.0679
4721.65 12.0668
4721.70 12.0657
4721.75 12.0646
4721.80 12.0635
4721.85 12.0624
4721.90 12.0613
4721.95 12.0602
4722.00 12.0591
4722.05 12.0580
4722.10 12.0569
4722.15 12.0558
4722.20 12.0547
4722.25 12.0536
4722.30 12.0524
4722.35 12.0513
4722.40 12.0502
4722.45 12.0491
4722.50 12.0479
4722.55 12.0468
4722.60 12.0457
4722.65 12.0445
4722.70 12.0434
4722.75 12.0422
4722.80 12.0411
4722.85 12.0399
4722.90 12.0388
4722.95 12.0376
4723.00 12.0365
4723.05 12.0353
4723.10 12.0341
4723.15 12.0330
4723.20 12.0318
4723.25 12.0306
4723.30 12.0294
4723.35 12.0283
4723.40 12.0271
4723.45 12.0259
4723.50 12.0247
4723.55 12.0235
4723.60 12.0223
4723.65 12.0211
4723.70 12.0199
4723.75 12.0187
4723.80 12.0174
4723.85 12.0162
4723.90 12.0150
4723.95 12.0138
4724.00 12.0125
4724.05 12.0113
4724.10 12.0100
4724.15 12.0088
4724.20 12.0075
4724.25 12.0063
4724.30 12.0050
4724.35 12.0037
4724.40 12.0025
4724.45 12.0012
4724.50 11.9999
4724.55 11.9986
4724.60 11.9973
4724.65 11.9960
4724.70 11.9947
4724.75 11.9934
4724.80 11.9921
4724.85 11.9908
4724.90 11.9895
4724.95 11.9882
4725.00 11.9868
4725.05 11.9855
4725.10 11.9841
4725.15 11.9828
4725.20 11.9814
4725.25 11.9801
4725.30 11.9787
4725.35 11.9773
4725.40 11.9760
4725.45 11.9746
4725.50 11.9732
4725.55 11.9718
4725.60 11.9704
4725.65 11.9690
4725.70 11.9676
4725.75 11.9662
4725.80 11.9648
4725.85 11.9633
4725.90 11.9619
4725.95 11.9605
4726.00 11.9590
4726.05 11.9576
4726.10 11.9561
4726.15 11.9546
4726.20 11.9532
4726.25 11.9517
4726.30 11.9502
4726.35 11.9487
4726.40 11.9472
4726.45 11.9458
4726.50 11.9443
4726.55 11.9427
4726.60 11.9412
4726.65 11.9397
4726.70 11.9382
4726.75 11.9367
4726.80 11.9351
4726.85 11.9336
4726.90 11.9320
4726.95 11.9305
4727.00 11.9289
4727.05 11.9273
4727.10 11.9258
4727.15 11.9242
4727.20 11.9226
4727.25 11.9210
4727.30 11.9194
4727.35 11.9178
4727.40 11.9162
4727.45 11.9146
4727.50 11.9130
4727.55 11.9114
4727.60 11.9097
4727.65 11.9081
4727.70 11.9065
4727.75 11.9048
4727.80 11.9032
4727.85 11.9015
4727.90 11.8999
4727.95 11.8982
4728.00 11.8965
4728.05 11.8948
4728.10 11.8932
4728.15 11.8915
4728.20 11.8898
4728.25 11.8881
4728.30 11.8864
4728.35 11.8847
4728.40 11.8830
4728.45 11.8813
4728.50 11.8796
4728.55 11.8778
4728.60 11.8761
4728.65 11.8744
4728.70 11.8726
4728.75 11.8709
4728.80 11.8692
4728.85 11.8674
4728.90 11.8657
4728.95 11.8639
4729.00 11.8622
4729.05 11.8604
4729.10 11.8586
4729.15 11.8569
4729.20 11.8551
4729.25 11.8533
4729.30 11.8515
4729.35 11.8498
4729.40 11.8480
4729.45 11.8462
4729.50 11.8444
4729.55 11.8426
4729.60 11.8408
4729.65 11.8390
4729.70 11.8372
4729.75 11.8354
4729.80 11.8336
4729.85 11.8318
4729.90 11.8300
4729.95 11.8282
4730.00 11.8264
4730.05 11.8246
4730.10 11.8228
4730.15 11.8210
4730.20 11.8192
4730.25 11.8174
4730.30 11.8156
4730.35 11.8138
4730.40 11.8120
4730.45 11.8101
4730.50 11.8083
4730.55 11.8065
4730.60 11.8047
4730.65 11.8029
4730.70 11.8011
4730.75 11.7993
4730.80 11.7975
4730.85 11.7957
4730.90 11.7939
4730.95 11.7921
4731.00 11.7903
4731.05 11.7885
4731.10 11.7867
4731.15 11.7849
4731.20 11.7831
4731.25 11.7813
4731.30 11.7795
4731.35 11.7777
4731.40 11.7760
4731.45 11.7742
4731.50 11.7724
4731.55 11.7706
4731.60 11.7689
4731.65 11.7671
4731.70 11.7654
4731.75 11.7636
4731.80 11.7619
4731.85 11.7601
4731.90 11.7584
4731.95 11.7567
4732.00 11.7549
4732.05 11.7532
4732.10 11.7515
4732.15 11.7498
4732.20 11.7481
4732.25 11.7464
4732.30 11.7447
4732.35 11.7430
4732.40 11.7414
4732.45 11.7397
4732.50 11.7380
4732.55 11.7364
4732.60 11.7347
4732.65 11.7331
4732.70 11.7315
4732.75 11.7299
4732.80 11.7283
4732.85 11.7267
4732.90 11.7251
4732.95 11.7235
4733.00 11.7219
4733.05 11.7204
4733.10 11.7188
4733.15 11.7173
4733.20 11.7157
4733.25 11.7142
4733.30 11.7127
4733.35 11.7112
4733.40 11.7097
4733.45 11.7082
4733.50 11.7068
4733.55 11.7053
4733.60 11.7039
4733.65 11.7025
4733.70 11.7011
4733.75 11.6997
4733.80 11.6983
4733.85 11.6969
4733.90 11.6955
4733.95 11.6942
4734.00 11.6928
4734.05 11.6915
4734.10 11.6902
4734.15 11.6889
4734.20 11.6877
4734.25 11.6864
4734.30 11.6851
4734.35 11.6839
4734.40 11.6827
4734.45 11.6815
4734.50 11.6803
4734.55 11.6791
4734.60 11.6780
4734.65 11.6769
4734.70 11.6757
4734.75 11.6746
4734.80 11.6735
4734.85 11.6725
4734.90 11.6714
4734.95 11.6704
4735.00 11.6694
4735.05 11.6684
4735.10 11.6674
4735.15 11.6664
4735.20 11.6655
4735.25 11.6645
4735.30 11.6636
4735.35 11.6627
4735.40 11.6619
4735.45 11.6610
4735.50 11.6602
4735.55 11.6594
4735.60 11.6586
4735.65 11.6578
4735.70 11.6570
4735.75 11.6563
4735.80 11.6556
4735.85 11.6549
4735.90 11.6542
4735.95 11.6535
4736.00 11.6529
4736.05 11.6523
4736.10 11.6517
4736.15 11.6511
4736.20 11.6505
4736.25 11.6500
4736.30 11.6495
4736.35 11.6490
4736.40 11.6485
4736.45 11.6481
4736.50 11.6476
4736.55 11.6472
4736.60 11.6468
4736.65 11.6465
4736.70 11.6461
4736.75 11.6458
4736.80 11.6455
4736.85 11.6452
4736.90 11.6449
4736.95 11.6447
4737.00 11.6445
4737.05 11.6443
4737.10 11.6441
4737.15 11.6439
4737.20 11.6438
4737.25 11.6437
4737.30 11.6436
4737.35 11.6436
4737.40 11.6435
4737.45 11.6435
