5049.50 7.1901
5049.55 7.1902
5049.60 7.1903
5049.65 7.1904
5049.70 7.1905
5049.75 7.1906
5049.80 7.1906
5049.85 7.1907
5049.90 7.1908
5049.95 7.1909
5050.00 7.1910
5050.05 7.1911
5050.10 7.1912
5050.15 7.1912
5050.20 7.1913
5050.25 7.1914
5050.30 7.1915
5050.35 7.1916
5050.40 7.1916
5050.45 7.1917
5050.50 7.1918
5050.55 7.1918
5050.60 7.1919
5050.65 7.1920
5050.70 7.1920
5050.75 7.1921
5050.80 7.1922
5050.85 7.1922
5050.90 7.1923
5050.95 7.1923
5051.00 7.1924
5051.05 7.1925
5051.10 7.1925
5051.15 7.1926
5051.20 7.1926
5051.25 7.1927
5051.30 7.1927
5051.35 7.1928
5051.40 7.1928
5051.45 7.1929
5051.50 7.1929
5051.55 7.1929
5051.60 7.1930
5051.65 7.1930
5051.70 7.1931
5051.75 7.1931
5051.80 7.1931
5051.85 7.1932
5051.90 7.1932
5051.95 7.1932
5052.00 7.1932
5052.05 7.1933
5052.10 7.1933
5052.15 7.1933
5052.20 7.1934
5052.25 7.1934
5052.30 7.1934
5052.35 7.1934
5052.40 7.1934
5052.45 7.1935
5052.50 7.1935
5052.55 7.1935
5052.60 7.1935
5052.65 7.1935
5052.70 7.1935
5052.75 7.1935
5052.80 7.1935
5052.85 7.1935
5052.90 7.1935
5052.95 7.1936
5053.00 7.1936
5053.05 7.1936
5053.10 7.1936
5053.15 7.1936
5053.20 7.1936
5053.25 7.1936
5053.30 7.1935
5053.35 7.1935
5053.40 7.1935
5053.45 7.1935
5053.50 7.1935
5053.55 7.1935
5053.60 7.1935
5053.65 7.1935
5053.70 7.1935
5053.75 7.1935
5053.80 7.1934
5053.85 7.1934
5053.90 7.1934
5053.95 7.1934
5054.00 7.1934
5054.05 7.1933
5054.10 7.1933
5054.15 7.1933
5054.20 7.1933
5054.25 7.1932
5054.30 7.1932
5054.35 7.1932
5054.40 7.1931
5054.45 7.1931
5054.50 7.1931
5054.55 7.1930
5054.60 7.1930
5054.65 7.1930
5054.70 7.1929
5054.75 7.1929
5054.80 7.1928
5054.85 7.1928
5054.90 7.1927
5054.95 7.1927
5055.00 7.1927
5055.05 7.1926
5055.10 7.1926
5055.15 7.1925
5055.20 7.1925
5055.25 7.1924
5055.30 7.1924
5055.35 7.1923
5055.40 7.1923
5055.45 7.1922
5055.50 7.1921
5055.55 7.1921
5055.60 7.1920
5055.65 7.1920
5055.70 7.1919
5055.75 7.1918
5055.80 7.1918
5055.85 7.1917
5055.90 7.1916
5055.95 7.1916
5056.00 7.1915
5056.05 7.1914
5056.10 7.1914
5056.15 7.1913
5056.20 7.1912
5056.25 7.1911
5056.30 7.1911
5056.35 7.1910
5056.40 7.1909
5056.45 7.1908
5056.50 7.1908
5056.55 7.1907
5056.60 7.1906
5056.65 7.1905
5056.70 7.1904
5056.75 7.1903
5056.80 7.1903
5056.85 7.1902
5056.90 7.1901
5056.95 7.1900
5057.00 7.1899
5057.05 7.1898
5057.10 7.1897
5057.15 7.1896
5057.20 7.1895
5057.25 7.1894
5057.30 7.1893
5057.35 7.1892
5057.40 7.1891
5057.45 7.1890
5057.50 7.1889
5057.55 7.1888
5057.60 7.1887
5057.65 7.1886
5057.70 7.1885
5057.75 7.1884
5057.80 7.1883
5057.85 7.1882
5057.90 7.1881
5057.95 7.1880
5058.00 7.1879
5058.05 7.1878
5058.10 7.1877
5058.15 7.1875
5058.20 7.1874
5058.25 7.1873
5058.30 7.1872
5058.35 7.1871
5058.40 7.1870
5058.45 7.1868
5058.50 7.1867
5058.55 7.1866
5058.60 7.1865
5058.65 7.1864
5058.70 7.1862
5058.75 7.1861
5058.80 7.1860
5058.85 7.1859
5058.90 7.1857
5058.95 7.1856
5059.00 7.1855
5059.05 7.1853
5059.10 7.1852
5059.15 7.1851
5059.20 7.1849
5059.25 7.1848
5059.30 7.1847
5059.35 7.1845
5059.40 7.1844
5059.45 7.1843
5059.50 7.1841
5059.55 7.1840
5059.60 7.1838
5059.65 7.1837
5059.70 7.1836
5059.75 7.1834
5059.80 7.1833
5059.85 7.1831
5059.90 7.1830
5059.95 7.1828
5060.00 7.1827
5060.05 7.1825
5060.10 7.1824
5060.15 7.1822
5060.20 7.1821
5060.25 7.1819
5060.30 7.1818
5060.35 7.1816
5060.40 7.1815
5060.45 7.1813
5060.50 7.1812
5060.55 7.1810
5060.60 7.1808
5060.65 7.1807
5060.70 7.1805
5060.75 7.1804
5060.80 7.1802
5060.85 7.1800
5060.90 7.1799
5060.95 7.1797
5061.00 7.1795
5061.05 7.1794
5061.10 7.1792
5061.15 7.1790
5061.20 7.1789
5061.25 7.1787
5061.30 7.1785
5061.35 7.1784
5061.40 7.1782
5061.45 7.1780
5061.50 7.1778
5061.55 7.1777
5061.60 7.1775
5061.65 7.1773
5061.70 7.1771
5061.75 7.1770
5061.80 7.1768
5061.85 7.1766
5061.90 7.1764
5061.95 7.1762
5062.00 7.1761
5062.05 7.1759
5062.10 7.1757
5062.15 7.1755
5062.20 7.1753
5062.25 7.1751
5062.30 7.1750
5062.35 7.1748
5062.40 7.1746
5062.45 7.1744
5062.50 7.1742
5062.55 7.1740
5062.60 7.1738
5062.65 7.1736
5062.70 7.1734
5062.75 7.1732
5062.80 7.1731
5062.85 7.1729
5062.90 7.1727
5062.95 7.1725
5063.00 7.1723
5063.05 7.1721
5063.10 7.1719
5063.15 7.1717
5063.20 7.1715
5063.25 7.1713
5063.30 7.1711
5063.35 7.1709
5063.40 7.1707
5063.45 7.1705
5063.50 7.1703
5063.55 7.1701
5063.60 7.1699
5063.65 7.1697
5063.70 7.1694
5063.75 7.1692
5063.80 7.1690
5063.85 7.1688
5063.90 7.1686
5063.95 7.1684
5064.00 7.1682
5064.05 7.1680
5064.10 7.1678
5064.15 7.1676
5064.20 7.1673
5064.25 7.1671
5064.30 7.1669
5064.35 7.1667
5064.40 7.1665
5064.45 7.1663
5064.50 7.1660
5064.55 7.1658
5064.60 7.1656
5064.65 7.1654
5064.70 7.1652
5064.75 7.1649
5064.80 7.1647
5064.85 7.1645
5064.90 7.1643
5064.95 7.1641
5065.00 7.1638
5065.05 7.1636
5065.10 7.1634
5065.15 7.1632
5065.20 7.1629
5065.25 7.1627
5065.30 7.1625
5065.35 7.1622
5065.40 7.1620
5065.45 7.1618
5065.50 7.1616
5065.55 7.1613
5065.60 7.1611
5065.65 7.1609
5065.70 7.1606
5065.75 7.1604
5065.80 7.1602
5065.85 7.1599
5065.90 7.1597
5065.95 7.1595
5066.00 7.1592
5066.05 7.1590
5066.10 7.1587
5066.15 7.1585
5066.20 7.1583
5066.25 7.1580
5066.30 7.1578
5066.35 7.1575
5066.40 7.1573
5066.45 7.1571
5066.50 7.1568
5066.55 7.1566
5066.60 7.1563
5066.65 7.1561
5066.70 7.1558
5066.75 7.1556
5066.80 7.1554
5066.85 7.1551
5066.90 7.1549
5066.95 7.1546
5067.00 7.1544
5067.05 7.1541
5067.10 7.1539
5067.15 7.1536
5067.20 7.1534
5067.25 7.1531
5067.30 7.1529
5067.35 7.1526
5067.40 7.1524
5067.45 7.1521
5067.50 7.1519
5067.55 7.1516
5067.60 7.1513
5067.65 7.1511
5067.70 7.1508
5067.75 7.1506
5067.80 7.1503
5067.85 7.1501
5067.90 7.1498
5067.95 7.1496
5068.00 7.1493
5068.05 7.1490
5068.10 7.1488
5068.15 7.1485
5068.20 7.1483
5068.25 7.1480
5068.30 7.1477
5068.35 7.1475
5068.40 7.1472
5068.45 7.1469
5068.50 7.1467
5068.55 7.1464
5068.60 7.1462
5068.65 7.1459
5068.70 7.1456
5068.75 7.1454
5068.80 7.1451
5068.85 7.1448
5068.90 7.1446
5068.95 7.1443
5069.00 7.1440
5069.05 7.1437
5069.10 7.1435
5069.15 7.1432
5069.20 7.1429
5069.25 7.1427
5069.30 7.1424
5069.35 7.1421
5069.40 7.1419
5069.45 7.1416
5069.50 7.1413
5069.55 7.1410
5069.60 7.1408
5069.65 7.1405
5069.70 7.1402
5069.75 7.1399
5069.80 7.1397
5069.85 7.1394
5069.90 7.1391
5069.95 7.1388
5070.00 7.1386
5070.05 7.1383
5070.10 7.1380
5070.15 7.1377
5070.20 7.1374
5070.25 7.1372
5070.30 7.1369
5070.35 7.1366
5070.40 7.1363
5070.45 7.1360
5070.50 7.1358
5070.55 7.1355
5070.60 7.1352
5070.65 7.1349
5070.70 7.1346
5070.75 7.1343
5070.80 7.1341
5070.85 7.1338
5070.90 7.1335
5070.95 7.1332
5071.00 7.1329
5071.05 7.1326
5071.10 7.1324
5071.15 7.1321
5071.20 7.1318
5071.25 7.1315
5071.30 7.1312
5071.35 7.1309
5071.40 7.1306
5071.45 7.1303
5071.50 7.1300
5071.55 7.1298
5071.60 7.1295
5071.65 7.1292
5071.70 7.1289
5071.75 7.1286
5071.80 7.1283
5071.85 7.1280
5071.90 7.1277
5071.95 7.1274
5072.00 7.1271
5072.05 7.1268
5072.10 7.1266
5072.15 7.1263
5072.20 7.1260
5072.25 7.1257
5072.30 7.1254
5072.35 7.1251
5072.40 7.1248
5072.45 7.1245
5072.50 7.1242
5072.55 7.1239
5072.60 7.1236
5072.65 7.1233
5072.70 7.1230
5072.75 7.1227
5072.80 7.1224
5072.85 7.1221
5072.90 7.1218
5072.95 7.1215
5073.00 7.1212
5073.05 7.1209
5073.10 7.1206
5073.15 7.1203
5073.20 7.1200
5073.25 7.1197
5073.30 7.1194
5073.35 7.1191
5073.40 7.1188
5073.45 7.1185
5073.50 7.1182
5073.55 7.1179
5073.60 7.1176
5073.65 7.1173
5073.70 7.1170
5073.75 7.1167
5073.80 7.1164
5073.85 7.1161
5073.90 7.1158
5073.95 7.1155
5074.00 7.1152
5074.05 7.1149
5074.10 7.1145
5074.15 7.1142
5074.20 7.1139
5074.25 7.1136
5074.30 7.1133
5074.35 7.1130
5074.40 7.1127
5074.45 7.1124
5074.50 7.1121
5074.55 7.1118
5074.60 7.1115
5074.65 7.1112
5074.70 7.1109
5074.75 7.1105
5074.80 7.1102
5074.85 7.1099
5074.90 7.1096
5074.95 7.1093
5075.00 7.1090
5075.05 7.1087
5075.10 7.1084
5075.15 7.1081
5075.20 7.1078
5075.25 7.1074
5075.30 7.1071
5075.35 7.1068
5075.40 7.1065
5075.45 7.1062
5075.50 7.1059
5075.55 7.1056
5075.60 7.1053
5075.65 7.1049
5075.70 7.1046
5075.75 7.1043
5075.80 7.1040
5075.85 7.1037
5075.90 7.1034
5075.95 7.1031
5076.00 7.1027
5076.05 7.1024
5076.10 7.1021
5076.15 7.1018
5076.20 7.1015
5076.25 7.1012
5076.30 7.1008
5076.35 7.1005
5076.40 7.1002
5076.45 7.0999
5076.50 7.0996
5076.55 7.0993
5076.60 7.0989
5076.65 7.0986
5076.70 7.0983
5076.75 7.0980
5076.80 7.0977
5076.85 7.0974
5076.90 7.0970
5076.95 7.0967
5077.00 7.0964
5077.05 7.0961
5077.10 7.0958
5077.15 7.0954
5077.20 7.0951
5077.25 7.0948
5077.30 7.0945
5077.35 7.0942
5077.40 7.0938
5077.45 7.0935
5077.50 7.0932
5077.55 7.0929
5077.60 7.0926
5077.65 7.0922
5077.70 7.0919
5077.75 7.0916
5077.80 7.0913
5077.85 7.0910
5077.90 7.0906
5077.95 7.0903
5078.00 7.0900
5078.05 7.0897
5078.10 7.0893
5078.15 7.0890
5078.20 7.0887
5078.25 7.0884
5078.30 7.0881
5078.35 7.0877
5078.40 7.0874
5078.45 7.0871
5078.50 7.0868
5078.55 7.0864
5078.60 7.0861
5078.65 7.0858
5078.70 7.0855
5078.75 7.0851
5078.80 7.0848
5078.85 7.0845
5078.90 7.0842
5078.95 7.0838
5079.00 7.0835
5079.05 7.0832
5079.10 7.0829
5079.15 7.0825
5079.20 7.0822
5079.25 7.0819
5079.30 7.0816
5079.35 7.0812
5079.40 7.0809
5079.45 7.0806
5079.50 7.0803
5079.55 7.0799
5079.60 7.0796
5079.65 7.0793
5079.70 7.0790
5079.75 7.0786
5079.80 7.0783
5079.85 7.0780
5079.90 7.0777
5079.95 7.0773
5080.00 7.0770
5080.05 7.0767
5080.10 7.0763
5080.15 7.0760
5080.20 7.0757
5080.25 7.0754
5080.30 7.0750
5080.35 7.0747
5080.40 7.0744
5080.45 7.0741
5080.50 7.0737
5080.55 7.0734
5080.60 7.0731
5080.65 7.0727
5080.70 7.0724
5080.75 7.0721
5080.80 7.0718
5080.85 7.0714
5080.90 7.0711
5080.95 7.0708
5081.00 7.0704
5081.05 7.0701
5081.10 7.0698
5081.15 7.0695
5081.20 7.0691
5081.25 7.0688
5081.30 7.0685
5081.35 7.0681
5081.40 7.0678
5081.45 7.0675
5081.50 7.0672
5081.55 7.0668
5081.60 7.0665
5081.65 7.0662
5081.70 7.0658
5081.75 7.0655
5081.80 7.0652
5081.85 7.0649
5081.90 7.0645
5081.95 7.0642
5082.00 7.0639
5082.05 7.0635
5082.10 7.0632
5082.15 7.0629
5082.20 7.0625
5082.25 7.0622
5082.30 7.0619
5082.35 7.0616
5082.40 7.0612
5082.45 7.0609
5082.50 7.0606
5082.55 7.0602
5082.60 7.0599
5082.65 7.0596
5082.70 7.0592
5082.75 7.0589
5082.80 7.0586
5082.85 7.0583
5082.90 7.0579
5082.95 7.0576
5083.00 7.0573
5083.05 7.0569
5083.10 7.0566
5083.15 7.0563
5083.20 7.0559
5083.25 7.0556
5083.30 7.0553
5083.35 7.0550
5083.40 7.0546
5083.45 7.0543
5083.50 7.0540
5083.55 7.0536
5083.60 7.0533
5083.65 7.0530
5083.70 7.0526
5083.75 7.0523
5083.80 7.0520
5083.85 7.0517
5083.90 7.0513
5083.95 7.0510
5084.00 7.0507
5084.05 7.0503
5084.10 7.0500
5084.15 7.0497
5084.20 7.0493
5084.25 7.0490
5084.30 7.0487
5084.35 7.0484
5084.40 7.0480
5084.45 7.0477
5084.50 7.0474
5084.55 7.0470
5084.60 7.0467
5084.65 7.0464
5084.70 7.0461
5084.75 7.0457
5084.80 7.0454
5084.85 7.0451
5084.90 7.0447
5084.95 7.0444
5085.00 7.0441
5085.05 7.0437
5085.10 7.0434
5085.15 7.0431
5085.20 7.0428
5085.25 7.0424
5085.30 7.0421
5085.35 7.0418
5085.40 7.0414
5085.45 7.0411
5085.50 7.0408
5085.55 7.0405
5085.60 7.0401
5085.65 7.0398
5085.70 7.0395
5085.75 7.0391
5085.80 7.0388
5085.85 7.0385
5085.90 7.0381
5085.95 7.0378
5086.00 7.0375
5086.05 7.0372
5086.10 7.0368
5086.15 7.0365
5086.20 7.0362
5086.25 7.0358
5086.30 7.0355
5086.35 7.0352
5086.40 7.0349
5086.45 7.0345
5086.50 7.0342
5086.55 7.0339
5086.60 7.0336
5086.65 7.0332
5086.70 7.0329
5086.75 7.0326
5086.80 7.0322
5086.85 7.0319
5086.90 7.0316
5086.95 7.0313
5087.00 7.0309
5087.05 7.0306
5087.10 7.0303
5087.15 7.0299
5087.20 7.0296
5087.25 7.0293
5087.30 7.0290
5087.35 7.0286
5087.40 7.0283
5087.45 7.0280
5087.50 7.0277
5087.55 7.0273
5087.60 7.0270
5087.65 7.0267
5087.70 7.0264
5087.75 7.0260
5087.80 7.0257
5087.85 7.0254
5087.90 7.0250
5087.95 7.0247
5088.00 7.0244
5088.05 7.0241
5088.10 7.0237
5088.15 7.0234
5088.20 7.0231
5088.25 7.0228
5088.30 7.0224
5088.35 7.0221
5088.40 7.0218
5088.45 7.0215
5088.50 7.0211
5088.55 7.0208
5088.60 7.0205
5088.65 7.0202
5088.70 7.0198
5088.75 7.0195
5088.80 7.0192
5088.85 7.0189
5088.90 7.0185
5088.95 7.0182
5089.00 7.0179
5089.05 7.0176
5089.10 7.0173
5089.15 7.0169
5089.20 7.0166
5089.25 7.0163
5089.30 7.0160
5089.35 7.0156
5089.40 7.0153
5089.45 7.0150
5089.50 7.0147
5089.55 7.0143
5089.60 7.0140
5089.65 7.0137
5089.70 7.0134
5089.75 7.0131
5089.80 7.0127
5089.85 7.0124
5089.90 7.0121
5089.95 7.0118
5090.00 7.0114
5090.05 7.0111
5090.10 7.0108
5090.15 7.0105
5090.20 7.0102
5090.25 7.0098
5090.30 7.0095
5090.35 7.0092
5090.40 7.0089
5090.45 7.0086
5090.50 7.0082
5090.55 7.0079
5090.60 7.0076
5090.65 7.0073
5090.70 7.0070
5090.75 7.0066
5090.80 7.0063
5090.85 7.0060
5090.90 7.0057
5090.95 7.0054
5091.00 7.0050
5091.05 7.0047
5091.10 7.0044
5091.15 7.0041
5091.20 7.0038
5091.25 7.0034
5091.30 7.0031
5091.35 7.0028
5091.40 7.0025
5091.45 7.0022
5091.50 7.0019
5091.55 7.0015
5091.60 7.0012
5091.65 7.0009
5091.70 7.0006
5091.75 7.0003
5091.80 7.0000
5091.85 6.9996
5091.90 6.9993
5091.95 6.9990
5092.00 6.9987
5092.05 6.9984
5092.10 6.9981
5092.15 6.9977
5092.20 6.9974
5092.25 6.9971
5092.30 6.9968
5092.35 6.9965
5092.40 6.9962
5092.45 6.9958
5092.50 6.9955
5092.55 6.9952
5092.60 6.9949
5092.65 6.9946
5092.70 6.9943
5092.75 6.9940
5092.80 6.9936
5092.85 6.9933
5092.90 6.9930
5092.95 6.9927
5093.00 6.9924
5093.05 6.9921
5093.10 6.9918
5093.15 6.9915
5093.20 6.9911
5093.25 6.9908
5093.30 6.9905
5093.35 6.9902
5093.40 6.9899
5093.45 6.9896
5093.50 6.9893
5093.55 6.9890
5093.60 6.9887
5093.65 6.9883
5093.70 6.9880
5093.75 6.9877
5093.80 6.9874
5093.85 6.9871
5093.90 6.9868
5093.95 6.9865
5094.00 6.9862
5094.05 6.9859
5094.10 6.9856
5094.15 6.9852
5094.20 6.9849
5094.25 6.9846
5094.30 6.9843
5094.35 6.9840
5094.40 6.9837
5094.45 6.9834
5094.50 6.9831
5094.55 6.9828
5094.60 6.9825
5094.65 6.9822
5094.70 6.9819
5094.75 6.9815
5094.80 6.9812
5094.85 6.9809
5094.90 6.9806
5094.95 6.9803
5095.00 6.9800
5095.05 6.9797
5095.10 6.9794
5095.15 6.9791
5095.20 6.9788
5095.25 6.9785
5095.30 6.9782
5095.35 6.9779
5095.40 6.9776
5095.45 6.9773
5095.50 6.9770
5095.55 6.9767
5095.60 6.9764
5095.65 6.9761
5095.70 6.9757
5095.75 6.9754
5095.80 6.9751
5095.85 6.9748
5095.90 6.9745
5095.95 6.9742
5096.00 6.9739
5096.05 6.9736
5096.10 6.9733
5096.15 6.9730
5096.20 6.9727
5096.25 6.9724
5096.30 6.9721
5096.35 6.9718
5096.40 6.9715
5096.45 6.9712
5096.50 6.9709
5096.55 6.9706
5096.60 6.9703
5096.65 6.9700
5096.70 6.9697
5096.75 6.9694
5096.80 6.9691
5096.85 6.9688
5096.90 6.9685
5096.95 6.9682
5097.00 6.9679
5097.05 6.9676
5097.10 6.9673
5097.15 6.9670
5097.20 6.9667
5097.25 6.9664
5097.30 6.9661
5097.35 6.9658
5097.40 6.9655
5097.45 6.9652
5097.50 6.9649
5097.55 6.9647
5097.60 6.9644
5097.65 6.9641
5097.70 6.9638
5097.75 6.9635
5097.80 6.9632
5097.85 6.9629
5097.90 6.9626
5097.95 6.9623
5098.00 6.9620
5098.05 6.9617
5098.10 6.9614
5098.15 6.9611
5098.20 6.9608
5098.25 6.9605
5098.30 6.9602
5098.35 6.9599
5098.40 6.9596
5098.45 6.9594
5098.50 6.9591
5098.55 6.9588
5098.60 6.9585
5098.65 6.9582
5098.70 6.9579
5098.75 6.9576
5098.80 6.9573
5098.85 6.9570
5098.90 6.9567
5098.95 6.9564
5099.00 6.9561
5099.05 6.9559
5099.10 6.9556
5099.15 6.9553
5099.20 6.9550
5099.25 6.9547
5099.30 6.9544
5099.35 6.9541
5099.40 6.9538
5099.45 6.9535
5099.50 6.9533
5099.55 6.9530
5099.60 6.9527
5099.65 6.9524
5099.70 6.9521
5099.75 6.9518
5099.80 6.9515
5099.85 6.9512
5099.90 6.9510
5099.95 6.9507
5100.00 6.9504
5100.05 6.9501
5100.10 6.9498
5100.15 6.9495
5100.20 6.9492
5100.25 6.9490
5100.30 6.9487
5100.35 6.9484
5100.40 6.9481
5100.45 6.9478
5100.50 6.9475
5100.55 6.9472
5100.60 6.9470
5100.65 6.9467
5100.70 6.9464
5100.75 6.9461
5100.80 6.9458
5100.85 6.9455
5100.90 6.9453
5100.95 6.9450
5101.00 6.9447
5101.05 6.9444
5101.10 6.9441
5101.15 6.9439
5101.20 6.9436
5101.25 6.9433
5101.30 6.9430
5101.35 6.9427
5101.40 6.9425
5101.45 6.9422
5101.50 6.9419
5101.55 6.9416
5101.60 6.9413
5101.65 6.9411
5101.70 6.9408
5101.75 6.9405
5101.80 6.9402
5101.85 6.9399
5101.90 6.9397
5101.95 6.9394
5102.00 6.9391
5102.05 6.9388
5102.10 6.9386
5102.15 6.9383
5102.20 6.9380
5102.25 6.9377
5102.30 6.9374
5102.35 6.9372
5102.40 6.9369
5102.45 6.9366
5102.50 6.9363
5102.55 6.9361
5102.60 6.9358
5102.65 6.9355
5102.70 6.9352
5102.75 6.9350
5102.80 6.9347
5102.85 6.9344
5102.90 6.9341
5102.95 6.9339
5103.00 6.9336
5103.05 6.9333
5103.10 6.9331
5103.15 6.9328
5103.20 6.9325
5103.25 6.9322
5103.30 6.9320
5103.35 6.9317
5103.40 6.9314
5103.45 6.9311
5103.50 6.9309
5103.55 6.9306
5103.60 6.9303
5103.65 6.9301
5103.70 6.9298
5103.75 6.9295
5103.80 6.9293
5103.85 6.9290
5103.90 6.9287
5103.95 6.9284
5104.00 6.9282
5104.05 6.9279
5104.10 6.9276
5104.15 6.9274
5104.20 6.9271
5104.25 6.9268
5104.30 6.9266
5104.35 6.9263
5104.40 6.9260
5104.45 6.9258
5104.50 6.9255
5104.55 6.9252
5104.60 6.9250
5104.65 6.9247
5104.70 6.9244
5104.75 6.9242
5104.80 6.9239
5104.85 6.9236
5104.90 6.9234
5104.95 6.9231
5105.00 6.9228
5105.05 6.9226
5105.10 6.9223
5105.15 6.9220
5105.20 6.9218
5105.25 6.9215
5105.30 6.9213
5105.35 6.9210
5105.40 6.9207
5105.45 6.9205
5105.50 6.9202
5105.55 6.9199
5105.60 6.9197
5105.65 6.9194
5105.70 6.9192
5105.75 6.9189
5105.80 6.9186
5105.85 6.9184
5105.90 6.9181
5105.95 6.9178
5106.00 6.9176
5106.05 6.9173
5106.10 6.9171
5106.15 6.9168
5106.20 6.9165
5106.25 6.9163
5106.30 6.9160
5106.35 6.9158
5106.40 6.9155
5106.45 6.9152
5106.50 6.9150
5106.55 6.9147
5106.60 6.9145
5106.65 6.9142
5106.70 6.9140
5106.75 6.9137
5106.80 6.9134
5106.85 6.9132
5106.90 6.9129
5106.95 6.9127
5107.00 6.9124
5107.05 6.9122
5107.10 6.9119
5107.15 6.9116
5107.20 6.9114
5107.25 6.9111
5107.30 6.9109
5107.35 6.9106
5107.40 6.9104
5107.45 6.9101
5107.50 6.9099
5107.55 6.9096
5107.60 6.9093
5107.65 6.9091
5107.70 6.9088
5107.75 6.9086
5107.80 6.9083
5107.85 6.9081
5107.90 6.9078
5107.95 6.9076
5108.00 6.9073
5108.05 6.9071
5108.10 6.9068
5108.15 6.9066
5108.20 6.9063
5108.25 6.9061
5108.30 6.9058
5108.35 6.9056
5108.40 6.9053
5108.45 6.9051
5108.50 6.9048
5108.55 6.9046
5108.60 6.9043
5108.65 6.9040
5108.70 6.9038
5108.75 6.9035
5108.80 6.9033
5108.85 6.9031
5108.90 6.9028
5108.95 6.9026
5109.00 6.9023
5109.05 6.9021
5109.10 6.9018
5109.15 6.9016
5109.20 6.9013
5109.25 6.9011
5109.30 6.9008
5109.35 6.9006
5109.40 6.9003
5109.45 6.9001
5109.50 6.8998
5109.55 6.8996
5109.60 6.8993
5109.65 6.8991
5109.70 6.8988
5109.75 6.8986
5109.80 6.8983
5109.85 6.8981
5109.90 6.8979
5109.95 6.8976
5110.00 6.8974
5110.05 6.8971
5110.10 6.8969
5110.15 6.8966
5110.20 6.8964
5110.25 6.8961
5110.30 6.8959
5110.35 6.8956
5110.40 6.8954
5110.45 6.8952
5110.50 6.8949
5110.55 6.8947
5110.60 6.8944
5110.65 6.8942
5110.70 6.8939
5110.75 6.8937
5110.80 6.8935
5110.85 6.8932
5110.90 6.8930
5110.95 6.8927
5111.00 6.8925
5111.05 6.8922
5111.10 6.8920
5111.15 6.8918
5111.20 6.8915
5111.25 6.8913
5111.30 6.8910
5111.35 6.8908
5111.40 6.8906
5111.45 6.8903
5111.50 6.8901
5111.55 6.8898
5111.60 6.8896
5111.65 6.8894
5111.70 6.8891
5111.75 6.8889
5111.80 6.8886
5111.85 6.8884
5111.90 6.8882
5111.95 6.8879
5112.00 6.8877
5112.05 6.8874
5112.10 6.8872
5112.15 6.8870
5112.20 6.8867
5112.25 6.8865
5112.30 6.8863
5112.35 6.8860
5112.40 6.8858
5112.45 6.8855
5112.50 6.8853
5112.55 6.8851
5112.60 6.8848
5112.65 6.8846
5112.70 6.8844
5112.75 6.8841
5112.80 6.8839
5112.85 6.8837
5112.90 6.8834
5112.95 6.8832
5113.00 6.8829
5113.05 6.8827
5113.10 6.8825
5113.15 6.8822
5113.20 6.8820
5113.25 6.8818
5113.30 6.8815
5113.35 6.8813
5113.40 6.8811
5113.45 6.8808
5113.50 6.8806
5113.55 6.8804
5113.60 6.8801
5113.65 6.8799
5113.70 6.8797
5113.75 6.8794
5113.80 6.8792
5113.85 6.8790
5113.90 6.8787
5113.95 6.8785
5114.00 6.8783
5114.05 6.8780
5114.10 6.8778
5114.15 6.8776
5114.20 6.8773
5114.25 6.8771
5114.30 6.8769
5114.35 6.8766
5114.40 6.8764
5114.45 6.8762
5114.50 6.8759
5114.55 6.8757
5114.60 6.8755
5114.65 6.8752
5114.70 6.8750
5114.75 6.8748
5114.80 6.8745
5114.85 6.8743
5114.90 6.8741
5114.95 6.8739
5115.00 6.8736
5115.05 6.8734
5115.10 6.8732
5115.15 6.8729
5115.20 6.8727
5115.25 6.8725
5115.30 6.8722
5115.35 6.8720
5115.40 6.8718
5115.45 6.8716
5115.50 6.8713
5115.55 6.8711
5115.60 6.8709
5115.65 6.8706
5115.70 6.8704
5115.75 6.8702
5115.80 6.8699
5115.85 6.8697
5115.90 6.8695
5115.95 6.8693
5116.00 6.8690
5116.05 6.8688
5116.10 6.8686
5116.15 6.8683
5116.20 6.8681
5116.25 6.8679
5116.30 6.8677
5116.35 6.8674
5116.40 6.8672
5116.45 6.8670
5116.50 6.8668
5116.55 6.8665
5116.60 6.8663
5116.65 6.8661
5116.70 6.8658
5116.75 6.8656
5116.80 6.8654
5116.85 6.8652
5116.90 6.8649
5116.95 6.8647
5117.00 6.8645
5117.05 6.8643
5117.10 6.8640
5117.15 6.8638
5117.20 6.8636
5117.25 6.8633
5117.30 6.8631
5117.35 6.8629
5117.40 6.8627
5117.45 6.8624
5117.50 6.8622
5117.55 6.8620
5117.60 6.8618
5117.65 6.8615
5117.70 6.8613
5117.75 6.8611
5117.80 6.8609
5117.85 6.8606
5117.90 6.8604
5117.95 6.8602
5118.00 6.8600
5118.05 6.8597
5118.10 6.8595
5118.15 6.8593
5118.20 6.8591
5118.25 6.8588
5118.30 6.8586
5118.35 6.8584
5118.40 6.8582
5118.45 6.8579
5118.50 6.8577
5118.55 6.8575
5118.60 6.8573
5118.65 6.8570
5118.70 6.8568
5118.75 6.8566
5118.80 6.8564
5118.85 6.8561
5118.90 6.8559
5118.95 6.8557
5119.00 6.8555
5119.05 6.8552
5119.10 6.8550
5119.15 6.8548
5119.20 6.8546
5119.25 6.8543
5119.30 6.8541
5119.35 6.8539
5119.40 6.8537
5119.45 6.8534
5119.50 6.8532
5119.55 6.8530
5119.60 6.8528
5119.65 6.8525
5119.70 6.8523
5119.75 6.8521
5119.80 6.8519
5119.85 6.8517
5119.90 6.8514
5119.95 6.8512
5120.00 6.8510
5120.05 6.8508
5120.10 6.8505
5120.15 6.8503
5120.20 6.8501
5120.25 6.8499
5120.30 6.8496
5120.35 6.8494
5120.40 6.8492
5120.45 6.8490
5120.50 6.8487
5120.55 6.8485
5120.60 6.8483
5120.65 6.8481
5120.70 6.8478
5120.75 6.8476
5120.80 6.8474
5120.85 6.8472
5120.90 6.8470
5120.95 6.8467
5121.00 6.8465
5121.05 6.8463
5121.10 6.8461
5121.15 6.8458
5121.20 6.8456
5121.25 6.8454
5121.30 6.8452
5121.35 6.8449
5121.40 6.8447
5121.45 6.8445
5121.50 6.8443
5121.55 6.8440
5121.60 6.8438
5121.65 6.8436
5121.70 6.8434
5121.75 6.8431
5121.80 6.8429
5121.85 6.8427
5121.90 6.8425
5121.95 6.8423
5122.00 6.8420
5122.05 6.8418
5122.10 6.8416
5122.15 6.8414
5122.20 6.8411
5122.25 6.8409
5122.30 6.8407
5122.35 6.8405
5122.40 6.8402
5122.45 6.8400
5122.50 6.8398
5122.55 6.8396
5122.60 6.8393
5122.65 6.8391
5122.70 6.8389
5122.75 6.8387
5122.80 6.8384
5122.85 6.8382
5122.90 6.8380
5122.95 6.8378
5123.00 6.8375
5123.05 6.8373
5123.10 6.8371
5123.15 6.8369
5123.20 6.8366
5123.25 6.8364
5123.30 6.8362
5123.35 6.8360
5123.40 6.8357
5123.45 6.8355
5123.50 6.8353
5123.55 6.8351
5123.60 6.8348
5123.65 6.8346
5123.70 6.8344
5123.75 6.8342
5123.80 6.8339
5123.85 6.8337
5123.90 6.8335
5123.95 6.8333
5124.00 6.8330
5124.05 6.8328
5124.10 6.8326
5124.15 6.8324
5124.20 6.8321
5124.25 6.8319
5124.30 6.8317
5124.35 6.8314
5124.40 6.8312
5124.45 6.8310
5124.50 6.8308
5124.55 6.8305
5124.60 6.8303
5124.65 6.8301
5124.70 6.8299
5124.75 6.8296
5124.80 6.8294
5124.85 6.8292
5124.90 6.8289
5124.95 6.8287
5125.00 6.8285
5125.05 6.8283
5125.10 6.8280
5125.15 6.8278
5125.20 6.8276
5125.25 6.8273
5125.30 6.8271
5125.35 6.8269
5125.40 6.8267
5125.45 6.8264
5125.50 6.8262
5125.55 6.8260
5125.60 6.8257
5125.65 6.8255
5125.70 6.8253
5125.75 6.8251
5125.80 6.8248
5125.85 6.8246
5125.90 6.8244
5125.95 6.8241
5126.00 6.8239
5126.05 6.8237
5126.10 6.8234
5126.15 6.8232
5126.20 6.8230
5126.25 6.8228
5126.30 6.8225
5126.35 6.8223
5126.40 6.8221
5126.45 6.8218
5126.50 6.8216
5126.55 6.8214
5126.60 6.8211
5126.65 6.8209
5126.70 6.8207
5126.75 6.8204
5126.80 6.8202
5126.85 6.8200
5126.90 6.8197
5126.95 6.8195
5127.00 6.8193
5127.05 6.8190
5127.10 6.8188
5127.15 6.8186
5127.20 6.8183
5127.25 6.8181
5127.30 6.8179
5127.35 6.8176
5127.40 6.8174
5127.45 6.8172
5127.50 6.8169
5127.55 6.8167
5127.60 6.8165
5127.65 6.8162
5127.70 6.8160
5127.75 6.8157
5127.80 6.8155
5127.85 6.8153
5127.90 6.8150
5127.95 6.8148
5128.00 6.8146
5128.05 6.8143
5128.10 6.8141
5128.15 6.8138
5128.20 6.8136
5128.25 6.8134
5128.30 6.8131
5128.35 6.8129
5128.40 6.8127
5128.45 6.8124
5128.50 6.8122
5128.55 6.8119
5128.60 6.8117
5128.65 6.8115
5128.70 6.8112
5128.75 6.8110
5128.80 6.8107
5128.85 6.8105
5128.90 6.8103
5128.95 6.8100
5129.00 6.8098
5129.05 6.8095
5129.10 6.8093
5129.15 6.8090
5129.20 6.8088
5129.25 6.8086
5129.30 6.8083
5129.35 6.8081
5129.40 6.8078
5129.45 6.8076
5129.50 6.8073
5129.55 6.8071
5129.60 6.8069
5129.65 6.8066
5129.70 6.8064
5129.75 6.8061
5129.80 6.8059
5129.85 6.8056
5129.90 6.8054
5129.95 6.8051
5130.00 6.8049
5130.05 6.8047
5130.10 6.8044
5130.15 6.8042
5130.20 6.8039
5130.25 6.8037
5130.30 6.8034
5130.35 6.8032
5130.40 6.8029
5130.45 6.8027
5130.50 6.8024
5130.55 6.8022
5130.60 6.8019
5130.65 6.8017
5130.70 6.8014
5130.75 6.8012
5130.80 6.8009
5130.85 6.8007
5130.90 6.8004
5130.95 6.8002
5131.00 6.7999
5131.05 6.7997
5131.10 6.7994
5131.15 6.7992
5131.20 6.7989
5131.25 6.7986
5131.30 6.7984
5131.35 6.7981
5131.40 6.7979
5131.45 6.7976
5131.50 6.7974
5131.55 6.7971
5131.60 6.7969
5131.65 6.7966
5131.70 6.7964
5131.75 6.7961
5131.80 6.7958
5131.85 6.7956
5131.90 6.7953
5131.95 6.7951
5132.00 6.7948
5132.05 6.7946
5132.10 6.7943
5132.15 6.7940
5132.20 6.7938
5132.25 6.7935
5132.30 6.7933
5132.35 6.7930
5132.40 6.7927
5132.45 6.7925
5132.50 6.7922
5132.55 6.7919
5132.60 6.7917
5132.65 6.7914
5132.70 6.7912
5132.75 6.7909
5132.80 6.7906
5132.85 6.7904
5132.90 6.7901
5132.95 6.7898
5133.00 6.7896
5133.05 6.7893
5133.10 6.7890
5133.15 6.7888
5133.20 6.7885
5133.25 6.7882
5133.30 6.7880
5133.35 6.7877
5133.40 6.7874
5133.45 6.7872
5133.50 6.7869
5133.55 6.7866
5133.60 6.7864
5133.65 6.7861
5133.70 6.7858
5133.75 6.7855
5133.80 6.7853
5133.85 6.7850
5133.90 6.7847
5133.95 6.7845
5134.00 6.7842
5134.05 6.7839
5134.10 6.7836
5134.15 6.7834
5134.20 6.7831
5134.25 6.7828
5134.30 6.7825
5134.35 6.7823
5134.40 6.7820
5134.45 6.7817
5134.50 6.7814
5134.55 6.7812
5134.60 6.7809
5134.65 6.7806
5134.70 6.7803
5134.75 6.7800
5134.80 6.7798
5134.85 6.7795
5134.90 6.7792
5134.95 6.7789
5135.00 6.7786
5135.05 6.7784
5135.10 6.7781
5135.15 6.7778
5135.20 6.7775
5135.25 6.7772
5135.30 6.7769
5135.35 6.7766
5135.40 6.7764
5135.45 6.7761
5135.50 6.7758
5135.55 6.7755
5135.60 6.7752
5135.65 6.7749
5135.70 6.7746
5135.75 6.7744
5135.80 6.7741
5135.85 6.7738
5135.90 6.7735
5135.95 6.7732
5136.00 6.7729
5136.05 6.7726
5136.10 6.7723
5136.15 6.7720
5136.20 6.7717
5136.25 6.7714
5136.30 6.7711
5136.35 6.7708
5136.40 6.7706
5136.45 6.7703
5136.50 6.7700
5136.55 6.7697
5136.60 6.7694
5136.65 6.7691
5136.70 6.7688
5136.75 6.7685
5136.80 6.7682
5136.85 6.7679
5136.90 6.7676
5136.95 6.7673
5137.00 6.7670
5137.05 6.7667
5137.10 6.7664
5137.15 6.7661
5137.20 6.7658
5137.25 6.7655
5137.30 6.7651
5137.35 6.7648
5137.40 6.7645
5137.45 6.7642
5137.50 6.7639
5137.55 6.7636
5137.60 6.7633
5137.65 6.7630
5137.70 6.7627
5137.75 6.7624
5137.80 6.7621
5137.85 6.7618
5137.90 6.7614
5137.95 6.7611
5138.00 6.7608
5138.05 6.7605
5138.10 6.7602
5138.15 6.7599
5138.20 6.7596
5138.25 6.7593
5138.30 6.7589
5138.35 6.7586
5138.40 6.7583
5138.45 6.7580
5138.50 6.7577
5138.55 6.7573
5138.60 6.7570
5138.65 6.7567
5138.70 6.7564
5138.75 6.7561
5138.80 6.7557
5138.85 6.7554
5138.90 6.7551
5138.95 6.7548
5139.00 6.7544
5139.05 6.7541
5139.10 6.7538
5139.15 6.7535
5139.20 6.7531
5139.25 6.7528
5139.30 6.7525
5139.35 6.7522
5139.40 6.7518
5139.45 6.7515
5139.50 6.7512
5139.55 6.7508
5139.60 6.7505
5139.65 6.7502
5139.70 6.7498
5139.75 6.7495
5139.80 6.7492
5139.85 6.7488
5139.90 6.7485
5139.95 6.7482
5140.00 6.7478
5140.05 6.7475
5140.10 6.7471
5140.15 6.7468
5140.20 6.7465
5140.25 6.7461
5140.30 6.7458
5140.35 6.7454
5140.40 6.7451
5140.45 6.7448
5140.50 6.7444
5140.55 6.7441
5140.60 6.7437
5140.65 6.7434
5140.70 6.7430
5140.75 6.7427
5140.80 6.7423
5140.85 6.7420
5140.90 6.7416
5140.95 6.7413
5141.00 6.7409
5141.05 6.7406
5141.10 6.7402
5141.15 6.7399
5141.20 6.7395
5141.25 6.7392
5141.30 6.7388
5141.35 6.7384
5141.40 6.7381
5141.45 6.7377
5141.50 6.7374
5141.55 6.7370
5141.60 6.7367
5141.65 6.7363
5141.70 6.7359
5141.75 6.7356
5141.80 6.7352
5141.85 6.7348
5141.90 6.7345
5141.95 6.7341
5142.00 6.7337
5142.05 6.7334
5142.10 6.7330
5142.15 6.7326
5142.20 6.7323
5142.25 6.7319
5142.30 6.7315
5142.35 6.7312
5142.40 6.7308
5142.45 6.7304
5142.50 6.7300
5142.55 6.7297
5142.60 6.7293
5142.65 6.7289
5142.70 6.7285
5142.75 6.7282
5142.80 6.7278
5142.85 6.7274
5142.90 6.7270
5142.95 6.7266
5143.00 6.7263
5143.05 6.7259
5143.10 6.7255
5143.15 6.7251
5143.20 6.7247
5143.25 6.7243
5143.30 6.7240
5143.35 6.7236
5143.40 6.7232
5143.45 6.7228
5143.50 6.7224
5143.55 6.7220
5143.60 6.7216
5143.65 6.7212
5143.70 6.7208
5143.75 6.7204
5143.80 6.7200
5143.85 6.7196
5143.90 6.7192
5143.95 6.7188
5144.00 6.7184
5144.05 6.7180
5144.10 6.7176
5144.15 6.7172
5144.20 6.7168
5144.25 6.7164
5144.30 6.7160
5144.35 6.7156
5144.40 6.7152
5144.45 6.7148
5144.50 6.7144
5144.55 6.7140
5144.60 6.7136
5144.65 6.7132
5144.70 6.7128
5144.75 6.7124
5144.80 6.7119
5144.85 6.7115
5144.90 6.7111
5144.95 6.7107
5145.00 6.7103
5145.05 6.7099
5145.10 6.7094
5145.15 6.7090
5145.20 6.7086
5145.25 6.7082
5145.30 6.7078
5145.35 6.7073
5145.40 6.7069
5145.45 6.7065
5145.50 6.7061
5145.55 6.7056
5145.60 6.7052
5145.65 6.7048
5145.70 6.7044
5145.75 6.7039
5145.80 6.7035
5145.85 6.7031
5145.90 6.7026
5145.95 6.7022
5146.00 6.7018
5146.05 6.7013
5146.10 6.7009
5146.15 6.7004
5146.20 6.7000
5146.25 6.6996
5146.30 6.6991
5146.35 6.6987
5146.40 6.6982
5146.45 6.6978
5146.50 6.6973
5146.55 6.6969
5146.60 6.6965
5146.65 6.6960
5146.70 6.6956
5146.75 6.6951
5146.80 6.6947
5146.85 6.6942
5146.90 6.6937
5146.95 6.6933
5147.00 6.6928
5147.05 6.6924
5147.10 6.6919
5147.15 6.6915
5147.20 6.6910
5147.25 6.6905
5147.30 6.6901
5147.35 6.6896
5147.40 6.6892
5147.45 6.6887
5147.50 6.6882
5147.55 6.6878
5147.60 6.6873
5147.65 6.6868
5147.70 6.6864
5147.75 6.6859
5147.80 6.6854
5147.85 6.6849
5147.90 6.6845
5147.95 6.6840
5148.00 6.6835
5148.05 6.6830
5148.10 6.6826
5148.15 6.6821
5148.20 6.6816
5148.25 6.6811
5148.30 6.6806
5148.35 6.6801
5148.40 6.6797
5148.45 6.6792
5148.50 6.6787
5148.55 6.6782
5148.60 6.6777
5148.65 6.6772
5148.70 6.6767
5148.75 6.6762
5148.80 6.6757
5148.85 6.6752
5148.90 6.6747
5148.95 6.6742
5149.00 6.6737
5149.05 6.6732
5149.10 6.6727
5149.15 6.6722
5149.20 6.6717
5149.25 6.6712
5149.30 6.6707
5149.35 6.6702
5149.40 6.6697
5149.45 6.6692
5149.50 6.6687
5149.55 6.6682
5149.60 6.6677
5149.65 6.6672
5149.70 6.6666
5149.75 6.6661
5149.80 6.6656
5149.85 6.6651
5149.90 6.6646
5149.95 6.6641
5150.00 6.6635
5150.05 6.6630
5150.10 6.6625
5150.15 6.6620
5150.20 6.6614
5150.25 6.6609
5150.30 6.6604
5150.35 6.6598
5150.40 6.6593
5150.45 6.6588
5150.50 6.6582
5150.55 6.6577
5150.60 6.6572
5150.65 6.6566
5150.70 6.6561
5150.75 6.6556
5150.80 6.6550
5150.85 6.6545
5150.90 6.6539
5150.95 6.6534
5151.00 6.6528
5151.05 6.6523
5151.10 6.6517
5151.15 6.6512
5151.20 6.6506
5151.25 6.6501
5151.30 6.6495
5151.35 6.6490
5151.40 6.6484
5151.45 6.6479
5151.50 6.6473
5151.55 6.6467
5151.60 6.6462
5151.65 6.6456
5151.70 6.6450
5151.75 6.6445
5151.80 6.6439
5151.85 6.6433
5151.90 6.6428
5151.95 6.6422
5152.00 6.6416
5152.05 6.6411
5152.10 6.6405
5152.15 6.6399
5152.20 6.6393
5152.25 6.6387
5152.30 6.6382
5152.35 6.6376
5152.40 6.6370
5152.45 6.6364
5152.50 6.6358
5152.55 6.6352
5152.60 6.6347
5152.65 6.6341
5152.70 6.6335
5152.75 6.6329
5152.80 6.6323
5152.85 6.6317
5152.90 6.6311
5152.95 6.6305
5153.00 6.6299
5153.05 6.6293
5153.10 6.6287
5153.15 6.6281
5153.20 6.6275
5153.25 6.6269
5153.30 6.6263
5153.35 6.6257
5153.40 6.6250
5153.45 6.6244
5153.50 6.6238
5153.55 6.6232
5153.60 6.6226
5153.65 6.6220
5153.70 6.6214
5153.75 6.6207
5153.80 6.6201
5153.85 6.6195
5153.90 6.6189
5153.95 6.6182
5154.00 6.6176
5154.05 6.6170
5154.10 6.6164
5154.15 6.6157
5154.20 6.6151
5154.25 6.6145
5154.30 6.6138
5154.35 6.6132
5154.40 6.6125
5154.45 6.6119
5154.50 6.6113
5154.55 6.6106
5154.60 6.6100
5154.65 6.6093
5154.70 6.6087
5154.75 6.6080
5154.80 6.6074
5154.85 6.6067
5154.90 6.6061
5154.95 6.6054
5155.00 6.6047
5155.05 6.6041
5155.10 6.6034
5155.15 6.6028
5155.20 6.6021
5155.25 6.6014
5155.30 6.6008
5155.35 6.6001
5155.40 6.5994
5155.45 6.5988
5155.50 6.5981
5155.55 6.5974
5155.60 6.5967
5155.65 6.5961
5155.70 6.5954
5155.75 6.5947
5155.80 6.5940
5155.85 6.5933
5155.90 6.5927
5155.95 6.5920
5156.00 6.5913
5156.05 6.5906
5156.10 6.5899
5156.15 6.5892
5156.20 6.5885
5156.25 6.5878
5156.30 6.5871
5156.35 6.5864
5156.40 6.5857
5156.45 6.5850
5156.50 6.5843
5156.55 6.5836
5156.60 6.5829
5156.65 6.5822
5156.70 6.5815
5156.75 6.5808
5156.80 6.5801
5156.85 6.5793
5156.90 6.5786
5156.95 6.5779
5157.00 6.5772
5157.05 6.5765
5157.10 6.5757
5157.15 6.5750
5157.20 6.5743
5157.25 6.5736
5157.30 6.5728
5157.35 6.5721
5157.40 6.5714
5157.45 6.5706
5157.50 6.5699
5157.55 6.5692
5157.60 6.5684
5157.65 6.5677
5157.70 6.5669
5157.75 6.5662
5157.80 6.5654
5157.85 6.5647
5157.90 6.5639
5157.95 6.5632
5158.00 6.5624
5158.05 6.5617
5158.10 6.5609
5158.15 6.5602
5158.20 6.5594
5158.25 6.5586
5158.30 6.5579
5158.35 6.5571
5158.40 6.5563
5158.45 6.5556
5158.50 6.5548
5158.55 6.5540
5158.60 6.5532
5158.65 6.5525
5158.70 6.5517
5158.75 6.5509
5158.80 6.5501
5158.85 6.5493
5158.90 6.5486
5158.95 6.5478
5159.00 6.5470
5159.05 6.5462
5159.10 6.5454
5159.15 6.5446
5159.20 6.5438
5159.25 6.5430
5159.30 6.5422
5159.35 6.5414
5159.40 6.5406
5159.45 6.5398
5159.50 6.5390
5159.55 6.5382
5159.60 6.5374
5159.65 6.5366
5159.70 6.5358
5159.75 6.5349
5159.80 6.5341
5159.85 6.5333
5159.90 6.5325
5159.95 6.5317
5160.00 6.5308
5160.05 6.5300
5160.10 6.5292
5160.15 6.5283
5160.20 6.5275
5160.25 6.5267
5160.30 6.5258
5160.35 6.5250
5160.40 6.5242
5160.45 6.5233
5160.50 6.5225
5160.55 6.5216
5160.60 6.5208
5160.65 6.5199
5160.70 6.5191
5160.75 6.5182
5160.80 6.5174
5160.85 6.5165
5160.90 6.5157
5160.95 6.5148
5161.00 6.5139
5161.05 6.5131
5161.10 6.5122
5161.15 6.5113
5161.20 6.5105
5161.25 6.5096
5161.30 6.5087
5161.35 6.5078
5161.40 6.5070
5161.45 6.5061
5161.50 6.5052
5161.55 6.5043
5161.60 6.5034
5161.65 6.5025
5161.70 6.5017
5161.75 6.5008
5161.80 6.4999
5161.85 6.4990
5161.90 6.4981
5161.95 6.4972
5162.00 6.4963
5162.05 6.4954
5162.10 6.4945
5162.15 6.4936
5162.20 6.4927
5162.25 6.4917
5162.30 6.4908
5162.35 6.4899
5162.40 6.4890
5162.45 6.4881
5162.50 6.4871
5162.55 6.4862
5162.60 6.4853
5162.65 6.4844
5162.70 6.4834
5162.75 6.4825
5162.80 6.4816
5162.85 6.4806
5162.90 6.4797
5162.95 6.4788
5163.00 6.4778
5163.05 6.4769
5163.10 6.4759
5163.15 6.4750
5163.20 6.4740
5163.25 6.4731
5163.30 6.4721
5163.35 6.4712
5163.40 6.4702
5163.45 6.4692
5163.50 6.4683
5163.55 6.4673
5163.60 6.4663
5163.65 6.4654
5163.70 6.4644
5163.75 6.4634
5163.80 6.4624
5163.85 6.4615
5163.90 6.4605
5163.95 6.4595
5164.00 6.4585
5164.05 6.4575
5164.10 6.4565
5164.15 6.4556
5164.20 6.4546
5164.25 6.4536
5164.30 6.4526
5164.35 6.4516
5164.40 6.4506
5164.45 6.4496
5164.50 6.4486
5164.55 6.4475
5164.60 6.4465
5164.65 6.4455
5164.70 6.4445
5164.75 6.4435
5164.80 6.4425
5164.85 6.4414
5164.90 6.4404
5164.95 6.4394
5165.00 6.4384
5165.05 6.4373
5165.10 6.4363
5165.15 6.4353
5165.20 6.4342
5165.25 6.4332
5165.30 6.4322
5165.35 6.4311
5165.40 6.4301
5165.45 6.4290
5165.50 6.4280
5165.55 6.4269
5165.60 6.4259
5165.65 6.4248
5165.70 6.4237
5165.75 6.4227
5165.80 6.4216
5165.85 6.4205
5165.90 6.4195
5165.95 6.4184
5166.00 6.4173
5166.05 6.4163
5166.10 6.4152
5166.15 6.4141
5166.20 6.4130
5166.25 6.4119
5166.30 6.4108
5166.35 6.4097
5166.40 6.4087
5166.45 6.4076
5166.50 6.4065
5166.55 6.4054
5166.60 6.4043
5166.65 6.4032
5166.70 6.4021
5166.75 6.4009
5166.80 6.3998
5166.85 6.3987
5166.90 6.3976
5166.95 6.3965
5167.00 6.3954
5167.05 6.3942
5167.10 6.3931
5167.15 6.3920
5167.20 6.3909
5167.25 6.3897
5167.30 6.3886
5167.35 6.3875
5167.40 6.3863
5167.45 6.3852
5167.50 6.3840
5167.55 6.3829
5167.60 6.3817
5167.65 6.3806
5167.70 6.3794
5167.75 6.3783
5167.80 6.3771
5167.85 6.3759
5167.90 6.3748
5167.95 6.3736
5168.00 6.3724
5168.05 6.3713
5168.10 6.3701
5168.15 6.3689
5168.20 6.3677
5168.25 6.3666
5168.30 6.3654
5168.35 6.3642
5168.40 6.3630
5168.45 6.3618
5168.50 6.3606
5168.55 6.3594
5168.60 6.3582
5168.65 6.3570
5168.70 6.3558
5168.75 6.3546
5168.80 6.3534
5168.85 6.3522
5168.90 6.3510
5168.95 6.3498
5169.00 6.3485
5169.05 6.3473
5169.10 6.3461
5169.15 6.3449
5169.20 6.3436
5169.25 6.3424
5169.30 6.3412
5169.35 6.3399
5169.40 6.3387
5169.45 6.3375
5169.50 6.3362
5169.55 6.3350
5169.60 6.3337
5169.65 6.3325
5169.70 6.3312
5169.75 6.3300
5169.80 6.3287
5169.85 6.3274
5169.90 6.3262
5169.95 6.3249
5170.00 6.3236
5170.05 6.3224
5170.10 6.3211
5170.15 6.3198
5170.20 6.3185
5170.25 6.3172
5170.30 6.3159
5170.35 6.3147
5170.40 6.3134
5170.45 6.3121
5170.50 6.3108
5170.55 6.3095
5170.60 6.3082
5170.65 6.3069
5170.70 6.3056
5170.75 6.3042
5170.80 6.3029
5170.85 6.3016
5170.90 6.3003
5170.95 6.2990
5171.00 6.2977
5171.05 6.2963
5171.10 6.2950
5171.15 6.2937
5171.20 6.2923
5171.25 6.2910
5171.30 6.2897
5171.35 6.2883
5171.40 6.2870
5171.45 6.2856
5171.50 6.2843
5171.55 6.2829
5171.60 6.2816
5171.65 6.2802
5171.70 6.2788
5171.75 6.2775
5171.80 6.2761
5171.85 6.2747
5171.90 6.2734
5171.95 6.2720
5172.00 6.2706
5172.05 6.2692
5172.10 6.2678
5172.15 6.2664
5172.20 6.2650
5172.25 6.2637
5172.30 6.2623
5172.35 6.2609
5172.40 6.2595
5172.45 6.2581
5172.50 6.2566
5172.55 6.2552
5172.60 6.2538
5172.65 6.2524
5172.70 6.2510
5172.75 6.2496
5172.80 6.2481
5172.85 6.2467
5172.90 6.2453
5172.95 6.2439
5173.00 6.2424
5173.05 6.2410
5173.10 6.2395
5173.15 6.2381
5173.20 6.2366
5173.25 6.2352
5173.30 6.2337
5173.35 6.2323
5173.40 6.2308
5173.45 6.2294
