6155.50 3.7162
6155.55 3.7162
6155.60 3.7162
6155.65 3.7163
6155.70 3.7163
6155.75 3.7163
6155.80 3.7164
6155.85 3.7164
6155.90 3.7165
6155.95 3.7166
6156.00 3.7166
6156.05 3.7167
6156.10 3.7168
6156.15 3.7169
6156.20 3.7170
6156.25 3.7171
6156.30 3.7173
6156.35 3.7174
6156.40 3.7175
6156.45 3.7177
6156.50 3.7178
6156.55 3.7180
6156.60 3.7182
6156.65 3.7183
6156.70 3.7185
6156.75 3.7187
6156.80 3.7189
6156.85 3.7191
6156.90 3.7194
6156.95 3.7196
6157.00 3.7198
6157.05 3.7200
6157.10 3.7203
6157.15 3.7205
6157.20 3.7208
6157.25 3.7211
6157.30 3.7213
6157.35 3.7216
6157.40 3.7219
6157.45 3.7222
6157.50 3.7225
6157.55 3.7228
6157.60 3.7232
6157.65 3.7235
6157.70 3.7238
6157.75 3.7242
6157.80 3.7245
6157.85 3.7249
6157.90 3.7252
6157.95 3.7256
6158.00 3.7260
6158.05 3.7264
6158.10 3.7267
6158.15 3.7271
6158.20 3.7275
6158.25 3.7280
6158.30 3.7284
6158.35 3.7288
6158.40 3.7292
6158.45 3.7297
6158.50 3.7301
6158.55 3.7306
6158.60 3.7310
6158.65 3.7315
6158.70 3.7320
6158.75 3.7324
6158.80 3.7329
6158.85 3.7334
6158.90 3.7339
6158.95 3.7344
6159.00 3.7349
6159.05 3.7355
6159.10 3.7360
6159.15 3.7365
6159.20 3.7370
6159.25 3.7376
6159.30 3.7381
6159.35 3.7387
6159.40 3.7393
6159.45 3.7398
6159.50 3.7404
6159.55 3.7410
6159.60 3.7416
6159.65 3.7422
6159.70 3.7427
6159.75 3.7434
6159.80 3.7440
6159.85 3.7446
6159.90 3.7452
6159.95 3.7458
6160.00 3.7465
6160.05 3.7471
6160.10 3.7477
6160.15 3.7484
6160.20 3.7490
6160.25 3.7497
6160.30 3.7504
6160.35 3.7510
6160.40 3.7517
6160.45 3.7524
6160.50 3.7531
6160.55 3.7538
6160.60 3.7545
6160.65 3.7552
6160.70 3.7559
6160.75 3.7566
6160.80 3.7573
6160.85 3.7580
6160.90 3.7587
6160.95 3.7595
6161.00 3.7602
6161.05 3.7609
6161.10 3.7617
6161.15 3.7624
6161.20 3.7632
6161.25 3.7639
6161.30 3.7647
6161.35 3.7655
6161.40 3.7662
6161.45 3.7670
6161.50 3.7678
6161.55 3.7686
6161.60 3.7694
6161.65 3.7701
6161.70 3.7709
6161.75 3.7717
6161.80 3.7725
6161.85 3.7734
6161.90 3.7742
6161.95 3.7750
6162.00 3.7758
6162.05 3.7766
6162.10 3.7774
6162.15 3.7783
6162.20 3.7791
6162.25 3.7799
6162.30 3.7808
6162.35 3.7816
6162.40 3.7825
6162.45 3.7833
6162.50 3.7842
6162.55 3.7850
6162.60 3.7859
6162.65 3.7868
6162.70 3.7876
6162.75 3.7885
6162.80 3.7894
6162.85 3.7903
6162.90 3.7911
6162.95 3.7920
6163.00 3.7929
6163.05 3.7938
6163.10 3.7947
6163.15 3.7956
6163.20 3.7965
6163.25 3.7974
6163.30 3.7983
6163.35 3.7992
6163.40 3.8001
6163.45 3.8010
6163.50 3.8019
6163.55 3.8028
6163.60 3.8037
6163.65 3.8046
6163.70 3.8056
6163.75 3.8065
6163.80 3.8074
6163.85 3.8083
6163.90 3.8093
6163.95 3.8102
6164.00 3.8111
6164.05 3.8121
6164.10 3.8130
6164.15 3.8139
6164.20 3.8149
6164.25 3.8158
6164.30 3.8168
6164.35 3.8177
6164.40 3.8187
6164.45 3.8196
6164.50 3.8206
6164.55 3.8215
6164.60 3.8225
6164.65 3.8234
6164.70 3.8244
6164.75 3.8253
6164.80 3.8263
6164.85 3.8273
6164.90 3.8282
6164.95 3.8292
6165.00 3.8301
6165.05 3.8311
6165.10 3.8321
6165.15 3.8330
6165.20 3.8340
6165.25 3.8350
6165.30 3.8360
6165.35 3.8369
6165.40 3.8379
6165.45 3.8389
6165.50 3.8399
6165.55 3.8408
6165.60 3.8418
6165.65 3.8428
6165.70 3.8438
6165.75 3.8447
6165.80 3.8457
6165.85 3.8467
6165.90 3.8477
6165.95 3.8487
6166.00 3.8497
6166.05 3.8506
6166.10 3.8516
6166.15 3.8526
6166.20 3.8536
6166.25 3.8546
6166.30 3.8556
6166.35 3.8566
6166.40 3.8575
6166.45 3.8585
6166.50 3.8595
6166.55 3.8605
6166.60 3.8615
6166.65 3.8625
6166.70 3.8635
6166.75 3.8645
6166.80 3.8655
6166.85 3.8664
6166.90 3.8674
6166.95 3.8684
6167.00 3.8694
6167.05 3.8704
6167.10 3.8714
6167.15 3.8724
6167.20 3.8734
6167.25 3.8744
6167.30 3.8754
6167.35 3.8764
6167.40 3.8773
6167.45 3.8783
6167.50 3.8793
6167.55 3.8803
6167.60 3.8813
6167.65 3.8823
6167.70 3.8833
6167.75 3.8843
6167.80 3.8853
6167.85 3.8863
6167.90 3.8873
6167.95 3.8882
6168.00 3.8892
6168.05 3.8902
6168.10 3.8912
6168.15 3.8922
6168.20 3.8932
6168.25 3.8942
6168.30 3.8952
6168.35 3.8962
6168.40 3.8971
6168.45 3.8981
6168.50 3.8991
6168.55 3.9001
6168.60 3.9011
6168.65 3.9021
6168.70 3.9031
6168.75 3.9041
6168.80 3.9050
6168.85 3.9060
6168.90 3.9070
6168.95 3.9080
6169.00 3.9090
6169.05 3.9100
6169.10 3.9109
6169.15 3.9119
6169.20 3.9129
6169.25 3.9139
6169.30 3.9149
6169.35 3.9159
6169.40 3.9168
6169.45 3.9178
6169.50 3.9188
6169.55 3.9198
6169.60 3.9208
6169.65 3.9217
6169.70 3.9227
6169.75 3.9237
6169.80 3.9247
6169.85 3.9256
6169.90 3.9266
6169.95 3.9276
6170.00 3.9286
6170.05 3.9295
6170.10 3.9305
6170.15 3.9315
6170.20 3.9325
6170.25 3.9334
6170.30 3.9344
6170.35 3.9354
6170.40 3.9363
6170.45 3.9373
6170.50 3.9383
6170.55 3.9392
6170.60 3.9402
6170.65 3.9412
6170.70 3.9421
6170.75 3.9431
6170.80 3.9441
6170.85 3.9450
6170.90 3.9460
6170.95 3.9470
6171.00 3.9479
6171.05 3.9489
6171.10 3.9498
6171.15 3.9508
6171.20 3.9518
6171.25 3.9527
6171.30 3.9537
6171.35 3.9546
6171.40 3.9556
6171.45 3.9565
6171.50 3.9575
6171.55 3.9584
6171.60 3.9594
6171.65 3.9604
6171.70 3.9613
6171.75 3.9623
6171.80 3.9632
6171.85 3.9642
6171.90 3.9651
6171.95 3.9660
6172.00 3.9670
6172.05 3.9679
6172.10 3.9689
6172.15 3.9698
6172.20 3.9708
6172.25 3.9717
6172.30 3.9727
6172.35 3.9736
6172.40 3.9745
6172.45 3.9755
6172.50 3.9764
6172.55 3.9773
6172.60 3.9783
6172.65 3.9792
6172.70 3.9802
6172.75 3.9811
6172.80 3.9820
6172.85 3.9829
6172.90 3.9839
6172.95 3.9848
6173.00 3.9857
6173.05 3.9867
6173.10 3.9876
6173.15 3.9885
6173.20 3.9894
6173.25 3.9904
6173.30 3.9913
6173.35 3.9922
6173.40 3.9931
6173.45 3.9940
6173.50 3.9949
6173.55 3.9959
6173.60 3.9968
6173.65 3.9977
6173.70 3.9986
6173.75 3.9995
6173.80 4.0004
6173.85 4.0013
6173.90 4.0022
6173.95 4.0031
6174.00 4.0040
6174.05 4.0049
6174.10 4.0059
6174.15 4.0068
6174.20 4.0077
6174.25 4.0085
6174.30 4.0094
6174.35 4.0103
6174.40 4.0112
6174.45 4.0121
6174.50 4.0130
6174.55 4.0139
6174.60 4.0148
6174.65 4.0157
6174.70 4.0166
6174.75 4.0174
6174.80 4.0183
6174.85 4.0192
6174.90 4.0201
6174.95 4.0210
6175.00 4.0218
6175.05 4.0227
6175.10 4.0236
6175.15 4.0245
6175.20 4.0253
6175.25 4.0262
6175.30 4.0271
6175.35 4.0279
6175.40 4.0288
6175.45 4.0296
6175.50 4.0305
6175.55 4.0314
6175.60 4.0322
6175.65 4.0331
6175.70 4.0339
6175.75 4.0348
6175.80 4.0356
6175.85 4.0365
6175.90 4.0373
6175.95 4.0381
6176.00 4.0390
6176.05 4.0398
6176.10 4.0407
6176.15 4.0415
6176.20 4.0423
6176.25 4.0432
6176.30 4.0440
6176.35 4.0448
6176.40 4.0456
6176.45 4.0464
6176.50 4.0473
6176.55 4.0481
6176.60 4.0489
6176.65 4.0497
6176.70 4.0505
6176.75 4.0513
6176.80 4.0521
6176.85 4.0529
6176.90 4.0537
6176.95 4.0545
6177.00 4.0553
6177.05 4.0561
6177.10 4.0569
6177.15 4.0577
6177.20 4.0585
6177.25 4.0593
6177.30 4.0601
6177.35 4.0608
6177.40 4.0616
6177.45 4.0624
6177.50 4.0632
6177.55 4.0639
6177.60 4.0647
6177.65 4.0655
6177.70 4.0662
6177.75 4.0670
6177.80 4.0678
6177.85 4.0685
6177.90 4.0693
6177.95 4.0700
6178.00 4.0708
6178.05 4.0715
6178.10 4.0722
6178.15 4.0730
6178.20 4.0737
6178.25 4.0744
6178.30 4.0752
6178.35 4.0759
6178.40 4.0766
6178.45 4.0773
6178.50 4.0781
6178.55 4.0788
6178.60 4.0795
6178.65 4.0802
6178.70 4.0809
6178.75 4.0816
6178.80 4.0823
6178.85 4.0830
6178.90 4.0837
6178.95 4.0844
6179.00 4.0851
6179.05 4.0858
6179.10 4.0865
6179.15 4.0871
6179.20 4.0878
6179.25 4.0885
6179.30 4.0892
6179.35 4.0898
6179.40 4.0905
6179.45 4.0912
6179.50 4.0918
6179.55 4.0925
6179.60 4.0931
6179.65 4.0938
6179.70 4.0944
6179.75 4.0951
6179.80 4.0957
6179.85 4.0963
6179.90 4.0970
6179.95 4.0976
6180.00 4.0982
6180.05 4.0988
6180.10 4.0995
6180.15 4.1001
6180.20 4.1007
6180.25 4.1013
6180.30 4.1019
6180.35 4.1025
6180.40 4.1031
6180.45 4.1037
6180.50 4.1043
6180.55 4.1049
6180.60 4.1055
6180.65 4.1061
6180.70 4.1066
6180.75 4.1072
6180.80 4.1078
6180.85 4.1084
6180.90 4.1089
6180.95 4.1095
6181.00 4.1101
6181.05 4.1106
6181.10 4.1112
6181.15 4.1117
6181.20 4.1123
6181.25 4.1128
6181.30 4.1133
6181.35 4.1139
6181.40 4.1144
6181.45 4.1149
6181.50 4.1155
6181.55 4.1160
6181.60 4.1165
6181.65 4.1170
6181.70 4.1175
6181.75 4.1180
6181.80 4.1185
6181.85 4.1190
6181.90 4.1195
6181.95 4.1200
6182.00 4.1205
6182.05 4.1210
6182.10 4.1215
6182.15 4.1220
6182.20 4.1224
6182.25 4.1229
6182.30 4.1234
6182.35 4.1239
6182.40 4.1243
6182.45 4.1248
6182.50 4.1252
6182.55 4.1257
6182.60 4.1261
6182.65 4.1266
6182.70 4.1270
6182.75 4.1275
6182.80 4.1279
6182.85 4.1283
6182.90 4.1288
6182.95 4.1292
6183.00 4.1296
6183.05 4.1300
6183.10 4.1304
6183.15 4.1309
6183.20 4.1313
6183.25 4.1317
6183.30 4.1321
6183.35 4.1325
6183.40 4.1329
6183.45 4.1332
6183.50 4.1336
6183.55 4.1340
6183.60 4.1344
6183.65 4.1348
6183.70 4.1352
6183.75 4.1355
6183.80 4.1359
6183.85 4.1363
6183.90 4.1366
6183.95 4.1370
6184.00 4.1373
6184.05 4.1377
6184.10 4.1380
6184.15 4.1384
6184.20 4.1387
6184.25 4.1391
6184.30 4.1394
6184.35 4.1397
6184.40 4.1401
6184.45 4.1404
6184.50 4.1407
6184.55 4.1410
6184.60 4.1413
6184.65 4.1417
6184.70 4.1420
6184.75 4.1423
6184.80 4.1426
6184.85 4.1429
6184.90 4.1432
6184.95 4.1435
6185.00 4.1438
6185.05 4.1441
6185.10 4.1444
6185.15 4.1446
6185.20 4.1449
6185.25 4.1452
6185.30 4.1455
6185.35 4.1457
6185.40 4.1460
6185.45 4.1463
6185.50 4.1465
6185.55 4.1468
6185.60 4.1471
6185.65 4.1473
6185.70 4.1476
6185.75 4.1478
6185.80 4.1481
6185.85 4.1483
6185.90 4.1486
6185.95 4.1488
6186.00 4.1490
6186.05 4.1493
6186.10 4.1495
6186.15 4.1497
6186.20 4.1500
6186.25 4.1502
6186.30 4.1504
6186.35 4.1506
6186.40 4.1508
6186.45 4.1510
6186.50 4.1513
6186.55 4.1515
6186.60 4.1517
6186.65 4.1519
6186.70 4.1521
6186.75 4.1523
6186.80 4.1525
6186.85 4.1527
6186.90 4.1529
6186.95 4.1530
6187.00 4.1532
6187.05 4.1534
6187.10 4.1536
6187.15 4.1538
6187.20 4.1540
6187.25 4.1541
6187.30 4.1543
6187.35 4.1545
6187.40 4.1546
6187.45 4.1548
6187.50 4.1550
6187.55 4.1551
6187.60 4.1553
6187.65 4.1555
6187.70 4.1556
6187.75 4.1558
6187.80 4.1559
6187.85 4.1561
6187.90 4.1562
6187.95 4.1564
6188.00 4.1565
6188.05 4.1567
6188.10 4.1568
6188.15 4.1569
6188.20 4.1571
6188.25 4.1572
6188.30 4.1574
6188.35 4.1575
6188.40 4.1576
6188.45 4.1577
6188.50 4.1579
6188.55 4.1580
6188.60 4.1581
6188.65 4.1582
6188.70 4.1584
6188.75 4.1585
6188.80 4.1586
6188.85 4.1587
6188.90 4.1588
6188.95 4.1589
6189.00 4.1591
6189.05 4.1592
6189.10 4.1593
6189.15 4.1594
6189.20 4.1595
6189.25 4.1596
6189.30 4.1597
6189.35 4.1598
6189.40 4.1599
6189.45 4.1600
6189.50 4.1601
6189.55 4.1602
6189.60 4.1603
6189.65 4.1604
6189.70 4.1605
6189.75 4.1606
6189.80 4.1606
6189.85 4.1607
6189.90 4.1608
6189.95 4.1609
6190.00 4.1610
6190.05 4.1611
6190.10 4.1612
6190.15 4.1612
6190.20 4.1613
6190.25 4.1614
6190.30 4.1615
6190.35 4.1616
6190.40 4.1616
6190.45 4.1617
6190.50 4.1618
6190.55 4.1619
6190.60 4.1619
6190.65 4.1620
6190.70 4.1621
6190.75 4.1622
6190.80 4.1622
6190.85 4.1623
6190.90 4.1624
6190.95 4.1624
6191.00 4.1625
6191.05 4.1626
6191.10 4.1626
6191.15 4.1627
6191.20 4.1628
6191.25 4.1628
6191.30 4.1629
6191.35 4.1629
6191.40 4.1630
6191.45 4.1631
6191.50 4.1631
6191.55 4.1632
6191.60 4.1632
6191.65 4.1633
6191.70 4.1634
6191.75 4.1634
6191.80 4.1635
6191.85 4.1635
6191.90 4.1636
6191.95 4.1636
6192.00 4.1637
6192.05 4.1638
6192.10 4.1638
6192.15 4.1639
6192.20 4.1639
6192.25 4.1640
6192.30 4.1640
6192.35 4.1641
6192.40 4.1641
6192.45 4.1642
6192.50 4.1642
6192.55 4.1643
6192.60 4.1643
6192.65 4.1644
6192.70 4.1644
6192.75 4.1645
6192.80 4.1645
6192.85 4.1646
6192.90 4.1646
6192.95 4.1647
6193.00 4.1647
6193.05 4.1648
6193.10 4.1648
6193.15 4.1649
6193.20 4.1649
6193.25 4.1650
6193.30 4.1650
6193.35 4.1651
6193.40 4.1651
6193.45 4.1652
6193.50 4.1652
6193.55 4.1653
6193.60 4.1653
6193.65 4.1654
6193.70 4.1654
6193.75 4.1655
6193.80 4.1656
6193.85 4.1656
6193.90 4.1657
6193.95 4.1657
6194.00 4.1658
6194.05 4.1658
6194.10 4.1659
6194.15 4.1659
6194.20 4.1660
6194.25 4.1660
6194.30 4.1661
6194.35 4.1661
6194.40 4.1662
6194.45 4.1662
6194.50 4.1663
6194.55 4.1663
6194.60 4.1664
6194.65 4.1664
6194.70 4.1665
6194.75 4.1665
6194.80 4.1666
6194.85 4.1667
6194.90 4.1667
6194.95 4.1668
6195.00 4.1668
6195.05 4.1669
6195.10 4.1669
6195.15 4.1670
6195.20 4.1671
6195.25 4.1671
6195.30 4.1672
6195.35 4.1672
6195.40 4.1673
6195.45 4.1673
6195.50 4.1674
6195.55 4.1675
6195.60 4.1675
6195.65 4.1676
6195.70 4.1677
6195.75 4.1677
6195.80 4.1678
6195.85 4.1678
6195.90 4.1679
6195.95 4.1680
6196.00 4.1680
6196.05 4.1681
6196.10 4.1682
6196.15 4.1682
6196.20 4.1683
6196.25 4.1684
6196.30 4.1684
6196.35 4.1685
6196.40 4.1686
6196.45 4.1686
6196.50 4.1687
6196.55 4.1688
6196.60 4.1688
6196.65 4.1689
6196.70 4.1690
6196.75 4.1691
6196.80 4.1691
6196.85 4.1692
6196.90 4.1693
6196.95 4.1693
6197.00 4.1694
6197.05 4.1695
6197.10 4.1696
6197.15 4.1696
6197.20 4.1697
6197.25 4.1698
6197.30 4.1699
6197.35 4.1699
6197.40 4.1700
6197.45 4.1701
6197.50 4.1702
6197.55 4.1703
6197.60 4.1703
6197.65 4.1704
6197.70 4.1705
6197.75 4.1706
6197.80 4.1707
6197.85 4.1707
6197.90 4.1708
6197.95 4.1709
6198.00 4.1710
6198.05 4.1711
6198.10 4.1711
6198.15 4.1712
6198.20 4.1713
6198.25 4.1714
6198.30 4.1715
6198.35 4.1716
6198.40 4.1717
6198.45 4.1717
6198.50 4.1718
6198.55 4.1719
6198.60 4.1720
6198.65 4.1721
6198.70 4.1722
6198.75 4.1723
6198.80 4.1723
6198.85 4.1724
6198.90 4.1725
6198.95 4.1726
6199.00 4.1727
6199.05 4.1728
6199.10 4.1729
6199.15 4.1730
6199.20 4.1731
6199.25 4.1732
6199.30 4.1732
6199.35 4.1733
6199.40 4.1734
6199.45 4.1735
6199.50 4.1736
6199.55 4.1737
6199.60 4.1738
6199.65 4.1739
6199.70 4.1740
6199.75 4.1741
6199.80 4.1741
6199.85 4.1742
6199.90 4.1743
6199.95 4.1744
6200.00 4.1745
6200.05 4.1746
6200.10 4.1747
6200.15 4.1748
6200.20 4.1749
6200.25 4.1750
6200.30 4.1751
6200.35 4.1752
6200.40 4.1752
6200.45 4.1753
6200.50 4.1754
6200.55 4.1755
6200.60 4.1756
6200.65 4.1757
6200.70 4.1758
6200.75 4.1759
6200.80 4.1760
6200.85 4.1761
6200.90 4.1762
6200.95 4.1763
6201.00 4.1763
6201.05 4.1764
6201.10 4.1765
6201.15 4.1766
6201.20 4.1767
6201.25 4.1768
6201.30 4.1769
6201.35 4.1770
6201.40 4.1771
6201.45 4.1772
6201.50 4.1772
6201.55 4.1773
6201.60 4.1774
6201.65 4.1775
6201.70 4.1776
6201.75 4.1777
6201.80 4.1778
6201.85 4.1779
6201.90 4.1779
6201.95 4.1780
6202.00 4.1781
6202.05 4.1782
6202.10 4.1783
6202.15 4.1784
6202.20 4.1784
6202.25 4.1785
6202.30 4.1786
6202.35 4.1787
6202.40 4.1788
6202.45 4.1789
6202.50 4.1789
6202.55 4.1790
6202.60 4.1791
6202.65 4.1792
6202.70 4.1793
6202.75 4.1794
6202.80 4.1794
6202.85 4.1795
6202.90 4.1796
6202.95 4.1797
6203.00 4.1797
6203.05 4.1798
6203.10 4.1799
6203.15 4.1800
6203.20 4.1801
6203.25 4.1801
6203.30 4.1802
6203.35 4.1803
6203.40 4.1804
6203.45 4.1804
6203.50 4.1805
6203.55 4.1806
6203.60 4.1807
6203.65 4.1807
6203.70 4.1808
6203.75 4.1809
6203.80 4.1809
6203.85 4.1810
6203.90 4.1811
6203.95 4.1812
6204.00 4.1812
6204.05 4.1813
6204.10 4.1814
6204.15 4.1814
6204.20 4.1815
6204.25 4.1816
6204.30 4.1816
6204.35 4.1817
6204.40 4.1818
6204.45 4.1818
6204.50 4.1819
6204.55 4.1820
6204.60 4.1820
6204.65 4.1821
6204.70 4.1822
6204.75 4.1822
6204.80 4.1823
6204.85 4.1824
6204.90 4.1824
6204.95 4.1825
6205.00 4.1825
6205.05 4.1826
6205.10 4.1827
6205.15 4.1827
6205.20 4.1828
6205.25 4.1828
6205.30 4.1829
6205.35 4.1830
6205.40 4.1830
6205.45 4.1831
6205.50 4.1831
6205.55 4.1832
6205.60 4.1833
6205.65 4.1833
6205.70 4.1834
6205.75 4.1834
6205.80 4.1835
6205.85 4.1836
6205.90 4.1836
6205.95 4.1837
6206.00 4.1837
6206.05 4.1838
6206.10 4.1838
6206.15 4.1839
6206.20 4.1840
6206.25 4.1840
6206.30 4.1841
6206.35 4.1841
6206.40 4.1842
6206.45 4.1842
6206.50 4.1843
6206.55 4.1844
6206.60 4.1844
6206.65 4.1845
6206.70 4.1845
6206.75 4.1846
6206.80 4.1846
6206.85 4.1847
6206.90 4.1848
6206.95 4.1848
6207.00 4.1849
6207.05 4.1849
6207.10 4.1850
6207.15 4.1850
6207.20 4.1851
6207.25 4.1851
6207.30 4.1852
6207.35 4.1853
6207.40 4.1853
6207.45 4.1854
6207.50 4.1854
6207.55 4.1855
6207.60 4.1855
6207.65 4.1856
6207.70 4.1857
6207.75 4.1857
6207.80 4.1858
6207.85 4.1858
6207.90 4.1859
6207.95 4.1860
6208.00 4.1860
6208.05 4.1861
6208.10 4.1861
6208.15 4.1862
6208.20 4.1863
6208.25 4.1863
6208.30 4.1864
6208.35 4.1864
6208.40 4.1865
6208.45 4.1866
6208.50 4.1866
6208.55 4.1867
6208.60 4.1867
6208.65 4.1868
6208.70 4.1869
6208.75 4.1869
6208.80 4.1870
6208.85 4.1871
6208.90 4.1871
6208.95 4.1872
6209.00 4.1873
6209.05 4.1873
6209.10 4.1874
6209.15 4.1875
6209.20 4.1875
6209.25 4.1876
6209.30 4.1877
6209.35 4.1877
6209.40 4.1878
6209.45 4.1879
6209.50 4.1879
6209.55 4.1880
6209.60 4.1881
6209.65 4.1881
6209.70 4.1882
6209.75 4.1883
6209.80 4.1883
6209.85 4.1884
6209.90 4.1885
6209.95 4.1886
6210.00 4.1886
6210.05 4.1887
6210.10 4.1888
6210.15 4.1889
6210.20 4.1889
6210.25 4.1890
6210.30 4.1891
6210.35 4.1892
6210.40 4.1892
6210.45 4.1893
6210.50 4.1894
6210.55 4.1895
6210.60 4.1895
6210.65 4.1896
6210.70 4.1897
6210.75 4.1898
6210.80 4.1899
6210.85 4.1899
6210.90 4.1900
6210.95 4.1901
6211.00 4.1902
6211.05 4.1903
6211.10 4.1903
6211.15 4.1904
6211.20 4.1905
6211.25 4.1906
6211.30 4.1907
6211.35 4.1908
6211.40 4.1908
6211.45 4.1909
6211.50 4.1910
6211.55 4.1911
6211.60 4.1912
6211.65 4.1913
6211.70 4.1913
6211.75 4.1914
6211.80 4.1915
6211.85 4.1916
6211.90 4.1917
6211.95 4.1918
6212.00 4.1919
6212.05 4.1919
6212.10 4.1920
6212.15 4.1921
6212.20 4.1922
6212.25 4.1923
6212.30 4.1924
6212.35 4.1925
6212.40 4.1925
6212.45 4.1926
6212.50 4.1927
6212.55 4.1928
6212.60 4.1929
6212.65 4.1930
6212.70 4.1931
6212.75 4.1932
6212.80 4.1932
6212.85 4.1933
6212.90 4.1934
6212.95 4.1935
6213.00 4.1936
6213.05 4.1937
6213.10 4.1938
6213.15 4.1939
6213.20 4.1939
6213.25 4.1940
6213.30 4.1941
6213.35 4.1942
6213.40 4.1943
6213.45 4.1944
6213.50 4.1945
6213.55 4.1946
6213.60 4.1946
6213.65 4.1947
6213.70 4.1948
6213.75 4.1949
6213.80 4.1950
6213.85 4.1951
6213.90 4.1951
6213.95 4.1952
6214.00 4.1953
6214.05 4.1954
6214.10 4.1955
6214.15 4.1956
6214.20 4.1956
6214.25 4.1957
6214.30 4.1958
6214.35 4.1959
6214.40 4.1960
6214.45 4.1961
6214.50 4.1961
6214.55 4.1962
6214.60 4.1963
6214.65 4.1964
6214.70 4.1964
6214.75 4.1965
6214.80 4.1966
6214.85 4.1967
6214.90 4.1968
6214.95 4.1968
6215.00 4.1969
6215.05 4.1970
6215.10 4.1970
6215.15 4.1971
6215.20 4.1972
6215.25 4.1973
6215.30 4.1973
6215.35 4.1974
6215.40 4.1975
6215.45 4.1975
6215.50 4.1976
6215.55 4.1977
6215.60 4.1978
6215.65 4.1978
6215.70 4.1979
6215.75 4.1980
6215.80 4.1980
6215.85 4.1981
6215.90 4.1981
6215.95 4.1982
6216.00 4.1983
6216.05 4.1983
6216.10 4.1984
6216.15 4.1984
6216.20 4.1985
6216.25 4.1986
6216.30 4.1986
6216.35 4.1987
6216.40 4.1987
6216.45 4.1988
6216.50 4.1988
6216.55 4.1989
6216.60 4.1990
6216.65 4.1990
6216.70 4.1991
6216.75 4.1991
6216.80 4.1992
6216.85 4.1992
6216.90 4.1993
6216.95 4.1993
6217.00 4.1993
6217.05 4.1994
6217.10 4.1994
6217.15 4.1995
6217.20 4.1995
6217.25 4.1996
6217.30 4.1996
6217.35 4.1997
6217.40 4.1997
6217.45 4.1997
6217.50 4.1998
6217.55 4.1998
6217.60 4.1998
6217.65 4.1999
6217.70 4.1999
6217.75 4.2000
6217.80 4.2000
6217.85 4.2000
6217.90 4.2001
6217.95 4.2001
6218.00 4.2001
6218.05 4.2002
6218.10 4.2002
6218.15 4.2002
6218.20 4.2002
6218.25 4.2003
6218.30 4.2003
6218.35 4.2003
6218.40 4.2004
6218.45 4.2004
6218.50 4.2004
6218.55 4.2004
6218.60 4.2005
6218.65 4.2005
6218.70 4.2005
6218.75 4.2005
6218.80 4.2005
6218.85 4.2006
6218.90 4.2006
6218.95 4.2006
6219.00 4.2006
6219.05 4.2006
6219.10 4.2007
6219.15 4.2007
6219.20 4.2007
6219.25 4.2007
6219.30 4.2007
6219.35 4.2007
6219.40 4.2008
6219.45 4.2008
6219.50 4.2008
6219.55 4.2008
6219.60 4.2008
6219.65 4.2008
6219.70 4.2008
6219.75 4.2009
6219.80 4.2009
6219.85 4.2009
6219.90 4.2009
6219.95 4.2009
6220.00 4.2009
6220.05 4.2009
6220.10 4.2009
6220.15 4.2009
6220.20 4.2010
6220.25 4.2010
6220.30 4.2010
6220.35 4.2010
6220.40 4.2010
6220.45 4.2010
6220.50 4.2010
6220.55 4.2010
6220.60 4.2010
6220.65 4.2010
6220.70 4.2010
6220.75 4.2011
6220.80 4.2011
6220.85 4.2011
6220.90 4.2011
6220.95 4.2011
6221.00 4.2011
6221.05 4.2011
6221.10 4.2011
6221.15 4.2011
6221.20 4.2011
6221.25 4.2011
6221.30 4.2011
6221.35 4.2011
6221.40 4.2012
6221.45 4.2012
6221.50 4.2012
6221.55 4.2012
6221.60 4.2012
6221.65 4.2012
6221.70 4.2012
6221.75 4.2012
6221.80 4.2012
6221.85 4.2012
6221.90 4.2012
6221.95 4.2013
6222.00 4.2013
6222.05 4.2013
6222.10 4.2013
6222.15 4.2013
6222.20 4.2013
6222.25 4.2013
6222.30 4.2013
6222.35 4.2013
6222.40 4.2013
6222.45 4.2014
6222.50 4.2014
6222.55 4.2014
6222.60 4.2014
6222.65 4.2014
6222.70 4.2014
6222.75 4.2014
6222.80 4.2015
6222.85 4.2015
6222.90 4.2015
6222.95 4.2015
6223.00 4.2015
6223.05 4.2015
6223.10 4.2015
6223.15 4.2016
6223.20 4.2016
6223.25 4.2016
6223.30 4.2016
6223.35 4.2016
6223.40 4.2017
6223.45 4.2017
6223.50 4.2017
6223.55 4.2017
6223.60 4.2017
6223.65 4.2018
6223.70 4.2018
6223.75 4.2018
6223.80 4.2018
6223.85 4.2018
6223.90 4.2019
6223.95 4.2019
6224.00 4.2019
6224.05 4.2019
6224.10 4.2020
6224.15 4.2020
6224.20 4.2020
6224.25 4.2020
6224.30 4.2021
6224.35 4.2021
6224.40 4.2021
6224.45 4.2021
6224.50 4.2022
6224.55 4.2022
6224.60 4.2022
6224.65 4.2023
6224.70 4.2023
6224.75 4.2023
6224.80 4.2023
6224.85 4.2024
6224.90 4.2024
6224.95 4.2024
6225.00 4.2025
6225.05 4.2025
6225.10 4.2025
6225.15 4.2026
6225.20 4.2026
6225.25 4.2026
6225.30 4.2027
6225.35 4.2027
6225.40 4.2027
6225.45 4.2028
6225.50 4.2028
6225.55 4.2028
6225.60 4.2029
6225.65 4.2029
6225.70 4.2029
6225.75 4.2030
6225.80 4.2030
6225.85 4.2030
6225.90 4.2031
6225.95 4.2031
6226.00 4.2032
6226.05 4.2032
6226.10 4.2032
6226.15 4.2033
6226.20 4.2033
6226.25 4.2033
6226.30 4.2034
6226.35 4.2034
6226.40 4.2035
6226.45 4.2035
6226.50 4.2035
6226.55 4.2036
6226.60 4.2036
6226.65 4.2036
6226.70 4.2037
6226.75 4.2037
6226.80 4.2038
6226.85 4.2038
6226.90 4.2038
6226.95 4.2039
6227.00 4.2039
6227.05 4.2039
6227.10 4.2040
6227.15 4.2040
6227.20 4.2041
6227.25 4.2041
6227.30 4.2041
6227.35 4.2042
6227.40 4.2042
6227.45 4.2042
6227.50 4.2043
6227.55 4.2043
6227.60 4.2044
6227.65 4.2044
6227.70 4.2044
6227.75 4.2045
6227.80 4.2045
6227.85 4.2045
6227.90 4.2046
6227.95 4.2046
6228.00 4.2046
6228.05 4.2047
6228.10 4.2047
6228.15 4.2048
6228.20 4.2048
6228.25 4.2048
6228.30 4.2048
6228.35 4.2049
6228.40 4.2049
6228.45 4.2049
6228.50 4.2050
6228.55 4.2050
6228.60 4.2050
6228.65 4.2051
6228.70 4.2051
6228.75 4.2051
6228.80 4.2052
6228.85 4.2052
6228.90 4.2052
6228.95 4.2052
6229.00 4.2053
6229.05 4.2053
6229.10 4.2053
6229.15 4.2053
6229.20 4.2054
6229.25 4.2054
6229.30 4.2054
6229.35 4.2054
6229.40 4.2055
6229.45 4.2055
6229.50 4.2055
6229.55 4.2055
6229.60 4.2055
6229.65 4.2056
6229.70 4.2056
6229.75 4.2056
6229.80 4.2056
6229.85 4.2056
6229.90 4.2056
6229.95 4.2057
6230.00 4.2057
6230.05 4.2057
6230.10 4.2057
6230.15 4.2057
6230.20 4.2057
6230.25 4.2057
6230.30 4.2058
6230.35 4.2058
6230.40 4.2058
6230.45 4.2058
6230.50 4.2058
6230.55 4.2058
6230.60 4.2058
6230.65 4.2058
6230.70 4.2058
6230.75 4.2058
6230.80 4.2058
6230.85 4.2058
6230.90 4.2058
6230.95 4.2058
6231.00 4.2058
6231.05 4.2058
6231.10 4.2058
6231.15 4.2058
6231.20 4.2058
6231.25 4.2058
6231.30 4.2058
6231.35 4.2058
6231.40 4.2058
6231.45 4.2058
6231.50 4.2058
6231.55 4.2058
6231.60 4.2058
6231.65 4.2058
6231.70 4.2058
6231.75 4.2058
6231.80 4.2058
6231.85 4.2058
6231.90 4.2057
6231.95 4.2057
6232.00 4.2057
6232.05 4.2057
6232.10 4.2057
6232.15 4.2057
6232.20 4.2057
6232.25 4.2057
6232.30 4.2056
6232.35 4.2056
6232.40 4.2056
6232.45 4.2056
6232.50 4.2056
6232.55 4.2056
6232.60 4.2055
6232.65 4.2055
6232.70 4.2055
6232.75 4.2055
6232.80 4.2055
6232.85 4.2054
6232.90 4.2054
6232.95 4.2054
6233.00 4.2054
6233.05 4.2054
6233.10 4.2053
6233.15 4.2053
6233.20 4.2053
6233.25 4.2053
6233.30 4.2052
6233.35 4.2052
6233.40 4.2052
6233.45 4.2052
6233.50 4.2051
6233.55 4.2051
6233.60 4.2051
6233.65 4.2051
6233.70 4.2050
6233.75 4.2050
6233.80 4.2050
6233.85 4.2050
6233.90 4.2049
6233.95 4.2049
6234.00 4.2049
6234.05 4.2049
6234.10 4.2048
6234.15 4.2048
6234.20 4.2048
6234.25 4.2048
6234.30 4.2047
6234.35 4.2047
6234.40 4.2047
6234.45 4.2046
6234.50 4.2046
6234.55 4.2046
6234.60 4.2046
6234.65 4.2045
6234.70 4.2045
6234.75 4.2045
6234.80 4.2045
6234.85 4.2044
6234.90 4.2044
6234.95 4.2044
6235.00 4.2044
6235.05 4.2043
6235.10 4.2043
6235.15 4.2043
6235.20 4.2043
6235.25 4.2043
6235.30 4.2042
6235.35 4.2042
6235.40 4.2042
6235.45 4.2042
6235.50 4.2041
6235.55 4.2041
6235.60 4.2041
6235.65 4.2041
6235.70 4.2041
6235.75 4.2040
6235.80 4.2040
6235.85 4.2040
6235.90 4.2040
6235.95 4.2040
6236.00 4.2040
6236.05 4.2040
6236.10 4.2039
6236.15 4.2039
6236.20 4.2039
6236.25 4.2039
6236.30 4.2039
6236.35 4.2039
6236.40 4.2039
6236.45 4.2039
6236.50 4.2039
6236.55 4.2038
6236.60 4.2038
6236.65 4.2038
6236.70 4.2038
6236.75 4.2038
6236.80 4.2038
6236.85 4.2038
6236.90 4.2038
6236.95 4.2038
6237.00 4.2038
6237.05 4.2038
6237.10 4.2038
6237.15 4.2038
6237.20 4.2038
6237.25 4.2038
6237.30 4.2038
6237.35 4.2038
6237.40 4.2038
6237.45 4.2039
6237.50 4.2039
6237.55 4.2039
6237.60 4.2039
6237.65 4.2039
6237.70 4.2039
6237.75 4.2039
6237.80 4.2039
6237.85 4.2040
6237.90 4.2040
6237.95 4.2040
6238.00 4.2040
6238.05 4.2040
6238.10 4.2041
6238.15 4.2041
6238.20 4.2041
6238.25 4.2041
6238.30 4.2042
6238.35 4.2042
6238.40 4.2042
6238.45 4.2042
6238.50 4.2043
6238.55 4.2043
6238.60 4.2043
6238.65 4.2044
6238.70 4.2044
6238.75 4.2044
6238.80 4.2045
6238.85 4.2045
6238.90 4.2046
6238.95 4.2046
6239.00 4.2046
6239.05 4.2047
6239.10 4.2047
6239.15 4.2048
6239.20 4.2048
6239.25 4.2049
6239.30 4.2049
6239.35 4.2050
6239.40 4.2050
6239.45 4.2051
6239.50 4.2051
6239.55 4.2052
6239.60 4.2052
6239.65 4.2053
6239.70 4.2053
6239.75 4.2054
6239.80 4.2055
6239.85 4.2055
6239.90 4.2056
6239.95 4.2056
6240.00 4.2057
6240.05 4.2058
6240.10 4.2058
6240.15 4.2059
6240.20 4.2060
6240.25 4.2060
6240.30 4.2061
6240.35 4.2062
6240.40 4.2062
6240.45 4.2063
6240.50 4.2064
6240.55 4.2065
6240.60 4.2065
6240.65 4.2066
6240.70 4.2067
6240.75 4.2068
6240.80 4.2068
6240.85 4.2069
6240.90 4.2070
6240.95 4.2071
6241.00 4.2071
6241.05 4.2072
6241.10 4.2073
6241.15 4.2074
6241.20 4.2075
6241.25 4.2076
6241.30 4.2076
6241.35 4.2077
6241.40 4.2078
6241.45 4.2079
6241.50 4.2080
6241.55 4.2081
6241.60 4.2082
6241.65 4.2082
6241.70 4.2083
6241.75 4.2084
6241.80 4.2085
6241.85 4.2086
6241.90 4.2087
6241.95 4.2088
6242.00 4.2089
6242.05 4.2090
6242.10 4.2091
6242.15 4.2092
6242.20 4.2092
6242.25 4.2093
6242.30 4.2094
6242.35 4.2095
6242.40 4.2096
6242.45 4.2097
6242.50 4.2098
6242.55 4.2099
6242.60 4.2100
6242.65 4.2101
6242.70 4.2102
6242.75 4.2103
6242.80 4.2104
6242.85 4.2105
6242.90 4.2106
6242.95 4.2107
6243.00 4.2108
6243.05 4.2109
6243.10 4.2110
6243.15 4.2111
6243.20 4.2112
6243.25 4.2112
6243.30 4.2113
6243.35 4.2114
6243.40 4.2115
6243.45 4.2116
6243.50 4.2117
6243.55 4.2118
6243.60 4.2119
6243.65 4.2120
6243.70 4.2121
6243.75 4.2122
6243.80 4.2123
6243.85 4.2124
6243.90 4.2125
6243.95 4.2126
6244.00 4.2127
6244.05 4.2128
6244.10 4.2129
6244.15 4.2129
6244.20 4.2130
6244.25 4.2131
6244.30 4.2132
6244.35 4.2133
6244.40 4.2134
6244.45 4.2135
6244.50 4.2136
6244.55 4.2137
6244.60 4.2138
6244.65 4.2138
6244.70 4.2139
6244.75 4.2140
6244.80 4.2141
6244.85 4.2142
6244.90 4.2143
6244.95 4.2144
6245.00 4.2144
6245.05 4.2145
6245.10 4.2146
6245.15 4.2147
6245.20 4.2148
6245.25 4.2149
6245.30 4.2149
6245.35 4.2150
6245.40 4.2151
6245.45 4.2152
6245.50 4.2153
6245.55 4.2153
6245.60 4.2154
6245.65 4.2155
6245.70 4.2156
6245.75 4.2156
6245.80 4.2157
6245.85 4.2158
6245.90 4.2159
6245.95 4.2159
6246.00 4.2160
6246.05 4.2161
6246.10 4.2161
6246.15 4.2162
6246.20 4.2163
6246.25 4.2164
6246.30 4.2164
6246.35 4.2165
6246.40 4.2166
6246.45 4.2166
6246.50 4.2167
6246.55 4.2167
6246.60 4.2168
6246.65 4.2169
6246.70 4.2169
6246.75 4.2170
6246.80 4.2171
6246.85 4.2171
6246.90 4.2172
6246.95 4.2172
6247.00 4.2173
6247.05 4.2173
6247.10 4.2174
6247.15 4.2175
6247.20 4.2175
6247.25 4.2176
6247.30 4.2176
6247.35 4.2177
6247.40 4.2177
6247.45 4.2178
6247.50 4.2178
6247.55 4.2179
6247.60 4.2179
6247.65 4.2180
6247.70 4.2180
6247.75 4.2181
6247.80 4.2181
6247.85 4.2182
6247.90 4.2182
6247.95 4.2182
6248.00 4.2183
6248.05 4.2183
6248.10 4.2184
6248.15 4.2184
6248.20 4.2185
6248.25 4.2185
6248.30 4.2185
6248.35 4.2186
6248.40 4.2186
6248.45 4.2187
6248.50 4.2187
6248.55 4.2187
6248.60 4.2188
6248.65 4.2188
6248.70 4.2189
6248.75 4.2189
6248.80 4.2189
6248.85 4.2190
6248.90 4.2190
6248.95 4.2190
6249.00 4.2191
6249.05 4.2191
6249.10 4.2191
6249.15 4.2192
6249.20 4.2192
6249.25 4.2192
6249.30 4.2193
6249.35 4.2193
6249.40 4.2193
6249.45 4.2194
6249.50 4.2194
6249.55 4.2194
6249.60 4.2195
6249.65 4.2195
6249.70 4.2195
6249.75 4.2195
6249.80 4.2196
6249.85 4.2196
6249.90 4.2196
6249.95 4.2197
6250.00 4.2197
6250.05 4.2197
6250.10 4.2197
6250.15 4.2198
6250.20 4.2198
6250.25 4.2198
6250.30 4.2199
6250.35 4.2199
6250.40 4.2199
6250.45 4.2199
6250.50 4.2200
6250.55 4.2200
6250.60 4.2200
6250.65 4.2200
6250.70 4.2201
6250.75 4.2201
6250.80 4.2201
6250.85 4.2202
6250.90 4.2202
6250.95 4.2202
6251.00 4.2202
6251.05 4.2203
6251.10 4.2203
6251.15 4.2203
6251.20 4.2203
6251.25 4.2204
6251.30 4.2204
6251.35 4.2204
6251.40 4.2204
6251.45 4.2205
6251.50 4.2205
6251.55 4.2205
6251.60 4.2206
6251.65 4.2206
6251.70 4.2206
6251.75 4.2206
6251.80 4.2207
6251.85 4.2207
6251.90 4.2207
6251.95 4.2207
6252.00 4.2208
6252.05 4.2208
6252.10 4.2208
6252.15 4.2209
6252.20 4.2209
6252.25 4.2209
6252.30 4.2209
6252.35 4.2210
6252.40 4.2210
6252.45 4.2210
6252.50 4.2211
6252.55 4.2211
6252.60 4.2211
6252.65 4.2211
6252.70 4.2212
6252.75 4.2212
6252.80 4.2212
6252.85 4.2213
6252.90 4.2213
6252.95 4.2213
6253.00 4.2214
6253.05 4.2214
6253.10 4.2214
6253.15 4.2214
6253.20 4.2215
6253.25 4.2215
6253.30 4.2215
6253.35 4.2216
6253.40 4.2216
6253.45 4.2216
6253.50 4.2217
6253.55 4.2217
6253.60 4.2217
6253.65 4.2218
6253.70 4.2218
6253.75 4.2218
6253.80 4.2219
6253.85 4.2219
6253.90 4.2219
6253.95 4.2219
6254.00 4.2220
6254.05 4.2220
6254.10 4.2220
6254.15 4.2221
6254.20 4.2221
6254.25 4.2221
6254.30 4.2222
6254.35 4.2222
6254.40 4.2222
6254.45 4.2223
6254.50 4.2223
6254.55 4.2223
6254.60 4.2224
6254.65 4.2224
6254.70 4.2224
6254.75 4.2225
6254.80 4.2225
6254.85 4.2226
6254.90 4.2226
6254.95 4.2226
6255.00 4.2227
6255.05 4.2227
6255.10 4.2227
6255.15 4.2228
6255.20 4.2228
6255.25 4.2228
6255.30 4.2229
6255.35 4.2229
6255.40 4.2229
6255.45 4.2230
6255.50 4.2230
6255.55 4.2230
6255.60 4.2231
6255.65 4.2231
6255.70 4.2231
6255.75 4.2232
6255.80 4.2232
6255.85 4.2232
6255.90 4.2233
6255.95 4.2233
6256.00 4.2233
6256.05 4.2234
6256.10 4.2234
6256.15 4.2235
6256.20 4.2235
6256.25 4.2235
6256.30 4.2236
6256.35 4.2236
6256.40 4.2236
6256.45 4.2237
6256.50 4.2237
6256.55 4.2237
6256.60 4.2238
6256.65 4.2238
6256.70 4.2238
6256.75 4.2239
6256.80 4.2239
6256.85 4.2239
6256.90 4.2240
6256.95 4.2240
6257.00 4.2240
6257.05 4.2241
6257.10 4.2241
6257.15 4.2241
6257.20 4.2242
6257.25 4.2242
6257.30 4.2242
6257.35 4.2243
6257.40 4.2243
6257.45 4.2243
6257.50 4.2244
6257.55 4.2244
6257.60 4.2244
6257.65 4.2245
6257.70 4.2245
6257.75 4.2245
6257.80 4.2246
6257.85 4.2246
6257.90 4.2246
6257.95 4.2247
6258.00 4.2247
6258.05 4.2247
6258.10 4.2248
6258.15 4.2248
6258.20 4.2248
6258.25 4.2249
6258.30 4.2249
6258.35 4.2249
6258.40 4.2250
6258.45 4.2250
6258.50 4.2250
6258.55 4.2251
6258.60 4.2251
6258.65 4.2251
6258.70 4.2252
6258.75 4.2252
6258.80 4.2252
6258.85 4.2253
6258.90 4.2253
6258.95 4.2253
6259.00 4.2254
6259.05 4.2254
6259.10 4.2254
6259.15 4.2255
6259.20 4.2255
6259.25 4.2255
6259.30 4.2256
6259.35 4.2256
6259.40 4.2256
6259.45 4.2257
6259.50 4.2257
6259.55 4.2257
6259.60 4.2258
6259.65 4.2258
6259.70 4.2258
6259.75 4.2259
6259.80 4.2259
6259.85 4.2259
6259.90 4.2260
6259.95 4.2260
6260.00 4.2260
6260.05 4.2260
6260.10 4.2261
6260.15 4.2261
6260.20 4.2261
6260.25 4.2262
6260.30 4.2262
6260.35 4.2262
6260.40 4.2263
6260.45 4.2263
6260.50 4.2263
6260.55 4.2264
6260.60 4.2264
6260.65 4.2264
6260.70 4.2264
6260.75 4.2265
6260.80 4.2265
6260.85 4.2265
6260.90 4.2266
6260.95 4.2266
6261.00 4.2266
6261.05 4.2267
6261.10 4.2267
6261.15 4.2267
6261.20 4.2267
6261.25 4.2268
6261.30 4.2268
6261.35 4.2268
6261.40 4.2268
6261.45 4.2269
6261.50 4.2269
6261.55 4.2269
6261.60 4.2269
6261.65 4.2270
6261.70 4.2270
6261.75 4.2270
6261.80 4.2270
6261.85 4.2271
6261.90 4.2271
6261.95 4.2271
6262.00 4.2271
6262.05 4.2271
6262.10 4.2272
6262.15 4.2272
6262.20 4.2272
6262.25 4.2272
6262.30 4.2272
6262.35 4.2272
6262.40 4.2273
6262.45 4.2273
6262.50 4.2273
6262.55 4.2273
6262.60 4.2273
6262.65 4.2273
6262.70 4.2273
6262.75 4.2273
6262.80 4.2273
6262.85 4.2274
6262.90 4.2274
6262.95 4.2274
6263.00 4.2274
6263.05 4.2274
6263.10 4.2274
6263.15 4.2274
6263.20 4.2274
6263.25 4.2274
6263.30 4.2274
6263.35 4.2274
6263.40 4.2274
6263.45 4.2273
6263.50 4.2273
6263.55 4.2273
6263.60 4.2273
6263.65 4.2273
6263.70 4.2273
6263.75 4.2273
6263.80 4.2272
6263.85 4.2272
6263.90 4.2272
6263.95 4.2272
6264.00 4.2271
6264.05 4.2271
6264.10 4.2271
6264.15 4.2270
6264.20 4.2270
6264.25 4.2270
6264.30 4.2269
6264.35 4.2269
6264.40 4.2268
6264.45 4.2268
6264.50 4.2268
6264.55 4.2267
6264.60 4.2266
6264.65 4.2266
6264.70 4.2265
6264.75 4.2265
6264.80 4.2264
6264.85 4.2263
6264.90 4.2263
6264.95 4.2262
6265.00 4.2261
6265.05 4.2260
6265.10 4.2260
6265.15 4.2259
6265.20 4.2258
6265.25 4.2257
6265.30 4.2256
6265.35 4.2255
6265.40 4.2254
6265.45 4.2253
6265.50 4.2252
6265.55 4.2251
6265.60 4.2249
6265.65 4.2248
6265.70 4.2247
6265.75 4.2246
6265.80 4.2244
6265.85 4.2243
6265.90 4.2242
6265.95 4.2240
6266.00 4.2239
6266.05 4.2237
6266.10 4.2236
6266.15 4.2234
6266.20 4.2232
6266.25 4.2231
6266.30 4.2229
6266.35 4.2227
6266.40 4.2225
6266.45 4.2224
6266.50 4.2222
6266.55 4.2220
6266.60 4.2218
6266.65 4.2216
6266.70 4.2213
6266.75 4.2211
6266.80 4.2209
6266.85 4.2207
6266.90 4.2204
6266.95 4.2202
6267.00 4.2200
6267.05 4.2197
6267.10 4.2195
6267.15 4.2192
6267.20 4.2189
6267.25 4.2187
6267.30 4.2184
6267.35 4.2181
6267.40 4.2178
6267.45 4.2175
6267.50 4.2172
6267.55 4.2169
6267.60 4.2166
6267.65 4.2163
6267.70 4.2160
6267.75 4.2156
6267.80 4.2153
6267.85 4.2150
6267.90 4.2146
6267.95 4.2143
6268.00 4.2139
6268.05 4.2135
6268.10 4.2132
6268.15 4.2128
6268.20 4.2124
6268.25 4.2120
6268.30 4.2116
6268.35 4.2112
6268.40 4.2108
6268.45 4.2103
6268.50 4.2099
6268.55 4.2095
6268.60 4.2090
6268.65 4.2086
6268.70 4.2081
6268.75 4.2077
6268.80 4.2072
6268.85 4.2067
6268.90 4.2062
6268.95 4.2057
6269.00 4.2052
6269.05 4.2047
6269.10 4.2042
6269.15 4.2037
6269.20 4.2032
6269.25 4.2027
6269.30 4.2021
6269.35 4.2016
6269.40 4.2010
6269.45 4.2004
6269.50 4.1999
6269.55 4.1993
6269.60 4.1987
6269.65 4.1981
6269.70 4.1975
6269.75 4.1969
6269.80 4.1963
6269.85 4.1957
6269.90 4.1950
6269.95 4.1944
6270.00 4.1938
6270.05 4.1931
6270.10 4.1925
6270.15 4.1918
6270.20 4.1911
6270.25 4.1904
6270.30 4.1898
6270.35 4.1891
6270.40 4.1884
6270.45 4.1877
6270.50 4.1870
6270.55 4.1862
6270.60 4.1855
6270.65 4.1848
6270.70 4.1840
6270.75 4.1833
6270.80 4.1825
6270.85 4.1818
6270.90 4.1810
6270.95 4.1802
6271.00 4.1794
6271.05 4.1787
6271.10 4.1779
6271.15 4.1771
6271.20 4.1763
6271.25 4.1754
6271.30 4.1746
6271.35 4.1738
6271.40 4.1730
6271.45 4.1721
6271.50 4.1713
6271.55 4.1704
6271.60 4.1696
6271.65 4.1687
6271.70 4.1679
6271.75 4.1670
6271.80 4.1661
6271.85 4.1652
6271.90 4.1644
6271.95 4.1635
6272.00 4.1626
6272.05 4.1617
6272.10 4.1608
6272.15 4.1599
6272.20 4.1590
6272.25 4.1580
6272.30 4.1571
6272.35 4.1562
6272.40 4.1553
6272.45 4.1543
6272.50 4.1534
6272.55 4.1524
6272.60 4.1515
6272.65 4.1505
6272.70 4.1496
6272.75 4.1486
6272.80 4.1477
6272.85 4.1467
6272.90 4.1458
6272.95 4.1448
6273.00 4.1438
6273.05 4.1428
6273.10 4.1419
6273.15 4.1409
6273.20 4.1399
6273.25 4.1389
6273.30 4.1380
6273.35 4.1370
6273.40 4.1360
6273.45 4.1350
6273.50 4.1340
6273.55 4.1330
6273.60 4.1321
6273.65 4.1311
6273.70 4.1301
6273.75 4.1291
6273.80 4.1281
6273.85 4.1271
6273.90 4.1261
6273.95 4.1251
6274.00 4.1242
6274.05 4.1232
6274.10 4.1222
6274.15 4.1212
6274.20 4.1202
6274.25 4.1192
6274.30 4.1183
6274.35 4.1173
6274.40 4.1163
6274.45 4.1153
6274.50 4.1144
6274.55 4.1134
6274.60 4.1124
6274.65 4.1115
6274.70 4.1105
6274.75 4.1095
6274.80 4.1086
6274.85 4.1076
6274.90 4.1067
6274.95 4.1057
6275.00 4.1048
6275.05 4.1039
6275.10 4.1029
6275.15 4.1020
6275.20 4.1011
6275.25 4.1002
6275.30 4.0993
6275.35 4.0983
6275.40 4.0974
6275.45 4.0965
6275.50 4.0957
6275.55 4.0948
6275.60 4.0939
6275.65 4.0930
6275.70 4.0921
6275.75 4.0913
6275.80 4.0904
6275.85 4.0896
6275.90 4.0887
6275.95 4.0879
6276.00 4.0871
6276.05 4.0862
6276.10 4.0854
6276.15 4.0846
6276.20 4.0838
6276.25 4.0830
6276.30 4.0822
6276.35 4.0815
6276.40 4.0807
6276.45 4.0799
6276.50 4.0792
6276.55 4.0784
6276.60 4.0777
6276.65 4.0770
6276.70 4.0763
6276.75 4.0756
6276.80 4.0749
6276.85 4.0742
6276.90 4.0735
6276.95 4.0728
6277.00 4.0722
6277.05 4.0715
6277.10 4.0709
6277.15 4.0702
6277.20 4.0696
6277.25 4.0690
6277.30 4.0684
6277.35 4.0678
6277.40 4.0672
6277.45 4.0666
6277.50 4.0661
6277.55 4.0655
6277.60 4.0650
6277.65 4.0644
6277.70 4.0639
6277.75 4.0634
6277.80 4.0629
6277.85 4.0624
6277.90 4.0619
6277.95 4.0615
6278.00 4.0610
6278.05 4.0606
6278.10 4.0601
6278.15 4.0597
6278.20 4.0593
6278.25 4.0589
6278.30 4.0585
6278.35 4.0581
6278.40 4.0578
6278.45 4.0574
6278.50 4.0570
6278.55 4.0567
6278.60 4.0564
6278.65 4.0561
6278.70 4.0558
6278.75 4.0555
6278.80 4.0552
6278.85 4.0549
6278.90 4.0547
6278.95 4.0544
6279.00 4.0542
6279.05 4.0540
6279.10 4.0537
6279.15 4.0535
6279.20 4.0533
6279.25 4.0532
6279.30 4.0530
6279.35 4.0528
6279.40 4.0527
6279.45 4.0525
6279.50 4.0524
6279.55 4.0523
6279.60 4.0522
6279.65 4.0521
6279.70 4.0520
6279.75 4.0519
6279.80 4.0518
6279.85 4.0518
6279.90 4.0517
6279.95 4.0517
6280.00 4.0517
6280.05 4.0517
6280.10 4.0516
6280.15 4.0517
6280.20 4.0517
6280.25 4.0517
6280.30 4.0517
6280.35 4.0518
6280.40 4.0518
6280.45 4.0519
6280.50 4.0519
6280.55 4.0520
6280.60 4.0521
6280.65 4.0522
6280.70 4.0523
6280.75 4.0524
6280.80 4.0525
6280.85 4.0526
6280.90 4.0528
6280.95 4.0529
6281.00 4.0531
6281.05 4.0532
6281.10 4.0534
6281.15 4.0536
6281.20 4.0538
6281.25 4.0539
6281.30 4.0541
6281.35 4.0543
6281.40 4.0546
6281.45 4.0548
6281.50 4.0550
6281.55 4.0552
6281.60 4.0555
6281.65 4.0557
6281.70 4.0560
6281.75 4.0562
6281.80 4.0565
6281.85 4.0567
6281.90 4.0570
6281.95 4.0573
6282.00 4.0576
6282.05 4.0579
6282.10 4.0582
6282.15 4.0584
6282.20 4.0587
6282.25 4.0591
6282.30 4.0594
6282.35 4.0597
6282.40 4.0600
6282.45 4.0603
6282.50 4.0606
6282.55 4.0610
6282.60 4.0613
6282.65 4.0616
6282.70 4.0620
6282.75 4.0623
6282.80 4.0627
6282.85 4.0630
6282.90 4.0634
6282.95 4.0637
6283.00 4.0641
6283.05 4.0644
6283.10 4.0648
6283.15 4.0652
6283.20 4.0655
6283.25 4.0659
6283.30 4.0663
6283.35 4.0666
6283.40 4.0670
6283.45 4.0674
6283.50 4.0678
6283.55 4.0681
6283.60 4.0685
6283.65 4.0689
6283.70 4.0693
6283.75 4.0696
6283.80 4.0700
6283.85 4.0704
6283.90 4.0708
6283.95 4.0711
6284.00 4.0715
6284.05 4.0719
6284.10 4.0723
6284.15 4.0726
6284.20 4.0730
6284.25 4.0734
6284.30 4.0737
6284.35 4.0741
6284.40 4.0745
6284.45 4.0748
6284.50 4.0752
6284.55 4.0756
6284.60 4.0759
6284.65 4.0763
6284.70 4.0766
6284.75 4.0770
6284.80 4.0774
6284.85 4.0777
6284.90 4.0781
6284.95 4.0784
6285.00 4.0787
6285.05 4.0791
6285.10 4.0794
6285.15 4.0798
6285.20 4.0801
6285.25 4.0804
6285.30 4.0807
6285.35 4.0811
6285.40 4.0814
6285.45 4.0817
6285.50 4.0820
6285.55 4.0823
6285.60 4.0826
6285.65 4.0829
6285.70 4.0832
6285.75 4.0835
6285.80 4.0838
6285.85 4.0841
6285.90 4.0844
6285.95 4.0847
6286.00 4.0849
6286.05 4.0852
6286.10 4.0855
6286.15 4.0857
6286.20 4.0860
6286.25 4.0863
6286.30 4.0865
6286.35 4.0867
6286.40 4.0870
6286.45 4.0872
6286.50 4.0875
6286.55 4.0877
6286.60 4.0879
6286.65 4.0881
6286.70 4.0883
6286.75 4.0885
6286.80 4.0887
6286.85 4.0889
6286.90 4.0891
6286.95 4.0893
6287.00 4.0895
6287.05 4.0897
6287.10 4.0899
6287.15 4.0900
6287.20 4.0902
6287.25 4.0903
6287.30 4.0905
6287.35 4.0906
6287.40 4.0908
6287.45 4.0909
6287.50 4.0911
6287.55 4.0912
6287.60 4.0913
6287.65 4.0914
6287.70 4.0915
6287.75 4.0916
6287.80 4.0917
6287.85 4.0918
6287.90 4.0919
6287.95 4.0920
6288.00 4.0921
6288.05 4.0922
6288.10 4.0923
6288.15 4.0923
6288.20 4.0924
6288.25 4.0924
6288.30 4.0925
6288.35 4.0925
6288.40 4.0926
6288.45 4.0926
6288.50 4.0926
6288.55 4.0927
6288.60 4.0927
6288.65 4.0927
6288.70 4.0927
6288.75 4.0927
6288.80 4.0927
6288.85 4.0927
6288.90 4.0927
6288.95 4.0927
6289.00 4.0927
6289.05 4.0927
6289.10 4.0927
6289.15 4.0926
6289.20 4.0926
6289.25 4.0926
6289.30 4.0925
6289.35 4.0925
6289.40 4.0924
6289.45 4.0924
6289.50 4.0923
6289.55 4.0922
6289.60 4.0922
6289.65 4.0921
6289.70 4.0920
6289.75 4.0919
6289.80 4.0918
6289.85 4.0917
6289.90 4.0917
6289.95 4.0916
6290.00 4.0915
6290.05 4.0913
6290.10 4.0912
6290.15 4.0911
6290.20 4.0910
6290.25 4.0909
6290.30 4.0908
6290.35 4.0906
6290.40 4.0905
6290.45 4.0904
6290.50 4.0902
6290.55 4.0901
6290.60 4.0899
6290.65 4.0898
6290.70 4.0896
6290.75 4.0895
6290.80 4.0893
6290.85 4.0892
6290.90 4.0890
6290.95 4.0888
6291.00 4.0887
6291.05 4.0885
6291.10 4.0883
6291.15 4.0881
6291.20 4.0879
6291.25 4.0878
6291.30 4.0876
6291.35 4.0874
6291.40 4.0872
6291.45 4.0870
6291.50 4.0868
6291.55 4.0866
6291.60 4.0864
6291.65 4.0862
6291.70 4.0860
6291.75 4.0858
6291.80 4.0856
6291.85 4.0853
6291.90 4.0851
6291.95 4.0849
6292.00 4.0847
6292.05 4.0845
6292.10 4.0842
6292.15 4.0840
6292.20 4.0838
6292.25 4.0836
6292.30 4.0833
6292.35 4.0831
6292.40 4.0829
6292.45 4.0826
6292.50 4.0824
6292.55 4.0821
6292.60 4.0819
6292.65 4.0817
6292.70 4.0814
6292.75 4.0812
6292.80 4.0809
6292.85 4.0807
6292.90 4.0804
6292.95 4.0802
6293.00 4.0799
6293.05 4.0797
6293.10 4.0794
6293.15 4.0791
6293.20 4.0789
6293.25 4.0786
6293.30 4.0784
6293.35 4.0781
6293.40 4.0778
6293.45 4.0776
6293.50 4.0773
6293.55 4.0771
6293.60 4.0768
6293.65 4.0765
6293.70 4.0763
6293.75 4.0760
6293.80 4.0757
6293.85 4.0755
6293.90 4.0752
6293.95 4.0749
6294.00 4.0746
6294.05 4.0744
6294.10 4.0741
6294.15 4.0738
6294.20 4.0736
6294.25 4.0733
6294.30 4.0730
6294.35 4.0727
6294.40 4.0725
6294.45 4.0722
6294.50 4.0719
6294.55 4.0716
6294.60 4.0713
6294.65 4.0711
6294.70 4.0708
6294.75 4.0705
6294.80 4.0702
6294.85 4.0700
6294.90 4.0697
6294.95 4.0694
6295.00 4.0691
6295.05 4.0688
6295.10 4.0686
6295.15 4.0683
6295.20 4.0680
6295.25 4.0677
6295.30 4.0674
6295.35 4.0672
6295.40 4.0669
6295.45 4.0666
6295.50 4.0663
6295.55 4.0660
6295.60 4.0658
6295.65 4.0655
6295.70 4.0652
6295.75 4.0649
6295.80 4.0646
6295.85 4.0644
6295.90 4.0641
6295.95 4.0638
6296.00 4.0635
6296.05 4.0632
6296.10 4.0630
6296.15 4.0627
6296.20 4.0624
6296.25 4.0621
6296.30 4.0618
6296.35 4.0615
6296.40 4.0613
6296.45 4.0610
6296.50 4.0607
6296.55 4.0604
6296.60 4.0601
6296.65 4.0599
6296.70 4.0596
6296.75 4.0593
6296.80 4.0590
6296.85 4.0587
6296.90 4.0584
6296.95 4.0582
6297.00 4.0579
6297.05 4.0576
6297.10 4.0573
6297.15 4.0570
6297.20 4.0567
6297.25 4.0565
6297.30 4.0562
6297.35 4.0559
6297.40 4.0556
6297.45 4.0553
6297.50 4.0550
6297.55 4.0548
6297.60 4.0545
6297.65 4.0542
6297.70 4.0539
6297.75 4.0536
6297.80 4.0533
6297.85 4.0530
6297.90 4.0528
6297.95 4.0525
6298.00 4.0522
6298.05 4.0519
6298.10 4.0516
6298.15 4.0513
6298.20 4.0510
6298.25 4.0508
6298.30 4.0505
6298.35 4.0502
6298.40 4.0499
6298.45 4.0496
6298.50 4.0493
6298.55 4.0490
6298.60 4.0487
6298.65 4.0484
6298.70 4.0481
6298.75 4.0478
6298.80 4.0476
6298.85 4.0473
6298.90 4.0470
6298.95 4.0467
6299.00 4.0464
6299.05 4.0461
6299.10 4.0458
6299.15 4.0455
6299.20 4.0452
6299.25 4.0449
6299.30 4.0446
6299.35 4.0443
6299.40 4.0440
6299.45 4.0437
6299.50 4.0434
6299.55 4.0431
6299.60 4.0428
6299.65 4.0425
6299.70 4.0422
6299.75 4.0419
6299.80 4.0416
6299.85 4.0413
6299.90 4.0410
6299.95 4.0407
6300.00 4.0404
6300.05 4.0401
6300.10 4.0397
6300.15 4.0394
6300.20 4.0391
6300.25 4.0388
6300.30 4.0385
6300.35 4.0382
6300.40 4.0379
6300.45 4.0376
6300.50 4.0373
6300.55 4.0369
6300.60 4.0366
6300.65 4.0363
6300.70 4.0360
6300.75 4.0357
6300.80 4.0354
6300.85 4.0350
6300.90 4.0347
6300.95 4.0344
6301.00 4.0341
6301.05 4.0337
6301.10 4.0334
6301.15 4.0331
6301.20 4.0328
6301.25 4.0324
6301.30 4.0321
6301.35 4.0318
6301.40 4.0315
6301.45 4.0311
6301.50 4.0308
6301.55 4.0305
6301.60 4.0301
6301.65 4.0298
6301.70 4.0295
6301.75 4.0291
6301.80 4.0288
6301.85 4.0285
6301.90 4.0281
6301.95 4.0278
6302.00 4.0275
6302.05 4.0271
6302.10 4.0268
6302.15 4.0264
6302.20 4.0261
6302.25 4.0258
6302.30 4.0254
6302.35 4.0251
6302.40 4.0247
6302.45 4.0244
6302.50 4.0240
6302.55 4.0237
6302.60 4.0233
6302.65 4.0230
6302.70 4.0226
6302.75 4.0223
6302.80 4.0219
6302.85 4.0216
6302.90 4.0212
6302.95 4.0209
6303.00 4.0205
6303.05 4.0202
6303.10 4.0198
6303.15 4.0195
6303.20 4.0191
6303.25 4.0188
6303.30 4.0184
6303.35 4.0180
6303.40 4.0177
6303.45 4.0173
6303.50 4.0170
6303.55 4.0166
6303.60 4.0162
6303.65 4.0159
6303.70 4.0155
6303.75 4.0152
6303.80 4.0148
6303.85 4.0144
6303.90 4.0141
6303.95 4.0137
6304.00 4.0133
6304.05 4.0130
6304.10 4.0126
6304.15 4.0122
6304.20 4.0119
6304.25 4.0115
6304.30 4.0112
6304.35 4.0108
6304.40 4.0104
6304.45 4.0101
6304.50 4.0097
6304.55 4.0093
6304.60 4.0090
6304.65 4.0086
6304.70 4.0082
6304.75 4.0079
6304.80 4.0075
6304.85 4.0071
6304.90 4.0067
6304.95 4.0064
6305.00 4.0060
6305.05 4.0056
6305.10 4.0053
6305.15 4.0049
6305.20 4.0045
6305.25 4.0042
6305.30 4.0038
6305.35 4.0034
6305.40 4.0031
6305.45 4.0027
6305.50 4.0023
6305.55 4.0020
6305.60 4.0016
6305.65 4.0012
6305.70 4.0009
6305.75 4.0005
6305.80 4.0002
6305.85 3.9998
6305.90 3.9994
6305.95 3.9991
6306.00 3.9987
6306.05 3.9983
6306.10 3.9980
6306.15 3.9976
6306.20 3.9973
6306.25 3.9969
6306.30 3.9965
6306.35 3.9962
6306.40 3.9958
6306.45 3.9955
6306.50 3.9951
6306.55 3.9947
6306.60 3.9944
6306.65 3.9940
6306.70 3.9937
6306.75 3.9933
6306.80 3.9930
6306.85 3.9926
6306.90 3.9923
6306.95 3.9919
6307.00 3.9916
6307.05 3.9912
6307.10 3.9909
6307.15 3.9905
6307.20 3.9902
6307.25 3.9898
6307.30 3.9895
6307.35 3.9891
6307.40 3.9888
6307.45 3.9885
6307.50 3.9881
6307.55 3.9878
6307.60 3.9874
6307.65 3.9871
6307.70 3.9868
6307.75 3.9864
6307.80 3.9861
6307.85 3.9858
6307.90 3.9854
6307.95 3.9851
6308.00 3.9848
6308.05 3.9844
6308.10 3.9841
6308.15 3.9838
6308.20 3.9835
6308.25 3.9831
6308.30 3.9828
6308.35 3.9825
6308.40 3.9822
6308.45 3.9819
6308.50 3.9815
6308.55 3.9812
6308.60 3.9809
6308.65 3.9806
6308.70 3.9803
6308.75 3.9800
6308.80 3.9797
6308.85 3.9794
6308.90 3.9791
6308.95 3.9788
6309.00 3.9785
6309.05 3.9782
6309.10 3.9779
6309.15 3.9776
6309.20 3.9773
6309.25 3.9770
6309.30 3.9767
6309.35 3.9764
6309.40 3.9761
6309.45 3.9758
6309.50 3.9755
6309.55 3.9752
6309.60 3.9750
6309.65 3.9747
6309.70 3.9744
6309.75 3.9741
6309.80 3.9738
6309.85 3.9736
6309.90 3.9733
6309.95 3.9730
6310.00 3.9727
6310.05 3.9725
6310.10 3.9722
6310.15 3.9719
6310.20 3.9717
6310.25 3.9714
6310.30 3.9711
6310.35 3.9709
6310.40 3.9706
6310.45 3.9704
6310.50 3.9701
6310.55 3.9699
6310.60 3.9696
6310.65 3.9693
6310.70 3.9691
6310.75 3.9688
6310.80 3.9686
6310.85 3.9684
6310.90 3.9681
6310.95 3.9679
6311.00 3.9676
6311.05 3.9674
6311.10 3.9672
6311.15 3.9669
6311.20 3.9667
6311.25 3.9665
6311.30 3.9662
6311.35 3.9660
6311.40 3.9658
6311.45 3.9655
6311.50 3.9653
6311.55 3.9651
6311.60 3.9649
6311.65 3.9647
6311.70 3.9644
6311.75 3.9642
6311.80 3.9640
6311.85 3.9638
6311.90 3.9636
6311.95 3.9634
6312.00 3.9632
6312.05 3.9630
6312.10 3.9628
6312.15 3.9625
6312.20 3.9623
6312.25 3.9621
6312.30 3.9619
6312.35 3.9617
6312.40 3.9615
6312.45 3.9614
6312.50 3.9612
6312.55 3.9610
6312.60 3.9608
6312.65 3.9606
6312.70 3.9604
6312.75 3.9602
6312.80 3.9600
6312.85 3.9598
6312.90 3.9597
6312.95 3.9595
6313.00 3.9593
6313.05 3.9591
6313.10 3.9590
6313.15 3.9588
6313.20 3.9586
6313.25 3.9584
6313.30 3.9583
6313.35 3.9581
6313.40 3.9579
6313.45 3.9578
6313.50 3.9576
6313.55 3.9574
6313.60 3.9573
6313.65 3.9571
6313.70 3.9569
6313.75 3.9568
6313.80 3.9566
6313.85 3.9565
6313.90 3.9563
6313.95 3.9562
6314.00 3.9560
6314.05 3.9559
6314.10 3.9557
6314.15 3.9556
6314.20 3.9554
6314.25 3.9553
6314.30 3.9551
6314.35 3.9550
6314.40 3.9549
6314.45 3.9547
6314.50 3.9546
6314.55 3.9544
6314.60 3.9543
6314.65 3.9542
6314.70 3.9540
6314.75 3.9539
6314.80 3.9538
6314.85 3.9537
6314.90 3.9535
6314.95 3.9534
6315.00 3.9533
6315.05 3.9532
6315.10 3.9530
6315.15 3.9529
6315.20 3.9528
6315.25 3.9527
6315.30 3.9526
6315.35 3.9524
6315.40 3.9523
6315.45 3.9522
6315.50 3.9521
6315.55 3.9520
6315.60 3.9519
6315.65 3.9518
6315.70 3.9517
6315.75 3.9516
6315.80 3.9515
6315.85 3.9514
6315.90 3.9513
6315.95 3.9512
6316.00 3.9511
6316.05 3.9510
6316.10 3.9509
6316.15 3.9508
6316.20 3.9507
6316.25 3.9506
6316.30 3.9505
6316.35 3.9504
6316.40 3.9503
6316.45 3.9503
6316.50 3.9502
6316.55 3.9501
6316.60 3.9500
6316.65 3.9499
6316.70 3.9498
6316.75 3.9498
6316.80 3.9497
6316.85 3.9496
6316.90 3.9495
6316.95 3.9495
6317.00 3.9494
6317.05 3.9493
6317.10 3.9493
6317.15 3.9492
6317.20 3.9491
6317.25 3.9491
6317.30 3.9490
6317.35 3.9489
6317.40 3.9489
6317.45 3.9488
6317.50 3.9488
6317.55 3.9487
6317.60 3.9487
6317.65 3.9486
6317.70 3.9486
6317.75 3.9485
6317.80 3.9485
6317.85 3.9484
6317.90 3.9484
6317.95 3.9483
6318.00 3.9483
6318.05 3.9483
6318.10 3.9482
6318.15 3.9482
6318.20 3.9481
6318.25 3.9481
6318.30 3.9481
6318.35 3.9481
6318.40 3.9480
6318.45 3.9480
6318.50 3.9480
6318.55 3.9479
6318.60 3.9479
6318.65 3.9479
6318.70 3.9479
6318.75 3.9479
6318.80 3.9478
6318.85 3.9478
6318.90 3.9478
6318.95 3.9478
6319.00 3.9478
6319.05 3.9478
6319.10 3.9478
6319.15 3.9478
6319.20 3.9478
6319.25 3.9478
6319.30 3.9478
6319.35 3.9478
6319.40 3.9478
6319.45 3.9478
6319.50 3.9478
6319.55 3.9478
6319.60 3.9478
6319.65 3.9478
6319.70 3.9478
6319.75 3.9478
6319.80 3.9478
6319.85 3.9478
6319.90 3.9478
6319.95 3.9479
6320.00 3.9479
6320.05 3.9479
6320.10 3.9479
6320.15 3.9479
6320.20 3.9480
6320.25 3.9480
6320.30 3.9480
6320.35 3.9480
6320.40 3.9481
6320.45 3.9481
6320.50 3.9481
6320.55 3.9482
6320.60 3.9482
6320.65 3.9482
6320.70 3.9483
6320.75 3.9483
6320.80 3.9483
6320.85 3.9484
6320.90 3.9484
6320.95 3.9485
6321.00 3.9485
6321.05 3.9486
6321.10 3.9486
6321.15 3.9487
6321.20 3.9487
6321.25 3.9488
6321.30 3.9488
6321.35 3.9489
6321.40 3.9489
6321.45 3.9490
6321.50 3.9490
6321.55 3.9491
6321.60 3.9491
6321.65 3.9492
6321.70 3.9493
6321.75 3.9493
6321.80 3.9494
6321.85 3.9495
6321.90 3.9495
6321.95 3.9496
6322.00 3.9497
6322.05 3.9497
6322.10 3.9498
6322.15 3.9499
6322.20 3.9499
6322.25 3.9500
6322.30 3.9501
6322.35 3.9502
6322.40 3.9502
6322.45 3.9503
6322.50 3.9504
6322.55 3.9505
6322.60 3.9505
6322.65 3.9506
6322.70 3.9507
6322.75 3.9508
6322.80 3.9509
6322.85 3.9509
6322.90 3.9510
6322.95 3.9511
6323.00 3.9512
6323.05 3.9513
6323.10 3.9514
6323.15 3.9514
6323.20 3.9515
6323.25 3.9516
6323.30 3.9517
6323.35 3.9518
6323.40 3.9519
6323.45 3.9520
6323.50 3.9521
6323.55 3.9521
6323.60 3.9522
6323.65 3.9523
6323.70 3.9524
6323.75 3.9525
6323.80 3.9526
6323.85 3.9527
6323.90 3.9528
6323.95 3.9529
6324.00 3.9530
6324.05 3.9531
6324.10 3.9531
6324.15 3.9532
6324.20 3.9533
6324.25 3.9534
6324.30 3.9535
6324.35 3.9536
6324.40 3.9537
6324.45 3.9538
6324.50 3.9539
6324.55 3.9540
6324.60 3.9541
6324.65 3.9542
6324.70 3.9543
6324.75 3.9544
6324.80 3.9545
6324.85 3.9546
6324.90 3.9547
6324.95 3.9547
6325.00 3.9548
6325.05 3.9549
6325.10 3.9550
6325.15 3.9551
6325.20 3.9552
6325.25 3.9553
6325.30 3.9554
6325.35 3.9555
6325.40 3.9556
6325.45 3.9557
6325.50 3.9558
6325.55 3.9559
6325.60 3.9560
6325.65 3.9561
6325.70 3.9562
6325.75 3.9563
6325.80 3.9563
6325.85 3.9564
6325.90 3.9565
6325.95 3.9566
6326.00 3.9567
6326.05 3.9568
6326.10 3.9569
6326.15 3.9570
6326.20 3.9571
6326.25 3.9572
6326.30 3.9573
6326.35 3.9574
6326.40 3.9575
6326.45 3.9575
6326.50 3.9576
6326.55 3.9577
6326.60 3.9578
6326.65 3.9579
6326.70 3.9580
6326.75 3.9581
6326.80 3.9582
6326.85 3.9583
6326.90 3.9583
6326.95 3.9584
6327.00 3.9585
6327.05 3.9586
6327.10 3.9587
6327.15 3.9588
6327.20 3.9589
6327.25 3.9590
6327.30 3.9590
6327.35 3.9591
6327.40 3.9592
6327.45 3.9593
6327.50 3.9594
6327.55 3.9595
6327.60 3.9596
6327.65 3.9596
6327.70 3.9597
6327.75 3.9598
6327.80 3.9599
6327.85 3.9600
6327.90 3.9601
6327.95 3.9602
6328.00 3.9602
6328.05 3.9603
6328.10 3.9604
6328.15 3.9605
6328.20 3.9606
6328.25 3.9607
6328.30 3.9607
6328.35 3.9608
6328.40 3.9609
6328.45 3.9610
6328.50 3.9611
6328.55 3.9612
6328.60 3.9612
6328.65 3.9613
6328.70 3.9614
6328.75 3.9615
6328.80 3.9616
6328.85 3.9617
6328.90 3.9618
6328.95 3.9618
6329.00 3.9619
6329.05 3.9620
6329.10 3.9621
6329.15 3.9622
6329.20 3.9623
6329.25 3.9623
6329.30 3.9624
6329.35 3.9625
6329.40 3.9626
6329.45 3.9627
6329.50 3.9628
6329.55 3.9629
6329.60 3.9629
6329.65 3.9630
6329.70 3.9631
6329.75 3.9632
6329.80 3.9633
6329.85 3.9634
6329.90 3.9635
6329.95 3.9636
6330.00 3.9637
6330.05 3.9637
6330.10 3.9638
6330.15 3.9639
6330.20 3.9640
6330.25 3.9641
6330.30 3.9642
6330.35 3.9643
6330.40 3.9644
6330.45 3.9645
6330.50 3.9646
6330.55 3.9647
6330.60 3.9648
6330.65 3.9649
6330.70 3.9649
6330.75 3.9650
6330.80 3.9651
6330.85 3.9652
6330.90 3.9653
6330.95 3.9654
6331.00 3.9655
6331.05 3.9656
6331.10 3.9657
6331.15 3.9658
6331.20 3.9659
6331.25 3.9660
6331.30 3.9661
6331.35 3.9662
6331.40 3.9663
6331.45 3.9664
6331.50 3.9666
6331.55 3.9667
6331.60 3.9668
6331.65 3.9669
6331.70 3.9670
6331.75 3.9671
6331.80 3.9672
6331.85 3.9673
6331.90 3.9674
6331.95 3.9675
6332.00 3.9676
6332.05 3.9677
6332.10 3.9679
6332.15 3.9680
6332.20 3.9681
6332.25 3.9682
6332.30 3.9683
6332.35 3.9684
6332.40 3.9685
6332.45 3.9687
6332.50 3.9688
6332.55 3.9689
6332.60 3.9690
6332.65 3.9691
6332.70 3.9693
6332.75 3.9694
6332.80 3.9695
6332.85 3.9696
6332.90 3.9697
6332.95 3.9699
6333.00 3.9700
6333.05 3.9701
6333.10 3.9702
6333.15 3.9704
6333.20 3.9705
6333.25 3.9706
6333.30 3.9707
6333.35 3.9709
6333.40 3.9710
6333.45 3.9711
6333.50 3.9712
6333.55 3.9714
6333.60 3.9715
6333.65 3.9716
6333.70 3.9718
6333.75 3.9719
6333.80 3.9720
6333.85 3.9721
6333.90 3.9723
6333.95 3.9724
6334.00 3.9725
6334.05 3.9727
6334.10 3.9728
6334.15 3.9729
6334.20 3.9731
6334.25 3.9732
6334.30 3.9733
6334.35 3.9734
6334.40 3.9736
6334.45 3.9737
6334.50 3.9738
6334.55 3.9740
6334.60 3.9741
6334.65 3.9742
6334.70 3.9744
6334.75 3.9745
6334.80 3.9746
6334.85 3.9748
6334.90 3.9749
6334.95 3.9750
6335.00 3.9751
6335.05 3.9753
6335.10 3.9754
6335.15 3.9755
6335.20 3.9757
6335.25 3.9758
6335.30 3.9759
6335.35 3.9760
6335.40 3.9762
6335.45 3.9763
6335.50 3.9764
6335.55 3.9765
6335.60 3.9767
6335.65 3.9768
6335.70 3.9769
6335.75 3.9770
6335.80 3.9772
6335.85 3.9773
6335.90 3.9774
6335.95 3.9775
6336.00 3.9776
6336.05 3.9777
6336.10 3.9779
6336.15 3.9780
6336.20 3.9781
6336.25 3.9782
6336.30 3.9783
6336.35 3.9784
6336.40 3.9785
6336.45 3.9786
6336.50 3.9788
6336.55 3.9789
6336.60 3.9790
6336.65 3.9791
6336.70 3.9792
6336.75 3.9793
6336.80 3.9794
6336.85 3.9795
6336.90 3.9796
6336.95 3.9797
6337.00 3.9798
6337.05 3.9799
6337.10 3.9799
6337.15 3.9800
6337.20 3.9801
6337.25 3.9802
6337.30 3.9803
6337.35 3.9804
6337.40 3.9805
6337.45 3.9805
6337.50 3.9806
6337.55 3.9807
6337.60 3.9808
6337.65 3.9809
6337.70 3.9809
6337.75 3.9810
6337.80 3.9811
6337.85 3.9811
6337.90 3.9812
6337.95 3.9813
6338.00 3.9813
6338.05 3.9814
6338.10 3.9814
6338.15 3.9815
6338.20 3.9816
6338.25 3.9816
6338.30 3.9817
6338.35 3.9817
6338.40 3.9818
6338.45 3.9818
6338.50 3.9818
6338.55 3.9819
6338.60 3.9819
6338.65 3.9820
6338.70 3.9820
6338.75 3.9820
6338.80 3.9820
6338.85 3.9821
6338.90 3.9821
6338.95 3.9821
6339.00 3.9821
6339.05 3.9822
6339.10 3.9822
6339.15 3.9822
6339.20 3.9822
6339.25 3.9822
6339.30 3.9822
6339.35 3.9822
6339.40 3.9822
6339.45 3.9822
