5991.50 3.9110
5991.55 3.9110
5991.60 3.9111
5991.65 3.9111
5991.70 3.9111
5991.75 3.9112
5991.80 3.9112
5991.85 3.9113
5991.90 3.9114
5991.95 3.9115
5992.00 3.9116
5992.05 3.9117
5992.10 3.9118
5992.15 3.9119
5992.20 3.9121
5992.25 3.9122
5992.30 3.9124
5992.35 3.9126
5992.40 3.9128
5992.45 3.9129
5992.50 3.9131
5992.55 3.9134
5992.60 3.9136
5992.65 3.9138
5992.70 3.9140
5992.75 3.9143
5992.80 3.9146
5992.85 3.9148
5992.90 3.9151
5992.95 3.9154
5993.00 3.9157
5993.05 3.9160
5993.10 3.9163
5993.15 3.9166
5993.20 3.9170
5993.25 3.9173
5993.30 3.9177
5993.35 3.9180
5993.40 3.9184
5993.45 3.9188
5993.50 3.9192
5993.55 3.9196
5993.60 3.9200
5993.65 3.9204
5993.70 3.9209
5993.75 3.9213
5993.80 3.9217
5993.85 3.9222
5993.90 3.9227
5993.95 3.9231
5994.00 3.9236
5994.05 3.9241
5994.10 3.9246
5994.15 3.9251
5994.20 3.9256
5994.25 3.9262
5994.30 3.9267
5994.35 3.9272
5994.40 3.9278
5994.45 3.9283
5994.50 3.9289
5994.55 3.9295
5994.60 3.9301
5994.65 3.9307
5994.70 3.9313
5994.75 3.9319
5994.80 3.9325
5994.85 3.9331
5994.90 3.9337
5994.95 3.9344
5995.00 3.9350
5995.05 3.9357
5995.10 3.9363
5995.15 3.9370
5995.20 3.9377
5995.25 3.9384
5995.30 3.9391
5995.35 3.9398
5995.40 3.9405
5995.45 3.9412
5995.50 3.9419
5995.55 3.9426
5995.60 3.9434
5995.65 3.9441
5995.70 3.9448
5995.75 3.9456
5995.80 3.9464
5995.85 3.9471
5995.90 3.9479
5995.95 3.9487
5996.00 3.9495
5996.05 3.9503
5996.10 3.9511
5996.15 3.9519
5996.20 3.9527
5996.25 3.9535
5996.30 3.9543
5996.35 3.9552
5996.40 3.9560
5996.45 3.9568
5996.50 3.9577
5996.55 3.9585
5996.60 3.9594
5996.65 3.9603
5996.70 3.9611
5996.75 3.9620
5996.80 3.9629
5996.85 3.9638
5996.90 3.9647
5996.95 3.9656
5997.00 3.9665
5997.05 3.9674
5997.10 3.9683
5997.15 3.9692
5997.20 3.9701
5997.25 3.9710
5997.30 3.9720
5997.35 3.9729
5997.40 3.9739
5997.45 3.9748
5997.50 3.9757
5997.55 3.9767
5997.60 3.9777
5997.65 3.9786
5997.70 3.9796
5997.75 3.9806
5997.80 3.9815
5997.85 3.9825
5997.90 3.9835
5997.95 3.9845
5998.00 3.9855
5998.05 3.9865
5998.10 3.9875
5998.15 3.9885
5998.20 3.9895
5998.25 3.9905
5998.30 3.9915
5998.35 3.9925
5998.40 3.9936
5998.45 3.9946
5998.50 3.9956
5998.55 3.9966
5998.60 3.9977
5998.65 3.9987
5998.70 3.9998
5998.75 4.0008
5998.80 4.0018
5998.85 4.0029
5998.90 4.0040
5998.95 4.0050
5999.00 4.0061
5999.05 4.0071
5999.10 4.0082
5999.15 4.0093
5999.20 4.0103
5999.25 4.0114
5999.30 4.0125
5999.35 4.0136
5999.40 4.0146
5999.45 4.0157
5999.50 4.0168
5999.55 4.0179
5999.60 4.0190
5999.65 4.0201
5999.70 4.0212
5999.75 4.0223
5999.80 4.0234
5999.85 4.0245
5999.90 4.0256
5999.95 4.0267
6000.00 4.0278
6000.05 4.0289
6000.10 4.0300
6000.15 4.0311
6000.20 4.0322
6000.25 4.0333
6000.30 4.0345
6000.35 4.0356
6000.40 4.0367
6000.45 4.0378
6000.50 4.0389
6000.55 4.0401
6000.60 4.0412
6000.65 4.0423
6000.70 4.0434
6000.75 4.0446
6000.80 4.0457
6000.85 4.0468
6000.90 4.0480
6000.95 4.0491
6001.00 4.0502
6001.05 4.0514
6001.10 4.0525
6001.15 4.0536
6001.20 4.0548
6001.25 4.0559
6001.30 4.0570
6001.35 4.0582
6001.40 4.0593
6001.45 4.0605
6001.50 4.0616
6001.55 4.0627
6001.60 4.0639
6001.65 4.0650
6001.70 4.0662
6001.75 4.0673
6001.80 4.0684
6001.85 4.0696
6001.90 4.0707
6001.95 4.0719
6002.00 4.0730
6002.05 4.0741
6002.10 4.0753
6002.15 4.0764
6002.20 4.0776
6002.25 4.0787
6002.30 4.0799
6002.35 4.0810
6002.40 4.0821
6002.45 4.0833
6002.50 4.0844
6002.55 4.0856
6002.60 4.0867
6002.65 4.0878
6002.70 4.0890
6002.75 4.0901
6002.80 4.0912
6002.85 4.0924
6002.90 4.0935
6002.95 4.0946
6003.00 4.0958
6003.05 4.0969
6003.10 4.0980
6003.15 4.0992
6003.20 4.1003
6003.25 4.1014
6003.30 4.1025
6003.35 4.1037
6003.40 4.1048
6003.45 4.1059
6003.50 4.1070
6003.55 4.1081
6003.60 4.1093
6003.65 4.1104
6003.70 4.1115
6003.75 4.1126
6003.80 4.1137
6003.85 4.1148
6003.90 4.1159
6003.95 4.1170
6004.00 4.1181
6004.05 4.1192
6004.10 4.1203
6004.15 4.1214
6004.20 4.1225
6004.25 4.1236
6004.30 4.1247
6004.35 4.1258
6004.40 4.1269
6004.45 4.1280
6004.50 4.1290
6004.55 4.1301
6004.60 4.1312
6004.65 4.1323
6004.70 4.1333
6004.75 4.1344
6004.80 4.1355
6004.85 4.1365
6004.90 4.1376
6004.95 4.1387
6005.00 4.1397
6005.05 4.1408
6005.10 4.1418
6005.15 4.1429
6005.20 4.1439
6005.25 4.1449
6005.30 4.1460
6005.35 4.1470
6005.40 4.1480
6005.45 4.1491
6005.50 4.1501
6005.55 4.1511
6005.60 4.1521
6005.65 4.1532
6005.70 4.1542
6005.75 4.1552
6005.80 4.1562
6005.85 4.1572
6005.90 4.1582
6005.95 4.1592
6006.00 4.1602
6006.05 4.1612
6006.10 4.1622
6006.15 4.1631
6006.20 4.1641
6006.25 4.1651
6006.30 4.1661
6006.35 4.1670
6006.40 4.1680
6006.45 4.1690
6006.50 4.1699
6006.55 4.1709
6006.60 4.1718
6006.65 4.1728
6006.70 4.1737
6006.75 4.1746
6006.80 4.1756
6006.85 4.1765
6006.90 4.1774
6006.95 4.1783
6007.00 4.1793
6007.05 4.1802
6007.10 4.1811
6007.15 4.1820
6007.20 4.1829
6007.25 4.1838
6007.30 4.1847
6007.35 4.1856
6007.40 4.1864
6007.45 4.1873
6007.50 4.1882
6007.55 4.1891
6007.60 4.1899
6007.65 4.1908
6007.70 4.1917
6007.75 4.1925
6007.80 4.1934
6007.85 4.1942
6007.90 4.1950
6007.95 4.1959
6008.00 4.1967
6008.05 4.1975
6008.10 4.1984
6008.15 4.1992
6008.20 4.2000
6008.25 4.2008
6008.30 4.2016
6008.35 4.2024
6008.40 4.2032
6008.45 4.2040
6008.50 4.2048
6008.55 4.2056
6008.60 4.2064
6008.65 4.2071
6008.70 4.2079
6008.75 4.2087
6008.80 4.2094
6008.85 4.2102
6008.90 4.2109
6008.95 4.2117
6009.00 4.2124
6009.05 4.2132
6009.10 4.2139
6009.15 4.2146
6009.20 4.2154
6009.25 4.2161
6009.30 4.2168
6009.35 4.2175
6009.40 4.2182
6009.45 4.2189
6009.50 4.2196
6009.55 4.2203
6009.60 4.2210
6009.65 4.2217
6009.70 4.2224
6009.75 4.2231
6009.80 4.2237
6009.85 4.2244
6009.90 4.2251
6009.95 4.2258
6010.00 4.2264
6010.05 4.2271
6010.10 4.2277
6010.15 4.2284
6010.20 4.2290
6010.25 4.2296
6010.30 4.2303
6010.35 4.2309
6010.40 4.2315
6010.45 4.2321
6010.50 4.2328
6010.55 4.2334
6010.60 4.2340
6010.65 4.2346
6010.70 4.2352
6010.75 4.2358
6010.80 4.2364
6010.85 4.2370
6010.90 4.2376
6010.95 4.2381
6011.00 4.2387
6011.05 4.2393
6011.10 4.2399
6011.15 4.2404
6011.20 4.2410
6011.25 4.2416
6011.30 4.2421
6011.35 4.2427
6011.40 4.2432
6011.45 4.2438
6011.50 4.2443
6011.55 4.2448
6011.60 4.2454
6011.65 4.2459
6011.70 4.2464
6011.75 4.2470
6011.80 4.2475
6011.85 4.2480
6011.90 4.2485
6011.95 4.2490
6012.00 4.2495
6012.05 4.2500
6012.10 4.2505
6012.15 4.2510
6012.20 4.2515
6012.25 4.2520
6012.30 4.2525
6012.35 4.2530
6012.40 4.2535
6012.45 4.2539
6012.50 4.2544
6012.55 4.2549
6012.60 4.2554
6012.65 4.2558
6012.70 4.2563
6012.75 4.2568
6012.80 4.2572
6012.85 4.2577
6012.90 4.2581
6012.95 4.2586
6013.00 4.2590
6013.05 4.2595
6013.10 4.2599
6013.15 4.2603
6013.20 4.2608
6013.25 4.2612
6013.30 4.2616
6013.35 4.2621
6013.40 4.2625
6013.45 4.2629
6013.50 4.2633
6013.55 4.2638
6013.60 4.2642
6013.65 4.2646
6013.70 4.2650
6013.75 4.2654
6013.80 4.2658
6013.85 4.2662
6013.90 4.2666
6013.95 4.2670
6014.00 4.2674
6014.05 4.2678
6014.10 4.2682
6014.15 4.2686
6014.20 4.2690
6014.25 4.2694
6014.30 4.2697
6014.35 4.2701
6014.40 4.2705
6014.45 4.2709
6014.50 4.2713
6014.55 4.2716
6014.60 4.2720
6014.65 4.2724
6014.70 4.2727
6014.75 4.2731
6014.80 4.2735
6014.85 4.2738
6014.90 4.2742
6014.95 4.2745
6015.00 4.2749
6015.05 4.2753
6015.10 4.2756
6015.15 4.2760
6015.20 4.2763
6015.25 4.2766
6015.30 4.2770
6015.35 4.2773
6015.40 4.2777
6015.45 4.2780
6015.50 4.2784
6015.55 4.2787
6015.60 4.2790
6015.65 4.2794
6015.70 4.2797
6015.75 4.2800
6015.80 4.2803
6015.85 4.2807
6015.90 4.2810
6015.95 4.2813
6016.00 4.2816
6016.05 4.2820
6016.10 4.2823
6016.15 4.2826
6016.20 4.2829
6016.25 4.2832
6016.30 4.2835
6016.35 4.2838
6016.40 4.2841
6016.45 4.2845
6016.50 4.2848
6016.55 4.2851
6016.60 4.2854
6016.65 4.2857
6016.70 4.2860
6016.75 4.2863
6016.80 4.2866
6016.85 4.2869
6016.90 4.2871
6016.95 4.2874
6017.00 4.2877
6017.05 4.2880
6017.10 4.2883
6017.15 4.2886
6017.20 4.2889
6017.25 4.2892
6017.30 4.2894
6017.35 4.2897
6017.40 4.2900
6017.45 4.2903
6017.50 4.2906
6017.55 4.2908
6017.60 4.2911
6017.65 4.2914
6017.70 4.2917
6017.75 4.2919
6017.80 4.2922
6017.85 4.2925
6017.90 4.2927
6017.95 4.2930
6018.00 4.2933
6018.05 4.2935
6018.10 4.2938
6018.15 4.2941
6018.20 4.2943
6018.25 4.2946
6018.30 4.2948
6018.35 4.2951
6018.40 4.2953
6018.45 4.2956
6018.50 4.2958
6018.55 4.2961
6018.60 4.2963
6018.65 4.2966
6018.70 4.2968
6018.75 4.2971
6018.80 4.2973
6018.85 4.2976
6018.90 4.2978
6018.95 4.2980
6019.00 4.2983
6019.05 4.2985
6019.10 4.2988
6019.15 4.2990
6019.20 4.2992
6019.25 4.2995
6019.30 4.2997
6019.35 4.2999
6019.40 4.3002
6019.45 4.3004
6019.50 4.3006
6019.55 4.3008
6019.60 4.3011
6019.65 4.3013
6019.70 4.3015
6019.75 4.3017
6019.80 4.3019
6019.85 4.3022
6019.90 4.3024
6019.95 4.3026
6020.00 4.3028
6020.05 4.3030
6020.10 4.3032
6020.15 4.3034
6020.20 4.3037
6020.25 4.3039
6020.30 4.3041
6020.35 4.3043
6020.40 4.3045
6020.45 4.3047
6020.50 4.3049
6020.55 4.3051
6020.60 4.3053
6020.65 4.3055
6020.70 4.3057
6020.75 4.3059
6020.80 4.3061
6020.85 4.3063
6020.90 4.3065
6020.95 4.3067
6021.00 4.3068
6021.05 4.3070
6021.10 4.3072
6021.15 4.3074
6021.20 4.3076
6021.25 4.3078
6021.30 4.3080
6021.35 4.3081
6021.40 4.3083
6021.45 4.3085
6021.50 4.3087
6021.55 4.3089
6021.60 4.3090
6021.65 4.3092
6021.70 4.3094
6021.75 4.3096
6021.80 4.3097
6021.85 4.3099
6021.90 4.3101
6021.95 4.3102
6022.00 4.3104
6022.05 4.3106
6022.10 4.3107
6022.15 4.3109
6022.20 4.3111
6022.25 4.3112
6022.30 4.3114
6022.35 4.3115
6022.40 4.3117
6022.45 4.3119
6022.50 4.3120
6022.55 4.3122
6022.60 4.3123
6022.65 4.3125
6022.70 4.3126
6022.75 4.3128
6022.80 4.3129
6022.85 4.3131
6022.90 4.3132
6022.95 4.3134
6023.00 4.3135
6023.05 4.3137
6023.10 4.3138
6023.15 4.3139
6023.20 4.3141
6023.25 4.3142
6023.30 4.3144
6023.35 4.3145
6023.40 4.3146
6023.45 4.3148
6023.50 4.3149
6023.55 4.3150
6023.60 4.3152
6023.65 4.3153
6023.70 4.3154
6023.75 4.3156
6023.80 4.3157
6023.85 4.3158
6023.90 4.3159
6023.95 4.3161
6024.00 4.3162
6024.05 4.3163
6024.10 4.3164
6024.15 4.3165
6024.20 4.3167
6024.25 4.3168
6024.30 4.3169
6024.35 4.3170
6024.40 4.3171
6024.45 4.3173
6024.50 4.3174
6024.55 4.3175
6024.60 4.3176
6024.65 4.3177
6024.70 4.3178
6024.75 4.3179
6024.80 4.3180
6024.85 4.3181
6024.90 4.3183
6024.95 4.3184
6025.00 4.3185
6025.05 4.3186
6025.10 4.3187
6025.15 4.3188
6025.20 4.3189
6025.25 4.3190
6025.30 4.3191
6025.35 4.3192
6025.40 4.3193
6025.45 4.3194
6025.50 4.3195
6025.55 4.3196
6025.60 4.3197
6025.65 4.3198
6025.70 4.3198
6025.75 4.3199
6025.80 4.3200
6025.85 4.3201
6025.90 4.3202
6025.95 4.3203
6026.00 4.3204
6026.05 4.3205
6026.10 4.3206
6026.15 4.3207
6026.20 4.3207
6026.25 4.3208
6026.30 4.3209
6026.35 4.3210
6026.40 4.3211
6026.45 4.3212
6026.50 4.3213
6026.55 4.3213
6026.60 4.3214
6026.65 4.3215
6026.70 4.3216
6026.75 4.3217
6026.80 4.3217
6026.85 4.3218
6026.90 4.3219
6026.95 4.3220
6027.00 4.3221
6027.05 4.3221
6027.10 4.3222
6027.15 4.3223
6027.20 4.3224
6027.25 4.3224
6027.30 4.3225
6027.35 4.3226
6027.40 4.3227
6027.45 4.3227
6027.50 4.3228
6027.55 4.3229
6027.60 4.3230
6027.65 4.3230
6027.70 4.3231
6027.75 4.3232
6027.80 4.3233
6027.85 4.3233
6027.90 4.3234
6027.95 4.3235
6028.00 4.3235
6028.05 4.3236
6028.10 4.3237
6028.15 4.3238
6028.20 4.3238
6028.25 4.3239
6028.30 4.3240
6028.35 4.3240
6028.40 4.3241
6028.45 4.3242
6028.50 4.3243
6028.55 4.3243
6028.60 4.3244
6028.65 4.3245
6028.70 4.3245
6028.75 4.3246
6028.80 4.3247
6028.85 4.3248
6028.90 4.3248
6028.95 4.3249
6029.00 4.3250
6029.05 4.3250
6029.10 4.3251
6029.15 4.3252
6029.20 4.3252
6029.25 4.3253
6029.30 4.3254
6029.35 4.3255
6029.40 4.3255
6029.45 4.3256
6029.50 4.3257
6029.55 4.3257
6029.60 4.3258
6029.65 4.3259
6029.70 4.3260
6029.75 4.3260
6029.80 4.3261
6029.85 4.3262
6029.90 4.3263
6029.95 4.3263
6030.00 4.3264
6030.05 4.3265
6030.10 4.3266
6030.15 4.3266
6030.20 4.3267
6030.25 4.3268
6030.30 4.3269
6030.35 4.3269
6030.40 4.3270
6030.45 4.3271
6030.50 4.3272
6030.55 4.3273
6030.60 4.3273
6030.65 4.3274
6030.70 4.3275
6030.75 4.3276
6030.80 4.3277
6030.85 4.3277
6030.90 4.3278
6030.95 4.3279
6031.00 4.3280
6031.05 4.3281
6031.10 4.3282
6031.15 4.3282
6031.20 4.3283
6031.25 4.3284
6031.30 4.3285
6031.35 4.3286
6031.40 4.3287
6031.45 4.3288
6031.50 4.3289
6031.55 4.3289
6031.60 4.3290
6031.65 4.3291
6031.70 4.3292
6031.75 4.3293
6031.80 4.3294
6031.85 4.3295
6031.90 4.3296
6031.95 4.3297
6032.00 4.3298
6032.05 4.3299
6032.10 4.3300
6032.15 4.3301
6032.20 4.3302
6032.25 4.3302
6032.30 4.3303
6032.35 4.3304
6032.40 4.3305
6032.45 4.3306
6032.50 4.3307
6032.55 4.3308
6032.60 4.3309
6032.65 4.3310
6032.70 4.3311
6032.75 4.3312
6032.80 4.3313
6032.85 4.3314
6032.90 4.3315
6032.95 4.3317
6033.00 4.3318
6033.05 4.3319
6033.10 4.3320
6033.15 4.3321
6033.20 4.3322
6033.25 4.3323
6033.30 4.3324
6033.35 4.3325
6033.40 4.3326
6033.45 4.3327
6033.50 4.3328
6033.55 4.3329
6033.60 4.3330
6033.65 4.3331
6033.70 4.3332
6033.75 4.3334
6033.80 4.3335
6033.85 4.3336
6033.90 4.3337
6033.95 4.3338
6034.00 4.3339
6034.05 4.3340
6034.10 4.3341
6034.15 4.3342
6034.20 4.3343
6034.25 4.3345
6034.30 4.3346
6034.35 4.3347
6034.40 4.3348
6034.45 4.3349
6034.50 4.3350
6034.55 4.3351
6034.60 4.3352
6034.65 4.3353
6034.70 4.3354
6034.75 4.3356
6034.80 4.3357
6034.85 4.3358
6034.90 4.3359
6034.95 4.3360
6035.00 4.3361
6035.05 4.3362
6035.10 4.3363
6035.15 4.3364
6035.20 4.3365
6035.25 4.3366
6035.30 4.3368
6035.35 4.3369
6035.40 4.3370
6035.45 4.3371
6035.50 4.3372
6035.55 4.3373
6035.60 4.3374
6035.65 4.3375
6035.70 4.3376
6035.75 4.3377
6035.80 4.3378
6035.85 4.3379
6035.90 4.3380
6035.95 4.3381
6036.00 4.3382
6036.05 4.3383
6036.10 4.3384
6036.15 4.3385
6036.20 4.3386
6036.25 4.3387
6036.30 4.3388
6036.35 4.3389
6036.40 4.3390
6036.45 4.3391
6036.50 4.3392
6036.55 4.3393
6036.60 4.3394
6036.65 4.3394
6036.70 4.3395
6036.75 4.3396
6036.80 4.3397
6036.85 4.3398
6036.90 4.3399
6036.95 4.3400
6037.00 4.3401
6037.05 4.3401
6037.10 4.3402
6037.15 4.3403
6037.20 4.3404
6037.25 4.3405
6037.30 4.3405
6037.35 4.3406
6037.40 4.3407
6037.45 4.3408
6037.50 4.3408
6037.55 4.3409
6037.60 4.3410
6037.65 4.3410
6037.70 4.3411
6037.75 4.3412
6037.80 4.3412
6037.85 4.3413
6037.90 4.3414
6037.95 4.3414
6038.00 4.3415
6038.05 4.3415
6038.10 4.3416
6038.15 4.3416
6038.20 4.3417
6038.25 4.3417
6038.30 4.3418
6038.35 4.3418
6038.40 4.3419
6038.45 4.3419
6038.50 4.3420
6038.55 4.3420
6038.60 4.3421
6038.65 4.3421
6038.70 4.3421
6038.75 4.3422
6038.80 4.3422
6038.85 4.3423
6038.90 4.3423
6038.95 4.3423
6039.00 4.3423
6039.05 4.3424
6039.10 4.3424
6039.15 4.3424
6039.20 4.3425
6039.25 4.3425
6039.30 4.3425
6039.35 4.3425
6039.40 4.3425
6039.45 4.3425
6039.50 4.3426
6039.55 4.3426
6039.60 4.3426
6039.65 4.3426
6039.70 4.3426
6039.75 4.3426
6039.80 4.3426
6039.85 4.3426
6039.90 4.3426
6039.95 4.3426
6040.00 4.3426
6040.05 4.3426
6040.10 4.3426
6040.15 4.3426
6040.20 4.3426
6040.25 4.3426
6040.30 4.3426
6040.35 4.3426
6040.40 4.3426
6040.45 4.3426
6040.50 4.3425
6040.55 4.3425
6040.60 4.3425
6040.65 4.3425
6040.70 4.3425
6040.75 4.3424
6040.80 4.3424
6040.85 4.3424
6040.90 4.3424
6040.95 4.3423
6041.00 4.3423
6041.05 4.3423
6041.10 4.3423
6041.15 4.3422
6041.20 4.3422
6041.25 4.3422
6041.30 4.3421
6041.35 4.3421
6041.40 4.3420
6041.45 4.3420
6041.50 4.3420
6041.55 4.3419
6041.60 4.3419
6041.65 4.3418
6041.70 4.3418
6041.75 4.3418
6041.80 4.3417
6041.85 4.3417
6041.90 4.3416
6041.95 4.3416
6042.00 4.3415
6042.05 4.3415
6042.10 4.3414
6042.15 4.3414
6042.20 4.3413
6042.25 4.3412
6042.30 4.3412
6042.35 4.3411
6042.40 4.3411
6042.45 4.3410
6042.50 4.3410
6042.55 4.3409
6042.60 4.3408
6042.65 4.3408
6042.70 4.3407
6042.75 4.3407
6042.80 4.3406
6042.85 4.3405
6042.90 4.3405
6042.95 4.3404
6043.00 4.3403
6043.05 4.3403
6043.10 4.3402
6043.15 4.3401
6043.20 4.3401
6043.25 4.3400
6043.30 4.3399
6043.35 4.3399
6043.40 4.3398
6043.45 4.3397
6043.50 4.3397
6043.55 4.3396
6043.60 4.3395
6043.65 4.3394
6043.70 4.3394
6043.75 4.3393
6043.80 4.3392
6043.85 4.3392
6043.90 4.3391
6043.95 4.3390
6044.00 4.3389
6044.05 4.3389
6044.10 4.3388
6044.15 4.3387
6044.20 4.3387
6044.25 4.3386
6044.30 4.3385
6044.35 4.3384
6044.40 4.3384
6044.45 4.3383
6044.50 4.3382
6044.55 4.3382
6044.60 4.3381
6044.65 4.3380
6044.70 4.3379
6044.75 4.3379
6044.80 4.3378
6044.85 4.3377
6044.90 4.3376
6044.95 4.3376
6045.00 4.3375
6045.05 4.3374
6045.10 4.3374
6045.15 4.3373
6045.20 4.3372
6045.25 4.3372
6045.30 4.3371
6045.35 4.3370
6045.40 4.3369
6045.45 4.3369
6045.50 4.3368
6045.55 4.3367
6045.60 4.3367
6045.65 4.3366
6045.70 4.3365
6045.75 4.3365
6045.80 4.3364
6045.85 4.3363
6045.90 4.3363
6045.95 4.3362
6046.00 4.3361
6046.05 4.3361
6046.10 4.3360
6046.15 4.3360
6046.20 4.3359
6046.25 4.3358
6046.30 4.3358
6046.35 4.3357
6046.40 4.3356
6046.45 4.3356
6046.50 4.3355
6046.55 4.3355
6046.60 4.3354
6046.65 4.3353
6046.70 4.3353
6046.75 4.3352
6046.80 4.3352
6046.85 4.3351
6046.90 4.3351
6046.95 4.3350
6047.00 4.3349
6047.05 4.3349
6047.10 4.3348
6047.15 4.3348
6047.20 4.3347
6047.25 4.3347
6047.30 4.3346
6047.35 4.3346
6047.40 4.3345
6047.45 4.3345
6047.50 4.3344
6047.55 4.3344
6047.60 4.3343
6047.65 4.3343
6047.70 4.3342
6047.75 4.3342
6047.80 4.3341
6047.85 4.3341
6047.90 4.3340
6047.95 4.3340
6048.00 4.3339
6048.05 4.3339
6048.10 4.3338
6048.15 4.3338
6048.20 4.3337
6048.25 4.3337
6048.30 4.3336
6048.35 4.3336
6048.40 4.3336
6048.45 4.3335
6048.50 4.3335
6048.55 4.3334
6048.60 4.3334
6048.65 4.3333
6048.70 4.3333
6048.75 4.3333
6048.80 4.3332
6048.85 4.3332
6048.90 4.3331
6048.95 4.3331
6049.00 4.3330
6049.05 4.3330
6049.10 4.3330
6049.15 4.3329
6049.20 4.3329
6049.25 4.3328
6049.30 4.3328
6049.35 4.3328
6049.40 4.3327
6049.45 4.3327
6049.50 4.3327
6049.55 4.3326
6049.60 4.3326
6049.65 4.3325
6049.70 4.3325
6049.75 4.3325
6049.80 4.3324
6049.85 4.3324
6049.90 4.3323
6049.95 4.3323
6050.00 4.3323
6050.05 4.3322
6050.10 4.3322
6050.15 4.3321
6050.20 4.3321
6050.25 4.3321
6050.30 4.3320
6050.35 4.3320
6050.40 4.3320
6050.45 4.3319
6050.50 4.3319
6050.55 4.3318
6050.60 4.3318
6050.65 4.3318
6050.70 4.3317
6050.75 4.3317
6050.80 4.3316
6050.85 4.3316
6050.90 4.3316
6050.95 4.3315
6051.00 4.3315
6051.05 4.3314
6051.10 4.3314
6051.15 4.3313
6051.20 4.3313
6051.25 4.3313
6051.30 4.3312
6051.35 4.3312
6051.40 4.3311
6051.45 4.3311
6051.50 4.3310
6051.55 4.3310
6051.60 4.3310
6051.65 4.3309
6051.70 4.3309
6051.75 4.3308
6051.80 4.3308
6051.85 4.3307
6051.90 4.3307
6051.95 4.3306
6052.00 4.3306
6052.05 4.3305
6052.10 4.3305
6052.15 4.3304
6052.20 4.3304
6052.25 4.3303
6052.30 4.3303
6052.35 4.3302
6052.40 4.3302
6052.45 4.3301
6052.50 4.3301
6052.55 4.3300
6052.60 4.3300
6052.65 4.3299
6052.70 4.3298
6052.75 4.3298
6052.80 4.3297
6052.85 4.3297
6052.90 4.3296
6052.95 4.3296
6053.00 4.3295
6053.05 4.3294
6053.10 4.3294
6053.15 4.3293
6053.20 4.3292
6053.25 4.3292
6053.30 4.3291
6053.35 4.3291
6053.40 4.3290
6053.45 4.3289
6053.50 4.3289
6053.55 4.3288
6053.60 4.3287
6053.65 4.3287
6053.70 4.3286
6053.75 4.3285
6053.80 4.3284
6053.85 4.3284
6053.90 4.3283
6053.95 4.3282
6054.00 4.3282
6054.05 4.3281
6054.10 4.3280
6054.15 4.3279
6054.20 4.3278
6054.25 4.3278
6054.30 4.3277
6054.35 4.3276
6054.40 4.3275
6054.45 4.3275
6054.50 4.3274
6054.55 4.3273
6054.60 4.3272
6054.65 4.3271
6054.70 4.3270
6054.75 4.3270
6054.80 4.3269
6054.85 4.3268
6054.90 4.3267
6054.95 4.3266
6055.00 4.3265
6055.05 4.3264
6055.10 4.3264
6055.15 4.3263
6055.20 4.3262
6055.25 4.3261
6055.30 4.3260
6055.35 4.3259
6055.40 4.3258
6055.45 4.3257
6055.50 4.3256
6055.55 4.3255
6055.60 4.3254
6055.65 4.3253
6055.70 4.3252
6055.75 4.3251
6055.80 4.3250
6055.85 4.3249
6055.90 4.3248
6055.95 4.3247
6056.00 4.3246
6056.05 4.3245
6056.10 4.3244
6056.15 4.3243
6056.20 4.3242
6056.25 4.3241
6056.30 4.3240
6056.35 4.3239
6056.40 4.3238
6056.45 4.3237
6056.50 4.3236
6056.55 4.3235
6056.60 4.3234
6056.65 4.3233
6056.70 4.3231
6056.75 4.3230
6056.80 4.3229
6056.85 4.3228
6056.90 4.3227
6056.95 4.3226
6057.00 4.3225
6057.05 4.3224
6057.10 4.3222
6057.15 4.3221
6057.20 4.3220
6057.25 4.3219
6057.30 4.3218
6057.35 4.3217
6057.40 4.3216
6057.45 4.3214
6057.50 4.3213
6057.55 4.3212
6057.60 4.3211
6057.65 4.3210
6057.70 4.3208
6057.75 4.3207
6057.80 4.3206
6057.85 4.3205
6057.90 4.3204
6057.95 4.3203
6058.00 4.3201
6058.05 4.3200
6058.10 4.3199
6058.15 4.3198
6058.20 4.3196
6058.25 4.3195
6058.30 4.3194
6058.35 4.3193
6058.40 4.3192
6058.45 4.3190
6058.50 4.3189
6058.55 4.3188
6058.60 4.3187
6058.65 4.3185
6058.70 4.3184
6058.75 4.3183
6058.80 4.3182
6058.85 4.3180
6058.90 4.3179
6058.95 4.3178
6059.00 4.3177
6059.05 4.3176
6059.10 4.3174
6059.15 4.3173
6059.20 4.3172
6059.25 4.3171
6059.30 4.3169
6059.35 4.3168
6059.40 4.3167
6059.45 4.3166
6059.50 4.3164
6059.55 4.3163
6059.60 4.3162
6059.65 4.3161
6059.70 4.3159
6059.75 4.3158
6059.80 4.3157
6059.85 4.3156
6059.90 4.3154
6059.95 4.3153
6060.00 4.3152
6060.05 4.3151
6060.10 4.3150
6060.15 4.3148
6060.20 4.3147
6060.25 4.3146
6060.30 4.3145
6060.35 4.3143
6060.40 4.3142
6060.45 4.3141
6060.50 4.3140
6060.55 4.3139
6060.60 4.3137
6060.65 4.3136
6060.70 4.3135
6060.75 4.3134
6060.80 4.3133
6060.85 4.3131
6060.90 4.3130
6060.95 4.3129
6061.00 4.3128
6061.05 4.3127
6061.10 4.3126
6061.15 4.3124
6061.20 4.3123
6061.25 4.3122
6061.30 4.3121
6061.35 4.3120
6061.40 4.3119
6061.45 4.3118
6061.50 4.3116
6061.55 4.3115
6061.60 4.3114
6061.65 4.3113
6061.70 4.3112
6061.75 4.3111
6061.80 4.3110
6061.85 4.3109
6061.90 4.3108
6061.95 4.3107
6062.00 4.3106
6062.05 4.3104
6062.10 4.3103
6062.15 4.3102
6062.20 4.3101
6062.25 4.3100
6062.30 4.3099
6062.35 4.3098
6062.40 4.3097
6062.45 4.3096
6062.50 4.3095
6062.55 4.3094
6062.60 4.3093
6062.65 4.3092
6062.70 4.3091
6062.75 4.3090
6062.80 4.3089
6062.85 4.3089
6062.90 4.3088
6062.95 4.3087
6063.00 4.3086
6063.05 4.3085
6063.10 4.3084
6063.15 4.3083
6063.20 4.3082
6063.25 4.3081
6063.30 4.3080
6063.35 4.3080
6063.40 4.3079
6063.45 4.3078
6063.50 4.3077
6063.55 4.3076
6063.60 4.3075
6063.65 4.3075
6063.70 4.3074
6063.75 4.3073
6063.80 4.3072
6063.85 4.3071
6063.90 4.3071
6063.95 4.3070
6064.00 4.3069
6064.05 4.3068
6064.10 4.3068
6064.15 4.3067
6064.20 4.3066
6064.25 4.3066
6064.30 4.3065
6064.35 4.3064
6064.40 4.3064
6064.45 4.3063
6064.50 4.3062
6064.55 4.3062
6064.60 4.3061
6064.65 4.3060
6064.70 4.3060
6064.75 4.3059
6064.80 4.3059
6064.85 4.3058
6064.90 4.3057
6064.95 4.3057
6065.00 4.3056
6065.05 4.3056
6065.10 4.3055
6065.15 4.3055
6065.20 4.3054
6065.25 4.3054
6065.30 4.3053
6065.35 4.3053
6065.40 4.3052
6065.45 4.3052
6065.50 4.3051
6065.55 4.3051
6065.60 4.3050
6065.65 4.3050
6065.70 4.3049
6065.75 4.3049
6065.80 4.3049
6065.85 4.3048
6065.90 4.3048
6065.95 4.3047
6066.00 4.3047
6066.05 4.3047
6066.10 4.3046
6066.15 4.3046
6066.20 4.3046
6066.25 4.3045
6066.30 4.3045
6066.35 4.3045
6066.40 4.3044
6066.45 4.3044
6066.50 4.3044
6066.55 4.3043
6066.60 4.3043
6066.65 4.3043
6066.70 4.3043
6066.75 4.3042
6066.80 4.3042
6066.85 4.3042
6066.90 4.3042
6066.95 4.3041
6067.00 4.3041
6067.05 4.3041
6067.10 4.3041
6067.15 4.3040
6067.20 4.3040
6067.25 4.3040
6067.30 4.3040
6067.35 4.3040
6067.40 4.3039
6067.45 4.3039
6067.50 4.3039
6067.55 4.3039
6067.60 4.3039
6067.65 4.3039
6067.70 4.3038
6067.75 4.3038
6067.80 4.3038
6067.85 4.3038
6067.90 4.3038
6067.95 4.3038
6068.00 4.3038
6068.05 4.3037
6068.10 4.3037
6068.15 4.3037
6068.20 4.3037
6068.25 4.3037
6068.30 4.3037
6068.35 4.3037
6068.40 4.3037
6068.45 4.3036
6068.50 4.3036
6068.55 4.3036
6068.60 4.3036
6068.65 4.3036
6068.70 4.3036
6068.75 4.3036
6068.80 4.3036
6068.85 4.3036
6068.90 4.3036
6068.95 4.3035
6069.00 4.3035
6069.05 4.3035
6069.10 4.3035
6069.15 4.3035
6069.20 4.3035
6069.25 4.3035
6069.30 4.3035
6069.35 4.3035
6069.40 4.3035
6069.45 4.3035
6069.50 4.3034
6069.55 4.3034
6069.60 4.3034
6069.65 4.3034
6069.70 4.3034
6069.75 4.3034
6069.80 4.3034
6069.85 4.3034
6069.90 4.3034
6069.95 4.3034
6070.00 4.3034
6070.05 4.3033
6070.10 4.3033
6070.15 4.3033
6070.20 4.3033
6070.25 4.3033
6070.30 4.3033
6070.35 4.3033
6070.40 4.3033
6070.45 4.3032
6070.50 4.3032
6070.55 4.3032
6070.60 4.3032
6070.65 4.3032
6070.70 4.3032
6070.75 4.3032
6070.80 4.3031
6070.85 4.3031
6070.90 4.3031
6070.95 4.3031
6071.00 4.3031
6071.05 4.3031
6071.10 4.3030
6071.15 4.3030
6071.20 4.3030
6071.25 4.3030
6071.30 4.3030
6071.35 4.3030
6071.40 4.3029
6071.45 4.3029
6071.50 4.3029
6071.55 4.3029
6071.60 4.3028
6071.65 4.3028
6071.70 4.3028
6071.75 4.3028
6071.80 4.3028
6071.85 4.3027
6071.90 4.3027
6071.95 4.3027
6072.00 4.3026
6072.05 4.3026
6072.10 4.3026
6072.15 4.3026
6072.20 4.3025
6072.25 4.3025
6072.30 4.3025
6072.35 4.3024
6072.40 4.3024
6072.45 4.3024
6072.50 4.3024
6072.55 4.3023
6072.60 4.3023
6072.65 4.3022
6072.70 4.3022
6072.75 4.3022
6072.80 4.3021
6072.85 4.3021
6072.90 4.3021
6072.95 4.3020
6073.00 4.3020
6073.05 4.3020
6073.10 4.3019
6073.15 4.3019
6073.20 4.3018
6073.25 4.3018
6073.30 4.3018
6073.35 4.3017
6073.40 4.3017
6073.45 4.3016
6073.50 4.3016
6073.55 4.3015
6073.60 4.3015
6073.65 4.3014
6073.70 4.3014
6073.75 4.3013
6073.80 4.3013
6073.85 4.3013
6073.90 4.3012
6073.95 4.3012
6074.00 4.3011
6074.05 4.3011
6074.10 4.3010
6074.15 4.3009
6074.20 4.3009
6074.25 4.3008
6074.30 4.3008
6074.35 4.3007
6074.40 4.3007
6074.45 4.3006
6074.50 4.3006
6074.55 4.3005
6074.60 4.3005
6074.65 4.3004
6074.70 4.3003
6074.75 4.3003
6074.80 4.3002
6074.85 4.3002
6074.90 4.3001
6074.95 4.3001
6075.00 4.3000
6075.05 4.2999
6075.10 4.2999
6075.15 4.2998
6075.20 4.2997
6075.25 4.2997
6075.30 4.2996
6075.35 4.2996
6075.40 4.2995
6075.45 4.2994
6075.50 4.2994
6075.55 4.2993
6075.60 4.2992
6075.65 4.2992
6075.70 4.2991
6075.75 4.2990
6075.80 4.2990
6075.85 4.2989
6075.90 4.2988
6075.95 4.2988
6076.00 4.2987
6076.05 4.2986
6076.10 4.2986
6076.15 4.2985
6076.20 4.2984
6076.25 4.2984
6076.30 4.2983
6076.35 4.2982
6076.40 4.2982
6076.45 4.2981
6076.50 4.2980
6076.55 4.2980
6076.60 4.2979
6076.65 4.2978
6076.70 4.2977
6076.75 4.2977
6076.80 4.2976
6076.85 4.2975
6076.90 4.2975
6076.95 4.2974
6077.00 4.2973
6077.05 4.2972
6077.10 4.2972
6077.15 4.2971
6077.20 4.2970
6077.25 4.2970
6077.30 4.2969
6077.35 4.2968
6077.40 4.2967
6077.45 4.2967
6077.50 4.2966
6077.55 4.2965
6077.60 4.2965
6077.65 4.2964
6077.70 4.2963
6077.75 4.2963
6077.80 4.2962
6077.85 4.2961
6077.90 4.2960
6077.95 4.2960
6078.00 4.2959
6078.05 4.2958
6078.10 4.2958
6078.15 4.2957
6078.20 4.2956
6078.25 4.2956
6078.30 4.2955
6078.35 4.2954
6078.40 4.2953
6078.45 4.2953
6078.50 4.2952
6078.55 4.2951
6078.60 4.2951
6078.65 4.2950
6078.70 4.2949
6078.75 4.2949
6078.80 4.2948
6078.85 4.2947
6078.90 4.2947
6078.95 4.2946
6079.00 4.2945
6079.05 4.2945
6079.10 4.2944
6079.15 4.2943
6079.20 4.2943
6079.25 4.2942
6079.30 4.2942
6079.35 4.2941
6079.40 4.2940
6079.45 4.2940
6079.50 4.2939
6079.55 4.2939
6079.60 4.2938
6079.65 4.2937
6079.70 4.2937
6079.75 4.2936
6079.80 4.2936
6079.85 4.2935
6079.90 4.2934
6079.95 4.2934
6080.00 4.2933
6080.05 4.2933
6080.10 4.2932
6080.15 4.2932
6080.20 4.2931
6080.25 4.2931
6080.30 4.2930
6080.35 4.2930
6080.40 4.2929
6080.45 4.2929
6080.50 4.2928
6080.55 4.2928
6080.60 4.2927
6080.65 4.2927
6080.70 4.2926
6080.75 4.2926
6080.80 4.2925
6080.85 4.2925
6080.90 4.2925
6080.95 4.2924
6081.00 4.2924
6081.05 4.2923
6081.10 4.2923
6081.15 4.2923
6081.20 4.2922
6081.25 4.2922
6081.30 4.2922
6081.35 4.2921
6081.40 4.2921
6081.45 4.2921
6081.50 4.2920
6081.55 4.2920
6081.60 4.2920
6081.65 4.2919
6081.70 4.2919
6081.75 4.2919
6081.80 4.2918
6081.85 4.2918
6081.90 4.2918
6081.95 4.2918
6082.00 4.2917
6082.05 4.2917
6082.10 4.2917
6082.15 4.2917
6082.20 4.2917
6082.25 4.2916
6082.30 4.2916
6082.35 4.2916
6082.40 4.2916
6082.45 4.2916
6082.50 4.2916
6082.55 4.2916
6082.60 4.2915
6082.65 4.2915
6082.70 4.2915
6082.75 4.2915
6082.80 4.2915
6082.85 4.2915
6082.90 4.2915
6082.95 4.2915
6083.00 4.2915
6083.05 4.2915
6083.10 4.2915
6083.15 4.2915
6083.20 4.2915
6083.25 4.2915
6083.30 4.2915
6083.35 4.2915
6083.40 4.2915
6083.45 4.2915
6083.50 4.2915
6083.55 4.2915
6083.60 4.2915
6083.65 4.2915
6083.70 4.2915
6083.75 4.2915
6083.80 4.2915
6083.85 4.2916
6083.90 4.2916
6083.95 4.2916
6084.00 4.2916
6084.05 4.2916
6084.10 4.2916
6084.15 4.2916
6084.20 4.2917
6084.25 4.2917
6084.30 4.2917
6084.35 4.2917
6084.40 4.2917
6084.45 4.2918
6084.50 4.2918
6084.55 4.2918
6084.60 4.2918
6084.65 4.2919
6084.70 4.2919
6084.75 4.2919
6084.80 4.2919
6084.85 4.2920
6084.90 4.2920
6084.95 4.2920
6085.00 4.2920
6085.05 4.2921
6085.10 4.2921
6085.15 4.2921
6085.20 4.2922
6085.25 4.2922
6085.30 4.2922
6085.35 4.2923
6085.40 4.2923
6085.45 4.2923
6085.50 4.2924
6085.55 4.2924
6085.60 4.2924
6085.65 4.2925
6085.70 4.2925
6085.75 4.2925
6085.80 4.2926
6085.85 4.2926
6085.90 4.2927
6085.95 4.2927
6086.00 4.2927
6086.05 4.2928
6086.10 4.2928
6086.15 4.2928
6086.20 4.2929
6086.25 4.2929
6086.30 4.2930
6086.35 4.2930
6086.40 4.2930
6086.45 4.2931
6086.50 4.2931
6086.55 4.2932
6086.60 4.2932
6086.65 4.2932
6086.70 4.2933
6086.75 4.2933
6086.80 4.2934
6086.85 4.2934
6086.90 4.2935
6086.95 4.2935
6087.00 4.2935
6087.05 4.2936
6087.10 4.2936
6087.15 4.2937
6087.20 4.2937
6087.25 4.2937
6087.30 4.2938
6087.35 4.2938
6087.40 4.2939
6087.45 4.2939
6087.50 4.2939
6087.55 4.2940
6087.60 4.2940
6087.65 4.2940
6087.70 4.2941
6087.75 4.2941
6087.80 4.2942
6087.85 4.2942
6087.90 4.2942
6087.95 4.2943
6088.00 4.2943
6088.05 4.2943
6088.10 4.2944
6088.15 4.2944
6088.20 4.2944
6088.25 4.2945
6088.30 4.2945
6088.35 4.2945
6088.40 4.2946
6088.45 4.2946
6088.50 4.2946
6088.55 4.2946
6088.60 4.2947
6088.65 4.2947
6088.70 4.2947
6088.75 4.2948
6088.80 4.2948
6088.85 4.2948
6088.90 4.2948
6088.95 4.2949
6089.00 4.2949
6089.05 4.2949
6089.10 4.2949
6089.15 4.2949
6089.20 4.2950
6089.25 4.2950
6089.30 4.2950
6089.35 4.2950
6089.40 4.2950
6089.45 4.2950
6089.50 4.2951
6089.55 4.2951
6089.60 4.2951
6089.65 4.2951
6089.70 4.2951
6089.75 4.2951
6089.80 4.2951
6089.85 4.2951
6089.90 4.2951
6089.95 4.2951
6090.00 4.2951
6090.05 4.2951
6090.10 4.2951
6090.15 4.2951
6090.20 4.2951
6090.25 4.2951
6090.30 4.2951
6090.35 4.2951
6090.40 4.2951
6090.45 4.2951
6090.50 4.2951
6090.55 4.2951
6090.60 4.2951
6090.65 4.2951
6090.70 4.2951
6090.75 4.2951
6090.80 4.2951
6090.85 4.2950
6090.90 4.2950
6090.95 4.2950
6091.00 4.2950
6091.05 4.2950
6091.10 4.2950
6091.15 4.2949
6091.20 4.2949
6091.25 4.2949
6091.30 4.2949
6091.35 4.2948
6091.40 4.2948
6091.45 4.2948
6091.50 4.2948
6091.55 4.2947
6091.60 4.2947
6091.65 4.2947
6091.70 4.2946
6091.75 4.2946
6091.80 4.2946
6091.85 4.2945
6091.90 4.2945
6091.95 4.2944
6092.00 4.2944
6092.05 4.2944
6092.10 4.2943
6092.15 4.2943
6092.20 4.2942
6092.25 4.2942
6092.30 4.2941
6092.35 4.2941
6092.40 4.2940
6092.45 4.2940
6092.50 4.2939
6092.55 4.2939
6092.60 4.2938
6092.65 4.2938
6092.70 4.2937
6092.75 4.2937
6092.80 4.2936
6092.85 4.2935
6092.90 4.2935
6092.95 4.2934
6093.00 4.2934
6093.05 4.2933
6093.10 4.2932
6093.15 4.2932
6093.20 4.2931
6093.25 4.2930
6093.30 4.2930
6093.35 4.2929
6093.40 4.2928
6093.45 4.2928
6093.50 4.2927
6093.55 4.2926
6093.60 4.2925
6093.65 4.2925
6093.70 4.2924
6093.75 4.2923
6093.80 4.2922
6093.85 4.2922
6093.90 4.2921
6093.95 4.2920
6094.00 4.2919
6094.05 4.2918
6094.10 4.2918
6094.15 4.2917
6094.20 4.2916
6094.25 4.2915
6094.30 4.2914
6094.35 4.2913
6094.40 4.2913
6094.45 4.2912
6094.50 4.2911
6094.55 4.2910
6094.60 4.2909
6094.65 4.2908
6094.70 4.2907
6094.75 4.2906
6094.80 4.2905
6094.85 4.2904
6094.90 4.2904
6094.95 4.2903
6095.00 4.2902
6095.05 4.2901
6095.10 4.2900
6095.15 4.2899
6095.20 4.2898
6095.25 4.2897
6095.30 4.2896
6095.35 4.2895
6095.40 4.2894
6095.45 4.2893
6095.50 4.2892
6095.55 4.2891
6095.60 4.2890
6095.65 4.2889
6095.70 4.2888
6095.75 4.2887
6095.80 4.2886
6095.85 4.2885
6095.90 4.2884
6095.95 4.2883
6096.00 4.2882
6096.05 4.2881
6096.10 4.2880
6096.15 4.2878
6096.20 4.2877
6096.25 4.2876
6096.30 4.2875
6096.35 4.2874
6096.40 4.2873
6096.45 4.2872
6096.50 4.2871
6096.55 4.2870
6096.60 4.2869
6096.65 4.2868
6096.70 4.2867
6096.75 4.2866
6096.80 4.2865
6096.85 4.2863
6096.90 4.2862
6096.95 4.2861
6097.00 4.2860
6097.05 4.2859
6097.10 4.2858
6097.15 4.2857
6097.20 4.2856
6097.25 4.2855
6097.30 4.2854
6097.35 4.2852
6097.40 4.2851
6097.45 4.2850
6097.50 4.2849
6097.55 4.2848
6097.60 4.2847
6097.65 4.2846
6097.70 4.2845
6097.75 4.2844
6097.80 4.2842
6097.85 4.2841
6097.90 4.2840
6097.95 4.2839
6098.00 4.2838
6098.05 4.2837
6098.10 4.2836
6098.15 4.2835
6098.20 4.2834
6098.25 4.2833
6098.30 4.2831
6098.35 4.2830
6098.40 4.2829
6098.45 4.2828
6098.50 4.2827
6098.55 4.2826
6098.60 4.2825
6098.65 4.2824
6098.70 4.2823
6098.75 4.2822
6098.80 4.2820
6098.85 4.2819
6098.90 4.2818
6098.95 4.2817
6099.00 4.2816
6099.05 4.2815
6099.10 4.2814
6099.15 4.2813
6099.20 4.2812
6099.25 4.2811
6099.30 4.2810
6099.35 4.2809
6099.40 4.2807
6099.45 4.2806
6099.50 4.2805
6099.55 4.2804
6099.60 4.2803
6099.65 4.2802
6099.70 4.2801
6099.75 4.2800
6099.80 4.2799
6099.85 4.2798
6099.90 4.2797
6099.95 4.2796
6100.00 4.2795
6100.05 4.2794
6100.10 4.2793
6100.15 4.2792
6100.20 4.2791
6100.25 4.2790
6100.30 4.2789
6100.35 4.2788
6100.40 4.2787
6100.45 4.2786
6100.50 4.2785
6100.55 4.2784
6100.60 4.2783
6100.65 4.2782
6100.70 4.2781
6100.75 4.2780
6100.80 4.2779
6100.85 4.2778
6100.90 4.2777
6100.95 4.2776
6101.00 4.2775
6101.05 4.2774
6101.10 4.2773
6101.15 4.2772
6101.20 4.2771
6101.25 4.2770
6101.30 4.2769
6101.35 4.2768
6101.40 4.2767
6101.45 4.2766
6101.50 4.2765
6101.55 4.2764
6101.60 4.2763
6101.65 4.2762
6101.70 4.2761
6101.75 4.2761
6101.80 4.2760
6101.85 4.2759
6101.90 4.2758
6101.95 4.2757
6102.00 4.2756
6102.05 4.2755
6102.10 4.2754
6102.15 4.2753
6102.20 4.2752
6102.25 4.2751
6102.30 4.2751
6102.35 4.2750
6102.40 4.2749
6102.45 4.2748
6102.50 4.2747
6102.55 4.2746
6102.60 4.2745
6102.65 4.2744
6102.70 4.2744
6102.75 4.2743
6102.80 4.2742
6102.85 4.2741
6102.90 4.2740
6102.95 4.2739
6103.00 4.2738
6103.05 4.2738
6103.10 4.2737
6103.15 4.2736
6103.20 4.2735
6103.25 4.2734
6103.30 4.2733
6103.35 4.2733
6103.40 4.2732
6103.45 4.2731
6103.50 4.2730
6103.55 4.2729
6103.60 4.2728
6103.65 4.2728
6103.70 4.2727
6103.75 4.2726
6103.80 4.2725
6103.85 4.2724
6103.90 4.2724
6103.95 4.2723
6104.00 4.2722
6104.05 4.2721
6104.10 4.2720
6104.15 4.2720
6104.20 4.2719
6104.25 4.2718
6104.30 4.2717
6104.35 4.2716
6104.40 4.2715
6104.45 4.2715
6104.50 4.2714
6104.55 4.2713
6104.60 4.2712
6104.65 4.2711
6104.70 4.2711
6104.75 4.2710
6104.80 4.2709
6104.85 4.2708
6104.90 4.2707
6104.95 4.2707
6105.00 4.2706
6105.05 4.2705
6105.10 4.2704
6105.15 4.2703
6105.20 4.2703
6105.25 4.2702
6105.30 4.2701
6105.35 4.2700
6105.40 4.2699
6105.45 4.2699
6105.50 4.2698
6105.55 4.2697
6105.60 4.2696
6105.65 4.2695
6105.70 4.2694
6105.75 4.2694
6105.80 4.2693
6105.85 4.2692
6105.90 4.2691
6105.95 4.2690
6106.00 4.2689
6106.05 4.2689
6106.10 4.2688
6106.15 4.2687
6106.20 4.2686
6106.25 4.2685
6106.30 4.2684
6106.35 4.2683
6106.40 4.2683
6106.45 4.2682
6106.50 4.2681
6106.55 4.2680
6106.60 4.2679
6106.65 4.2678
6106.70 4.2677
6106.75 4.2676
6106.80 4.2676
6106.85 4.2675
6106.90 4.2674
6106.95 4.2673
6107.00 4.2672
6107.05 4.2671
6107.10 4.2670
6107.15 4.2669
6107.20 4.2668
6107.25 4.2667
6107.30 4.2666
6107.35 4.2665
6107.40 4.2664
6107.45 4.2664
6107.50 4.2663
6107.55 4.2662
6107.60 4.2661
6107.65 4.2660
6107.70 4.2659
6107.75 4.2658
6107.80 4.2657
6107.85 4.2656
6107.90 4.2655
6107.95 4.2654
6108.00 4.2653
6108.05 4.2652
6108.10 4.2651
6108.15 4.2649
6108.20 4.2648
6108.25 4.2647
6108.30 4.2646
6108.35 4.2645
6108.40 4.2644
6108.45 4.2643
6108.50 4.2642
6108.55 4.2641
6108.60 4.2640
6108.65 4.2639
6108.70 4.2638
6108.75 4.2636
6108.80 4.2635
6108.85 4.2634
6108.90 4.2633
6108.95 4.2632
6109.00 4.2631
6109.05 4.2629
6109.10 4.2628
6109.15 4.2627
6109.20 4.2626
6109.25 4.2625
6109.30 4.2623
6109.35 4.2622
6109.40 4.2621
6109.45 4.2620
6109.50 4.2619
6109.55 4.2617
6109.60 4.2616
6109.65 4.2615
6109.70 4.2614
6109.75 4.2612
6109.80 4.2611
6109.85 4.2610
6109.90 4.2608
6109.95 4.2607
6110.00 4.2606
6110.05 4.2604
6110.10 4.2603
6110.15 4.2602
6110.20 4.2600
6110.25 4.2599
6110.30 4.2598
6110.35 4.2596
6110.40 4.2595
6110.45 4.2593
6110.50 4.2592
6110.55 4.2591
6110.60 4.2589
6110.65 4.2588
6110.70 4.2586
6110.75 4.2585
6110.80 4.2584
6110.85 4.2582
6110.90 4.2581
6110.95 4.2579
6111.00 4.2578
6111.05 4.2576
6111.10 4.2575
6111.15 4.2573
6111.20 4.2572
6111.25 4.2570
6111.30 4.2569
6111.35 4.2567
6111.40 4.2566
6111.45 4.2564
6111.50 4.2563
6111.55 4.2561
6111.60 4.2559
6111.65 4.2558
6111.70 4.2556
6111.75 4.2555
6111.80 4.2553
6111.85 4.2551
6111.90 4.2550
6111.95 4.2548
6112.00 4.2547
6112.05 4.2545
6112.10 4.2543
6112.15 4.2542
6112.20 4.2540
6112.25 4.2538
6112.30 4.2537
6112.35 4.2535
6112.40 4.2533
6112.45 4.2532
6112.50 4.2530
6112.55 4.2528
6112.60 4.2527
6112.65 4.2525
6112.70 4.2523
6112.75 4.2522
6112.80 4.2520
6112.85 4.2518
6112.90 4.2517
6112.95 4.2515
6113.00 4.2513
6113.05 4.2511
6113.10 4.2510
6113.15 4.2508
6113.20 4.2506
6113.25 4.2504
6113.30 4.2503
6113.35 4.2501
6113.40 4.2499
6113.45 4.2497
6113.50 4.2496
6113.55 4.2494
6113.60 4.2492
6113.65 4.2490
6113.70 4.2488
6113.75 4.2487
6113.80 4.2485
6113.85 4.2483
6113.90 4.2481
6113.95 4.2479
6114.00 4.2478
6114.05 4.2476
6114.10 4.2474
6114.15 4.2472
6114.20 4.2470
6114.25 4.2469
6114.30 4.2467
6114.35 4.2465
6114.40 4.2463
6114.45 4.2461
6114.50 4.2459
6114.55 4.2458
6114.60 4.2456
6114.65 4.2454
6114.70 4.2452
6114.75 4.2450
6114.80 4.2448
6114.85 4.2446
6114.90 4.2445
6114.95 4.2443
6115.00 4.2441
6115.05 4.2439
6115.10 4.2437
6115.15 4.2435
6115.20 4.2433
6115.25 4.2432
6115.30 4.2430
6115.35 4.2428
6115.40 4.2426
6115.45 4.2424
6115.50 4.2422
6115.55 4.2420
6115.60 4.2418
6115.65 4.2417
6115.70 4.2415
6115.75 4.2413
6115.80 4.2411
6115.85 4.2409
6115.90 4.2407
6115.95 4.2405
6116.00 4.2403
6116.05 4.2401
6116.10 4.2400
6116.15 4.2398
6116.20 4.2396
6116.25 4.2394
6116.30 4.2392
6116.35 4.2390
6116.40 4.2388
6116.45 4.2386
6116.50 4.2384
6116.55 4.2383
6116.60 4.2381
6116.65 4.2379
6116.70 4.2377
6116.75 4.2375
6116.80 4.2373
6116.85 4.2371
6116.90 4.2369
6116.95 4.2367
6117.00 4.2365
6117.05 4.2364
6117.10 4.2362
6117.15 4.2360
6117.20 4.2358
6117.25 4.2356
6117.30 4.2354
6117.35 4.2352
6117.40 4.2350
6117.45 4.2348
6117.50 4.2346
6117.55 4.2345
6117.60 4.2343
6117.65 4.2341
6117.70 4.2339
6117.75 4.2337
6117.80 4.2335
6117.85 4.2333
6117.90 4.2331
6117.95 4.2329
6118.00 4.2327
6118.05 4.2325
6118.10 4.2323
6118.15 4.2321
6118.20 4.2320
6118.25 4.2318
6118.30 4.2316
6118.35 4.2314
6118.40 4.2312
6118.45 4.2310
6118.50 4.2308
6118.55 4.2306
6118.60 4.2304
6118.65 4.2302
6118.70 4.2300
6118.75 4.2298
6118.80 4.2296
6118.85 4.2294
6118.90 4.2292
6118.95 4.2290
6119.00 4.2288
6119.05 4.2286
6119.10 4.2284
6119.15 4.2282
6119.20 4.2280
6119.25 4.2278
6119.30 4.2276
6119.35 4.2274
6119.40 4.2272
6119.45 4.2270
6119.50 4.2268
6119.55 4.2266
6119.60 4.2264
6119.65 4.2262
6119.70 4.2260
6119.75 4.2258
6119.80 4.2256
6119.85 4.2254
6119.90 4.2252
6119.95 4.2250
6120.00 4.2248
6120.05 4.2246
6120.10 4.2244
6120.15 4.2242
6120.20 4.2240
6120.25 4.2238
6120.30 4.2235
6120.35 4.2233
6120.40 4.2231
6120.45 4.2229
6120.50 4.2227
6120.55 4.2225
6120.60 4.2223
6120.65 4.2221
6120.70 4.2218
6120.75 4.2216
6120.80 4.2214
6120.85 4.2212
6120.90 4.2210
6120.95 4.2208
6121.00 4.2205
6121.05 4.2203
6121.10 4.2201
6121.15 4.2199
6121.20 4.2196
6121.25 4.2194
6121.30 4.2192
6121.35 4.2190
6121.40 4.2187
6121.45 4.2185
6121.50 4.2183
6121.55 4.2181
6121.60 4.2178
6121.65 4.2176
6121.70 4.2174
6121.75 4.2171
6121.80 4.2169
6121.85 4.2166
6121.90 4.2164
6121.95 4.2162
6122.00 4.2159
6122.05 4.2157
6122.10 4.2154
6122.15 4.2152
6122.20 4.2150
6122.25 4.2147
6122.30 4.2145
6122.35 4.2142
6122.40 4.2140
6122.45 4.2137
6122.50 4.2135
6122.55 4.2132
6122.60 4.2130
6122.65 4.2127
6122.70 4.2125
6122.75 4.2122
6122.80 4.2119
6122.85 4.2117
6122.90 4.2114
6122.95 4.2112
6123.00 4.2109
6123.05 4.2106
6123.10 4.2104
6123.15 4.2101
6123.20 4.2098
6123.25 4.2096
6123.30 4.2093
6123.35 4.2090
6123.40 4.2087
6123.45 4.2085
6123.50 4.2082
6123.55 4.2079
6123.60 4.2076
6123.65 4.2073
6123.70 4.2071
6123.75 4.2068
6123.80 4.2065
6123.85 4.2062
6123.90 4.2059
6123.95 4.2056
6124.00 4.2053
6124.05 4.2050
6124.10 4.2047
6124.15 4.2045
6124.20 4.2042
6124.25 4.2039
6124.30 4.2036
6124.35 4.2033
6124.40 4.2030
6124.45 4.2026
6124.50 4.2023
6124.55 4.2020
6124.60 4.2017
6124.65 4.2014
6124.70 4.2011
6124.75 4.2008
6124.80 4.2005
6124.85 4.2002
6124.90 4.1998
6124.95 4.1995
6125.00 4.1992
6125.05 4.1989
6125.10 4.1986
6125.15 4.1982
6125.20 4.1979
6125.25 4.1976
6125.30 4.1973
6125.35 4.1969
6125.40 4.1966
6125.45 4.1963
6125.50 4.1959
6125.55 4.1956
6125.60 4.1952
6125.65 4.1949
6125.70 4.1946
6125.75 4.1942
6125.80 4.1939
6125.85 4.1935
6125.90 4.1932
6125.95 4.1928
6126.00 4.1925
6126.05 4.1921
6126.10 4.1918
6126.15 4.1914
6126.20 4.1911
6126.25 4.1907
6126.30 4.1904
6126.35 4.1900
6126.40 4.1896
6126.45 4.1893
6126.50 4.1889
6126.55 4.1885
6126.60 4.1882
6126.65 4.1878
6126.70 4.1874
6126.75 4.1871
6126.80 4.1867
6126.85 4.1863
6126.90 4.1860
6126.95 4.1856
6127.00 4.1852
6127.05 4.1848
6127.10 4.1844
6127.15 4.1841
6127.20 4.1837
6127.25 4.1833
6127.30 4.1829
6127.35 4.1825
6127.40 4.1821
6127.45 4.1817
6127.50 4.1814
6127.55 4.1810
6127.60 4.1806
6127.65 4.1802
6127.70 4.1798
6127.75 4.1794
6127.80 4.1790
6127.85 4.1786
6127.90 4.1782
6127.95 4.1778
6128.00 4.1774
6128.05 4.1770
6128.10 4.1766
6128.15 4.1762
6128.20 4.1758
6128.25 4.1754
6128.30 4.1750
6128.35 4.1745
6128.40 4.1741
6128.45 4.1737
6128.50 4.1733
6128.55 4.1729
6128.60 4.1725
6128.65 4.1721
6128.70 4.1716
6128.75 4.1712
6128.80 4.1708
6128.85 4.1704
6128.90 4.1700
6128.95 4.1695
6129.00 4.1691
6129.05 4.1687
6129.10 4.1683
6129.15 4.1678
6129.20 4.1674
6129.25 4.1670
6129.30 4.1665
6129.35 4.1661
6129.40 4.1657
6129.45 4.1652
6129.50 4.1648
6129.55 4.1644
6129.60 4.1639
6129.65 4.1635
6129.70 4.1631
6129.75 4.1626
6129.80 4.1622
6129.85 4.1617
6129.90 4.1613
6129.95 4.1609
6130.00 4.1604
6130.05 4.1600
6130.10 4.1595
6130.15 4.1591
6130.20 4.1586
6130.25 4.1582
6130.30 4.1577
6130.35 4.1573
6130.40 4.1568
6130.45 4.1564
6130.50 4.1559
6130.55 4.1555
6130.60 4.1550
6130.65 4.1546
6130.70 4.1541
6130.75 4.1537
6130.80 4.1532
6130.85 4.1528
6130.90 4.1523
6130.95 4.1518
6131.00 4.1514
6131.05 4.1509
6131.10 4.1505
6131.15 4.1500
6131.20 4.1495
6131.25 4.1491
6131.30 4.1486
6131.35 4.1481
6131.40 4.1477
6131.45 4.1472
6131.50 4.1467
6131.55 4.1463
6131.60 4.1458
6131.65 4.1453
6131.70 4.1449
6131.75 4.1444
6131.80 4.1439
6131.85 4.1435
6131.90 4.1430
6131.95 4.1425
6132.00 4.1420
6132.05 4.1416
6132.10 4.1411
6132.15 4.1406
6132.20 4.1401
6132.25 4.1396
6132.30 4.1392
6132.35 4.1387
6132.40 4.1382
6132.45 4.1377
6132.50 4.1373
6132.55 4.1368
6132.60 4.1363
6132.65 4.1358
6132.70 4.1353
6132.75 4.1348
6132.80 4.1344
6132.85 4.1339
6132.90 4.1334
6132.95 4.1329
6133.00 4.1324
6133.05 4.1319
6133.10 4.1314
6133.15 4.1310
6133.20 4.1305
6133.25 4.1300
6133.30 4.1295
6133.35 4.1290
6133.40 4.1285
6133.45 4.1280
6133.50 4.1275
6133.55 4.1270
6133.60 4.1265
6133.65 4.1260
6133.70 4.1256
6133.75 4.1251
6133.80 4.1246
6133.85 4.1241
6133.90 4.1236
6133.95 4.1231
6134.00 4.1226
6134.05 4.1221
6134.10 4.1216
6134.15 4.1211
6134.20 4.1206
6134.25 4.1201
6134.30 4.1196
6134.35 4.1191
6134.40 4.1186
6134.45 4.1181
6134.50 4.1176
6134.55 4.1171
6134.60 4.1166
6134.65 4.1161
6134.70 4.1156
6134.75 4.1151
6134.80 4.1146
6134.85 4.1141
6134.90 4.1136
6134.95 4.1131
6135.00 4.1126
6135.05 4.1121
6135.10 4.1116
6135.15 4.1111
6135.20 4.1106
6135.25 4.1101
6135.30 4.1096
6135.35 4.1091
6135.40 4.1086
6135.45 4.1081
6135.50 4.1076
6135.55 4.1071
6135.60 4.1066
6135.65 4.1061
6135.70 4.1056
6135.75 4.1051
6135.80 4.1046
6135.85 4.1041
6135.90 4.1036
6135.95 4.1031
6136.00 4.1026
6136.05 4.1021
6136.10 4.1016
6136.15 4.1011
6136.20 4.1006
6136.25 4.1001
6136.30 4.0996
6136.35 4.0991
6136.40 4.0987
6136.45 4.0982
6136.50 4.0977
6136.55 4.0972
6136.60 4.0967
6136.65 4.0962
6136.70 4.0957
6136.75 4.0952
6136.80 4.0947
6136.85 4.0942
6136.90 4.0937
6136.95 4.0932
6137.00 4.0927
6137.05 4.0922
6137.10 4.0918
6137.15 4.0913
6137.20 4.0908
6137.25 4.0903
6137.30 4.0898
6137.35 4.0893
6137.40 4.0888
6137.45 4.0884
6137.50 4.0879
6137.55 4.0874
6137.60 4.0869
6137.65 4.0864
6137.70 4.0860
6137.75 4.0855
6137.80 4.0850
6137.85 4.0845
6137.90 4.0841
6137.95 4.0836
6138.00 4.0831
6138.05 4.0826
6138.10 4.0822
6138.15 4.0817
6138.20 4.0812
6138.25 4.0808
6138.30 4.0803
6138.35 4.0798
6138.40 4.0794
6138.45 4.0789
6138.50 4.0784
6138.55 4.0780
6138.60 4.0775
6138.65 4.0771
6138.70 4.0766
6138.75 4.0762
6138.80 4.0757
6138.85 4.0753
6138.90 4.0748
6138.95 4.0744
6139.00 4.0739
6139.05 4.0735
6139.10 4.0730
6139.15 4.0726
6139.20 4.0721
6139.25 4.0717
6139.30 4.0713
6139.35 4.0708
6139.40 4.0704
6139.45 4.0699
6139.50 4.0695
6139.55 4.0691
6139.60 4.0687
6139.65 4.0682
6139.70 4.0678
6139.75 4.0674
6139.80 4.0670
6139.85 4.0665
6139.90 4.0661
6139.95 4.0657
6140.00 4.0653
6140.05 4.0649
6140.10 4.0645
6140.15 4.0641
6140.20 4.0637
6140.25 4.0632
6140.30 4.0628
6140.35 4.0624
6140.40 4.0620
6140.45 4.0616
6140.50 4.0612
6140.55 4.0609
6140.60 4.0605
6140.65 4.0601
6140.70 4.0597
6140.75 4.0593
6140.80 4.0589
6140.85 4.0585
6140.90 4.0581
6140.95 4.0578
6141.00 4.0574
6141.05 4.0570
6141.10 4.0566
6141.15 4.0563
6141.20 4.0559
6141.25 4.0555
6141.30 4.0552
6141.35 4.0548
6141.40 4.0545
6141.45 4.0541
6141.50 4.0537
6141.55 4.0534
6141.60 4.0530
6141.65 4.0527
6141.70 4.0523
6141.75 4.0520
6141.80 4.0516
6141.85 4.0513
6141.90 4.0510
6141.95 4.0506
6142.00 4.0503
6142.05 4.0500
6142.10 4.0496
6142.15 4.0493
6142.20 4.0490
6142.25 4.0486
6142.30 4.0483
6142.35 4.0480
6142.40 4.0477
6142.45 4.0474
6142.50 4.0470
6142.55 4.0467
6142.60 4.0464
6142.65 4.0461
6142.70 4.0458
6142.75 4.0455
6142.80 4.0452
6142.85 4.0449
6142.90 4.0446
6142.95 4.0443
6143.00 4.0440
6143.05 4.0437
6143.10 4.0434
6143.15 4.0431
6143.20 4.0428
6143.25 4.0426
6143.30 4.0423
6143.35 4.0420
6143.40 4.0417
6143.45 4.0414
6143.50 4.0412
6143.55 4.0409
6143.60 4.0406
6143.65 4.0403
6143.70 4.0401
6143.75 4.0398
6143.80 4.0396
6143.85 4.0393
6143.90 4.0390
6143.95 4.0388
6144.00 4.0385
6144.05 4.0383
6144.10 4.0380
6144.15 4.0378
6144.20 4.0375
6144.25 4.0373
6144.30 4.0370
6144.35 4.0368
6144.40 4.0365
6144.45 4.0363
6144.50 4.0360
6144.55 4.0358
6144.60 4.0356
6144.65 4.0353
6144.70 4.0351
6144.75 4.0349
6144.80 4.0346
6144.85 4.0344
6144.90 4.0342
6144.95 4.0340
6145.00 4.0337
6145.05 4.0335
6145.10 4.0333
6145.15 4.0331
6145.20 4.0329
6145.25 4.0326
6145.30 4.0324
6145.35 4.0322
6145.40 4.0320
6145.45 4.0318
6145.50 4.0316
6145.55 4.0314
6145.60 4.0312
6145.65 4.0310
6145.70 4.0308
6145.75 4.0306
6145.80 4.0304
6145.85 4.0302
6145.90 4.0300
6145.95 4.0298
6146.00 4.0296
6146.05 4.0294
6146.10 4.0292
6146.15 4.0290
6146.20 4.0288
6146.25 4.0286
6146.30 4.0284
6146.35 4.0282
6146.40 4.0280
6146.45 4.0279
6146.50 4.0277
6146.55 4.0275
6146.60 4.0273
6146.65 4.0271
6146.70 4.0270
6146.75 4.0268
6146.80 4.0266
6146.85 4.0264
6146.90 4.0263
6146.95 4.0261
6147.00 4.0259
6147.05 4.0257
6147.10 4.0256
6147.15 4.0254
6147.20 4.0252
6147.25 4.0251
6147.30 4.0249
6147.35 4.0247
6147.40 4.0246
6147.45 4.0244
6147.50 4.0243
6147.55 4.0241
6147.60 4.0239
6147.65 4.0238
6147.70 4.0236
6147.75 4.0235
6147.80 4.0233
6147.85 4.0232
6147.90 4.0230
6147.95 4.0229
6148.00 4.0227
6148.05 4.0226
6148.10 4.0224
6148.15 4.0223
6148.20 4.0221
6148.25 4.0220
6148.30 4.0218
6148.35 4.0217
6148.40 4.0215
6148.45 4.0214
6148.50 4.0212
6148.55 4.0211
6148.60 4.0210
6148.65 4.0208
6148.70 4.0207
6148.75 4.0206
6148.80 4.0204
6148.85 4.0203
6148.90 4.0201
6148.95 4.0200
6149.00 4.0199
6149.05 4.0197
6149.10 4.0196
6149.15 4.0195
6149.20 4.0194
6149.25 4.0192
6149.30 4.0191
6149.35 4.0190
6149.40 4.0189
6149.45 4.0187
6149.50 4.0186
6149.55 4.0185
6149.60 4.0184
6149.65 4.0182
6149.70 4.0181
6149.75 4.0180
6149.80 4.0179
6149.85 4.0178
6149.90 4.0177
6149.95 4.0175
6150.00 4.0174
6150.05 4.0173
6150.10 4.0172
6150.15 4.0171
6150.20 4.0170
6150.25 4.0169
6150.30 4.0168
6150.35 4.0167
6150.40 4.0166
6150.45 4.0165
6150.50 4.0164
6150.55 4.0163
6150.60 4.0161
6150.65 4.0160
6150.70 4.0159
6150.75 4.0158
6150.80 4.0158
6150.85 4.0157
6150.90 4.0156
6150.95 4.0155
6151.00 4.0154
6151.05 4.0153
6151.10 4.0152
6151.15 4.0151
6151.20 4.0150
6151.25 4.0149
6151.30 4.0148
6151.35 4.0147
6151.40 4.0147
6151.45 4.0146
6151.50 4.0145
6151.55 4.0144
6151.60 4.0143
6151.65 4.0142
6151.70 4.0142
6151.75 4.0141
6151.80 4.0140
6151.85 4.0139
6151.90 4.0138
6151.95 4.0138
6152.00 4.0137
6152.05 4.0136
6152.10 4.0136
6152.15 4.0135
6152.20 4.0134
6152.25 4.0133
6152.30 4.0133
6152.35 4.0132
6152.40 4.0131
6152.45 4.0131
6152.50 4.0130
6152.55 4.0130
6152.60 4.0129
6152.65 4.0128
6152.70 4.0128
6152.75 4.0127
6152.80 4.0126
6152.85 4.0126
6152.90 4.0125
6152.95 4.0125
6153.00 4.0124
6153.05 4.0124
6153.10 4.0123
6153.15 4.0123
6153.20 4.0122
6153.25 4.0122
6153.30 4.0121
6153.35 4.0121
6153.40 4.0120
6153.45 4.0120
6153.50 4.0119
6153.55 4.0119
6153.60 4.0118
6153.65 4.0118
6153.70 4.0118
6153.75 4.0117
6153.80 4.0117
6153.85 4.0116
6153.90 4.0116
6153.95 4.0116
6154.00 4.0115
6154.05 4.0115
6154.10 4.0115
6154.15 4.0114
6154.20 4.0114
6154.25 4.0113
6154.30 4.0113
6154.35 4.0113
6154.40 4.0113
6154.45 4.0112
6154.50 4.0112
6154.55 4.0112
6154.60 4.0111
6154.65 4.0111
6154.70 4.0111
6154.75 4.0111
6154.80 4.0110
6154.85 4.0110
6154.90 4.0110
6154.95 4.0110
6155.00 4.0109
6155.05 4.0109
6155.10 4.0109
6155.15 4.0109
6155.20 4.0109
6155.25 4.0108
6155.30 4.0108
6155.35 4.0108
6155.40 4.0108
6155.45 4.0108
6155.50 4.0107
6155.55 4.0107
6155.60 4.0107
6155.65 4.0107
6155.70 4.0107
6155.75 4.0107
6155.80 4.0106
6155.85 4.0106
6155.90 4.0106
6155.95 4.0106
6156.00 4.0106
6156.05 4.0106
6156.10 4.0106
6156.15 4.0106
6156.20 4.0105
6156.25 4.0105
6156.30 4.0105
6156.35 4.0105
6156.40 4.0105
6156.45 4.0105
6156.50 4.0105
6156.55 4.0105
6156.60 4.0105
6156.65 4.0104
6156.70 4.0104
6156.75 4.0104
6156.80 4.0104
6156.85 4.0104
6156.90 4.0104
6156.95 4.0104
6157.00 4.0104
6157.05 4.0104
6157.10 4.0104
6157.15 4.0104
6157.20 4.0104
6157.25 4.0104
6157.30 4.0103
6157.35 4.0103
6157.40 4.0103
6157.45 4.0103
6157.50 4.0103
6157.55 4.0103
6157.60 4.0103
6157.65 4.0103
6157.70 4.0103
6157.75 4.0103
6157.80 4.0103
6157.85 4.0103
6157.90 4.0103
6157.95 4.0103
6158.00 4.0103
6158.05 4.0103
6158.10 4.0102
6158.15 4.0102
6158.20 4.0102
6158.25 4.0102
6158.30 4.0102
6158.35 4.0102
6158.40 4.0102
6158.45 4.0102
6158.50 4.0102
6158.55 4.0102
6158.60 4.0102
6158.65 4.0102
6158.70 4.0102
6158.75 4.0102
6158.80 4.0102
6158.85 4.0101
6158.90 4.0101
6158.95 4.0101
6159.00 4.0101
6159.05 4.0101
6159.10 4.0101
6159.15 4.0101
6159.20 4.0101
6159.25 4.0101
6159.30 4.0101
6159.35 4.0101
6159.40 4.0101
6159.45 4.0100
6159.50 4.0100
6159.55 4.0100
6159.60 4.0100
6159.65 4.0100
6159.70 4.0100
6159.75 4.0100
6159.80 4.0100
6159.85 4.0100
6159.90 4.0100
6159.95 4.0100
6160.00 4.0099
6160.05 4.0099
6160.10 4.0099
6160.15 4.0099
6160.20 4.0099
6160.25 4.0099
6160.30 4.0099
6160.35 4.0099
6160.40 4.0099
6160.45 4.0098
6160.50 4.0098
6160.55 4.0098
6160.60 4.0098
6160.65 4.0098
6160.70 4.0098
6160.75 4.0098
6160.80 4.0098
6160.85 4.0098
6160.90 4.0097
6160.95 4.0097
6161.00 4.0097
6161.05 4.0097
6161.10 4.0097
6161.15 4.0097
6161.20 4.0097
6161.25 4.0097
6161.30 4.0096
6161.35 4.0096
6161.40 4.0096
6161.45 4.0096
6161.50 4.0096
6161.55 4.0096
6161.60 4.0096
6161.65 4.0096
6161.70 4.0095
6161.75 4.0095
6161.80 4.0095
6161.85 4.0095
6161.90 4.0095
6161.95 4.0095
6162.00 4.0095
6162.05 4.0094
6162.10 4.0094
6162.15 4.0094
6162.20 4.0094
6162.25 4.0094
6162.30 4.0094
6162.35 4.0094
6162.40 4.0094
6162.45 4.0093
6162.50 4.0093
6162.55 4.0093
6162.60 4.0093
6162.65 4.0093
6162.70 4.0093
6162.75 4.0093
6162.80 4.0093
6162.85 4.0092
6162.90 4.0092
6162.95 4.0092
6163.00 4.0092
6163.05 4.0092
6163.10 4.0092
6163.15 4.0092
6163.20 4.0092
6163.25 4.0091
6163.30 4.0091
6163.35 4.0091
6163.40 4.0091
6163.45 4.0091
6163.50 4.0091
6163.55 4.0091
6163.60 4.0091
6163.65 4.0090
6163.70 4.0090
6163.75 4.0090
6163.80 4.0090
6163.85 4.0090
6163.90 4.0090
6163.95 4.0090
6164.00 4.0090
6164.05 4.0090
6164.10 4.0090
6164.15 4.0089
6164.20 4.0089
6164.25 4.0089
6164.30 4.0089
6164.35 4.0089
6164.40 4.0089
6164.45 4.0089
6164.50 4.0089
6164.55 4.0089
6164.60 4.0089
6164.65 4.0088
6164.70 4.0088
6164.75 4.0088
6164.80 4.0088
6164.85 4.0088
6164.90 4.0088
6164.95 4.0088
6165.00 4.0088
6165.05 4.0088
6165.10 4.0088
6165.15 4.0088
6165.20 4.0088
6165.25 4.0088
6165.30 4.0088
6165.35 4.0088
6165.40 4.0088
6165.45 4.0087
6165.50 4.0087
6165.55 4.0087
6165.60 4.0087
6165.65 4.0087
6165.70 4.0087
6165.75 4.0087
6165.80 4.0087
6165.85 4.0087
6165.90 4.0087
6165.95 4.0087
6166.00 4.0087
6166.05 4.0087
6166.10 4.0087
6166.15 4.0087
6166.20 4.0087
6166.25 4.0087
6166.30 4.0087
6166.35 4.0087
6166.40 4.0087
6166.45 4.0087
