5287.50 5.5553
5287.55 5.5559
5287.60 5.5564
5287.65 5.5570
5287.70 5.5575
5287.75 5.5581
5287.80 5.5587
5287.85 5.5592
5287.90 5.5598
5287.95 5.5603
5288.00 5.5609
5288.05 5.5614
5288.10 5.5619
5288.15 5.5625
5288.20 5.5630
5288.25 5.5635
5288.30 5.5641
5288.35 5.5646
5288.40 5.5651
5288.45 5.5657
5288.50 5.5662
5288.55 5.5667
5288.60 5.5672
5288.65 5.5677
5288.70 5.5682
5288.75 5.5687
5288.80 5.5693
5288.85 5.5698
5288.90 5.5703
5288.95 5.5708
5289.00 5.5713
5289.05 5.5718
5289.10 5.5722
5289.15 5.5727
5289.20 5.5732
5289.25 5.5737
5289.30 5.5742
5289.35 5.5747
5289.40 5.5751
5289.45 5.5756
5289.50 5.5761
5289.55 5.5766
5289.60 5.5770
5289.65 5.5775
5289.70 5.5780
5289.75 5.5784
5289.80 5.5789
5289.85 5.5793
5289.90 5.5798
5289.95 5.5802
5290.00 5.5807
5290.05 5.5811
5290.10 5.5816
5290.15 5.5820
5290.20 5.5825
5290.25 5.5829
5290.30 5.5833
5290.35 5.5838
5290.40 5.5842
5290.45 5.5846
5290.50 5.5851
5290.55 5.5855
5290.60 5.5859
5290.65 5.5863
5290.70 5.5867
5290.75 5.5872
5290.80 5.5876
5290.85 5.5880
5290.90 5.5884
5290.95 5.5888
5291.00 5.5892
5291.05 5.5896
5291.10 5.5900
5291.15 5.5904
5291.20 5.5908
5291.25 5.5912
5291.30 5.5916
5291.35 5.5920
5291.40 5.5924
5291.45 5.5927
5291.50 5.5931
5291.55 5.5935
5291.60 5.5939
5291.65 5.5943
5291.70 5.5946
5291.75 5.5950
5291.80 5.5954
5291.85 5.5957
5291.90 5.5961
5291.95 5.5965
5292.00 5.5968
5292.05 5.5972
5292.10 5.5975
5292.15 5.5979
5292.20 5.5982
5292.25 5.5986
5292.30 5.5989
5292.35 5.5993
5292.40 5.5996
5292.45 5.6000
5292.50 5.6003
5292.55 5.6006
5292.60 5.6010
5292.65 5.6013
5292.70 5.6016
5292.75 5.6020
5292.80 5.6023
5292.85 5.6026
5292.90 5.6029
5292.95 5.6033
5293.00 5.6036
5293.05 5.6039
5293.10 5.6042
5293.15 5.6045
5293.20 5.6048
5293.25 5.6051
5293.30 5.6054
5293.35 5.6057
5293.40 5.6060
5293.45 5.6063
5293.50 5.6066
5293.55 5.6069
5293.60 5.6072
5293.65 5.6075
5293.70 5.6078
5293.75 5.6081
5293.80 5.6084
5293.85 5.6087
5293.90 5.6089
5293.95 5.6092
5294.00 5.6095
5294.05 5.6098
5294.10 5.6101
5294.15 5.6103
5294.20 5.6106
5294.25 5.6109
5294.30 5.6111
5294.35 5.6114
5294.40 5.6117
5294.45 5.6119
5294.50 5.6122
5294.55 5.6124
5294.60 5.6127
5294.65 5.6129
5294.70 5.6132
5294.75 5.6134
5294.80 5.6137
5294.85 5.6139
5294.90 5.6142
5294.95 5.6144
5295.00 5.6146
5295.05 5.6149
5295.10 5.6151
5295.15 5.6153
5295.20 5.6156
5295.25 5.6158
5295.30 5.6160
5295.35 5.6163
5295.40 5.6165
5295.45 5.6167
5295.50 5.6169
5295.55 5.6171
5295.60 5.6174
5295.65 5.6176
5295.70 5.6178
5295.75 5.6180
5295.80 5.6182
5295.85 5.6184
5295.90 5.6186
5295.95 5.6188
5296.00 5.6190
5296.05 5.6192
5296.10 5.6194
5296.15 5.6196
5296.20 5.6198
5296.25 5.6200
5296.30 5.6202
5296.35 5.6204
5296.40 5.6206
5296.45 5.6207
5296.50 5.6209
5296.55 5.6211
5296.60 5.6213
5296.65 5.6215
5296.70 5.6216
5296.75 5.6218
5296.80 5.6220
5296.85 5.6222
5296.90 5.6223
5296.95 5.6225
5297.00 5.6227
5297.05 5.6228
5297.10 5.6230
5297.15 5.6232
5297.20 5.6233
5297.25 5.6235
5297.30 5.6236
5297.35 5.6238
5297.40 5.6239
5297.45 5.6241
5297.50 5.6242
5297.55 5.6244
5297.60 5.6245
5297.65 5.6247
5297.70 5.6248
5297.75 5.6249
5297.80 5.6251
5297.85 5.6252
5297.90 5.6254
5297.95 5.6255
5298.00 5.6256
5298.05 5.6257
5298.10 5.6259
5298.15 5.6260
5298.20 5.6261
5298.25 5.6262
5298.30 5.6264
5298.35 5.6265
5298.40 5.6266
5298.45 5.6267
5298.50 5.6268
5298.55 5.6270
5298.60 5.6271
5298.65 5.6272
5298.70 5.6273
5298.75 5.6274
5298.80 5.6275
5298.85 5.6276
5298.90 5.6277
5298.95 5.6278
5299.00 5.6279
5299.05 5.6280
5299.10 5.6281
5299.15 5.6282
5299.20 5.6283
5299.25 5.6284
5299.30 5.6285
5299.35 5.6285
5299.40 5.6286
5299.45 5.6287
5299.50 5.6288
5299.55 5.6289
5299.60 5.6290
5299.65 5.6290
5299.70 5.6291
5299.75 5.6292
5299.80 5.6293
5299.85 5.6293
5299.90 5.6294
5299.95 5.6295
5300.00 5.6295
5300.05 5.6296
5300.10 5.6297
5300.15 5.6297
5300.20 5.6298
5300.25 5.6299
5300.30 5.6299
5300.35 5.6300
5300.40 5.6300
5300.45 5.6301
5300.50 5.6301
5300.55 5.6302
5300.60 5.6302
5300.65 5.6303
5300.70 5.6303
5300.75 5.6304
5300.80 5.6304
5300.85 5.6305
5300.90 5.6305
5300.95 5.6306
5301.00 5.6306
5301.05 5.6306
5301.10 5.6307
5301.15 5.6307
5301.20 5.6307
5301.25 5.6308
5301.30 5.6308
5301.35 5.6308
5301.40 5.6308
5301.45 5.6309
5301.50 5.6309
5301.55 5.6309
5301.60 5.6309
5301.65 5.6310
5301.70 5.6310
5301.75 5.6310
5301.80 5.6310
5301.85 5.6310
5301.90 5.6310
5301.95 5.6310
5302.00 5.6311
5302.05 5.6311
5302.10 5.6311
5302.15 5.6311
5302.20 5.6311
5302.25 5.6311
5302.30 5.6311
5302.35 5.6311
5302.40 5.6311
5302.45 5.6311
5302.50 5.6311
5302.55 5.6311
5302.60 5.6311
5302.65 5.6311
5302.70 5.6310
5302.75 5.6310
5302.80 5.6310
5302.85 5.6310
5302.90 5.6310
5302.95 5.6310
5303.00 5.6310
5303.05 5.6309
5303.10 5.6309
5303.15 5.6309
5303.20 5.6309
5303.25 5.6309
5303.30 5.6308
5303.35 5.6308
5303.40 5.6308
5303.45 5.6308
5303.50 5.6307
5303.55 5.6307
5303.60 5.6307
5303.65 5.6306
5303.70 5.6306
5303.75 5.6306
5303.80 5.6305
5303.85 5.6305
5303.90 5.6304
5303.95 5.6304
5304.00 5.6304
5304.05 5.6303
5304.10 5.6303
5304.15 5.6302
5304.20 5.6302
5304.25 5.6301
5304.30 5.6301
5304.35 5.6300
5304.40 5.6300
5304.45 5.6299
5304.50 5.6299
5304.55 5.6298
5304.60 5.6298
5304.65 5.6297
5304.70 5.6296
5304.75 5.6296
5304.80 5.6295
5304.85 5.6295
5304.90 5.6294
5304.95 5.6293
5305.00 5.6293
5305.05 5.6292
5305.10 5.6291
5305.15 5.6290
5305.20 5.6290
5305.25 5.6289
5305.30 5.6288
5305.35 5.6288
5305.40 5.6287
5305.45 5.6286
5305.50 5.6285
5305.55 5.6284
5305.60 5.6284
5305.65 5.6283
5305.70 5.6282
5305.75 5.6281
5305.80 5.6280
5305.85 5.6279
5305.90 5.6279
5305.95 5.6278
5306.00 5.6277
5306.05 5.6276
5306.10 5.6275
5306.15 5.6274
5306.20 5.6273
5306.25 5.6272
5306.30 5.6271
5306.35 5.6270
5306.40 5.6269
5306.45 5.6268
5306.50 5.6267
5306.55 5.6266
5306.60 5.6265
5306.65 5.6264
5306.70 5.6263
5306.75 5.6262
5306.80 5.6261
5306.85 5.6260
5306.90 5.6259
5306.95 5.6258
5307.00 5.6257
5307.05 5.6256
5307.10 5.6254
5307.15 5.6253
5307.20 5.6252
5307.25 5.6251
5307.30 5.6250
5307.35 5.6249
5307.40 5.6247
5307.45 5.6246
5307.50 5.6245
5307.55 5.6244
5307.60 5.6243
5307.65 5.6241
5307.70 5.6240
5307.75 5.6239
5307.80 5.6238
5307.85 5.6236
5307.90 5.6235
5307.95 5.6234
5308.00 5.6232
5308.05 5.6231
5308.10 5.6230
5308.15 5.6228
5308.20 5.6227
5308.25 5.6226
5308.30 5.6224
5308.35 5.6223
5308.40 5.6222
5308.45 5.6220
5308.50 5.6219
5308.55 5.6217
5308.60 5.6216
5308.65 5.6215
5308.70 5.6213
5308.75 5.6212
5308.80 5.6210
5308.85 5.6209
5308.90 5.6207
5308.95 5.6206
5309.00 5.6204
5309.05 5.6203
5309.10 5.6201
5309.15 5.6200
5309.20 5.6198
5309.25 5.6197
5309.30 5.6195
5309.35 5.6193
5309.40 5.6192
5309.45 5.6190
5309.50 5.6189
5309.55 5.6187
5309.60 5.6185
5309.65 5.6184
5309.70 5.6182
5309.75 5.6181
5309.80 5.6179
5309.85 5.6177
5309.90 5.6176
5309.95 5.6174
5310.00 5.6172
5310.05 5.6171
5310.10 5.6169
5310.15 5.6167
5310.20 5.6165
5310.25 5.6164
5310.30 5.6162
5310.35 5.6160
5310.40 5.6159
5310.45 5.6157
5310.50 5.6155
5310.55 5.6153
5310.60 5.6151
5310.65 5.6150
5310.70 5.6148
5310.75 5.6146
5310.80 5.6144
5310.85 5.6142
5310.90 5.6141
5310.95 5.6139
5311.00 5.6137
5311.05 5.6135
5311.10 5.6133
5311.15 5.6131
5311.20 5.6130
5311.25 5.6128
5311.30 5.6126
5311.35 5.6124
5311.40 5.6122
5311.45 5.6120
5311.50 5.6118
5311.55 5.6116
5311.60 5.6114
5311.65 5.6112
5311.70 5.6110
5311.75 5.6108
5311.80 5.6106
5311.85 5.6104
5311.90 5.6102
5311.95 5.6100
5312.00 5.6098
5312.05 5.6096
5312.10 5.6094
5312.15 5.6092
5312.20 5.6090
5312.25 5.6088
5312.30 5.6086
5312.35 5.6084
5312.40 5.6082
5312.45 5.6080
5312.50 5.6078
5312.55 5.6076
5312.60 5.6074
5312.65 5.6072
5312.70 5.6070
5312.75 5.6068
5312.80 5.6065
5312.85 5.6063
5312.90 5.6061
5312.95 5.6059
5313.00 5.6057
5313.05 5.6055
5313.10 5.6053
5313.15 5.6050
5313.20 5.6048
5313.25 5.6046
5313.30 5.6044
5313.35 5.6042
5313.40 5.6039
5313.45 5.6037
5313.50 5.6035
5313.55 5.6033
5313.60 5.6031
5313.65 5.6028
5313.70 5.6026
5313.75 5.6024
5313.80 5.6022
5313.85 5.6019
5313.90 5.6017
5313.95 5.6015
5314.00 5.6013
5314.05 5.6010
5314.10 5.6008
5314.15 5.6006
5314.20 5.6003
5314.25 5.6001
5314.30 5.5999
5314.35 5.5996
5314.40 5.5994
5314.45 5.5992
5314.50 5.5989
5314.55 5.5987
5314.60 5.5985
5314.65 5.5982
5314.70 5.5980
5314.75 5.5978
5314.80 5.5975
5314.85 5.5973
5314.90 5.5971
5314.95 5.5968
5315.00 5.5966
5315.05 5.5963
5315.10 5.5961
5315.15 5.5958
5315.20 5.5956
5315.25 5.5954
5315.30 5.5951
5315.35 5.5949
5315.40 5.5946
5315.45 5.5944
5315.50 5.5941
5315.55 5.5939
5315.60 5.5936
5315.65 5.5934
5315.70 5.5932
5315.75 5.5929
5315.80 5.5927
5315.85 5.5924
5315.90 5.5922
5315.95 5.5919
5316.00 5.5917
5316.05 5.5914
5316.10 5.5911
5316.15 5.5909
5316.20 5.5906
5316.25 5.5904
5316.30 5.5901
5316.35 5.5899
5316.40 5.5896
5316.45 5.5894
5316.50 5.5891
5316.55 5.5889
5316.60 5.5886
5316.65 5.5883
5316.70 5.5881
5316.75 5.5878
5316.80 5.5876
5316.85 5.5873
5316.90 5.5870
5316.95 5.5868
5317.00 5.5865
5317.05 5.5863
5317.10 5.5860
5317.15 5.5857
5317.20 5.5855
5317.25 5.5852
5317.30 5.5849
5317.35 5.5847
5317.40 5.5844
5317.45 5.5841
5317.50 5.5839
5317.55 5.5836
5317.60 5.5833
5317.65 5.5831
5317.70 5.5828
5317.75 5.5825
5317.80 5.5823
5317.85 5.5820
5317.90 5.5817
5317.95 5.5815
5318.00 5.5812
5318.05 5.5809
5318.10 5.5806
5318.15 5.5804
5318.20 5.5801
5318.25 5.5798
5318.30 5.5796
5318.35 5.5793
5318.40 5.5790
5318.45 5.5787
5318.50 5.5785
5318.55 5.5782
5318.60 5.5779
5318.65 5.5776
5318.70 5.5774
5318.75 5.5771
5318.80 5.5768
5318.85 5.5765
5318.90 5.5762
5318.95 5.5760
5319.00 5.5757
5319.05 5.5754
5319.10 5.5751
5319.15 5.5748
5319.20 5.5746
5319.25 5.5743
5319.30 5.5740
5319.35 5.5737
5319.40 5.5734
5319.45 5.5732
5319.50 5.5729
5319.55 5.5726
5319.60 5.5723
5319.65 5.5720
5319.70 5.5717
5319.75 5.5714
5319.80 5.5712
5319.85 5.5709
5319.90 5.5706
5319.95 5.5703
5320.00 5.5700
5320.05 5.5697
5320.10 5.5694
5320.15 5.5692
5320.20 5.5689
5320.25 5.5686
5320.30 5.5683
5320.35 5.5680
5320.40 5.5677
5320.45 5.5674
5320.50 5.5671
5320.55 5.5668
5320.60 5.5666
5320.65 5.5663
5320.70 5.5660
5320.75 5.5657
5320.80 5.5654
5320.85 5.5651
5320.90 5.5648
5320.95 5.5645
5321.00 5.5642
5321.05 5.5639
5321.10 5.5636
5321.15 5.5633
5321.20 5.5630
5321.25 5.5627
5321.30 5.5624
5321.35 5.5622
5321.40 5.5619
5321.45 5.5616
5321.50 5.5613
5321.55 5.5610
5321.60 5.5607
5321.65 5.5604
5321.70 5.5601
5321.75 5.5598
5321.80 5.5595
5321.85 5.5592
5321.90 5.5589
5321.95 5.5586
5322.00 5.5583
5322.05 5.5580
5322.10 5.5577
5322.15 5.5574
5322.20 5.5571
5322.25 5.5568
5322.30 5.5565
5322.35 5.5562
5322.40 5.5559
5322.45 5.5556
5322.50 5.5553
5322.55 5.5550
5322.60 5.5547
5322.65 5.5544
5322.70 5.5541
5322.75 5.5538
5322.80 5.5535
5322.85 5.5532
5322.90 5.5529
5322.95 5.5526
5323.00 5.5523
5323.05 5.5520
5323.10 5.5516
5323.15 5.5513
5323.20 5.5510
5323.25 5.5507
5323.30 5.5504
5323.35 5.5501
5323.40 5.5498
5323.45 5.5495
5323.50 5.5492
5323.55 5.5489
5323.60 5.5486
5323.65 5.5483
5323.70 5.5480
5323.75 5.5477
5323.80 5.5474
5323.85 5.5471
5323.90 5.5468
5323.95 5.5464
5324.00 5.5461
5324.05 5.5458
5324.10 5.5455
5324.15 5.5452
5324.20 5.5449
5324.25 5.5446
5324.30 5.5443
5324.35 5.5440
5324.40 5.5437
5324.45 5.5434
5324.50 5.5430
5324.55 5.5427
5324.60 5.5424
5324.65 5.5421
5324.70 5.5418
5324.75 5.5415
5324.80 5.5412
5324.85 5.5409
5324.90 5.5406
5324.95 5.5402
5325.00 5.5399
5325.05 5.5396
5325.10 5.5393
5325.15 5.5390
5325.20 5.5387
5325.25 5.5384
5325.30 5.5381
5325.35 5.5378
5325.40 5.5374
5325.45 5.5371
5325.50 5.5368
5325.55 5.5365
5325.60 5.5362
5325.65 5.5359
5325.70 5.5356
5325.75 5.5353
5325.80 5.5349
5325.85 5.5346
5325.90 5.5343
5325.95 5.5340
5326.00 5.5337
5326.05 5.5334
5326.10 5.5331
5326.15 5.5327
5326.20 5.5324
5326.25 5.5321
5326.30 5.5318
5326.35 5.5315
5326.40 5.5312
5326.45 5.5309
5326.50 5.5305
5326.55 5.5302
5326.60 5.5299
5326.65 5.5296
5326.70 5.5293
5326.75 5.5290
5326.80 5.5286
5326.85 5.5283
5326.90 5.5280
5326.95 5.5277
5327.00 5.5274
5327.05 5.5271
5327.10 5.5267
5327.15 5.5264
5327.20 5.5261
5327.25 5.5258
5327.30 5.5255
5327.35 5.5252
5327.40 5.5248
5327.45 5.5245
5327.50 5.5242
5327.55 5.5239
5327.60 5.5236
5327.65 5.5233
5327.70 5.5229
5327.75 5.5226
5327.80 5.5223
5327.85 5.5220
5327.90 5.5217
5327.95 5.5214
5328.00 5.5210
5328.05 5.5207
5328.10 5.5204
5328.15 5.5201
5328.20 5.5198
5328.25 5.5195
5328.30 5.5191
5328.35 5.5188
5328.40 5.5185
5328.45 5.5182
5328.50 5.5179
5328.55 5.5176
5328.60 5.5172
5328.65 5.5169
5328.70 5.5166
5328.75 5.5163
5328.80 5.5160
5328.85 5.5156
5328.90 5.5153
5328.95 5.5150
5329.00 5.5147
5329.05 5.5144
5329.10 5.5141
5329.15 5.5137
5329.20 5.5134
5329.25 5.5131
5329.30 5.5128
5329.35 5.5125
5329.40 5.5121
5329.45 5.5118
5329.50 5.5115
5329.55 5.5112
5329.60 5.5109
5329.65 5.5106
5329.70 5.5102
5329.75 5.5099
5329.80 5.5096
5329.85 5.5093
5329.90 5.5090
5329.95 5.5087
5330.00 5.5083
5330.05 5.5080
5330.10 5.5077
5330.15 5.5074
5330.20 5.5071
5330.25 5.5067
5330.30 5.5064
5330.35 5.5061
5330.40 5.5058
5330.45 5.5055
5330.50 5.5052
5330.55 5.5048
5330.60 5.5045
5330.65 5.5042
5330.70 5.5039
5330.75 5.5036
5330.80 5.5033
5330.85 5.5029
5330.90 5.5026
5330.95 5.5023
5331.00 5.5020
5331.05 5.5017
5331.10 5.5013
5331.15 5.5010
5331.20 5.5007
5331.25 5.5004
5331.30 5.5001
5331.35 5.4998
5331.40 5.4994
5331.45 5.4991
5331.50 5.4988
5331.55 5.4985
5331.60 5.4982
5331.65 5.4979
5331.70 5.4975
5331.75 5.4972
5331.80 5.4969
5331.85 5.4966
5331.90 5.4963
5331.95 5.4960
5332.00 5.4956
5332.05 5.4953
5332.10 5.4950
5332.15 5.4947
5332.20 5.4944
5332.25 5.4941
5332.30 5.4937
5332.35 5.4934
5332.40 5.4931
5332.45 5.4928
5332.50 5.4925
5332.55 5.4922
5332.60 5.4919
5332.65 5.4915
5332.70 5.4912
5332.75 5.4909
5332.80 5.4906
5332.85 5.4903
5332.90 5.4900
5332.95 5.4897
5333.00 5.4893
5333.05 5.4890
5333.10 5.4887
5333.15 5.4884
5333.20 5.4881
5333.25 5.4878
5333.30 5.4875
5333.35 5.4871
5333.40 5.4868
5333.45 5.4865
5333.50 5.4862
5333.55 5.4859
5333.60 5.4856
5333.65 5.4853
5333.70 5.4849
5333.75 5.4846
5333.80 5.4843
5333.85 5.4840
5333.90 5.4837
5333.95 5.4834
5334.00 5.4831
5334.05 5.4828
5334.10 5.4824
5334.15 5.4821
5334.20 5.4818
5334.25 5.4815
5334.30 5.4812
5334.35 5.4809
5334.40 5.4806
5334.45 5.4803
5334.50 5.4799
5334.55 5.4796
5334.60 5.4793
5334.65 5.4790
5334.70 5.4787
5334.75 5.4784
5334.80 5.4781
5334.85 5.4778
5334.90 5.4775
5334.95 5.4772
5335.00 5.4768
5335.05 5.4765
5335.10 5.4762
5335.15 5.4759
5335.20 5.4756
5335.25 5.4753
5335.30 5.4750
5335.35 5.4747
5335.40 5.4744
5335.45 5.4741
5335.50 5.4738
5335.55 5.4734
5335.60 5.4731
5335.65 5.4728
5335.70 5.4725
5335.75 5.4722
5335.80 5.4719
5335.85 5.4716
5335.90 5.4713
5335.95 5.4710
5336.00 5.4707
5336.05 5.4704
5336.10 5.4701
5336.15 5.4698
5336.20 5.4695
5336.25 5.4691
5336.30 5.4688
5336.35 5.4685
5336.40 5.4682
5336.45 5.4679
5336.50 5.4676
5336.55 5.4673
5336.60 5.4670
5336.65 5.4667
5336.70 5.4664
5336.75 5.4661
5336.80 5.4658
5336.85 5.4655
5336.90 5.4652
5336.95 5.4649
5337.00 5.4646
5337.05 5.4643
5337.10 5.4640
5337.15 5.4637
5337.20 5.4634
5337.25 5.4631
5337.30 5.4628
5337.35 5.4625
5337.40 5.4622
5337.45 5.4619
5337.50 5.4616
5337.55 5.4613
5337.60 5.4610
5337.65 5.4606
5337.70 5.4603
5337.75 5.4600
5337.80 5.4597
5337.85 5.4594
5337.90 5.4591
5337.95 5.4588
5338.00 5.4585
5338.05 5.4582
5338.10 5.4579
5338.15 5.4577
5338.20 5.4574
5338.25 5.4571
5338.30 5.4568
5338.35 5.4565
5338.40 5.4562
5338.45 5.4559
5338.50 5.4556
5338.55 5.4553
5338.60 5.4550
5338.65 5.4547
5338.70 5.4544
5338.75 5.4541
5338.80 5.4538
5338.85 5.4535
5338.90 5.4532
5338.95 5.4529
5339.00 5.4526
5339.05 5.4523
5339.10 5.4520
5339.15 5.4517
5339.20 5.4514
5339.25 5.4511
5339.30 5.4508
5339.35 5.4505
5339.40 5.4502
5339.45 5.4500
5339.50 5.4497
5339.55 5.4494
5339.60 5.4491
5339.65 5.4488
5339.70 5.4485
5339.75 5.4482
5339.80 5.4479
5339.85 5.4476
5339.90 5.4473
5339.95 5.4470
5340.00 5.4467
5340.05 5.4464
5340.10 5.4462
5340.15 5.4459
5340.20 5.4456
5340.25 5.4453
5340.30 5.4450
5340.35 5.4447
5340.40 5.4444
5340.45 5.4441
5340.50 5.4438
5340.55 5.4436
5340.60 5.4433
5340.65 5.4430
5340.70 5.4427
5340.75 5.4424
5340.80 5.4421
5340.85 5.4418
5340.90 5.4415
5340.95 5.4413
5341.00 5.4410
5341.05 5.4407
5341.10 5.4404
5341.15 5.4401
5341.20 5.4398
5341.25 5.4395
5341.30 5.4393
5341.35 5.4390
5341.40 5.4387
5341.45 5.4384
5341.50 5.4381
5341.55 5.4378
5341.60 5.4376
5341.65 5.4373
5341.70 5.4370
5341.75 5.4367
5341.80 5.4364
5341.85 5.4361
5341.90 5.4359
5341.95 5.4356
5342.00 5.4353
5342.05 5.4350
5342.10 5.4347
5342.15 5.4345
5342.20 5.4342
5342.25 5.4339
5342.30 5.4336
5342.35 5.4333
5342.40 5.4331
5342.45 5.4328
5342.50 5.4325
5342.55 5.4322
5342.60 5.4319
5342.65 5.4317
5342.70 5.4314
5342.75 5.4311
5342.80 5.4308
5342.85 5.4306
5342.90 5.4303
5342.95 5.4300
5343.00 5.4297
5343.05 5.4295
5343.10 5.4292
5343.15 5.4289
5343.20 5.4286
5343.25 5.4284
5343.30 5.4281
5343.35 5.4278
5343.40 5.4275
5343.45 5.4273
5343.50 5.4270
5343.55 5.4267
5343.60 5.4264
5343.65 5.4262
5343.70 5.4259
5343.75 5.4256
5343.80 5.4254
5343.85 5.4251
5343.90 5.4248
5343.95 5.4245
5344.00 5.4243
5344.05 5.4240
5344.10 5.4237
5344.15 5.4235
5344.20 5.4232
5344.25 5.4229
5344.30 5.4227
5344.35 5.4224
5344.40 5.4221
5344.45 5.4218
5344.50 5.4216
5344.55 5.4213
5344.60 5.4210
5344.65 5.4208
5344.70 5.4205
5344.75 5.4202
5344.80 5.4200
5344.85 5.4197
5344.90 5.4195
5344.95 5.4192
5345.00 5.4189
5345.05 5.4187
5345.10 5.4184
5345.15 5.4181
5345.20 5.4179
5345.25 5.4176
5345.30 5.4173
5345.35 5.4171
5345.40 5.4168
5345.45 5.4166
5345.50 5.4163
5345.55 5.4160
5345.60 5.4158
5345.65 5.4155
5345.70 5.4152
5345.75 5.4150
5345.80 5.4147
5345.85 5.4145
5345.90 5.4142
5345.95 5.4139
5346.00 5.4137
5346.05 5.4134
5346.10 5.4132
5346.15 5.4129
5346.20 5.4127
5346.25 5.4124
5346.30 5.4121
5346.35 5.4119
5346.40 5.4116
5346.45 5.4114
5346.50 5.4111
5346.55 5.4109
5346.60 5.4106
5346.65 5.4103
5346.70 5.4101
5346.75 5.4098
5346.80 5.4096
5346.85 5.4093
5346.90 5.4091
5346.95 5.4088
5347.00 5.4086
5347.05 5.4083
5347.10 5.4081
5347.15 5.4078
5347.20 5.4076
5347.25 5.4073
5347.30 5.4071
5347.35 5.4068
5347.40 5.4066
5347.45 5.4063
5347.50 5.4061
5347.55 5.4058
5347.60 5.4056
5347.65 5.4053
5347.70 5.4051
5347.75 5.4048
5347.80 5.4046
5347.85 5.4043
5347.90 5.4041
5347.95 5.4038
5348.00 5.4036
5348.05 5.4033
5348.10 5.4031
5348.15 5.4028
5348.20 5.4026
5348.25 5.4023
5348.30 5.4021
5348.35 5.4018
5348.40 5.4016
5348.45 5.4014
5348.50 5.4011
5348.55 5.4009
5348.60 5.4006
5348.65 5.4004
5348.70 5.4001
5348.75 5.3999
5348.80 5.3997
5348.85 5.3994
5348.90 5.3992
5348.95 5.3989
5349.00 5.3987
5349.05 5.3984
5349.10 5.3982
5349.15 5.3980
5349.20 5.3977
5349.25 5.3975
5349.30 5.3972
5349.35 5.3970
5349.40 5.3968
5349.45 5.3965
5349.50 5.3963
5349.55 5.3961
5349.60 5.3958
5349.65 5.3956
5349.70 5.3953
5349.75 5.3951
5349.80 5.3949
5349.85 5.3946
5349.90 5.3944
5349.95 5.3942
5350.00 5.3939
5350.05 5.3937
5350.10 5.3935
5350.15 5.3932
5350.20 5.3930
5350.25 5.3928
5350.30 5.3925
5350.35 5.3923
5350.40 5.3921
5350.45 5.3918
5350.50 5.3916
5350.55 5.3914
5350.60 5.3911
5350.65 5.3909
5350.70 5.3907
5350.75 5.3904
5350.80 5.3902
5350.85 5.3900
5350.90 5.3897
5350.95 5.3895
5351.00 5.3893
5351.05 5.3891
5351.10 5.3888
5351.15 5.3886
5351.20 5.3884
5351.25 5.3882
5351.30 5.3879
5351.35 5.3877
5351.40 5.3875
5351.45 5.3872
5351.50 5.3870
5351.55 5.3868
5351.60 5.3866
5351.65 5.3863
5351.70 5.3861
5351.75 5.3859
5351.80 5.3857
5351.85 5.3854
5351.90 5.3852
5351.95 5.3850
5352.00 5.3848
5352.05 5.3846
5352.10 5.3843
5352.15 5.3841
5352.20 5.3839
5352.25 5.3837
5352.30 5.3834
5352.35 5.3832
5352.40 5.3830
5352.45 5.3828
5352.50 5.3826
5352.55 5.3823
5352.60 5.3821
5352.65 5.3819
5352.70 5.3817
5352.75 5.3815
5352.80 5.3812
5352.85 5.3810
5352.90 5.3808
5352.95 5.3806
5353.00 5.3804
5353.05 5.3802
5353.10 5.3799
5353.15 5.3797
5353.20 5.3795
5353.25 5.3793
5353.30 5.3791
5353.35 5.3789
5353.40 5.3787
5353.45 5.3784
5353.50 5.3782
5353.55 5.3780
5353.60 5.3778
5353.65 5.3776
5353.70 5.3774
5353.75 5.3772
5353.80 5.3769
5353.85 5.3767
5353.90 5.3765
5353.95 5.3763
5354.00 5.3761
5354.05 5.3759
5354.10 5.3757
5354.15 5.3755
5354.20 5.3753
5354.25 5.3750
5354.30 5.3748
5354.35 5.3746
5354.40 5.3744
5354.45 5.3742
5354.50 5.3740
5354.55 5.3738
5354.60 5.3736
5354.65 5.3734
5354.70 5.3732
5354.75 5.3730
5354.80 5.3728
5354.85 5.3726
5354.90 5.3723
5354.95 5.3721
5355.00 5.3719
5355.05 5.3717
5355.10 5.3715
5355.15 5.3713
5355.20 5.3711
5355.25 5.3709
5355.30 5.3707
5355.35 5.3705
5355.40 5.3703
5355.45 5.3701
5355.50 5.3699
5355.55 5.3697
5355.60 5.3695
5355.65 5.3693
5355.70 5.3691
5355.75 5.3689
5355.80 5.3687
5355.85 5.3685
5355.90 5.3683
5355.95 5.3681
5356.00 5.3679
5356.05 5.3677
5356.10 5.3675
5356.15 5.3673
5356.20 5.3671
5356.25 5.3669
5356.30 5.3667
5356.35 5.3665
5356.40 5.3663
5356.45 5.3661
5356.50 5.3659
5356.55 5.3657
5356.60 5.3655
5356.65 5.3653
5356.70 5.3651
5356.75 5.3649
5356.80 5.3647
5356.85 5.3645
5356.90 5.3643
5356.95 5.3641
5357.00 5.3639
5357.05 5.3638
5357.10 5.3636
5357.15 5.3634
5357.20 5.3632
5357.25 5.3630
5357.30 5.3628
5357.35 5.3626
5357.40 5.3624
5357.45 5.3622
5357.50 5.3620
5357.55 5.3618
5357.60 5.3616
5357.65 5.3614
5357.70 5.3613
5357.75 5.3611
5357.80 5.3609
5357.85 5.3607
5357.90 5.3605
5357.95 5.3603
5358.00 5.3601
5358.05 5.3599
5358.10 5.3597
5358.15 5.3595
5358.20 5.3594
5358.25 5.3592
5358.30 5.3590
5358.35 5.3588
5358.40 5.3586
5358.45 5.3584
5358.50 5.3582
5358.55 5.3580
5358.60 5.3579
5358.65 5.3577
5358.70 5.3575
5358.75 5.3573
5358.80 5.3571
5358.85 5.3569
5358.90 5.3568
5358.95 5.3566
5359.00 5.3564
5359.05 5.3562
5359.10 5.3560
5359.15 5.3558
5359.20 5.3556
5359.25 5.3555
5359.30 5.3553
5359.35 5.3551
5359.40 5.3549
5359.45 5.3547
5359.50 5.3546
5359.55 5.3544
5359.60 5.3542
5359.65 5.3540
5359.70 5.3538
5359.75 5.3536
5359.80 5.3535
5359.85 5.3533
5359.90 5.3531
5359.95 5.3529
5360.00 5.3527
5360.05 5.3526
5360.10 5.3524
5360.15 5.3522
5360.20 5.3520
5360.25 5.3519
5360.30 5.3517
5360.35 5.3515
5360.40 5.3513
5360.45 5.3511
5360.50 5.3510
5360.55 5.3508
5360.60 5.3506
5360.65 5.3504
5360.70 5.3503
5360.75 5.3501
5360.80 5.3499
5360.85 5.3497
5360.90 5.3496
5360.95 5.3494
5361.00 5.3492
5361.05 5.3490
5361.10 5.3489
5361.15 5.3487
5361.20 5.3485
5361.25 5.3483
5361.30 5.3482
5361.35 5.3480
5361.40 5.3478
5361.45 5.3476
5361.50 5.3475
5361.55 5.3473
5361.60 5.3471
5361.65 5.3469
5361.70 5.3468
5361.75 5.3466
5361.80 5.3464
5361.85 5.3463
5361.90 5.3461
5361.95 5.3459
5362.00 5.3457
5362.05 5.3456
5362.10 5.3454
5362.15 5.3452
5362.20 5.3451
5362.25 5.3449
5362.30 5.3447
5362.35 5.3445
5362.40 5.3444
5362.45 5.3442
5362.50 5.3440
5362.55 5.3439
5362.60 5.3437
5362.65 5.3435
5362.70 5.3434
5362.75 5.3432
5362.80 5.3430
5362.85 5.3429
5362.90 5.3427
5362.95 5.3425
5363.00 5.3424
5363.05 5.3422
5363.10 5.3420
5363.15 5.3419
5363.20 5.3417
5363.25 5.3415
5363.30 5.3414
5363.35 5.3412
5363.40 5.3410
5363.45 5.3409
5363.50 5.3407
5363.55 5.3405
5363.60 5.3404
5363.65 5.3402
5363.70 5.3400
5363.75 5.3399
5363.80 5.3397
5363.85 5.3395
5363.90 5.3394
5363.95 5.3392
5364.00 5.3390
5364.05 5.3389
5364.10 5.3387
5364.15 5.3386
5364.20 5.3384
5364.25 5.3382
5364.30 5.3381
5364.35 5.3379
5364.40 5.3377
5364.45 5.3376
5364.50 5.3374
5364.55 5.3373
5364.60 5.3371
5364.65 5.3369
5364.70 5.3368
5364.75 5.3366
5364.80 5.3364
5364.85 5.3363
5364.90 5.3361
5364.95 5.3360
5365.00 5.3358
5365.05 5.3356
5365.10 5.3355
5365.15 5.3353
5365.20 5.3352
5365.25 5.3350
5365.30 5.3348
5365.35 5.3347
5365.40 5.3345
5365.45 5.3344
5365.50 5.3342
5365.55 5.3340
5365.60 5.3339
5365.65 5.3337
5365.70 5.3336
5365.75 5.3334
5365.80 5.3332
5365.85 5.3331
5365.90 5.3329
5365.95 5.3328
5366.00 5.3326
5366.05 5.3324
5366.10 5.3323
5366.15 5.3321
5366.20 5.3320
5366.25 5.3318
5366.30 5.3317
5366.35 5.3315
5366.40 5.3313
5366.45 5.3312
5366.50 5.3310
5366.55 5.3309
5366.60 5.3307
5366.65 5.3306
5366.70 5.3304
5366.75 5.3302
5366.80 5.3301
5366.85 5.3299
5366.90 5.3298
5366.95 5.3296
5367.00 5.3295
5367.05 5.3293
5367.10 5.3291
5367.15 5.3290
5367.20 5.3288
5367.25 5.3287
5367.30 5.3285
5367.35 5.3284
5367.40 5.3282
5367.45 5.3280
5367.50 5.3279
5367.55 5.3277
5367.60 5.3276
5367.65 5.3274
5367.70 5.3273
5367.75 5.3271
5367.80 5.3270
5367.85 5.3268
5367.90 5.3266
5367.95 5.3265
5368.00 5.3263
5368.05 5.3262
5368.10 5.3260
5368.15 5.3259
5368.20 5.3257
5368.25 5.3256
5368.30 5.3254
5368.35 5.3253
5368.40 5.3251
5368.45 5.3249
5368.50 5.3248
5368.55 5.3246
5368.60 5.3245
5368.65 5.3243
5368.70 5.3242
5368.75 5.3240
5368.80 5.3239
5368.85 5.3237
5368.90 5.3236
5368.95 5.3234
5369.00 5.3232
5369.05 5.3231
5369.10 5.3229
5369.15 5.3228
5369.20 5.3226
5369.25 5.3225
5369.30 5.3223
5369.35 5.3222
5369.40 5.3220
5369.45 5.3219
5369.50 5.3217
5369.55 5.3216
5369.60 5.3214
5369.65 5.3212
5369.70 5.3211
5369.75 5.3209
5369.80 5.3208
5369.85 5.3206
5369.90 5.3205
5369.95 5.3203
5370.00 5.3202
5370.05 5.3200
5370.10 5.3199
5370.15 5.3197
5370.20 5.3196
5370.25 5.3194
5370.30 5.3192
5370.35 5.3191
5370.40 5.3189
5370.45 5.3188
5370.50 5.3186
5370.55 5.3185
5370.60 5.3183
5370.65 5.3182
5370.70 5.3180
5370.75 5.3179
5370.80 5.3177
5370.85 5.3176
5370.90 5.3174
5370.95 5.3172
5371.00 5.3171
5371.05 5.3169
5371.10 5.3168
5371.15 5.3166
5371.20 5.3165
5371.25 5.3163
5371.30 5.3162
5371.35 5.3160
5371.40 5.3159
5371.45 5.3157
5371.50 5.3156
5371.55 5.3154
5371.60 5.3152
5371.65 5.3151
5371.70 5.3149
5371.75 5.3148
5371.80 5.3146
5371.85 5.3145
5371.90 5.3143
5371.95 5.3142
5372.00 5.3140
5372.05 5.3139
5372.10 5.3137
5372.15 5.3135
5372.20 5.3134
5372.25 5.3132
5372.30 5.3131
5372.35 5.3129
5372.40 5.3128
5372.45 5.3126
5372.50 5.3125
5372.55 5.3123
5372.60 5.3121
5372.65 5.3120
5372.70 5.3118
5372.75 5.3117
5372.80 5.3115
5372.85 5.3114
5372.90 5.3112
5372.95 5.3111
5373.00 5.3109
5373.05 5.3107
5373.10 5.3106
5373.15 5.3104
5373.20 5.3103
5373.25 5.3101
5373.30 5.3100
5373.35 5.3098
5373.40 5.3096
5373.45 5.3095
5373.50 5.3093
5373.55 5.3092
5373.60 5.3090
5373.65 5.3089
5373.70 5.3087
5373.75 5.3085
5373.80 5.3084
5373.85 5.3082
5373.90 5.3081
5373.95 5.3079
5374.00 5.3078
5374.05 5.3076
5374.10 5.3074
5374.15 5.3073
5374.20 5.3071
5374.25 5.3070
5374.30 5.3068
5374.35 5.3066
5374.40 5.3065
5374.45 5.3063
5374.50 5.3062
5374.55 5.3060
5374.60 5.3058
5374.65 5.3057
5374.70 5.3055
5374.75 5.3054
5374.80 5.3052
5374.85 5.3050
5374.90 5.3049
5374.95 5.3047
5375.00 5.3046
5375.05 5.3044
5375.10 5.3042
5375.15 5.3041
5375.20 5.3039
5375.25 5.3038
5375.30 5.3036
5375.35 5.3034
5375.40 5.3033
5375.45 5.3031
5375.50 5.3029
5375.55 5.3028
5375.60 5.3026
5375.65 5.3024
5375.70 5.3023
5375.75 5.3021
5375.80 5.3020
5375.85 5.3018
5375.90 5.3016
5375.95 5.3015
5376.00 5.3013
5376.05 5.3011
5376.10 5.3010
5376.15 5.3008
5376.20 5.3006
5376.25 5.3005
5376.30 5.3003
5376.35 5.3001
5376.40 5.3000
5376.45 5.2998
5376.50 5.2996
5376.55 5.2995
5376.60 5.2993
5376.65 5.2991
5376.70 5.2990
5376.75 5.2988
5376.80 5.2986
5376.85 5.2985
5376.90 5.2983
5376.95 5.2981
5377.00 5.2980
5377.05 5.2978
5377.10 5.2976
5377.15 5.2975
5377.20 5.2973
5377.25 5.2971
5377.30 5.2969
5377.35 5.2968
5377.40 5.2966
5377.45 5.2964
5377.50 5.2963
5377.55 5.2961
5377.60 5.2959
5377.65 5.2957
5377.70 5.2956
5377.75 5.2954
5377.80 5.2952
5377.85 5.2951
5377.90 5.2949
5377.95 5.2947
5378.00 5.2945
5378.05 5.2944
5378.10 5.2942
5378.15 5.2940
5378.20 5.2938
5378.25 5.2937
5378.30 5.2935
5378.35 5.2933
5378.40 5.2931
5378.45 5.2929
5378.50 5.2928
5378.55 5.2926
5378.60 5.2924
5378.65 5.2922
5378.70 5.2921
5378.75 5.2919
5378.80 5.2917
5378.85 5.2915
5378.90 5.2913
5378.95 5.2912
5379.00 5.2910
5379.05 5.2908
5379.10 5.2906
5379.15 5.2904
5379.20 5.2903
5379.25 5.2901
5379.30 5.2899
5379.35 5.2897
5379.40 5.2895
5379.45 5.2893
5379.50 5.2892
5379.55 5.2890
5379.60 5.2888
5379.65 5.2886
5379.70 5.2884
5379.75 5.2882
5379.80 5.2881
5379.85 5.2879
5379.90 5.2877
5379.95 5.2875
5380.00 5.2873
5380.05 5.2871
5380.10 5.2869
5380.15 5.2867
5380.20 5.2866
5380.25 5.2864
5380.30 5.2862
5380.35 5.2860
5380.40 5.2858
5380.45 5.2856
5380.50 5.2854
5380.55 5.2852
5380.60 5.2850
5380.65 5.2848
5380.70 5.2847
5380.75 5.2845
5380.80 5.2843
5380.85 5.2841
5380.90 5.2839
5380.95 5.2837
5381.00 5.2835
5381.05 5.2833
5381.10 5.2831
5381.15 5.2829
5381.20 5.2827
5381.25 5.2825
5381.30 5.2823
5381.35 5.2821
5381.40 5.2819
5381.45 5.2817
5381.50 5.2815
5381.55 5.2813
5381.60 5.2811
5381.65 5.2809
5381.70 5.2807
5381.75 5.2805
5381.80 5.2803
5381.85 5.2801
5381.90 5.2799
5381.95 5.2797
5382.00 5.2795
5382.05 5.2793
5382.10 5.2791
5382.15 5.2789
5382.20 5.2787
5382.25 5.2785
5382.30 5.2783
5382.35 5.2781
5382.40 5.2779
5382.45 5.2777
5382.50 5.2775
5382.55 5.2772
5382.60 5.2770
5382.65 5.2768
5382.70 5.2766
5382.75 5.2764
5382.80 5.2762
5382.85 5.2760
5382.90 5.2758
5382.95 5.2756
5383.00 5.2753
5383.05 5.2751
5383.10 5.2749
5383.15 5.2747
5383.20 5.2745
5383.25 5.2743
5383.30 5.2741
5383.35 5.2738
5383.40 5.2736
5383.45 5.2734
5383.50 5.2732
5383.55 5.2730
5383.60 5.2728
5383.65 5.2725
5383.70 5.2723
5383.75 5.2721
5383.80 5.2719
5383.85 5.2717
5383.90 5.2714
5383.95 5.2712
5384.00 5.2710
5384.05 5.2708
5384.10 5.2705
5384.15 5.2703
5384.20 5.2701
5384.25 5.2699
5384.30 5.2696
5384.35 5.2694
5384.40 5.2692
5384.45 5.2690
5384.50 5.2687
5384.55 5.2685
5384.60 5.2683
5384.65 5.2680
5384.70 5.2678
5384.75 5.2676
5384.80 5.2673
5384.85 5.2671
5384.90 5.2669
5384.95 5.2666
5385.00 5.2664
5385.05 5.2662
5385.10 5.2659
5385.15 5.2657
5385.20 5.2655
5385.25 5.2652
5385.30 5.2650
5385.35 5.2647
5385.40 5.2645
5385.45 5.2643
5385.50 5.2640
5385.55 5.2638
5385.60 5.2635
5385.65 5.2633
5385.70 5.2630
5385.75 5.2628
5385.80 5.2626
5385.85 5.2623
5385.90 5.2621
5385.95 5.2618
5386.00 5.2616
5386.05 5.2613
5386.10 5.2611
5386.15 5.2608
5386.20 5.2606
5386.25 5.2603
5386.30 5.2601
5386.35 5.2598
5386.40 5.2596
5386.45 5.2593
5386.50 5.2591
5386.55 5.2588
5386.60 5.2586
5386.65 5.2583
5386.70 5.2580
5386.75 5.2578
5386.80 5.2575
5386.85 5.2573
5386.90 5.2570
5386.95 5.2567
5387.00 5.2565
5387.05 5.2562
5387.10 5.2560
5387.15 5.2557
5387.20 5.2554
5387.25 5.2552
5387.30 5.2549
5387.35 5.2546
5387.40 5.2544
5387.45 5.2541
5387.50 5.2538
5387.55 5.2536
5387.60 5.2533
5387.65 5.2530
5387.70 5.2528
5387.75 5.2525
5387.80 5.2522
5387.85 5.2519
5387.90 5.2517
5387.95 5.2514
5388.00 5.2511
5388.05 5.2508
5388.10 5.2506
5388.15 5.2503
5388.20 5.2500
5388.25 5.2497
5388.30 5.2494
5388.35 5.2492
5388.40 5.2489
5388.45 5.2486
5388.50 5.2483
5388.55 5.2480
5388.60 5.2477
5388.65 5.2475
5388.70 5.2472
5388.75 5.2469
5388.80 5.2466
5388.85 5.2463
5388.90 5.2460
5388.95 5.2457
5389.00 5.2454
5389.05 5.2451
5389.10 5.2449
5389.15 5.2446
5389.20 5.2443
5389.25 5.2440
5389.30 5.2437
5389.35 5.2434
5389.40 5.2431
5389.45 5.2428
5389.50 5.2425
5389.55 5.2422
5389.60 5.2419
5389.65 5.2416
5389.70 5.2413
5389.75 5.2410
5389.80 5.2407
5389.85 5.2404
5389.90 5.2401
5389.95 5.2397
5390.00 5.2394
5390.05 5.2391
5390.10 5.2388
5390.15 5.2385
5390.20 5.2382
5390.25 5.2379
5390.30 5.2376
5390.35 5.2373
5390.40 5.2369
5390.45 5.2366
5390.50 5.2363
5390.55 5.2360
5390.60 5.2357
5390.65 5.2353
5390.70 5.2350
5390.75 5.2347
5390.80 5.2344
5390.85 5.2341
5390.90 5.2337
5390.95 5.2334
5391.00 5.2331
5391.05 5.2328
5391.10 5.2324
5391.15 5.2321
5391.20 5.2318
5391.25 5.2314
5391.30 5.2311
5391.35 5.2308
5391.40 5.2304
5391.45 5.2301
5391.50 5.2298
5391.55 5.2294
5391.60 5.2291
5391.65 5.2287
5391.70 5.2284
5391.75 5.2281
5391.80 5.2277
5391.85 5.2274
5391.90 5.2270
5391.95 5.2267
5392.00 5.2263
5392.05 5.2260
5392.10 5.2257
5392.15 5.2253
5392.20 5.2250
5392.25 5.2246
5392.30 5.2243
5392.35 5.2239
5392.40 5.2235
5392.45 5.2232
5392.50 5.2228
5392.55 5.2225
5392.60 5.2221
5392.65 5.2218
5392.70 5.2214
5392.75 5.2210
5392.80 5.2207
5392.85 5.2203
5392.90 5.2199
5392.95 5.2196
5393.00 5.2192
5393.05 5.2188
5393.10 5.2185
5393.15 5.2181
5393.20 5.2177
5393.25 5.2174
5393.30 5.2170
5393.35 5.2166
5393.40 5.2162
5393.45 5.2159
5393.50 5.2155
5393.55 5.2151
5393.60 5.2147
5393.65 5.2144
5393.70 5.2140
5393.75 5.2136
5393.80 5.2132
5393.85 5.2128
5393.90 5.2124
5393.95 5.2120
5394.00 5.2117
5394.05 5.2113
5394.10 5.2109
5394.15 5.2105
5394.20 5.2101
5394.25 5.2097
5394.30 5.2093
5394.35 5.2089
5394.40 5.2085
5394.45 5.2081
5394.50 5.2077
5394.55 5.2073
5394.60 5.2069
5394.65 5.2065
5394.70 5.2061
5394.75 5.2057
5394.80 5.2053
5394.85 5.2049
5394.90 5.2045
5394.95 5.2041
5395.00 5.2037
5395.05 5.2032
5395.10 5.2028
5395.15 5.2024
5395.20 5.2020
5395.25 5.2016
5395.30 5.2012
5395.35 5.2007
5395.40 5.2003
5395.45 5.1999
5395.50 5.1995
5395.55 5.1990
5395.60 5.1986
5395.65 5.1982
5395.70 5.1978
5395.75 5.1973
5395.80 5.1969
5395.85 5.1965
5395.90 5.1960
5395.95 5.1956
5396.00 5.1952
5396.05 5.1947
5396.10 5.1943
5396.15 5.1939
5396.20 5.1934
5396.25 5.1930
5396.30 5.1925
5396.35 5.1921
5396.40 5.1916
5396.45 5.1912
5396.50 5.1907
5396.55 5.1903
5396.60 5.1898
5396.65 5.1894
5396.70 5.1889
5396.75 5.1885
5396.80 5.1880
5396.85 5.1876
5396.90 5.1871
5396.95 5.1866
5397.00 5.1862
5397.05 5.1857
5397.10 5.1853
5397.15 5.1848
5397.20 5.1843
5397.25 5.1839
5397.30 5.1834
5397.35 5.1829
5397.40 5.1824
5397.45 5.1820
5397.50 5.1815
5397.55 5.1810
5397.60 5.1805
5397.65 5.1801
5397.70 5.1796
5397.75 5.1791
5397.80 5.1786
5397.85 5.1781
5397.90 5.1776
5397.95 5.1772
5398.00 5.1767
5398.05 5.1762
5398.10 5.1757
5398.15 5.1752
5398.20 5.1747
5398.25 5.1742
5398.30 5.1737
5398.35 5.1732
5398.40 5.1727
5398.45 5.1722
5398.50 5.1717
5398.55 5.1712
5398.60 5.1707
5398.65 5.1702
5398.70 5.1697
5398.75 5.1692
5398.80 5.1687
5398.85 5.1681
5398.90 5.1676
5398.95 5.1671
5399.00 5.1666
5399.05 5.1661
5399.10 5.1656
5399.15 5.1650
5399.20 5.1645
5399.25 5.1640
5399.30 5.1635
5399.35 5.1629
5399.40 5.1624
5399.45 5.1619
5399.50 5.1613
5399.55 5.1608
5399.60 5.1603
5399.65 5.1597
5399.70 5.1592
5399.75 5.1587
5399.80 5.1581
5399.85 5.1576
5399.90 5.1570
5399.95 5.1565
5400.00 5.1559
5400.05 5.1554
5400.10 5.1548
5400.15 5.1543
5400.20 5.1537
5400.25 5.1532
5400.30 5.1526
5400.35 5.1521
5400.40 5.1515
5400.45 5.1509
5400.50 5.1504
5400.55 5.1498
5400.60 5.1492
5400.65 5.1487
5400.70 5.1481
5400.75 5.1475
5400.80 5.1470
5400.85 5.1464
5400.90 5.1458
5400.95 5.1452
5401.00 5.1447
5401.05 5.1441
5401.10 5.1435
5401.15 5.1429
5401.20 5.1423
5401.25 5.1417
5401.30 5.1411
5401.35 5.1406
5401.40 5.1400
5401.45 5.1394
5401.50 5.1388
5401.55 5.1382
5401.60 5.1376
5401.65 5.1370
5401.70 5.1364
5401.75 5.1358
5401.80 5.1352
5401.85 5.1346
5401.90 5.1340
5401.95 5.1333
5402.00 5.1327
5402.05 5.1321
5402.10 5.1315
5402.15 5.1309
5402.20 5.1303
5402.25 5.1296
5402.30 5.1290
5402.35 5.1284
5402.40 5.1278
5402.45 5.1271
5402.50 5.1265
5402.55 5.1259
5402.60 5.1253
5402.65 5.1246
5402.70 5.1240
5402.75 5.1233
5402.80 5.1227
5402.85 5.1221
5402.90 5.1214
5402.95 5.1208
5403.00 5.1201
5403.05 5.1195
5403.10 5.1188
5403.15 5.1182
5403.20 5.1175
5403.25 5.1169
5403.30 5.1162
5403.35 5.1156
5403.40 5.1149
5403.45 5.1142
5403.50 5.1136
5403.55 5.1129
5403.60 5.1122
5403.65 5.1116
5403.70 5.1109
5403.75 5.1102
5403.80 5.1095
5403.85 5.1089
5403.90 5.1082
5403.95 5.1075
5404.00 5.1068
5404.05 5.1061
5404.10 5.1055
5404.15 5.1048
5404.20 5.1041
5404.25 5.1034
5404.30 5.1027
5404.35 5.1020
5404.40 5.1013
5404.45 5.1006
5404.50 5.0999
5404.55 5.0992
5404.60 5.0985
5404.65 5.0978
5404.70 5.0971
5404.75 5.0964
5404.80 5.0957
5404.85 5.0949
5404.90 5.0942
5404.95 5.0935
5405.00 5.0928
5405.05 5.0921
5405.10 5.0913
5405.15 5.0906
5405.20 5.0899
5405.25 5.0892
5405.30 5.0884
5405.35 5.0877
5405.40 5.0870
5405.45 5.0862
5405.50 5.0855
5405.55 5.0847
5405.60 5.0840
5405.65 5.0832
5405.70 5.0825
5405.75 5.0817
5405.80 5.0810
5405.85 5.0802
5405.90 5.0795
5405.95 5.0787
5406.00 5.0780
5406.05 5.0772
5406.10 5.0764
5406.15 5.0757
5406.20 5.0749
5406.25 5.0741
5406.30 5.0734
5406.35 5.0726
5406.40 5.0718
5406.45 5.0710
5406.50 5.0703
5406.55 5.0695
5406.60 5.0687
5406.65 5.0679
5406.70 5.0671
5406.75 5.0663
5406.80 5.0655
5406.85 5.0647
5406.90 5.0640
5406.95 5.0632
5407.00 5.0624
5407.05 5.0615
5407.10 5.0607
5407.15 5.0599
5407.20 5.0591
5407.25 5.0583
5407.30 5.0575
5407.35 5.0567
5407.40 5.0559
5407.45 5.0551
5407.50 5.0542
5407.55 5.0534
5407.60 5.0526
5407.65 5.0518
5407.70 5.0509
5407.75 5.0501
5407.80 5.0493
5407.85 5.0484
5407.90 5.0476
5407.95 5.0467
5408.00 5.0459
5408.05 5.0451
5408.10 5.0442
5408.15 5.0434
5408.20 5.0425
5408.25 5.0417
5408.30 5.0408
5408.35 5.0399
5408.40 5.0391
5408.45 5.0382
5408.50 5.0373
5408.55 5.0365
5408.60 5.0356
5408.65 5.0347
5408.70 5.0339
5408.75 5.0330
5408.80 5.0321
5408.85 5.0312
5408.90 5.0303
5408.95 5.0295
5409.00 5.0286
5409.05 5.0277
5409.10 5.0268
5409.15 5.0259
5409.20 5.0250
5409.25 5.0241
5409.30 5.0232
5409.35 5.0223
5409.40 5.0214
5409.45 5.0205
5409.50 5.0196
5409.55 5.0187
5409.60 5.0177
5409.65 5.0168
5409.70 5.0159
5409.75 5.0150
5409.80 5.0141
5409.85 5.0131
5409.90 5.0122
5409.95 5.0113
5410.00 5.0103
5410.05 5.0094
5410.10 5.0085
5410.15 5.0075
5410.20 5.0066
5410.25 5.0056
5410.30 5.0047
5410.35 5.0037
5410.40 5.0028
5410.45 5.0018
5410.50 5.0009
5410.55 4.9999
5410.60 4.9990
5410.65 4.9980
5410.70 4.9970
5410.75 4.9961
5410.80 4.9951
5410.85 4.9941
5410.90 4.9931
5410.95 4.9922
5411.00 4.9912
5411.05 4.9902
5411.10 4.9892
5411.15 4.9882
5411.20 4.9872
5411.25 4.9862
5411.30 4.9852
5411.35 4.9842
5411.40 4.9832
5411.45 4.9822
5411.50 4.9812
5411.55 4.9802
5411.60 4.9792
5411.65 4.9782
5411.70 4.9772
5411.75 4.9762
5411.80 4.9751
5411.85 4.9741
5411.90 4.9731
5411.95 4.9721
5412.00 4.9710
5412.05 4.9700
5412.10 4.9690
5412.15 4.9679
5412.20 4.9669
5412.25 4.9658
5412.30 4.9648
5412.35 4.9638
5412.40 4.9627
5412.45 4.9616
5412.50 4.9606
5412.55 4.9595
5412.60 4.9585
5412.65 4.9574
5412.70 4.9563
5412.75 4.9553
5412.80 4.9542
5412.85 4.9531
5412.90 4.9520
5412.95 4.9510
5413.00 4.9499
5413.05 4.9488
5413.10 4.9477
5413.15 4.9466
5413.20 4.9455
5413.25 4.9444
5413.30 4.9433
5413.35 4.9422
5413.40 4.9411
5413.45 4.9400
5413.50 4.9389
5413.55 4.9378
5413.60 4.9367
5413.65 4.9356
5413.70 4.9345
5413.75 4.9333
5413.80 4.9322
5413.85 4.9311
5413.90 4.9300
5413.95 4.9288
5414.00 4.9277
5414.05 4.9265
5414.10 4.9254
5414.15 4.9243
5414.20 4.9231
5414.25 4.9220
5414.30 4.9208
5414.35 4.9197
5414.40 4.9185
5414.45 4.9173
5414.50 4.9162
5414.55 4.9150
5414.60 4.9138
5414.65 4.9127
5414.70 4.9115
5414.75 4.9103
5414.80 4.9091
5414.85 4.9080
5414.90 4.9068
5414.95 4.9056
5415.00 4.9044
5415.05 4.9032
5415.10 4.9020
5415.15 4.9008
5415.20 4.8996
5415.25 4.8984
5415.30 4.8972
5415.35 4.8960
5415.40 4.8948
5415.45 4.8936
5415.50 4.8923
5415.55 4.8911
5415.60 4.8899
5415.65 4.8887
5415.70 4.8874
5415.75 4.8862
5415.80 4.8850
5415.85 4.8837
5415.90 4.8825
5415.95 4.8812
5416.00 4.8800
5416.05 4.8787
5416.10 4.8775
5416.15 4.8762
5416.20 4.8750
5416.25 4.8737
5416.30 4.8724
5416.35 4.8712
5416.40 4.8699
5416.45 4.8686
5416.50 4.8674
5416.55 4.8661
5416.60 4.8648
5416.65 4.8635
5416.70 4.8622
5416.75 4.8609
5416.80 4.8596
5416.85 4.8583
5416.90 4.8570
5416.95 4.8557
5417.00 4.8544
5417.05 4.8531
5417.10 4.8518
5417.15 4.8505
5417.20 4.8492
5417.25 4.8478
5417.30 4.8465
5417.35 4.8452
5417.40 4.8439
5417.45 4.8425
5417.50 4.8412
5417.55 4.8398
5417.60 4.8385
5417.65 4.8372
5417.70 4.8358
5417.75 4.8345
5417.80 4.8331
5417.85 4.8317
5417.90 4.8304
5417.95 4.8290
5418.00 4.8276
5418.05 4.8263
5418.10 4.8249
5418.15 4.8235
5418.20 4.8221
5418.25 4.8208
5418.30 4.8194
5418.35 4.8180
5418.40 4.8166
5418.45 4.8152
5418.50 4.8138
5418.55 4.8124
5418.60 4.8110
5418.65 4.8096
5418.70 4.8082
5418.75 4.8068
5418.80 4.8053
5418.85 4.8039
5418.90 4.8025
5418.95 4.8011
5419.00 4.7996
5419.05 4.7982
5419.10 4.7968
5419.15 4.7953
5419.20 4.7939
5419.25 4.7924
5419.30 4.7910
5419.35 4.7895
5419.40 4.7881
5419.45 4.7866
5419.50 4.7852
5419.55 4.7837
5419.60 4.7822
5419.65 4.7807
5419.70 4.7793
5419.75 4.7778
5419.80 4.7763
5419.85 4.7748
5419.90 4.7733
5419.95 4.7718
5420.00 4.7703
5420.05 4.7688
5420.10 4.7673
5420.15 4.7658
5420.20 4.7643
5420.25 4.7628
5420.30 4.7613
5420.35 4.7598
5420.40 4.7583
5420.45 4.7567
5420.50 4.7552
5420.55 4.7537
5420.60 4.7521
5420.65 4.7506
5420.70 4.7491
5420.75 4.7475
5420.80 4.7460
5420.85 4.7444
5420.90 4.7429
5420.95 4.7413
5421.00 4.7397
5421.05 4.7382
5421.10 4.7366
5421.15 4.7350
5421.20 4.7335
5421.25 4.7319
5421.30 4.7303
5421.35 4.7287
5421.40 4.7271
5421.45 4.7255
5421.50 4.7239
5421.55 4.7223
5421.60 4.7207
5421.65 4.7191
5421.70 4.7175
5421.75 4.7159
5421.80 4.7143
5421.85 4.7126
5421.90 4.7110
5421.95 4.7094
5422.00 4.7078
5422.05 4.7061
5422.10 4.7045
5422.15 4.7028
5422.20 4.7012
5422.25 4.6995
5422.30 4.6979
5422.35 4.6962
5422.40 4.6946
5422.45 4.6929
