5835.50 4.2285
5835.55 4.2285
5835.60 4.2286
5835.65 4.2286
5835.70 4.2286
5835.75 4.2286
5835.80 4.2286
5835.85 4.2287
5835.90 4.2287
5835.95 4.2288
5836.00 4.2288
5836.05 4.2289
5836.10 4.2289
5836.15 4.2290
5836.20 4.2291
5836.25 4.2292
5836.30 4.2292
5836.35 4.2293
5836.40 4.2294
5836.45 4.2295
5836.50 4.2296
5836.55 4.2297
5836.60 4.2298
5836.65 4.2300
5836.70 4.2301
5836.75 4.2302
5836.80 4.2304
5836.85 4.2305
5836.90 4.2306
5836.95 4.2308
5837.00 4.2309
5837.05 4.2311
5837.10 4.2313
5837.15 4.2314
5837.20 4.2316
5837.25 4.2318
5837.30 4.2320
5837.35 4.2322
5837.40 4.2324
5837.45 4.2326
5837.50 4.2328
5837.55 4.2330
5837.60 4.2332
5837.65 4.2334
5837.70 4.2336
5837.75 4.2339
5837.80 4.2341
5837.85 4.2343
5837.90 4.2346
5837.95 4.2348
5838.00 4.2351
5838.05 4.2353
5838.10 4.2356
5838.15 4.2359
5838.20 4.2362
5838.25 4.2364
5838.30 4.2367
5838.35 4.2370
5838.40 4.2373
5838.45 4.2376
5838.50 4.2379
5838.55 4.2382
5838.60 4.2385
5838.65 4.2388
5838.70 4.2392
5838.75 4.2395
5838.80 4.2398
5838.85 4.2401
5838.90 4.2405
5838.95 4.2408
5839.00 4.2412
5839.05 4.2415
5839.10 4.2419
5839.15 4.2423
5839.20 4.2426
5839.25 4.2430
5839.30 4.2434
5839.35 4.2438
5839.40 4.2441
5839.45 4.2445
5839.50 4.2449
5839.55 4.2453
5839.60 4.2457
5839.65 4.2461
5839.70 4.2465
5839.75 4.2470
5839.80 4.2474
5839.85 4.2478
5839.90 4.2482
5839.95 4.2487
5840.00 4.2491
5840.05 4.2495
5840.10 4.2500
5840.15 4.2504
5840.20 4.2509
5840.25 4.2513
5840.30 4.2518
5840.35 4.2523
5840.40 4.2527
5840.45 4.2532
5840.50 4.2537
5840.55 4.2542
5840.60 4.2547
5840.65 4.2551
5840.70 4.2556
5840.75 4.2561
5840.80 4.2566
5840.85 4.2571
5840.90 4.2576
5840.95 4.2582
5841.00 4.2587
5841.05 4.2592
5841.10 4.2597
5841.15 4.2602
5841.20 4.2608
5841.25 4.2613
5841.30 4.2619
5841.35 4.2624
5841.40 4.2629
5841.45 4.2635
5841.50 4.2640
5841.55 4.2646
5841.60 4.2652
5841.65 4.2657
5841.70 4.2663
5841.75 4.2669
5841.80 4.2674
5841.85 4.2680
5841.90 4.2686
5841.95 4.2692
5842.00 4.2697
5842.05 4.2703
5842.10 4.2709
5842.15 4.2715
5842.20 4.2721
5842.25 4.2727
5842.30 4.2733
5842.35 4.2739
5842.40 4.2745
5842.45 4.2752
5842.50 4.2758
5842.55 4.2764
5842.60 4.2770
5842.65 4.2776
5842.70 4.2783
5842.75 4.2789
5842.80 4.2795
5842.85 4.2802
5842.90 4.2808
5842.95 4.2815
5843.00 4.2821
5843.05 4.2828
5843.10 4.2834
5843.15 4.2841
5843.20 4.2847
5843.25 4.2854
5843.30 4.2860
5843.35 4.2867
5843.40 4.2874
5843.45 4.2880
5843.50 4.2887
5843.55 4.2894
5843.60 4.2900
5843.65 4.2907
5843.70 4.2914
5843.75 4.2921
5843.80 4.2928
5843.85 4.2935
5843.90 4.2941
5843.95 4.2948
5844.00 4.2955
5844.05 4.2962
5844.10 4.2969
5844.15 4.2976
5844.20 4.2983
5844.25 4.2990
5844.30 4.2997
5844.35 4.3004
5844.40 4.3012
5844.45 4.3019
5844.50 4.3026
5844.55 4.3033
5844.60 4.3040
5844.65 4.3047
5844.70 4.3054
5844.75 4.3062
5844.80 4.3069
5844.85 4.3076
5844.90 4.3083
5844.95 4.3091
5845.00 4.3098
5845.05 4.3105
5845.10 4.3113
5845.15 4.3120
5845.20 4.3127
5845.25 4.3135
5845.30 4.3142
5845.35 4.3150
5845.40 4.3157
5845.45 4.3164
5845.50 4.3172
5845.55 4.3179
5845.60 4.3187
5845.65 4.3194
5845.70 4.3202
5845.75 4.3209
5845.80 4.3217
5845.85 4.3224
5845.90 4.3232
5845.95 4.3239
5846.00 4.3247
5846.05 4.3254
5846.10 4.3262
5846.15 4.3270
5846.20 4.3277
5846.25 4.3285
5846.30 4.3292
5846.35 4.3300
5846.40 4.3308
5846.45 4.3315
5846.50 4.3323
5846.55 4.3331
5846.60 4.3338
5846.65 4.3346
5846.70 4.3354
5846.75 4.3361
5846.80 4.3369
5846.85 4.3377
5846.90 4.3384
5846.95 4.3392
5847.00 4.3400
5847.05 4.3407
5847.10 4.3415
5847.15 4.3423
5847.20 4.3431
5847.25 4.3438
5847.30 4.3446
5847.35 4.3454
5847.40 4.3462
5847.45 4.3469
5847.50 4.3477
5847.55 4.3485
5847.60 4.3493
5847.65 4.3500
5847.70 4.3508
5847.75 4.3516
5847.80 4.3523
5847.85 4.3531
5847.90 4.3539
5847.95 4.3547
5848.00 4.3554
5848.05 4.3562
5848.10 4.3570
5848.15 4.3578
5848.20 4.3585
5848.25 4.3593
5848.30 4.3601
5848.35 4.3609
5848.40 4.3616
5848.45 4.3624
5848.50 4.3632
5848.55 4.3640
5848.60 4.3647
5848.65 4.3655
5848.70 4.3663
5848.75 4.3670
5848.80 4.3678
5848.85 4.3686
5848.90 4.3694
5848.95 4.3701
5849.00 4.3709
5849.05 4.3717
5849.10 4.3724
5849.15 4.3732
5849.20 4.3740
5849.25 4.3747
5849.30 4.3755
5849.35 4.3763
5849.40 4.3770
5849.45 4.3778
5849.50 4.3786
5849.55 4.3793
5849.60 4.3801
5849.65 4.3808
5849.70 4.3816
5849.75 4.3824
5849.80 4.3831
5849.85 4.3839
5849.90 4.3846
5849.95 4.3854
5850.00 4.3861
5850.05 4.3869
5850.10 4.3877
5850.15 4.3884
5850.20 4.3892
5850.25 4.3899
5850.30 4.3907
5850.35 4.3914
5850.40 4.3922
5850.45 4.3929
5850.50 4.3936
5850.55 4.3944
5850.60 4.3951
5850.65 4.3959
5850.70 4.3966
5850.75 4.3973
5850.80 4.3981
5850.85 4.3988
5850.90 4.3996
5850.95 4.4003
5851.00 4.4010
5851.05 4.4018
5851.10 4.4025
5851.15 4.4032
5851.20 4.4039
5851.25 4.4047
5851.30 4.4054
5851.35 4.4061
5851.40 4.4068
5851.45 4.4076
5851.50 4.4083
5851.55 4.4090
5851.60 4.4097
5851.65 4.4104
5851.70 4.4111
5851.75 4.4119
5851.80 4.4126
5851.85 4.4133
5851.90 4.4140
5851.95 4.4147
5852.00 4.4154
5852.05 4.4161
5852.10 4.4168
5852.15 4.4175
5852.20 4.4182
5852.25 4.4189
5852.30 4.4196
5852.35 4.4203
5852.40 4.4210
5852.45 4.4217
5852.50 4.4223
5852.55 4.4230
5852.60 4.4237
5852.65 4.4244
5852.70 4.4251
5852.75 4.4258
5852.80 4.4264
5852.85 4.4271
5852.90 4.4278
5852.95 4.4284
5853.00 4.4291
5853.05 4.4298
5853.10 4.4305
5853.15 4.4311
5853.20 4.4318
5853.25 4.4324
5853.30 4.4331
5853.35 4.4338
5853.40 4.4344
5853.45 4.4351
5853.50 4.4357
5853.55 4.4364
5853.60 4.4370
5853.65 4.4376
5853.70 4.4383
5853.75 4.4389
5853.80 4.4396
5853.85 4.4402
5853.90 4.4408
5853.95 4.4415
5854.00 4.4421
5854.05 4.4427
5854.10 4.4434
5854.15 4.4440
5854.20 4.4446
5854.25 4.4452
5854.30 4.4458
5854.35 4.4464
5854.40 4.4471
5854.45 4.4477
5854.50 4.4483
5854.55 4.4489
5854.60 4.4495
5854.65 4.4501
5854.70 4.4507
5854.75 4.4513
5854.80 4.4519
5854.85 4.4525
5854.90 4.4531
5854.95 4.4537
5855.00 4.4542
5855.05 4.4548
5855.10 4.4554
5855.15 4.4560
5855.20 4.4566
5855.25 4.4571
5855.30 4.4577
5855.35 4.4583
5855.40 4.4589
5855.45 4.4594
5855.50 4.4600
5855.55 4.4606
5855.60 4.4611
5855.65 4.4617
5855.70 4.4622
5855.75 4.4628
5855.80 4.4633
5855.85 4.4639
5855.90 4.4644
5855.95 4.4650
5856.00 4.4655
5856.05 4.4660
5856.10 4.4666
5856.15 4.4671
5856.20 4.4676
5856.25 4.4682
5856.30 4.4687
5856.35 4.4692
5856.40 4.4697
5856.45 4.4703
5856.50 4.4708
5856.55 4.4713
5856.60 4.4718
5856.65 4.4723
5856.70 4.4728
5856.75 4.4733
5856.80 4.4738
5856.85 4.4743
5856.90 4.4748
5856.95 4.4753
5857.00 4.4758
5857.05 4.4763
5857.10 4.4768
5857.15 4.4773
5857.20 4.4777
5857.25 4.4782
5857.30 4.4787
5857.35 4.4792
5857.40 4.4797
5857.45 4.4801
5857.50 4.4806
5857.55 4.4811
5857.60 4.4815
5857.65 4.4820
5857.70 4.4824
5857.75 4.4829
5857.80 4.4833
5857.85 4.4838
5857.90 4.4842
5857.95 4.4847
5858.00 4.4851
5858.05 4.4856
5858.10 4.4860
5858.15 4.4864
5858.20 4.4869
5858.25 4.4873
5858.30 4.4877
5858.35 4.4881
5858.40 4.4886
5858.45 4.4890
5858.50 4.4894
5858.55 4.4898
5858.60 4.4902
5858.65 4.4906
5858.70 4.4910
5858.75 4.4914
5858.80 4.4918
5858.85 4.4922
5858.90 4.4926
5858.95 4.4930
5859.00 4.4934
5859.05 4.4938
5859.10 4.4942
5859.15 4.4946
5859.20 4.4950
5859.25 4.4953
5859.30 4.4957
5859.35 4.4961
5859.40 4.4965
5859.45 4.4968
5859.50 4.4972
5859.55 4.4976
5859.60 4.4979
5859.65 4.4983
5859.70 4.4986
5859.75 4.4990
5859.80 4.4993
5859.85 4.4997
5859.90 4.5000
5859.95 4.5004
5860.00 4.5007
5860.05 4.5011
5860.10 4.5014
5860.15 4.5017
5860.20 4.5021
5860.25 4.5024
5860.30 4.5027
5860.35 4.5030
5860.40 4.5033
5860.45 4.5037
5860.50 4.5040
5860.55 4.5043
5860.60 4.5046
5860.65 4.5049
5860.70 4.5052
5860.75 4.5055
5860.80 4.5058
5860.85 4.5061
5860.90 4.5064
5860.95 4.5067
5861.00 4.5070
5861.05 4.5073
5861.10 4.5076
5861.15 4.5078
5861.20 4.5081
5861.25 4.5084
5861.30 4.5087
5861.35 4.5089
5861.40 4.5092
5861.45 4.5095
5861.50 4.5097
5861.55 4.5100
5861.60 4.5103
5861.65 4.5105
5861.70 4.5108
5861.75 4.5110
5861.80 4.5113
5861.85 4.5115
5861.90 4.5118
5861.95 4.5120
5862.00 4.5122
5862.05 4.5125
5862.10 4.5127
5862.15 4.5129
5862.20 4.5132
5862.25 4.5134
5862.30 4.5136
5862.35 4.5138
5862.40 4.5141
5862.45 4.5143
5862.50 4.5145
5862.55 4.5147
5862.60 4.5149
5862.65 4.5151
5862.70 4.5153
5862.75 4.5155
5862.80 4.5157
5862.85 4.5159
5862.90 4.5161
5862.95 4.5163
5863.00 4.5165
5863.05 4.5167
5863.10 4.5169
5863.15 4.5170
5863.20 4.5172
5863.25 4.5174
5863.30 4.5176
5863.35 4.5177
5863.40 4.5179
5863.45 4.5181
5863.50 4.5182
5863.55 4.5184
5863.60 4.5186
5863.65 4.5187
5863.70 4.5189
5863.75 4.5190
5863.80 4.5192
5863.85 4.5193
5863.90 4.5195
5863.95 4.5196
5864.00 4.5197
5864.05 4.5199
5864.10 4.5200
5864.15 4.5202
5864.20 4.5203
5864.25 4.5204
5864.30 4.5205
5864.35 4.5207
5864.40 4.5208
5864.45 4.5209
5864.50 4.5210
5864.55 4.5211
5864.60 4.5212
5864.65 4.5213
5864.70 4.5215
5864.75 4.5216
5864.80 4.5217
5864.85 4.5218
5864.90 4.5219
5864.95 4.5220
5865.00 4.5220
5865.05 4.5221
5865.10 4.5222
5865.15 4.5223
5865.20 4.5224
5865.25 4.5225
5865.30 4.5226
5865.35 4.5226
5865.40 4.5227
5865.45 4.5228
5865.50 4.5228
5865.55 4.5229
5865.60 4.5230
5865.65 4.5230
5865.70 4.5231
5865.75 4.5232
5865.80 4.5232
5865.85 4.5233
5865.90 4.5233
5865.95 4.5234
5866.00 4.5234
5866.05 4.5235
5866.10 4.5235
5866.15 4.5235
5866.20 4.5236
5866.25 4.5236
5866.30 4.5236
5866.35 4.5237
5866.40 4.5237
5866.45 4.5237
5866.50 4.5238
5866.55 4.5238
5866.60 4.5238
5866.65 4.5238
5866.70 4.5238
5866.75 4.5238
5866.80 4.5239
5866.85 4.5239
5866.90 4.5239
5866.95 4.5239
5867.00 4.5239
5867.05 4.5239
5867.10 4.5239
5867.15 4.5239
5867.20 4.5239
5867.25 4.5239
5867.30 4.5238
5867.35 4.5238
5867.40 4.5238
5867.45 4.5238
5867.50 4.5238
5867.55 4.5238
5867.60 4.5237
5867.65 4.5237
5867.70 4.5237
5867.75 4.5237
5867.80 4.5236
5867.85 4.5236
5867.90 4.5236
5867.95 4.5235
5868.00 4.5235
5868.05 4.5234
5868.10 4.5234
5868.15 4.5233
5868.20 4.5233
5868.25 4.5232
5868.30 4.5232
5868.35 4.5231
5868.40 4.5231
5868.45 4.5230
5868.50 4.5230
5868.55 4.5229
5868.60 4.5228
5868.65 4.5228
5868.70 4.5227
5868.75 4.5226
5868.80 4.5226
5868.85 4.5225
5868.90 4.5224
5868.95 4.5223
5869.00 4.5223
5869.05 4.5222
5869.10 4.5221
5869.15 4.5220
5869.20 4.5219
5869.25 4.5218
5869.30 4.5217
5869.35 4.5216
5869.40 4.5215
5869.45 4.5214
5869.50 4.5214
5869.55 4.5212
5869.60 4.5211
5869.65 4.5210
5869.70 4.5209
5869.75 4.5208
5869.80 4.5207
5869.85 4.5206
5869.90 4.5205
5869.95 4.5204
5870.00 4.5203
5870.05 4.5201
5870.10 4.5200
5870.15 4.5199
5870.20 4.5198
5870.25 4.5196
5870.30 4.5195
5870.35 4.5194
5870.40 4.5193
5870.45 4.5191
5870.50 4.5190
5870.55 4.5188
5870.60 4.5187
5870.65 4.5186
5870.70 4.5184
5870.75 4.5183
5870.80 4.5181
5870.85 4.5180
5870.90 4.5178
5870.95 4.5177
5871.00 4.5175
5871.05 4.5174
5871.10 4.5172
5871.15 4.5171
5871.20 4.5169
5871.25 4.5168
5871.30 4.5166
5871.35 4.5164
5871.40 4.5163
5871.45 4.5161
5871.50 4.5159
5871.55 4.5158
5871.60 4.5156
5871.65 4.5154
5871.70 4.5152
5871.75 4.5151
5871.80 4.5149
5871.85 4.5147
5871.90 4.5145
5871.95 4.5143
5872.00 4.5142
5872.05 4.5140
5872.10 4.5138
5872.15 4.5136
5872.20 4.5134
5872.25 4.5132
5872.30 4.5130
5872.35 4.5128
5872.40 4.5126
5872.45 4.5124
5872.50 4.5122
5872.55 4.5120
5872.60 4.5118
5872.65 4.5116
5872.70 4.5114
5872.75 4.5112
5872.80 4.5110
5872.85 4.5108
5872.90 4.5106
5872.95 4.5104
5873.00 4.5102
5873.05 4.5099
5873.10 4.5097
5873.15 4.5095
5873.20 4.5093
5873.25 4.5091
5873.30 4.5088
5873.35 4.5086
5873.40 4.5084
5873.45 4.5082
5873.50 4.5080
5873.55 4.5077
5873.60 4.5075
5873.65 4.5073
5873.70 4.5070
5873.75 4.5068
5873.80 4.5066
5873.85 4.5063
5873.90 4.5061
5873.95 4.5059
5874.00 4.5056
5874.05 4.5054
5874.10 4.5051
5874.15 4.5049
5874.20 4.5047
5874.25 4.5044
5874.30 4.5042
5874.35 4.5039
5874.40 4.5037
5874.45 4.5034
5874.50 4.5032
5874.55 4.5029
5874.60 4.5027
5874.65 4.5024
5874.70 4.5022
5874.75 4.5019
5874.80 4.5016
5874.85 4.5014
5874.90 4.5011
5874.95 4.5009
5875.00 4.5006
5875.05 4.5003
5875.10 4.5001
5875.15 4.4998
5875.20 4.4996
5875.25 4.4993
5875.30 4.4990
5875.35 4.4988
5875.40 4.4985
5875.45 4.4982
5875.50 4.4979
5875.55 4.4977
5875.60 4.4974
5875.65 4.4971
5875.70 4.4969
5875.75 4.4966
5875.80 4.4963
5875.85 4.4960
5875.90 4.4958
5875.95 4.4955
5876.00 4.4952
5876.05 4.4949
5876.10 4.4946
5876.15 4.4944
5876.20 4.4941
5876.25 4.4938
5876.30 4.4935
5876.35 4.4932
5876.40 4.4929
5876.45 4.4926
5876.50 4.4924
5876.55 4.4921
5876.60 4.4918
5876.65 4.4915
5876.70 4.4912
5876.75 4.4909
5876.80 4.4906
5876.85 4.4903
5876.90 4.4900
5876.95 4.4897
5877.00 4.4895
5877.05 4.4892
5877.10 4.4889
5877.15 4.4886
5877.20 4.4883
5877.25 4.4880
5877.30 4.4877
5877.35 4.4874
5877.40 4.4871
5877.45 4.4868
5877.50 4.4865
5877.55 4.4862
5877.60 4.4859
5877.65 4.4856
5877.70 4.4853
5877.75 4.4850
5877.80 4.4847
5877.85 4.4844
5877.90 4.4841
5877.95 4.4838
5878.00 4.4835
5878.05 4.4832
5878.10 4.4829
5878.15 4.4826
5878.20 4.4822
5878.25 4.4819
5878.30 4.4816
5878.35 4.4813
5878.40 4.4810
5878.45 4.4807
5878.50 4.4804
5878.55 4.4801
5878.60 4.4798
5878.65 4.4795
5878.70 4.4792
5878.75 4.4789
5878.80 4.4785
5878.85 4.4782
5878.90 4.4779
5878.95 4.4776
5879.00 4.4773
5879.05 4.4770
5879.10 4.4767
5879.15 4.4764
5879.20 4.4761
5879.25 4.4757
5879.30 4.4754
5879.35 4.4751
5879.40 4.4748
5879.45 4.4745
5879.50 4.4742
5879.55 4.4739
5879.60 4.4736
5879.65 4.4732
5879.70 4.4729
5879.75 4.4726
5879.80 4.4723
5879.85 4.4720
5879.90 4.4717
5879.95 4.4714
5880.00 4.4711
5880.05 4.4707
5880.10 4.4704
5880.15 4.4701
5880.20 4.4698
5880.25 4.4695
5880.30 4.4692
5880.35 4.4689
5880.40 4.4685
5880.45 4.4682
5880.50 4.4679
5880.55 4.4676
5880.60 4.4673
5880.65 4.4670
5880.70 4.4667
5880.75 4.4664
5880.80 4.4660
5880.85 4.4657
5880.90 4.4654
5880.95 4.4651
5881.00 4.4648
5881.05 4.4645
5881.10 4.4642
5881.15 4.4639
5881.20 4.4635
5881.25 4.4632
5881.30 4.4629
5881.35 4.4626
5881.40 4.4623
5881.45 4.4620
5881.50 4.4617
5881.55 4.4614
5881.60 4.4611
5881.65 4.4607
5881.70 4.4604
5881.75 4.4601
5881.80 4.4598
5881.85 4.4595
5881.90 4.4592
5881.95 4.4589
5882.00 4.4586
5882.05 4.4583
5882.10 4.4580
5882.15 4.4577
5882.20 4.4574
5882.25 4.4570
5882.30 4.4567
5882.35 4.4564
5882.40 4.4561
5882.45 4.4558
5882.50 4.4555
5882.55 4.4552
5882.60 4.4549
5882.65 4.4546
5882.70 4.4543
5882.75 4.4540
5882.80 4.4537
5882.85 4.4534
5882.90 4.4531
5882.95 4.4528
5883.00 4.4525
5883.05 4.4522
5883.10 4.4519
5883.15 4.4516
5883.20 4.4513
5883.25 4.4510
5883.30 4.4507
5883.35 4.4504
5883.40 4.4501
5883.45 4.4498
5883.50 4.4495
5883.55 4.4493
5883.60 4.4490
5883.65 4.4487
5883.70 4.4484
5883.75 4.4481
5883.80 4.4478
5883.85 4.4475
5883.90 4.4472
5883.95 4.4469
5884.00 4.4466
5884.05 4.4464
5884.10 4.4461
5884.15 4.4458
5884.20 4.4455
5884.25 4.4452
5884.30 4.4449
5884.35 4.4446
5884.40 4.4444
5884.45 4.4441
5884.50 4.4438
5884.55 4.4435
5884.60 4.4432
5884.65 4.4430
5884.70 4.4427
5884.75 4.4424
5884.80 4.4421
5884.85 4.4419
5884.90 4.4416
5884.95 4.4413
5885.00 4.4410
5885.05 4.4408
5885.10 4.4405
5885.15 4.4402
5885.20 4.4400
5885.25 4.4397
5885.30 4.4394
5885.35 4.4392
5885.40 4.4389
5885.45 4.4386
5885.50 4.4384
5885.55 4.4381
5885.60 4.4378
5885.65 4.4376
5885.70 4.4373
5885.75 4.4370
5885.80 4.4368
5885.85 4.4365
5885.90 4.4363
5885.95 4.4360
5886.00 4.4358
5886.05 4.4355
5886.10 4.4353
5886.15 4.4350
5886.20 4.4348
5886.25 4.4345
5886.30 4.4343
5886.35 4.4340
5886.40 4.4338
5886.45 4.4335
5886.50 4.4333
5886.55 4.4330
5886.60 4.4328
5886.65 4.4325
5886.70 4.4323
5886.75 4.4321
5886.80 4.4318
5886.85 4.4316
5886.90 4.4313
5886.95 4.4311
5887.00 4.4309
5887.05 4.4306
5887.10 4.4304
5887.15 4.4302
5887.20 4.4299
5887.25 4.4297
5887.30 4.4295
5887.35 4.4293
5887.40 4.4290
5887.45 4.4288
5887.50 4.4286
5887.55 4.4284
5887.60 4.4281
5887.65 4.4279
5887.70 4.4277
5887.75 4.4275
5887.80 4.4273
5887.85 4.4271
5887.90 4.4268
5887.95 4.4266
5888.00 4.4264
5888.05 4.4262
5888.10 4.4260
5888.15 4.4258
5888.20 4.4256
5888.25 4.4254
5888.30 4.4252
5888.35 4.4250
5888.40 4.4248
5888.45 4.4246
5888.50 4.4244
5888.55 4.4242
5888.60 4.4240
5888.65 4.4238
5888.70 4.4236
5888.75 4.4234
5888.80 4.4232
5888.85 4.4230
5888.90 4.4228
5888.95 4.4226
5889.00 4.4224
5889.05 4.4222
5889.10 4.4221
5889.15 4.4219
5889.20 4.4217
5889.25 4.4215
5889.30 4.4213
5889.35 4.4211
5889.40 4.4210
5889.45 4.4208
5889.50 4.4206
5889.55 4.4204
5889.60 4.4203
5889.65 4.4201
5889.70 4.4199
5889.75 4.4198
5889.80 4.4196
5889.85 4.4194
5889.90 4.4193
5889.95 4.4191
5890.00 4.4189
5890.05 4.4188
5890.10 4.4186
5890.15 4.4185
5890.20 4.4183
5890.25 4.4182
5890.30 4.4180
5890.35 4.4178
5890.40 4.4177
5890.45 4.4175
5890.50 4.4174
5890.55 4.4172
5890.60 4.4171
5890.65 4.4170
5890.70 4.4168
5890.75 4.4167
5890.80 4.4165
5890.85 4.4164
5890.90 4.4163
5890.95 4.4161
5891.00 4.4160
5891.05 4.4159
5891.10 4.4157
5891.15 4.4156
5891.20 4.4155
5891.25 4.4153
5891.30 4.4152
5891.35 4.4151
5891.40 4.4150
5891.45 4.4148
5891.50 4.4147
5891.55 4.4146
5891.60 4.4145
5891.65 4.4144
5891.70 4.4142
5891.75 4.4141
5891.80 4.4140
5891.85 4.4139
5891.90 4.4138
5891.95 4.4137
5892.00 4.4136
5892.05 4.4135
5892.10 4.4134
5892.15 4.4133
5892.20 4.4132
5892.25 4.4131
5892.30 4.4130
5892.35 4.4129
5892.40 4.4128
5892.45 4.4127
5892.50 4.4126
5892.55 4.4125
5892.60 4.4124
5892.65 4.4123
5892.70 4.4122
5892.75 4.4121
5892.80 4.4121
5892.85 4.4120
5892.90 4.4119
5892.95 4.4118
5893.00 4.4117
5893.05 4.4117
5893.10 4.4116
5893.15 4.4115
5893.20 4.4114
5893.25 4.4114
5893.30 4.4113
5893.35 4.4112
5893.40 4.4111
5893.45 4.4111
5893.50 4.4110
5893.55 4.4109
5893.60 4.4109
5893.65 4.4108
5893.70 4.4108
5893.75 4.4107
5893.80 4.4106
5893.85 4.4106
5893.90 4.4105
5893.95 4.4105
5894.00 4.4104
5894.05 4.4104
5894.10 4.4103
5894.15 4.4103
5894.20 4.4102
5894.25 4.4102
5894.30 4.4101
5894.35 4.4101
5894.40 4.4100
5894.45 4.4100
5894.50 4.4100
5894.55 4.4099
5894.60 4.4099
5894.65 4.4099
5894.70 4.4098
5894.75 4.4098
5894.80 4.4098
5894.85 4.4097
5894.90 4.4097
5894.95 4.4097
5895.00 4.4096
5895.05 4.4096
5895.10 4.4096
5895.15 4.4096
5895.20 4.4095
5895.25 4.4095
5895.30 4.4095
5895.35 4.4095
5895.40 4.4095
5895.45 4.4095
5895.50 4.4094
5895.55 4.4094
5895.60 4.4094
5895.65 4.4094
5895.70 4.4094
5895.75 4.4094
5895.80 4.4094
5895.85 4.4094
5895.90 4.4094
5895.95 4.4094
5896.00 4.4094
5896.05 4.4094
5896.10 4.4094
5896.15 4.4094
5896.20 4.4094
5896.25 4.4094
5896.30 4.4094
5896.35 4.4094
5896.40 4.4094
5896.45 4.4094
5896.50 4.4094
5896.55 4.4094
5896.60 4.4094
5896.65 4.4094
5896.70 4.4094
5896.75 4.4094
5896.80 4.4095
5896.85 4.4095
5896.90 4.4095
5896.95 4.4095
5897.00 4.4095
5897.05 4.4095
5897.10 4.4096
5897.15 4.4096
5897.20 4.4096
5897.25 4.4096
5897.30 4.4097
5897.35 4.4097
5897.40 4.4097
5897.45 4.4097
5897.50 4.4098
5897.55 4.4098
5897.60 4.4098
5897.65 4.4098
5897.70 4.4099
5897.75 4.4099
5897.80 4.4099
5897.85 4.4100
5897.90 4.4100
5897.95 4.4100
5898.00 4.4101
5898.05 4.4101
5898.10 4.4101
5898.15 4.4102
5898.20 4.4102
5898.25 4.4103
5898.30 4.4103
5898.35 4.4103
5898.40 4.4104
5898.45 4.4104
5898.50 4.4105
5898.55 4.4105
5898.60 4.4106
5898.65 4.4106
5898.70 4.4107
5898.75 4.4107
5898.80 4.4107
5898.85 4.4108
5898.90 4.4108
5898.95 4.4109
5899.00 4.4109
5899.05 4.4110
5899.10 4.4110
5899.15 4.4111
5899.20 4.4111
5899.25 4.4112
5899.30 4.4113
5899.35 4.4113
5899.40 4.4114
5899.45 4.4114
5899.50 4.4115
5899.55 4.4115
5899.60 4.4116
5899.65 4.4116
5899.70 4.4117
5899.75 4.4117
5899.80 4.4118
5899.85 4.4119
5899.90 4.4119
5899.95 4.4120
5900.00 4.4120
5900.05 4.4121
5900.10 4.4122
5900.15 4.4122
5900.20 4.4123
5900.25 4.4123
5900.30 4.4124
5900.35 4.4125
5900.40 4.4125
5900.45 4.4126
5900.50 4.4126
5900.55 4.4127
5900.60 4.4128
5900.65 4.4128
5900.70 4.4129
5900.75 4.4130
5900.80 4.4130
5900.85 4.4131
5900.90 4.4131
5900.95 4.4132
5901.00 4.4133
5901.05 4.4133
5901.10 4.4134
5901.15 4.4135
5901.20 4.4135
5901.25 4.4136
5901.30 4.4136
5901.35 4.4137
5901.40 4.4138
5901.45 4.4138
5901.50 4.4139
5901.55 4.4140
5901.60 4.4140
5901.65 4.4141
5901.70 4.4142
5901.75 4.4142
5901.80 4.4143
5901.85 4.4143
5901.90 4.4144
5901.95 4.4145
5902.00 4.4145
5902.05 4.4146
5902.10 4.4147
5902.15 4.4147
5902.20 4.4148
5902.25 4.4148
5902.30 4.4149
5902.35 4.4150
5902.40 4.4150
5902.45 4.4151
5902.50 4.4152
5902.55 4.4152
5902.60 4.4153
5902.65 4.4153
5902.70 4.4154
5902.75 4.4155
5902.80 4.4155
5902.85 4.4156
5902.90 4.4156
5902.95 4.4157
5903.00 4.4157
5903.05 4.4158
5903.10 4.4159
5903.15 4.4159
5903.20 4.4160
5903.25 4.4160
5903.30 4.4161
5903.35 4.4161
5903.40 4.4162
5903.45 4.4162
5903.50 4.4163
5903.55 4.4164
5903.60 4.4164
5903.65 4.4165
5903.70 4.4165
5903.75 4.4166
5903.80 4.4166
5903.85 4.4167
5903.90 4.4167
5903.95 4.4168
5904.00 4.4168
5904.05 4.4169
5904.10 4.4169
5904.15 4.4170
5904.20 4.4170
5904.25 4.4170
5904.30 4.4171
5904.35 4.4171
5904.40 4.4172
5904.45 4.4172
5904.50 4.4173
5904.55 4.4173
5904.60 4.4173
5904.65 4.4174
5904.70 4.4174
5904.75 4.4175
5904.80 4.4175
5904.85 4.4175
5904.90 4.4176
5904.95 4.4176
5905.00 4.4176
5905.05 4.4177
5905.10 4.4177
5905.15 4.4177
5905.20 4.4178
5905.25 4.4178
5905.30 4.4178
5905.35 4.4179
5905.40 4.4179
5905.45 4.4179
5905.50 4.4179
5905.55 4.4180
5905.60 4.4180
5905.65 4.4180
5905.70 4.4180
5905.75 4.4181
5905.80 4.4181
5905.85 4.4181
5905.90 4.4181
5905.95 4.4182
5906.00 4.4182
5906.05 4.4182
5906.10 4.4182
5906.15 4.4182
5906.20 4.4182
5906.25 4.4183
5906.30 4.4183
5906.35 4.4183
5906.40 4.4183
5906.45 4.4183
5906.50 4.4183
5906.55 4.4183
5906.60 4.4183
5906.65 4.4183
5906.70 4.4183
5906.75 4.4184
5906.80 4.4184
5906.85 4.4184
5906.90 4.4184
5906.95 4.4184
5907.00 4.4184
5907.05 4.4184
5907.10 4.4184
5907.15 4.4184
5907.20 4.4184
5907.25 4.4184
5907.30 4.4184
5907.35 4.4184
5907.40 4.4183
5907.45 4.4183
5907.50 4.4183
5907.55 4.4183
5907.60 4.4183
5907.65 4.4183
5907.70 4.4183
5907.75 4.4183
5907.80 4.4183
5907.85 4.4182
5907.90 4.4182
5907.95 4.4182
5908.00 4.4182
5908.05 4.4182
5908.10 4.4182
5908.15 4.4181
5908.20 4.4181
5908.25 4.4181
5908.30 4.4181
5908.35 4.4181
5908.40 4.4180
5908.45 4.4180
5908.50 4.4180
5908.55 4.4180
5908.60 4.4179
5908.65 4.4179
5908.70 4.4179
5908.75 4.4178
5908.80 4.4178
5908.85 4.4178
5908.90 4.4177
5908.95 4.4177
5909.00 4.4177
5909.05 4.4176
5909.10 4.4176
5909.15 4.4176
5909.20 4.4175
5909.25 4.4175
5909.30 4.4175
5909.35 4.4174
5909.40 4.4174
5909.45 4.4173
5909.50 4.4173
5909.55 4.4173
5909.60 4.4172
5909.65 4.4172
5909.70 4.4171
5909.75 4.4171
5909.80 4.4170
5909.85 4.4170
5909.90 4.4169
5909.95 4.4169
5910.00 4.4168
5910.05 4.4168
5910.10 4.4167
5910.15 4.4167
5910.20 4.4166
5910.25 4.4166
5910.30 4.4165
5910.35 4.4165
5910.40 4.4164
5910.45 4.4164
5910.50 4.4163
5910.55 4.4163
5910.60 4.4162
5910.65 4.4161
5910.70 4.4161
5910.75 4.4160
5910.80 4.4160
5910.85 4.4159
5910.90 4.4158
5910.95 4.4158
5911.00 4.4157
5911.05 4.4157
5911.10 4.4156
5911.15 4.4155
5911.20 4.4155
5911.25 4.4154
5911.30 4.4154
5911.35 4.4153
5911.40 4.4152
5911.45 4.4152
5911.50 4.4151
5911.55 4.4150
5911.60 4.4150
5911.65 4.4149
5911.70 4.4148
5911.75 4.4148
5911.80 4.4147
5911.85 4.4146
5911.90 4.4146
5911.95 4.4145
5912.00 4.4144
5912.05 4.4144
5912.10 4.4143
5912.15 4.4142
5912.20 4.4142
5912.25 4.4141
5912.30 4.4140
5912.35 4.4140
5912.40 4.4139
5912.45 4.4138
5912.50 4.4138
5912.55 4.4137
5912.60 4.4136
5912.65 4.4136
5912.70 4.4135
5912.75 4.4134
5912.80 4.4133
5912.85 4.4133
5912.90 4.4132
5912.95 4.4131
5913.00 4.4131
5913.05 4.4130
5913.10 4.4129
5913.15 4.4129
5913.20 4.4128
5913.25 4.4127
5913.30 4.4127
5913.35 4.4126
5913.40 4.4125
5913.45 4.4125
5913.50 4.4124
5913.55 4.4123
5913.60 4.4123
5913.65 4.4122
5913.70 4.4121
5913.75 4.4121
5913.80 4.4120
5913.85 4.4119
5913.90 4.4119
5913.95 4.4118
5914.00 4.4117
5914.05 4.4117
5914.10 4.4116
5914.15 4.4116
5914.20 4.4115
5914.25 4.4114
5914.30 4.4114
5914.35 4.4113
5914.40 4.4112
5914.45 4.4112
5914.50 4.4111
5914.55 4.4111
5914.60 4.4110
5914.65 4.4109
5914.70 4.4109
5914.75 4.4108
5914.80 4.4108
5914.85 4.4107
5914.90 4.4107
5914.95 4.4106
5915.00 4.4106
5915.05 4.4105
5915.10 4.4105
5915.15 4.4104
5915.20 4.4104
5915.25 4.4103
5915.30 4.4103
5915.35 4.4102
5915.40 4.4102
5915.45 4.4101
5915.50 4.4101
5915.55 4.4100
5915.60 4.4100
5915.65 4.4099
5915.70 4.4099
5915.75 4.4098
5915.80 4.4098
5915.85 4.4098
5915.90 4.4097
5915.95 4.4097
5916.00 4.4096
5916.05 4.4096
5916.10 4.4096
5916.15 4.4095
5916.20 4.4095
5916.25 4.4095
5916.30 4.4094
5916.35 4.4094
5916.40 4.4094
5916.45 4.4094
5916.50 4.4093
5916.55 4.4093
5916.60 4.4093
5916.65 4.4093
5916.70 4.4092
5916.75 4.4092
5916.80 4.4092
5916.85 4.4092
5916.90 4.4091
5916.95 4.4091
5917.00 4.4091
5917.05 4.4091
5917.10 4.4091
5917.15 4.4091
5917.20 4.4091
5917.25 4.4091
5917.30 4.4090
5917.35 4.4090
5917.40 4.4090
5917.45 4.4090
5917.50 4.4090
5917.55 4.4090
5917.60 4.4090
5917.65 4.4090
5917.70 4.4090
5917.75 4.4090
5917.80 4.4090
5917.85 4.4090
5917.90 4.4090
5917.95 4.4090
5918.00 4.4090
5918.05 4.4091
5918.10 4.4091
5918.15 4.4091
5918.20 4.4091
5918.25 4.4091
5918.30 4.4091
5918.35 4.4091
5918.40 4.4092
5918.45 4.4092
5918.50 4.4092
5918.55 4.4092
5918.60 4.4093
5918.65 4.4093
5918.70 4.4093
5918.75 4.4093
5918.80 4.4094
5918.85 4.4094
5918.90 4.4094
5918.95 4.4095
5919.00 4.4095
5919.05 4.4095
5919.10 4.4096
5919.15 4.4096
5919.20 4.4097
5919.25 4.4097
5919.30 4.4098
5919.35 4.4098
5919.40 4.4099
5919.45 4.4099
5919.50 4.4100
5919.55 4.4100
5919.60 4.4101
5919.65 4.4101
5919.70 4.4102
5919.75 4.4102
5919.80 4.4103
5919.85 4.4104
5919.90 4.4104
5919.95 4.4105
5920.00 4.4105
5920.05 4.4106
5920.10 4.4107
5920.15 4.4107
5920.20 4.4108
5920.25 4.4109
5920.30 4.4110
5920.35 4.4110
5920.40 4.4111
5920.45 4.4112
5920.50 4.4113
5920.55 4.4114
5920.60 4.4114
5920.65 4.4115
5920.70 4.4116
5920.75 4.4117
5920.80 4.4118
5920.85 4.4119
5920.90 4.4120
5920.95 4.4120
5921.00 4.4121
5921.05 4.4122
5921.10 4.4123
5921.15 4.4124
5921.20 4.4125
5921.25 4.4126
5921.30 4.4127
5921.35 4.4128
5921.40 4.4129
5921.45 4.4130
5921.50 4.4131
5921.55 4.4133
5921.60 4.4134
5921.65 4.4135
5921.70 4.4136
5921.75 4.4137
5921.80 4.4138
5921.85 4.4139
5921.90 4.4140
5921.95 4.4142
5922.00 4.4143
5922.05 4.4144
5922.10 4.4145
5922.15 4.4146
5922.20 4.4148
5922.25 4.4149
5922.30 4.4150
5922.35 4.4151
5922.40 4.4153
5922.45 4.4154
5922.50 4.4155
5922.55 4.4157
5922.60 4.4158
5922.65 4.4159
5922.70 4.4161
5922.75 4.4162
5922.80 4.4163
5922.85 4.4165
5922.90 4.4166
5922.95 4.4167
5923.00 4.4169
5923.05 4.4170
5923.10 4.4172
5923.15 4.4173
5923.20 4.4174
5923.25 4.4176
5923.30 4.4177
5923.35 4.4179
5923.40 4.4180
5923.45 4.4182
5923.50 4.4183
5923.55 4.4185
5923.60 4.4186
5923.65 4.4188
5923.70 4.4189
5923.75 4.4191
5923.80 4.4192
5923.85 4.4194
5923.90 4.4195
5923.95 4.4197
5924.00 4.4199
5924.05 4.4200
5924.10 4.4202
5924.15 4.4203
5924.20 4.4205
5924.25 4.4206
5924.30 4.4208
5924.35 4.4210
5924.40 4.4211
5924.45 4.4213
5924.50 4.4214
5924.55 4.4216
5924.60 4.4218
5924.65 4.4219
5924.70 4.4221
5924.75 4.4223
5924.80 4.4224
5924.85 4.4226
5924.90 4.4227
5924.95 4.4229
5925.00 4.4231
5925.05 4.4232
5925.10 4.4234
5925.15 4.4236
5925.20 4.4237
5925.25 4.4239
5925.30 4.4241
5925.35 4.4242
5925.40 4.4244
5925.45 4.4246
5925.50 4.4247
5925.55 4.4249
5925.60 4.4251
5925.65 4.4252
5925.70 4.4254
5925.75 4.4256
5925.80 4.4257
5925.85 4.4259
5925.90 4.4261
5925.95 4.4262
5926.00 4.4264
5926.05 4.4266
5926.10 4.4267
5926.15 4.4269
5926.20 4.4271
5926.25 4.4272
5926.30 4.4274
5926.35 4.4275
5926.40 4.4277
5926.45 4.4279
5926.50 4.4280
5926.55 4.4282
5926.60 4.4284
5926.65 4.4285
5926.70 4.4287
5926.75 4.4289
5926.80 4.4290
5926.85 4.4292
5926.90 4.4293
5926.95 4.4295
5927.00 4.4297
5927.05 4.4298
5927.10 4.4300
5927.15 4.4301
5927.20 4.4303
5927.25 4.4304
5927.30 4.4306
5927.35 4.4308
5927.40 4.4309
5927.45 4.4311
5927.50 4.4312
5927.55 4.4314
5927.60 4.4315
5927.65 4.4317
5927.70 4.4318
5927.75 4.4320
5927.80 4.4321
5927.85 4.4323
5927.90 4.4324
5927.95 4.4326
5928.00 4.4327
5928.05 4.4328
5928.10 4.4330
5928.15 4.4331
5928.20 4.4333
5928.25 4.4334
5928.30 4.4336
5928.35 4.4337
5928.40 4.4338
5928.45 4.4340
5928.50 4.4341
5928.55 4.4342
5928.60 4.4344
5928.65 4.4345
5928.70 4.4346
5928.75 4.4348
5928.80 4.4349
5928.85 4.4350
5928.90 4.4351
5928.95 4.4353
5929.00 4.4354
5929.05 4.4355
5929.10 4.4356
5929.15 4.4357
5929.20 4.4359
5929.25 4.4360
5929.30 4.4361
5929.35 4.4362
5929.40 4.4363
5929.45 4.4364
5929.50 4.4365
5929.55 4.4367
5929.60 4.4368
5929.65 4.4369
5929.70 4.4370
5929.75 4.4371
5929.80 4.4372
5929.85 4.4373
5929.90 4.4374
5929.95 4.4375
5930.00 4.4376
5930.05 4.4377
5930.10 4.4378
5930.15 4.4378
5930.20 4.4379
5930.25 4.4380
5930.30 4.4381
5930.35 4.4382
5930.40 4.4383
5930.45 4.4383
5930.50 4.4384
5930.55 4.4385
5930.60 4.4386
5930.65 4.4387
5930.70 4.4387
5930.75 4.4388
5930.80 4.4389
5930.85 4.4389
5930.90 4.4390
5930.95 4.4391
5931.00 4.4391
5931.05 4.4392
5931.10 4.4392
5931.15 4.4393
5931.20 4.4394
5931.25 4.4394
5931.30 4.4395
5931.35 4.4395
5931.40 4.4396
5931.45 4.4396
5931.50 4.4396
5931.55 4.4397
5931.60 4.4397
5931.65 4.4398
5931.70 4.4398
5931.75 4.4398
5931.80 4.4399
5931.85 4.4399
5931.90 4.4399
5931.95 4.4400
5932.00 4.4400
5932.05 4.4400
5932.10 4.4400
5932.15 4.4400
5932.20 4.4401
5932.25 4.4401
5932.30 4.4401
5932.35 4.4401
5932.40 4.4401
5932.45 4.4401
5932.50 4.4401
5932.55 4.4401
5932.60 4.4401
5932.65 4.4401
5932.70 4.4401
5932.75 4.4401
5932.80 4.4401
5932.85 4.4401
5932.90 4.4401
5932.95 4.4401
5933.00 4.4401
5933.05 4.4401
5933.10 4.4400
5933.15 4.4400
5933.20 4.4400
5933.25 4.4400
5933.30 4.4400
5933.35 4.4399
5933.40 4.4399
5933.45 4.4399
5933.50 4.4398
5933.55 4.4398
5933.60 4.4398
5933.65 4.4397
5933.70 4.4397
5933.75 4.4397
5933.80 4.4396
5933.85 4.4396
5933.90 4.4395
5933.95 4.4395
5934.00 4.4394
5934.05 4.4394
5934.10 4.4393
5934.15 4.4393
5934.20 4.4392
5934.25 4.4391
5934.30 4.4391
5934.35 4.4390
5934.40 4.4389
5934.45 4.4389
5934.50 4.4388
5934.55 4.4387
5934.60 4.4387
5934.65 4.4386
5934.70 4.4385
5934.75 4.4384
5934.80 4.4384
5934.85 4.4383
5934.90 4.4382
5934.95 4.4381
5935.00 4.4380
5935.05 4.4379
5935.10 4.4378
5935.15 4.4378
5935.20 4.4377
5935.25 4.4376
5935.30 4.4375
5935.35 4.4374
5935.40 4.4373
5935.45 4.4372
5935.50 4.4371
5935.55 4.4370
5935.60 4.4369
5935.65 4.4368
5935.70 4.4366
5935.75 4.4365
5935.80 4.4364
5935.85 4.4363
5935.90 4.4362
5935.95 4.4361
5936.00 4.4360
5936.05 4.4358
5936.10 4.4357
5936.15 4.4356
5936.20 4.4355
5936.25 4.4354
5936.30 4.4352
5936.35 4.4351
5936.40 4.4350
5936.45 4.4349
5936.50 4.4347
5936.55 4.4346
5936.60 4.4345
5936.65 4.4343
5936.70 4.4342
5936.75 4.4340
5936.80 4.4339
5936.85 4.4338
5936.90 4.4336
5936.95 4.4335
5937.00 4.4333
5937.05 4.4332
5937.10 4.4331
5937.15 4.4329
5937.20 4.4328
5937.25 4.4326
5937.30 4.4325
5937.35 4.4323
5937.40 4.4322
5937.45 4.4320
5937.50 4.4319
5937.55 4.4317
5937.60 4.4316
5937.65 4.4314
5937.70 4.4312
5937.75 4.4311
5937.80 4.4309
5937.85 4.4308
5937.90 4.4306
5937.95 4.4305
5938.00 4.4303
5938.05 4.4301
5938.10 4.4300
5938.15 4.4298
5938.20 4.4296
5938.25 4.4295
5938.30 4.4293
5938.35 4.4291
5938.40 4.4290
5938.45 4.4288
5938.50 4.4286
5938.55 4.4285
5938.60 4.4283
5938.65 4.4281
5938.70 4.4280
5938.75 4.4278
5938.80 4.4276
5938.85 4.4275
5938.90 4.4273
5938.95 4.4271
5939.00 4.4270
5939.05 4.4268
5939.10 4.4266
5939.15 4.4264
5939.20 4.4263
5939.25 4.4261
5939.30 4.4259
5939.35 4.4257
5939.40 4.4256
5939.45 4.4254
5939.50 4.4252
5939.55 4.4251
5939.60 4.4249
5939.65 4.4247
5939.70 4.4245
5939.75 4.4244
5939.80 4.4242
5939.85 4.4240
5939.90 4.4238
5939.95 4.4237
5940.00 4.4235
5940.05 4.4233
5940.10 4.4231
5940.15 4.4230
5940.20 4.4228
5940.25 4.4226
5940.30 4.4225
5940.35 4.4223
5940.40 4.4221
5940.45 4.4219
5940.50 4.4218
5940.55 4.4216
5940.60 4.4214
5940.65 4.4212
5940.70 4.4211
5940.75 4.4209
5940.80 4.4207
5940.85 4.4206
5940.90 4.4204
5940.95 4.4202
5941.00 4.4201
5941.05 4.4199
5941.10 4.4197
5941.15 4.4196
5941.20 4.4194
5941.25 4.4192
5941.30 4.4191
5941.35 4.4189
5941.40 4.4187
5941.45 4.4186
5941.50 4.4184
5941.55 4.4183
5941.60 4.4181
5941.65 4.4179
5941.70 4.4178
5941.75 4.4176
5941.80 4.4175
5941.85 4.4173
5941.90 4.4171
5941.95 4.4170
5942.00 4.4168
5942.05 4.4167
5942.10 4.4165
5942.15 4.4164
5942.20 4.4162
5942.25 4.4161
5942.30 4.4159
5942.35 4.4158
5942.40 4.4156
5942.45 4.4155
5942.50 4.4153
5942.55 4.4152
5942.60 4.4150
5942.65 4.4149
5942.70 4.4147
5942.75 4.4146
5942.80 4.4145
5942.85 4.4143
5942.90 4.4142
5942.95 4.4140
5943.00 4.4139
5943.05 4.4138
5943.10 4.4136
5943.15 4.4135
5943.20 4.4134
5943.25 4.4132
5943.30 4.4131
5943.35 4.4130
5943.40 4.4129
5943.45 4.4127
5943.50 4.4126
5943.55 4.4125
5943.60 4.4124
5943.65 4.4122
5943.70 4.4121
5943.75 4.4120
5943.80 4.4119
5943.85 4.4118
5943.90 4.4116
5943.95 4.4115
5944.00 4.4114
5944.05 4.4113
5944.10 4.4112
5944.15 4.4111
5944.20 4.4110
5944.25 4.4109
5944.30 4.4108
5944.35 4.4107
5944.40 4.4106
5944.45 4.4105
5944.50 4.4104
5944.55 4.4103
5944.60 4.4102
5944.65 4.4101
5944.70 4.4100
5944.75 4.4099
5944.80 4.4098
5944.85 4.4097
5944.90 4.4096
5944.95 4.4095
5945.00 4.4094
5945.05 4.4093
5945.10 4.4092
5945.15 4.4092
5945.20 4.4091
5945.25 4.4090
5945.30 4.4089
5945.35 4.4088
5945.40 4.4088
5945.45 4.4087
5945.50 4.4086
5945.55 4.4085
5945.60 4.4085
5945.65 4.4084
5945.70 4.4083
5945.75 4.4083
5945.80 4.4082
5945.85 4.4081
5945.90 4.4081
5945.95 4.4080
5946.00 4.4079
5946.05 4.4079
5946.10 4.4078
5946.15 4.4078
5946.20 4.4077
5946.25 4.4077
5946.30 4.4076
5946.35 4.4076
5946.40 4.4075
5946.45 4.4075
5946.50 4.4074
5946.55 4.4074
5946.60 4.4073
5946.65 4.4073
5946.70 4.4072
5946.75 4.4072
5946.80 4.4072
5946.85 4.4071
5946.90 4.4071
5946.95 4.4070
5947.00 4.4070
5947.05 4.4070
5947.10 4.4069
5947.15 4.4069
5947.20 4.4069
5947.25 4.4069
5947.30 4.4068
5947.35 4.4068
5947.40 4.4068
5947.45 4.4067
5947.50 4.4067
5947.55 4.4067
5947.60 4.4067
5947.65 4.4067
5947.70 4.4066
5947.75 4.4066
5947.80 4.4066
5947.85 4.4066
5947.90 4.4066
5947.95 4.4066
5948.00 4.4066
5948.05 4.4065
5948.10 4.4065
5948.15 4.4065
5948.20 4.4065
5948.25 4.4065
5948.30 4.4065
5948.35 4.4065
5948.40 4.4065
5948.45 4.4065
5948.50 4.4065
5948.55 4.4065
5948.60 4.4065
5948.65 4.4065
5948.70 4.4065
5948.75 4.4065
5948.80 4.4065
5948.85 4.4065
5948.90 4.4065
5948.95 4.4065
5949.00 4.4065
5949.05 4.4065
5949.10 4.4065
5949.15 4.4065
5949.20 4.4066
5949.25 4.4066
5949.30 4.4066
5949.35 4.4066
5949.40 4.4066
5949.45 4.4066
5949.50 4.4066
5949.55 4.4066
5949.60 4.4067
5949.65 4.4067
5949.70 4.4067
5949.75 4.4067
5949.80 4.4067
5949.85 4.4067
5949.90 4.4068
5949.95 4.4068
5950.00 4.4068
5950.05 4.4068
5950.10 4.4068
5950.15 4.4069
5950.20 4.4069
5950.25 4.4069
5950.30 4.4069
5950.35 4.4069
5950.40 4.4070
5950.45 4.4070
5950.50 4.4070
5950.55 4.4070
5950.60 4.4071
5950.65 4.4071
5950.70 4.4071
5950.75 4.4071
5950.80 4.4072
5950.85 4.4072
5950.90 4.4072
5950.95 4.4072
5951.00 4.4073
5951.05 4.4073
5951.10 4.4073
5951.15 4.4074
5951.20 4.4074
5951.25 4.4074
5951.30 4.4074
5951.35 4.4075
5951.40 4.4075
5951.45 4.4075
5951.50 4.4076
5951.55 4.4076
5951.60 4.4076
5951.65 4.4076
5951.70 4.4077
5951.75 4.4077
5951.80 4.4077
5951.85 4.4077
5951.90 4.4078
5951.95 4.4078
5952.00 4.4078
5952.05 4.4079
5952.10 4.4079
5952.15 4.4079
5952.20 4.4079
5952.25 4.4080
5952.30 4.4080
5952.35 4.4080
5952.40 4.4080
5952.45 4.4081
5952.50 4.4081
5952.55 4.4081
5952.60 4.4081
5952.65 4.4082
5952.70 4.4082
5952.75 4.4082
5952.80 4.4082
5952.85 4.4083
5952.90 4.4083
5952.95 4.4083
5953.00 4.4083
5953.05 4.4083
5953.10 4.4084
5953.15 4.4084
5953.20 4.4084
5953.25 4.4084
5953.30 4.4084
5953.35 4.4085
5953.40 4.4085
5953.45 4.4085
5953.50 4.4085
5953.55 4.4085
5953.60 4.4085
5953.65 4.4086
5953.70 4.4086
5953.75 4.4086
5953.80 4.4086
5953.85 4.4086
5953.90 4.4086
5953.95 4.4086
5954.00 4.4086
5954.05 4.4086
5954.10 4.4087
5954.15 4.4087
5954.20 4.4087
5954.25 4.4087
5954.30 4.4087
5954.35 4.4087
5954.40 4.4087
5954.45 4.4087
5954.50 4.4087
5954.55 4.4087
5954.60 4.4087
5954.65 4.4087
5954.70 4.4087
5954.75 4.4087
5954.80 4.4087
5954.85 4.4087
5954.90 4.4087
5954.95 4.4087
5955.00 4.4087
5955.05 4.4087
5955.10 4.4086
5955.15 4.4086
5955.20 4.4086
5955.25 4.4086
5955.30 4.4086
5955.35 4.4086
5955.40 4.4086
5955.45 4.4086
5955.50 4.4085
5955.55 4.4085
5955.60 4.4085
5955.65 4.4085
5955.70 4.4085
5955.75 4.4084
5955.80 4.4084
5955.85 4.4084
5955.90 4.4084
5955.95 4.4083
5956.00 4.4083
5956.05 4.4083
5956.10 4.4082
5956.15 4.4082
5956.20 4.4082
5956.25 4.4081
5956.30 4.4081
5956.35 4.4081
5956.40 4.4080
5956.45 4.4080
5956.50 4.4080
5956.55 4.4079
5956.60 4.4079
5956.65 4.4078
5956.70 4.4078
5956.75 4.4077
5956.80 4.4077
5956.85 4.4076
5956.90 4.4076
5956.95 4.4075
5957.00 4.4075
5957.05 4.4074
5957.10 4.4074
5957.15 4.4073
5957.20 4.4073
5957.25 4.4072
5957.30 4.4071
5957.35 4.4071
5957.40 4.4070
5957.45 4.4069
5957.50 4.4069
5957.55 4.4068
5957.60 4.4067
5957.65 4.4067
5957.70 4.4066
5957.75 4.4065
5957.80 4.4065
5957.85 4.4064
5957.90 4.4063
5957.95 4.4062
5958.00 4.4061
5958.05 4.4061
5958.10 4.4060
5958.15 4.4059
5958.20 4.4058
5958.25 4.4057
5958.30 4.4056
5958.35 4.4055
5958.40 4.4055
5958.45 4.4054
5958.50 4.4053
5958.55 4.4052
5958.60 4.4051
5958.65 4.4050
5958.70 4.4049
5958.75 4.4048
5958.80 4.4047
5958.85 4.4046
5958.90 4.4045
5958.95 4.4044
5959.00 4.4043
5959.05 4.4041
5959.10 4.4040
5959.15 4.4039
5959.20 4.4038
5959.25 4.4037
5959.30 4.4036
5959.35 4.4035
5959.40 4.4033
5959.45 4.4032
5959.50 4.4031
5959.55 4.4030
5959.60 4.4029
5959.65 4.4027
5959.70 4.4026
5959.75 4.4025
5959.80 4.4023
5959.85 4.4022
5959.90 4.4021
5959.95 4.4019
5960.00 4.4018
5960.05 4.4017
5960.10 4.4015
5960.15 4.4014
5960.20 4.4012
5960.25 4.4011
5960.30 4.4010
5960.35 4.4008
5960.40 4.4007
5960.45 4.4005
5960.50 4.4004
5960.55 4.4002
5960.60 4.4001
5960.65 4.3999
5960.70 4.3998
5960.75 4.3996
5960.80 4.3994
5960.85 4.3993
5960.90 4.3991
5960.95 4.3990
5961.00 4.3988
5961.05 4.3986
5961.10 4.3985
5961.15 4.3983
5961.20 4.3981
5961.25 4.3980
5961.30 4.3978
5961.35 4.3976
5961.40 4.3974
5961.45 4.3973
5961.50 4.3971
5961.55 4.3969
5961.60 4.3967
5961.65 4.3965
5961.70 4.3964
5961.75 4.3962
5961.80 4.3960
5961.85 4.3958
5961.90 4.3956
5961.95 4.3954
5962.00 4.3952
5962.05 4.3950
5962.10 4.3949
5962.15 4.3947
5962.20 4.3945
5962.25 4.3943
5962.30 4.3941
5962.35 4.3939
5962.40 4.3937
5962.45 4.3935
5962.50 4.3933
5962.55 4.3931
5962.60 4.3928
5962.65 4.3926
5962.70 4.3924
5962.75 4.3922
5962.80 4.3920
5962.85 4.3918
5962.90 4.3916
5962.95 4.3914
5963.00 4.3912
5963.05 4.3909
5963.10 4.3907
5963.15 4.3905
5963.20 4.3903
5963.25 4.3901
5963.30 4.3898
5963.35 4.3896
5963.40 4.3894
5963.45 4.3891
5963.50 4.3889
5963.55 4.3887
5963.60 4.3885
5963.65 4.3882
5963.70 4.3880
5963.75 4.3878
5963.80 4.3875
5963.85 4.3873
5963.90 4.3870
5963.95 4.3868
5964.00 4.3866
5964.05 4.3863
5964.10 4.3861
5964.15 4.3858
5964.20 4.3856
5964.25 4.3853
5964.30 4.3851
5964.35 4.3848
5964.40 4.3846
5964.45 4.3843
5964.50 4.3841
5964.55 4.3838
5964.60 4.3836
5964.65 4.3833
5964.70 4.3831
5964.75 4.3828
5964.80 4.3826
5964.85 4.3823
5964.90 4.3820
5964.95 4.3818
5965.00 4.3815
5965.05 4.3812
5965.10 4.3810
5965.15 4.3807
5965.20 4.3804
5965.25 4.3802
5965.30 4.3799
5965.35 4.3796
5965.40 4.3794
5965.45 4.3791
5965.50 4.3788
5965.55 4.3785
5965.60 4.3783
5965.65 4.3780
5965.70 4.3777
5965.75 4.3774
5965.80 4.3771
5965.85 4.3769
5965.90 4.3766
5965.95 4.3763
5966.00 4.3760
5966.05 4.3757
5966.10 4.3754
5966.15 4.3751
5966.20 4.3749
5966.25 4.3746
5966.30 4.3743
5966.35 4.3740
5966.40 4.3737
5966.45 4.3734
5966.50 4.3731
5966.55 4.3728
5966.60 4.3725
5966.65 4.3722
5966.70 4.3719
5966.75 4.3716
5966.80 4.3713
5966.85 4.3710
5966.90 4.3707
5966.95 4.3704
5967.00 4.3701
5967.05 4.3698
5967.10 4.3695
5967.15 4.3692
5967.20 4.3688
5967.25 4.3685
5967.30 4.3682
5967.35 4.3679
5967.40 4.3676
5967.45 4.3673
5967.50 4.3670
5967.55 4.3667
5967.60 4.3663
5967.65 4.3660
5967.70 4.3657
5967.75 4.3654
5967.80 4.3651
5967.85 4.3647
5967.90 4.3644
5967.95 4.3641
5968.00 4.3638
5968.05 4.3634
5968.10 4.3631
5968.15 4.3628
5968.20 4.3624
5968.25 4.3621
5968.30 4.3618
5968.35 4.3615
5968.40 4.3611
5968.45 4.3608
5968.50 4.3605
5968.55 4.3601
5968.60 4.3598
5968.65 4.3594
5968.70 4.3591
5968.75 4.3588
5968.80 4.3584
5968.85 4.3581
5968.90 4.3577
5968.95 4.3574
5969.00 4.3571
5969.05 4.3567
5969.10 4.3564
5969.15 4.3560
5969.20 4.3557
5969.25 4.3553
5969.30 4.3550
5969.35 4.3546
5969.40 4.3543
5969.45 4.3539
5969.50 4.3536
5969.55 4.3532
5969.60 4.3529
5969.65 4.3525
5969.70 4.3522
5969.75 4.3518
5969.80 4.3514
5969.85 4.3511
5969.90 4.3507
5969.95 4.3504
5970.00 4.3500
5970.05 4.3496
5970.10 4.3493
5970.15 4.3489
5970.20 4.3485
5970.25 4.3482
5970.30 4.3478
5970.35 4.3475
5970.40 4.3471
5970.45 4.3467
5970.50 4.3463
5970.55 4.3460
5970.60 4.3456
5970.65 4.3452
5970.70 4.3449
5970.75 4.3445
5970.80 4.3441
5970.85 4.3437
5970.90 4.3434
5970.95 4.3430
5971.00 4.3426
5971.05 4.3422
5971.10 4.3418
5971.15 4.3415
5971.20 4.3411
5971.25 4.3407
5971.30 4.3403
5971.35 4.3399
5971.40 4.3395
5971.45 4.3392
5971.50 4.3388
5971.55 4.3384
5971.60 4.3380
5971.65 4.3376
5971.70 4.3372
5971.75 4.3368
5971.80 4.3364
5971.85 4.3361
5971.90 4.3357
5971.95 4.3353
5972.00 4.3349
5972.05 4.3345
5972.10 4.3341
5972.15 4.3337
5972.20 4.3333
5972.25 4.3329
5972.30 4.3325
5972.35 4.3321
5972.40 4.3317
5972.45 4.3313
5972.50 4.3309
5972.55 4.3305
5972.60 4.3301
5972.65 4.3297
5972.70 4.3293
5972.75 4.3289
5972.80 4.3285
5972.85 4.3281
5972.90 4.3276
5972.95 4.3272
5973.00 4.3268
5973.05 4.3264
5973.10 4.3260
5973.15 4.3256
5973.20 4.3252
5973.25 4.3248
5973.30 4.3244
5973.35 4.3239
5973.40 4.3235
5973.45 4.3231
5973.50 4.3227
5973.55 4.3223
5973.60 4.3219
5973.65 4.3214
5973.70 4.3210
5973.75 4.3206
5973.80 4.3202
5973.85 4.3198
5973.90 4.3193
5973.95 4.3189
5974.00 4.3185
5974.05 4.3181
5974.10 4.3177
5974.15 4.3172
5974.20 4.3168
5974.25 4.3164
5974.30 4.3159
5974.35 4.3155
5974.40 4.3151
5974.45 4.3147
5974.50 4.3142
5974.55 4.3138
5974.60 4.3134
5974.65 4.3129
5974.70 4.3125
5974.75 4.3121
5974.80 4.3116
5974.85 4.3112
5974.90 4.3108
5974.95 4.3103
5975.00 4.3099
5975.05 4.3095
5975.10 4.3090
5975.15 4.3086
5975.20 4.3082
5975.25 4.3077
5975.30 4.3073
5975.35 4.3068
5975.40 4.3064
5975.45 4.3060
5975.50 4.3055
5975.55 4.3051
5975.60 4.3046
5975.65 4.3042
5975.70 4.3037
5975.75 4.3033
5975.80 4.3029
5975.85 4.3024
5975.90 4.3020
5975.95 4.3015
5976.00 4.3011
5976.05 4.3006
5976.10 4.3002
5976.15 4.2997
5976.20 4.2993
5976.25 4.2988
5976.30 4.2984
5976.35 4.2979
5976.40 4.2975
5976.45 4.2970
5976.50 4.2966
5976.55 4.2961
5976.60 4.2957
5976.65 4.2952
5976.70 4.2948
5976.75 4.2943
5976.80 4.2939
5976.85 4.2934
5976.90 4.2930
5976.95 4.2925
5977.00 4.2920
5977.05 4.2916
5977.10 4.2911
5977.15 4.2907
5977.20 4.2902
5977.25 4.2898
5977.30 4.2893
5977.35 4.2888
5977.40 4.2884
5977.45 4.2879
5977.50 4.2875
5977.55 4.2870
5977.60 4.2865
5977.65 4.2861
5977.70 4.2856
5977.75 4.2852
5977.80 4.2847
5977.85 4.2842
5977.90 4.2838
5977.95 4.2833
5978.00 4.2829
5978.05 4.2824
5978.10 4.2819
5978.15 4.2815
5978.20 4.2810
5978.25 4.2805
5978.30 4.2801
5978.35 4.2796
5978.40 4.2791
5978.45 4.2787
5978.50 4.2782
5978.55 4.2777
5978.60 4.2773
5978.65 4.2768
5978.70 4.2764
5978.75 4.2759
5978.80 4.2754
5978.85 4.2750
5978.90 4.2745
5978.95 4.2740
5979.00 4.2736
5979.05 4.2731
5979.10 4.2726
5979.15 4.2721
5979.20 4.2717
5979.25 4.2712
5979.30 4.2707
5979.35 4.2703
5979.40 4.2698
5979.45 4.2693
5979.50 4.2689
5979.55 4.2684
5979.60 4.2679
5979.65 4.2675
5979.70 4.2670
5979.75 4.2665
5979.80 4.2661
5979.85 4.2656
5979.90 4.2651
5979.95 4.2647
5980.00 4.2642
5980.05 4.2637
5980.10 4.2632
5980.15 4.2628
5980.20 4.2623
5980.25 4.2618
5980.30 4.2614
5980.35 4.2609
5980.40 4.2604
5980.45 4.2600
5980.50 4.2595
5980.55 4.2590
5980.60 4.2586
5980.65 4.2581
5980.70 4.2576
5980.75 4.2571
5980.80 4.2567
5980.85 4.2562
5980.90 4.2557
5980.95 4.2553
5981.00 4.2548
5981.05 4.2543
5981.10 4.2539
5981.15 4.2534
5981.20 4.2529
5981.25 4.2525
5981.30 4.2520
5981.35 4.2515
5981.40 4.2511
5981.45 4.2506
5981.50 4.2501
5981.55 4.2497
5981.60 4.2492
5981.65 4.2487
5981.70 4.2483
5981.75 4.2478
5981.80 4.2473
5981.85 4.2469
5981.90 4.2464
5981.95 4.2459
5982.00 4.2455
5982.05 4.2450
5982.10 4.2445
5982.15 4.2441
5982.20 4.2436
5982.25 4.2432
5982.30 4.2427
5982.35 4.2422
5982.40 4.2418
5982.45 4.2413
5982.50 4.2408
5982.55 4.2404
5982.60 4.2399
5982.65 4.2395
5982.70 4.2390
5982.75 4.2385
5982.80 4.2381
5982.85 4.2376
5982.90 4.2372
5982.95 4.2367
5983.00 4.2362
5983.05 4.2358
5983.10 4.2353
5983.15 4.2349
5983.20 4.2344
5983.25 4.2339
5983.30 4.2335
5983.35 4.2330
5983.40 4.2326
5983.45 4.2321
5983.50 4.2317
5983.55 4.2312
5983.60 4.2308
5983.65 4.2303
5983.70 4.2299
5983.75 4.2294
5983.80 4.2290
5983.85 4.2285
5983.90 4.2281
5983.95 4.2276
5984.00 4.2272
5984.05 4.2267
5984.10 4.2263
5984.15 4.2258
5984.20 4.2254
5984.25 4.2249
5984.30 4.2245
5984.35 4.2240
5984.40 4.2236
5984.45 4.2231
5984.50 4.2227
5984.55 4.2222
5984.60 4.2218
5984.65 4.2214
5984.70 4.2209
5984.75 4.2205
5984.80 4.2200
5984.85 4.2196
5984.90 4.2192
5984.95 4.2187
5985.00 4.2183
5985.05 4.2178
5985.10 4.2174
5985.15 4.2170
5985.20 4.2165
5985.25 4.2161
5985.30 4.2157
5985.35 4.2152
5985.40 4.2148
5985.45 4.2144
5985.50 4.2139
5985.55 4.2135
5985.60 4.2131
5985.65 4.2127
5985.70 4.2122
5985.75 4.2118
5985.80 4.2114
5985.85 4.2109
5985.90 4.2105
5985.95 4.2101
5986.00 4.2097
5986.05 4.2092
5986.10 4.2088
5986.15 4.2084
5986.20 4.2080
5986.25 4.2076
5986.30 4.2071
5986.35 4.2067
5986.40 4.2063
5986.45 4.2059
5986.50 4.2055
5986.55 4.2051
5986.60 4.2047
5986.65 4.2042
5986.70 4.2038
5986.75 4.2034
5986.80 4.2030
5986.85 4.2026
5986.90 4.2022
5986.95 4.2018
5987.00 4.2014
5987.05 4.2010
5987.10 4.2006
5987.15 4.2002
5987.20 4.1998
5987.25 4.1994
5987.30 4.1990
5987.35 4.1986
5987.40 4.1982
5987.45 4.1978
5987.50 4.1974
5987.55 4.1970
5987.60 4.1966
5987.65 4.1962
5987.70 4.1958
5987.75 4.1954
5987.80 4.1950
5987.85 4.1946
5987.90 4.1942
5987.95 4.1938
5988.00 4.1934
5988.05 4.1930
5988.10 4.1927
5988.15 4.1923
5988.20 4.1919
5988.25 4.1915
5988.30 4.1911
5988.35 4.1907
5988.40 4.1904
5988.45 4.1900
5988.50 4.1896
5988.55 4.1892
5988.60 4.1889
5988.65 4.1885
5988.70 4.1881
5988.75 4.1877
5988.80 4.1874
5988.85 4.1870
5988.90 4.1866
5988.95 4.1863
5989.00 4.1859
5989.05 4.1855
5989.10 4.1852
5989.15 4.1848
5989.20 4.1844
5989.25 4.1841
5989.30 4.1837
5989.35 4.1834
5989.40 4.1830
5989.45 4.1826
5989.50 4.1823
5989.55 4.1819
5989.60 4.1816
5989.65 4.1812
5989.70 4.1809
5989.75 4.1805
5989.80 4.1802
5989.85 4.1798
5989.90 4.1795
5989.95 4.1791
5990.00 4.1788
5990.05 4.1785
5990.10 4.1781
5990.15 4.1778
5990.20 4.1774
5990.25 4.1771
5990.30 4.1768
5990.35 4.1764
5990.40 4.1761
5990.45 4.1758
5990.50 4.1754
5990.55 4.1751
5990.60 4.1748
5990.65 4.1744
5990.70 4.1741
5990.75 4.1738
5990.80 4.1735
5990.85 4.1731
5990.90 4.1728
5990.95 4.1725
5991.00 4.1722
5991.05 4.1719
5991.10 4.1715
5991.15 4.1712
5991.20 4.1709
5991.25 4.1706
5991.30 4.1703
5991.35 4.1700
5991.40 4.1697
5991.45 4.1694
5991.50 4.1690
5991.55 4.1687
5991.60 4.1684
5991.65 4.1681
5991.70 4.1678
5991.75 4.1675
5991.80 4.1672
5991.85 4.1669
5991.90 4.1666
5991.95 4.1664
5992.00 4.1661
5992.05 4.1658
5992.10 4.1655
5992.15 4.1652
5992.20 4.1649
5992.25 4.1646
5992.30 4.1643
5992.35 4.1640
5992.40 4.1638
5992.45 4.1635
5992.50 4.1632
5992.55 4.1629
5992.60 4.1626
5992.65 4.1624
5992.70 4.1621
5992.75 4.1618
5992.80 4.1615
5992.85 4.1613
5992.90 4.1610
5992.95 4.1607
5993.00 4.1605
5993.05 4.1602
5993.10 4.1599
5993.15 4.1597
5993.20 4.1594
5993.25 4.1592
5993.30 4.1589
5993.35 4.1587
5993.40 4.1584
5993.45 4.1581
5993.50 4.1579
5993.55 4.1576
5993.60 4.1574
5993.65 4.1571
5993.70 4.1569
5993.75 4.1567
5993.80 4.1564
5993.85 4.1562
5993.90 4.1559
5993.95 4.1557
5994.00 4.1555
5994.05 4.1552
5994.10 4.1550
5994.15 4.1548
5994.20 4.1545
5994.25 4.1543
5994.30 4.1541
5994.35 4.1538
5994.40 4.1536
5994.45 4.1534
5994.50 4.1532
5994.55 4.1529
5994.60 4.1527
5994.65 4.1525
5994.70 4.1523
5994.75 4.1521
5994.80 4.1519
5994.85 4.1516
5994.90 4.1514
5994.95 4.1512
5995.00 4.1510
5995.05 4.1508
5995.10 4.1506
5995.15 4.1504
5995.20 4.1502
5995.25 4.1500
5995.30 4.1498
5995.35 4.1496
5995.40 4.1494
5995.45 4.1492
5995.50 4.1490
5995.55 4.1488
5995.60 4.1486
5995.65 4.1485
5995.70 4.1483
5995.75 4.1481
5995.80 4.1479
5995.85 4.1477
5995.90 4.1475
5995.95 4.1474
5996.00 4.1472
5996.05 4.1470
5996.10 4.1468
5996.15 4.1467
5996.20 4.1465
5996.25 4.1463
5996.30 4.1461
5996.35 4.1460
5996.40 4.1458
5996.45 4.1457
5996.50 4.1455
5996.55 4.1453
5996.60 4.1452
5996.65 4.1450
5996.70 4.1449
5996.75 4.1447
5996.80 4.1446
5996.85 4.1444
5996.90 4.1443
5996.95 4.1441
5997.00 4.1440
5997.05 4.1438
5997.10 4.1437
5997.15 4.1435
5997.20 4.1434
5997.25 4.1433
5997.30 4.1431
5997.35 4.1430
5997.40 4.1428
5997.45 4.1427
5997.50 4.1426
5997.55 4.1425
5997.60 4.1423
5997.65 4.1422
5997.70 4.1421
5997.75 4.1420
5997.80 4.1418
5997.85 4.1417
5997.90 4.1416
5997.95 4.1415
5998.00 4.1414
5998.05 4.1413
5998.10 4.1411
5998.15 4.1410
5998.20 4.1409
5998.25 4.1408
5998.30 4.1407
5998.35 4.1406
5998.40 4.1405
5998.45 4.1404
5998.50 4.1403
5998.55 4.1402
5998.60 4.1401
5998.65 4.1400
5998.70 4.1399
5998.75 4.1399
5998.80 4.1398
5998.85 4.1397
5998.90 4.1396
5998.95 4.1395
5999.00 4.1394
5999.05 4.1393
5999.10 4.1393
5999.15 4.1392
5999.20 4.1391
5999.25 4.1390
5999.30 4.1390
5999.35 4.1389
5999.40 4.1388
5999.45 4.1388
5999.50 4.1387
5999.55 4.1386
5999.60 4.1386
5999.65 4.1385
5999.70 4.1385
5999.75 4.1384
5999.80 4.1383
5999.85 4.1383
5999.90 4.1382
5999.95 4.1382
6000.00 4.1381
6000.05 4.1381
6000.10 4.1380
6000.15 4.1380
6000.20 4.1380
6000.25 4.1379
6000.30 4.1379
6000.35 4.1378
6000.40 4.1378
6000.45 4.1378
6000.50 4.1377
6000.55 4.1377
6000.60 4.1377
6000.65 4.1376
6000.70 4.1376
6000.75 4.1376
6000.80 4.1376
6000.85 4.1375
6000.90 4.1375
6000.95 4.1375
6001.00 4.1375
6001.05 4.1375
6001.10 4.1375
6001.15 4.1375
6001.20 4.1374
6001.25 4.1374
6001.30 4.1374
6001.35 4.1374
6001.40 4.1374
6001.45 4.1374
