6328.50 3.1609
6328.55 3.1616
6328.60 3.1624
6328.65 3.1631
6328.70 3.1638
6328.75 3.1646
6328.80 3.1653
6328.85 3.1660
6328.90 3.1667
6328.95 3.1675
6329.00 3.1682
6329.05 3.1689
6329.10 3.1696
6329.15 3.1704
6329.20 3.1711
6329.25 3.1718
6329.30 3.1725
6329.35 3.1732
6329.40 3.1740
6329.45 3.1747
6329.50 3.1754
6329.55 3.1761
6329.60 3.1768
6329.65 3.1775
6329.70 3.1783
6329.75 3.1790
6329.80 3.1797
6329.85 3.1804
6329.90 3.1811
6329.95 3.1818
6330.00 3.1825
6330.05 3.1832
6330.10 3.1839
6330.15 3.1847
6330.20 3.1854
6330.25 3.1861
6330.30 3.1868
6330.35 3.1875
6330.40 3.1882
6330.45 3.1889
6330.50 3.1896
6330.55 3.1903
6330.60 3.1910
6330.65 3.1917
6330.70 3.1924
6330.75 3.1931
6330.80 3.1938
6330.85 3.1945
6330.90 3.1952
6330.95 3.1959
6331.00 3.1966
6331.05 3.1973
6331.10 3.1980
6331.15 3.1987
6331.20 3.1993
6331.25 3.2000
6331.30 3.2007
6331.35 3.2014
6331.40 3.2021
6331.45 3.2028
6331.50 3.2035
6331.55 3.2042
6331.60 3.2049
6331.65 3.2055
6331.70 3.2062
6331.75 3.2069
6331.80 3.2076
6331.85 3.2083
6331.90 3.2090
6331.95 3.2096
6332.00 3.2103
6332.05 3.2110
6332.10 3.2117
6332.15 3.2124
6332.20 3.2130
6332.25 3.2137
6332.30 3.2144
6332.35 3.2151
6332.40 3.2157
6332.45 3.2164
6332.50 3.2171
6332.55 3.2178
6332.60 3.2184
6332.65 3.2191
6332.70 3.2198
6332.75 3.2205
6332.80 3.2211
6332.85 3.2218
6332.90 3.2225
6332.95 3.2231
6333.00 3.2238
6333.05 3.2245
6333.10 3.2251
6333.15 3.2258
6333.20 3.2264
6333.25 3.2271
6333.30 3.2278
6333.35 3.2284
6333.40 3.2291
6333.45 3.2298
6333.50 3.2304
6333.55 3.2311
6333.60 3.2317
6333.65 3.2324
6333.70 3.2330
6333.75 3.2337
6333.80 3.2344
6333.85 3.2350
6333.90 3.2357
6333.95 3.2363
6334.00 3.2370
6334.05 3.2376
6334.10 3.2383
6334.15 3.2389
6334.20 3.2396
6334.25 3.2402
6334.30 3.2409
6334.35 3.2415
6334.40 3.2422
6334.45 3.2428
6334.50 3.2434
6334.55 3.2441
6334.60 3.2447
6334.65 3.2454
6334.70 3.2460
6334.75 3.2467
6334.80 3.2473
6334.85 3.2479
6334.90 3.2486
6334.95 3.2492
6335.00 3.2499
6335.05 3.2505
6335.10 3.2511
6335.15 3.2518
6335.20 3.2524
6335.25 3.2530
6335.30 3.2537
6335.35 3.2543
6335.40 3.2549
6335.45 3.2556
6335.50 3.2562
6335.55 3.2568
6335.60 3.2575
6335.65 3.2581
6335.70 3.2587
6335.75 3.2593
6335.80 3.2600
6335.85 3.2606
6335.90 3.2612
6335.95 3.2618
6336.00 3.2625
6336.05 3.2631
6336.10 3.2637
6336.15 3.2643
6336.20 3.2650
6336.25 3.2656
6336.30 3.2662
6336.35 3.2668
6336.40 3.2674
6336.45 3.2681
6336.50 3.2687
6336.55 3.2693
6336.60 3.2699
6336.65 3.2705
6336.70 3.2711
6336.75 3.2717
6336.80 3.2724
6336.85 3.2730
6336.90 3.2736
6336.95 3.2742
6337.00 3.2748
6337.05 3.2754
6337.10 3.2760
6337.15 3.2766
6337.20 3.2772
6337.25 3.2778
6337.30 3.2784
6337.35 3.2791
6337.40 3.2797
6337.45 3.2803
6337.50 3.2809
6337.55 3.2815
6337.60 3.2821
6337.65 3.2827
6337.70 3.2833
6337.75 3.2839
6337.80 3.2845
6337.85 3.2851
6337.90 3.2857
6337.95 3.2863
6338.00 3.2869
6338.05 3.2875
6338.10 3.2881
6338.15 3.2886
6338.20 3.2892
6338.25 3.2898
6338.30 3.2904
6338.35 3.2910
6338.40 3.2916
6338.45 3.2922
6338.50 3.2928
6338.55 3.2934
6338.60 3.2940
6338.65 3.2946
6338.70 3.2951
6338.75 3.2957
6338.80 3.2963
6338.85 3.2969
6338.90 3.2975
6338.95 3.2981
6339.00 3.2987
6339.05 3.2992
6339.10 3.2998
6339.15 3.3004
6339.20 3.3010
6339.25 3.3016
6339.30 3.3021
6339.35 3.3027
6339.40 3.3033
6339.45 3.3039
6339.50 3.3045
6339.55 3.3050
6339.60 3.3056
6339.65 3.3062
6339.70 3.3068
6339.75 3.3073
6339.80 3.3079
6339.85 3.3085
6339.90 3.3090
6339.95 3.3096
6340.00 3.3102
6340.05 3.3108
6340.10 3.3113
6340.15 3.3119
6340.20 3.3125
6340.25 3.3130
6340.30 3.3136
6340.35 3.3142
6340.40 3.3147
6340.45 3.3153
6340.50 3.3159
6340.55 3.3164
6340.60 3.3170
6340.65 3.3175
6340.70 3.3181
6340.75 3.3187
6340.80 3.3192
6340.85 3.3198
6340.90 3.3203
6340.95 3.3209
6341.00 3.3215
6341.05 3.3220
6341.10 3.3226
6341.15 3.3231
6341.20 3.3237
6341.25 3.3242
6341.30 3.3248
6341.35 3.3253
6341.40 3.3259
6341.45 3.3264
6341.50 3.3270
6341.55 3.3275
6341.60 3.3281
6341.65 3.3286
6341.70 3.3292
6341.75 3.3297
6341.80 3.3303
6341.85 3.3308
6341.90 3.3314
6341.95 3.3319
6342.00 3.3325
6342.05 3.3330
6342.10 3.3335
6342.15 3.3341
6342.20 3.3346
6342.25 3.3352
6342.30 3.3357
6342.35 3.3363
6342.40 3.3368
6342.45 3.3373
6342.50 3.3379
6342.55 3.3384
6342.60 3.3389
6342.65 3.3395
6342.70 3.3400
6342.75 3.3405
6342.80 3.3411
6342.85 3.3416
6342.90 3.3421
6342.95 3.3427
6343.00 3.3432
6343.05 3.3437
6343.10 3.3443
6343.15 3.3448
6343.20 3.3453
6343.25 3.3459
6343.30 3.3464
6343.35 3.3469
6343.40 3.3474
6343.45 3.3480
6343.50 3.3485
6343.55 3.3490
6343.60 3.3495
6343.65 3.3501
6343.70 3.3506
6343.75 3.3511
6343.80 3.3516
6343.85 3.3522
6343.90 3.3527
6343.95 3.3532
6344.00 3.3537
6344.05 3.3542
6344.10 3.3547
6344.15 3.3553
6344.20 3.3558
6344.25 3.3563
6344.30 3.3568
6344.35 3.3573
6344.40 3.3578
6344.45 3.3584
6344.50 3.3589
6344.55 3.3594
6344.60 3.3599
6344.65 3.3604
6344.70 3.3609
6344.75 3.3614
6344.80 3.3619
6344.85 3.3624
6344.90 3.3629
6344.95 3.3635
6345.00 3.3640
6345.05 3.3645
6345.10 3.3650
6345.15 3.3655
6345.20 3.3660
6345.25 3.3665
6345.30 3.3670
6345.35 3.3675
6345.40 3.3680
6345.45 3.3685
6345.50 3.3690
6345.55 3.3695
6345.60 3.3700
6345.65 3.3705
6345.70 3.3710
6345.75 3.3715
6345.80 3.3720
6345.85 3.3725
6345.90 3.3730
6345.95 3.3735
6346.00 3.3740
6346.05 3.3745
6346.10 3.3750
6346.15 3.3755
6346.20 3.3759
6346.25 3.3764
6346.30 3.3769
6346.35 3.3774
6346.40 3.3779
6346.45 3.3784
6346.50 3.3789
6346.55 3.3794
6346.60 3.3799
6346.65 3.3803
6346.70 3.3808
6346.75 3.3813
6346.80 3.3818
6346.85 3.3823
6346.90 3.3828
6346.95 3.3833
6347.00 3.3837
6347.05 3.3842
6347.10 3.3847
6347.15 3.3852
6347.20 3.3857
6347.25 3.3861
6347.30 3.3866
6347.35 3.3871
6347.40 3.3876
6347.45 3.3881
6347.50 3.3885
6347.55 3.3890
6347.60 3.3895
6347.65 3.3900
6347.70 3.3904
6347.75 3.3909
6347.80 3.3914
6347.85 3.3919
6347.90 3.3923
6347.95 3.3928
6348.00 3.3933
6348.05 3.3937
6348.10 3.3942
6348.15 3.3947
6348.20 3.3951
6348.25 3.3956
6348.30 3.3961
6348.35 3.3965
6348.40 3.3970
6348.45 3.3975
6348.50 3.3979
6348.55 3.3984
6348.60 3.3989
6348.65 3.3993
6348.70 3.3998
6348.75 3.4003
6348.80 3.4007
6348.85 3.4012
6348.90 3.4016
6348.95 3.4021
6349.00 3.4026
6349.05 3.4030
6349.10 3.4035
6349.15 3.4039
6349.20 3.4044
6349.25 3.4048
6349.30 3.4053
6349.35 3.4058
6349.40 3.4062
6349.45 3.4067
6349.50 3.4071
6349.55 3.4076
6349.60 3.4080
6349.65 3.4085
6349.70 3.4089
6349.75 3.4094
6349.80 3.4098
6349.85 3.4103
6349.90 3.4107
6349.95 3.4112
6350.00 3.4116
6350.05 3.4121
6350.10 3.4125
6350.15 3.4130
6350.20 3.4134
6350.25 3.4139
6350.30 3.4143
6350.35 3.4147
6350.40 3.4152
6350.45 3.4156
6350.50 3.4161
6350.55 3.4165
6350.60 3.4169
6350.65 3.4174
6350.70 3.4178
6350.75 3.4183
6350.80 3.4187
6350.85 3.4191
6350.90 3.4196
6350.95 3.4200
6351.00 3.4205
6351.05 3.4209
6351.10 3.4213
6351.15 3.4218
6351.20 3.4222
6351.25 3.4226
6351.30 3.4231
6351.35 3.4235
6351.40 3.4239
6351.45 3.4244
6351.50 3.4248
6351.55 3.4252
6351.60 3.4256
6351.65 3.4261
6351.70 3.4265
6351.75 3.4269
6351.80 3.4274
6351.85 3.4278
6351.90 3.4282
6351.95 3.4286
6352.00 3.4291
6352.05 3.4295
6352.10 3.4299
6352.15 3.4303
6352.20 3.4308
6352.25 3.4312
6352.30 3.4316
6352.35 3.4320
6352.40 3.4324
6352.45 3.4329
6352.50 3.4333
6352.55 3.4337
6352.60 3.4341
6352.65 3.4345
6352.70 3.4350
6352.75 3.4354
6352.80 3.4358
6352.85 3.4362
6352.90 3.4366
6352.95 3.4370
6353.00 3.4375
6353.05 3.4379
6353.10 3.4383
6353.15 3.4387
6353.20 3.4391
6353.25 3.4395
6353.30 3.4399
6353.35 3.4403
6353.40 3.4407
6353.45 3.4412
6353.50 3.4416
6353.55 3.4420
6353.60 3.4424
6353.65 3.4428
6353.70 3.4432
6353.75 3.4436
6353.80 3.4440
6353.85 3.4444
6353.90 3.4448
6353.95 3.4452
6354.00 3.4456
6354.05 3.4460
6354.10 3.4464
6354.15 3.4468
6354.20 3.4472
6354.25 3.4476
6354.30 3.4480
6354.35 3.4484
6354.40 3.4488
6354.45 3.4492
6354.50 3.4496
6354.55 3.4500
6354.60 3.4504
6354.65 3.4508
6354.70 3.4512
6354.75 3.4516
6354.80 3.4520
6354.85 3.4524
6354.90 3.4528
6354.95 3.4532
6355.00 3.4536
6355.05 3.4540
6355.10 3.4544
6355.15 3.4547
6355.20 3.4551
6355.25 3.4555
6355.30 3.4559
6355.35 3.4563
6355.40 3.4567
6355.45 3.4571
6355.50 3.4575
6355.55 3.4579
6355.60 3.4582
6355.65 3.4586
6355.70 3.4590
6355.75 3.4594
6355.80 3.4598
6355.85 3.4602
6355.90 3.4605
6355.95 3.4609
6356.00 3.4613
6356.05 3.4617
6356.10 3.4621
6356.15 3.4625
6356.20 3.4628
6356.25 3.4632
6356.30 3.4636
6356.35 3.4640
6356.40 3.4644
6356.45 3.4647
6356.50 3.4651
6356.55 3.4655
6356.60 3.4659
6356.65 3.4662
6356.70 3.4666
6356.75 3.4670
6356.80 3.4674
6356.85 3.4677
6356.90 3.4681
6356.95 3.4685
6357.00 3.4688
6357.05 3.4692
6357.10 3.4696
6357.15 3.4700
6357.20 3.4703
6357.25 3.4707
6357.30 3.4711
6357.35 3.4714
6357.40 3.4718
6357.45 3.4722
6357.50 3.4725
6357.55 3.4729
6357.60 3.4733
6357.65 3.4736
6357.70 3.4740
6357.75 3.4744
6357.80 3.4747
6357.85 3.4751
6357.90 3.4754
6357.95 3.4758
6358.00 3.4762
6358.05 3.4765
6358.10 3.4769
6358.15 3.4773
6358.20 3.4776
6358.25 3.4780
6358.30 3.4783
6358.35 3.4787
6358.40 3.4790
6358.45 3.4794
6358.50 3.4798
6358.55 3.4801
6358.60 3.4805
6358.65 3.4808
6358.70 3.4812
6358.75 3.4815
6358.80 3.4819
6358.85 3.4822
6358.90 3.4826
6358.95 3.4829
6359.00 3.4833
6359.05 3.4836
6359.10 3.4840
6359.15 3.4843
6359.20 3.4847
6359.25 3.4850
6359.30 3.4854
6359.35 3.4857
6359.40 3.4861
6359.45 3.4864
6359.50 3.4868
6359.55 3.4871
6359.60 3.4875
6359.65 3.4878
6359.70 3.4882
6359.75 3.4885
6359.80 3.4889
6359.85 3.4892
6359.90 3.4895
6359.95 3.4899
6360.00 3.4902
6360.05 3.4906
6360.10 3.4909
6360.15 3.4912
6360.20 3.4916
6360.25 3.4919
6360.30 3.4923
6360.35 3.4926
6360.40 3.4929
6360.45 3.4933
6360.50 3.4936
6360.55 3.4939
6360.60 3.4943
6360.65 3.4946
6360.70 3.4949
6360.75 3.4953
6360.80 3.4956
6360.85 3.4960
6360.90 3.4963
6360.95 3.4966
6361.00 3.4969
6361.05 3.4973
6361.10 3.4976
6361.15 3.4979
6361.20 3.4983
6361.25 3.4986
6361.30 3.4989
6361.35 3.4993
6361.40 3.4996
6361.45 3.4999
6361.50 3.5002
6361.55 3.5006
6361.60 3.5009
6361.65 3.5012
6361.70 3.5015
6361.75 3.5019
6361.80 3.5022
6361.85 3.5025
6361.90 3.5028
6361.95 3.5032
6362.00 3.5035
6362.05 3.5038
6362.10 3.5041
6362.15 3.5044
6362.20 3.5048
6362.25 3.5051
6362.30 3.5054
6362.35 3.5057
6362.40 3.5060
6362.45 3.5064
6362.50 3.5067
6362.55 3.5070
6362.60 3.5073
6362.65 3.5076
6362.70 3.5079
6362.75 3.5083
6362.80 3.5086
6362.85 3.5089
6362.90 3.5092
6362.95 3.5095
6363.00 3.5098
6363.05 3.5101
6363.10 3.5104
6363.15 3.5108
6363.20 3.5111
6363.25 3.5114
6363.30 3.5117
6363.35 3.5120
6363.40 3.5123
6363.45 3.5126
6363.50 3.5129
6363.55 3.5132
6363.60 3.5135
6363.65 3.5138
6363.70 3.5142
6363.75 3.5145
6363.80 3.5148
6363.85 3.5151
6363.90 3.5154
6363.95 3.5157
6364.00 3.5160
6364.05 3.5163
6364.10 3.5166
6364.15 3.5169
6364.20 3.5172
6364.25 3.5175
6364.30 3.5178
6364.35 3.5181
6364.40 3.5184
6364.45 3.5187
6364.50 3.5190
6364.55 3.5193
6364.60 3.5196
6364.65 3.5199
6364.70 3.5202
6364.75 3.5205
6364.80 3.5208
6364.85 3.5211
6364.90 3.5214
6364.95 3.5217
6365.00 3.5219
6365.05 3.5222
6365.10 3.5225
6365.15 3.5228
6365.20 3.5231
6365.25 3.5234
6365.30 3.5237
6365.35 3.5240
6365.40 3.5243
6365.45 3.5246
6365.50 3.5249
6365.55 3.5252
6365.60 3.5254
6365.65 3.5257
6365.70 3.5260
6365.75 3.5263
6365.80 3.5266
6365.85 3.5269
6365.90 3.5272
6365.95 3.5275
6366.00 3.5277
6366.05 3.5280
6366.10 3.5283
6366.15 3.5286
6366.20 3.5289
6366.25 3.5292
6366.30 3.5294
6366.35 3.5297
6366.40 3.5300
6366.45 3.5303
6366.50 3.5306
6366.55 3.5308
6366.60 3.5311
6366.65 3.5314
6366.70 3.5317
6366.75 3.5320
6366.80 3.5322
6366.85 3.5325
6366.90 3.5328
6366.95 3.5331
6367.00 3.5333
6367.05 3.5336
6367.10 3.5339
6367.15 3.5342
6367.20 3.5344
6367.25 3.5347
6367.30 3.5350
6367.35 3.5353
6367.40 3.5355
6367.45 3.5358
6367.50 3.5361
6367.55 3.5364
6367.60 3.5366
6367.65 3.5369
6367.70 3.5372
6367.75 3.5374
6367.80 3.5377
6367.85 3.5380
6367.90 3.5382
6367.95 3.5385
6368.00 3.5388
6368.05 3.5390
6368.10 3.5393
6368.15 3.5396
6368.20 3.5398
6368.25 3.5401
6368.30 3.5404
6368.35 3.5406
6368.40 3.5409
6368.45 3.5412
6368.50 3.5414
6368.55 3.5417
6368.60 3.5420
6368.65 3.5422
6368.70 3.5425
6368.75 3.5427
6368.80 3.5430
6368.85 3.5433
6368.90 3.5435
6368.95 3.5438
6369.00 3.5440
6369.05 3.5443
6369.10 3.5446
6369.15 3.5448
6369.20 3.5451
6369.25 3.5453
6369.30 3.5456
6369.35 3.5458
6369.40 3.5461
6369.45 3.5464
6369.50 3.5466
6369.55 3.5469
6369.60 3.5471
6369.65 3.5474
6369.70 3.5476
6369.75 3.5479
6369.80 3.5481
6369.85 3.5484
6369.90 3.5486
6369.95 3.5489
6370.00 3.5491
6370.05 3.5494
6370.10 3.5496
6370.15 3.5499
6370.20 3.5501
6370.25 3.5504
6370.30 3.5506
6370.35 3.5509
6370.40 3.5511
6370.45 3.5514
6370.50 3.5516
6370.55 3.5519
6370.60 3.5521
6370.65 3.5523
6370.70 3.5526
6370.75 3.5528
6370.80 3.5531
6370.85 3.5533
6370.90 3.5536
6370.95 3.5538
6371.00 3.5541
6371.05 3.5543
6371.10 3.5545
6371.15 3.5548
6371.20 3.5550
6371.25 3.5553
6371.30 3.5555
6371.35 3.5557
6371.40 3.5560
6371.45 3.5562
6371.50 3.5565
6371.55 3.5567
6371.60 3.5569
6371.65 3.5572
6371.70 3.5574
6371.75 3.5576
6371.80 3.5579
6371.85 3.5581
6371.90 3.5583
6371.95 3.5586
6372.00 3.5588
6372.05 3.5590
6372.10 3.5593
6372.15 3.5595
6372.20 3.5597
6372.25 3.5600
6372.30 3.5602
6372.35 3.5604
6372.40 3.5607
6372.45 3.5609
6372.50 3.5611
6372.55 3.5614
6372.60 3.5616
6372.65 3.5618
6372.70 3.5620
6372.75 3.5623
6372.80 3.5625
6372.85 3.5627
6372.90 3.5630
6372.95 3.5632
6373.00 3.5634
6373.05 3.5636
6373.10 3.5639
6373.15 3.5641
6373.20 3.5643
6373.25 3.5645
6373.30 3.5648
6373.35 3.5650
6373.40 3.5652
6373.45 3.5654
6373.50 3.5656
6373.55 3.5659
6373.60 3.5661
6373.65 3.5663
6373.70 3.5665
6373.75 3.5667
6373.80 3.5670
6373.85 3.5672
6373.90 3.5674
6373.95 3.5676
6374.00 3.5678
6374.05 3.5681
6374.10 3.5683
6374.15 3.5685
6374.20 3.5687
6374.25 3.5689
6374.30 3.5691
6374.35 3.5694
6374.40 3.5696
6374.45 3.5698
6374.50 3.5700
6374.55 3.5702
6374.60 3.5704
6374.65 3.5706
6374.70 3.5709
6374.75 3.5711
6374.80 3.5713
6374.85 3.5715
6374.90 3.5717
6374.95 3.5719
6375.00 3.5721
6375.05 3.5723
6375.10 3.5725
6375.15 3.5728
6375.20 3.5730
6375.25 3.5732
6375.30 3.5734
6375.35 3.5736
6375.40 3.5738
6375.45 3.5740
6375.50 3.5742
6375.55 3.5744
6375.60 3.5746
6375.65 3.5748
6375.70 3.5750
6375.75 3.5752
6375.80 3.5754
6375.85 3.5756
6375.90 3.5758
6375.95 3.5760
6376.00 3.5762
6376.05 3.5765
6376.10 3.5767
6376.15 3.5769
6376.20 3.5771
6376.25 3.5773
6376.30 3.5775
6376.35 3.5777
6376.40 3.5779
6376.45 3.5781
6376.50 3.5783
6376.55 3.5785
6376.60 3.5787
6376.65 3.5788
6376.70 3.5790
6376.75 3.5792
6376.80 3.5794
6376.85 3.5796
6376.90 3.5798
6376.95 3.5800
6377.00 3.5802
6377.05 3.5804
6377.10 3.5806
6377.15 3.5808
6377.20 3.5810
6377.25 3.5812
6377.30 3.5814
6377.35 3.5816
6377.40 3.5818
6377.45 3.5820
6377.50 3.5822
6377.55 3.5823
6377.60 3.5825
6377.65 3.5827
6377.70 3.5829
6377.75 3.5831
6377.80 3.5833
6377.85 3.5835
6377.90 3.5837
6377.95 3.5839
6378.00 3.5840
6378.05 3.5842
6378.10 3.5844
6378.15 3.5846
6378.20 3.5848
6378.25 3.5850
6378.30 3.5852
6378.35 3.5854
6378.40 3.5855
6378.45 3.5857
6378.50 3.5859
6378.55 3.5861
6378.60 3.5863
6378.65 3.5865
6378.70 3.5866
6378.75 3.5868
6378.80 3.5870
6378.85 3.5872
6378.90 3.5874
6378.95 3.5875
6379.00 3.5877
6379.05 3.5879
6379.10 3.5881
6379.15 3.5883
6379.20 3.5884
6379.25 3.5886
6379.30 3.5888
6379.35 3.5890
6379.40 3.5892
6379.45 3.5893
6379.50 3.5895
6379.55 3.5897
6379.60 3.5899
6379.65 3.5900
6379.70 3.5902
6379.75 3.5904
6379.80 3.5906
6379.85 3.5907
6379.90 3.5909
6379.95 3.5911
6380.00 3.5913
6380.05 3.5914
6380.10 3.5916
6380.15 3.5918
6380.20 3.5920
6380.25 3.5921
6380.30 3.5923
6380.35 3.5925
6380.40 3.5926
6380.45 3.5928
6380.50 3.5930
6380.55 3.5932
6380.60 3.5933
6380.65 3.5935
6380.70 3.5937
6380.75 3.5938
6380.80 3.5940
6380.85 3.5942
6380.90 3.5943
6380.95 3.5945
6381.00 3.5947
6381.05 3.5948
6381.10 3.5950
6381.15 3.5952
6381.20 3.5953
6381.25 3.5955
6381.30 3.5957
6381.35 3.5958
6381.40 3.5960
6381.45 3.5961
6381.50 3.5963
6381.55 3.5965
6381.60 3.5966
6381.65 3.5968
6381.70 3.5970
6381.75 3.5971
6381.80 3.5973
6381.85 3.5974
6381.90 3.5976
6381.95 3.5978
6382.00 3.5979
6382.05 3.5981
6382.10 3.5982
6382.15 3.5984
6382.20 3.5986
6382.25 3.5987
6382.30 3.5989
6382.35 3.5990
6382.40 3.5992
6382.45 3.5993
6382.50 3.5995
6382.55 3.5997
6382.60 3.5998
6382.65 3.6000
6382.70 3.6001
6382.75 3.6003
6382.80 3.6004
6382.85 3.6006
6382.90 3.6007
6382.95 3.6009
6383.00 3.6010
6383.05 3.6012
6383.10 3.6013
6383.15 3.6015
6383.20 3.6016
6383.25 3.6018
6383.30 3.6020
6383.35 3.6021
6383.40 3.6023
6383.45 3.6024
6383.50 3.6026
6383.55 3.6027
6383.60 3.6029
6383.65 3.6030
6383.70 3.6031
6383.75 3.6033
6383.80 3.6034
6383.85 3.6036
6383.90 3.6037
6383.95 3.6039
6384.00 3.6040
6384.05 3.6042
6384.10 3.6043
6384.15 3.6045
6384.20 3.6046
6384.25 3.6048
6384.30 3.6049
6384.35 3.6050
6384.40 3.6052
6384.45 3.6053
6384.50 3.6055
6384.55 3.6056
6384.60 3.6058
6384.65 3.6059
6384.70 3.6060
6384.75 3.6062
6384.80 3.6063
6384.85 3.6065
6384.90 3.6066
6384.95 3.6067
6385.00 3.6069
6385.05 3.6070
6385.10 3.6072
6385.15 3.6073
6385.20 3.6074
6385.25 3.6076
6385.30 3.6077
6385.35 3.6079
6385.40 3.6080
6385.45 3.6081
6385.50 3.6083
6385.55 3.6084
6385.60 3.6085
6385.65 3.6087
6385.70 3.6088
6385.75 3.6089
6385.80 3.6091
6385.85 3.6092
6385.90 3.6093
6385.95 3.6095
6386.00 3.6096
6386.05 3.6098
6386.10 3.6099
6386.15 3.6100
6386.20 3.6101
6386.25 3.6103
6386.30 3.6104
6386.35 3.6105
6386.40 3.6107
6386.45 3.6108
6386.50 3.6109
6386.55 3.6111
6386.60 3.6112
6386.65 3.6113
6386.70 3.6115
6386.75 3.6116
6386.80 3.6117
6386.85 3.6118
6386.90 3.6120
6386.95 3.6121
6387.00 3.6122
6387.05 3.6123
6387.10 3.6125
6387.15 3.6126
6387.20 3.6127
6387.25 3.6129
6387.30 3.6130
6387.35 3.6131
6387.40 3.6132
6387.45 3.6134
6387.50 3.6135
6387.55 3.6136
6387.60 3.6137
6387.65 3.6138
6387.70 3.6140
6387.75 3.6141
6387.80 3.6142
6387.85 3.6143
6387.90 3.6145
6387.95 3.6146
6388.00 3.6147
6388.05 3.6148
6388.10 3.6149
6388.15 3.6151
6388.20 3.6152
6388.25 3.6153
6388.30 3.6154
6388.35 3.6155
6388.40 3.6157
6388.45 3.6158
6388.50 3.6159
6388.55 3.6160
6388.60 3.6161
6388.65 3.6162
6388.70 3.6164
6388.75 3.6165
6388.80 3.6166
6388.85 3.6167
6388.90 3.6168
6388.95 3.6169
6389.00 3.6171
6389.05 3.6172
6389.10 3.6173
6389.15 3.6174
6389.20 3.6175
6389.25 3.6176
6389.30 3.6177
6389.35 3.6179
6389.40 3.6180
6389.45 3.6181
6389.50 3.6182
6389.55 3.6183
6389.60 3.6184
6389.65 3.6185
6389.70 3.6186
6389.75 3.6188
6389.80 3.6189
6389.85 3.6190
6389.90 3.6191
6389.95 3.6192
6390.00 3.6193
6390.05 3.6194
6390.10 3.6195
6390.15 3.6196
6390.20 3.6197
6390.25 3.6198
6390.30 3.6199
6390.35 3.6201
6390.40 3.6202
6390.45 3.6203
6390.50 3.6204
6390.55 3.6205
6390.60 3.6206
6390.65 3.6207
6390.70 3.6208
6390.75 3.6209
6390.80 3.6210
6390.85 3.6211
6390.90 3.6212
6390.95 3.6213
6391.00 3.6214
6391.05 3.6215
6391.10 3.6216
6391.15 3.6217
6391.20 3.6218
6391.25 3.6219
6391.30 3.6220
6391.35 3.6221
6391.40 3.6222
6391.45 3.6223
6391.50 3.6224
6391.55 3.6225
6391.60 3.6226
6391.65 3.6227
6391.70 3.6228
6391.75 3.6229
6391.80 3.6230
6391.85 3.6231
6391.90 3.6232
6391.95 3.6233
6392.00 3.6234
6392.05 3.6235
6392.10 3.6236
6392.15 3.6237
6392.20 3.6238
6392.25 3.6239
6392.30 3.6240
6392.35 3.6241
6392.40 3.6242
6392.45 3.6243
6392.50 3.6244
6392.55 3.6245
6392.60 3.6246
6392.65 3.6247
6392.70 3.6248
6392.75 3.6249
6392.80 3.6250
6392.85 3.6251
6392.90 3.6251
6392.95 3.6252
6393.00 3.6253
6393.05 3.6254
6393.10 3.6255
6393.15 3.6256
6393.20 3.6257
6393.25 3.6258
6393.30 3.6259
6393.35 3.6260
6393.40 3.6261
6393.45 3.6261
6393.50 3.6262
6393.55 3.6263
6393.60 3.6264
6393.65 3.6265
6393.70 3.6266
6393.75 3.6267
6393.80 3.6268
6393.85 3.6269
6393.90 3.6269
6393.95 3.6270
6394.00 3.6271
6394.05 3.6272
6394.10 3.6273
6394.15 3.6274
6394.20 3.6275
6394.25 3.6275
6394.30 3.6276
6394.35 3.6277
6394.40 3.6278
6394.45 3.6279
6394.50 3.6280
6394.55 3.6281
6394.60 3.6281
6394.65 3.6282
6394.70 3.6283
6394.75 3.6284
6394.80 3.6285
6394.85 3.6286
6394.90 3.6286
6394.95 3.6287
6395.00 3.6288
6395.05 3.6289
6395.10 3.6290
6395.15 3.6290
6395.20 3.6291
6395.25 3.6292
6395.30 3.6293
6395.35 3.6294
6395.40 3.6294
6395.45 3.6295
6395.50 3.6296
6395.55 3.6297
6395.60 3.6298
6395.65 3.6298
6395.70 3.6299
6395.75 3.6300
6395.80 3.6301
6395.85 3.6301
6395.90 3.6302
6395.95 3.6303
6396.00 3.6304
6396.05 3.6305
6396.10 3.6305
6396.15 3.6306
6396.20 3.6307
6396.25 3.6308
6396.30 3.6308
6396.35 3.6309
6396.40 3.6310
6396.45 3.6311
6396.50 3.6311
6396.55 3.6312
6396.60 3.6313
6396.65 3.6313
6396.70 3.6314
6396.75 3.6315
6396.80 3.6316
6396.85 3.6316
6396.90 3.6317
6396.95 3.6318
6397.00 3.6318
6397.05 3.6319
6397.10 3.6320
6397.15 3.6321
6397.20 3.6321
6397.25 3.6322
6397.30 3.6323
6397.35 3.6323
6397.40 3.6324
6397.45 3.6325
6397.50 3.6325
6397.55 3.6326
6397.60 3.6327
6397.65 3.6328
6397.70 3.6328
6397.75 3.6329
6397.80 3.6330
6397.85 3.6330
6397.90 3.6331
6397.95 3.6332
6398.00 3.6332
6398.05 3.6333
6398.10 3.6334
6398.15 3.6334
6398.20 3.6335
6398.25 3.6335
6398.30 3.6336
6398.35 3.6337
6398.40 3.6337
6398.45 3.6338
6398.50 3.6339
6398.55 3.6339
6398.60 3.6340
6398.65 3.6341
6398.70 3.6341
6398.75 3.6342
6398.80 3.6342
6398.85 3.6343
6398.90 3.6344
6398.95 3.6344
6399.00 3.6345
6399.05 3.6346
6399.10 3.6346
6399.15 3.6347
6399.20 3.6347
6399.25 3.6348
6399.30 3.6349
6399.35 3.6349
6399.40 3.6350
6399.45 3.6350
6399.50 3.6351
6399.55 3.6352
6399.60 3.6352
6399.65 3.6353
6399.70 3.6353
6399.75 3.6354
6399.80 3.6354
6399.85 3.6355
6399.90 3.6356
6399.95 3.6356
6400.00 3.6357
6400.05 3.6357
6400.10 3.6358
6400.15 3.6358
6400.20 3.6359
6400.25 3.6359
6400.30 3.6360
6400.35 3.6361
6400.40 3.6361
6400.45 3.6362
6400.50 3.6362
6400.55 3.6363
6400.60 3.6363
6400.65 3.6364
6400.70 3.6364
6400.75 3.6365
6400.80 3.6365
6400.85 3.6366
6400.90 3.6366
6400.95 3.6367
6401.00 3.6368
6401.05 3.6368
6401.10 3.6369
6401.15 3.6369
6401.20 3.6370
6401.25 3.6370
6401.30 3.6371
6401.35 3.6371
6401.40 3.6372
6401.45 3.6372
6401.50 3.6373
6401.55 3.6373
6401.60 3.6374
6401.65 3.6374
6401.70 3.6375
6401.75 3.6375
6401.80 3.6376
6401.85 3.6376
6401.90 3.6376
6401.95 3.6377
6402.00 3.6377
6402.05 3.6378
6402.10 3.6378
6402.15 3.6379
6402.20 3.6379
6402.25 3.6380
6402.30 3.6380
6402.35 3.6381
6402.40 3.6381
6402.45 3.6382
6402.50 3.6382
6402.55 3.6382
6402.60 3.6383
6402.65 3.6383
6402.70 3.6384
6402.75 3.6384
6402.80 3.6385
6402.85 3.6385
6402.90 3.6386
6402.95 3.6386
6403.00 3.6386
6403.05 3.6387
6403.10 3.6387
6403.15 3.6388
6403.20 3.6388
6403.25 3.6389
6403.30 3.6389
6403.35 3.6389
6403.40 3.6390
6403.45 3.6390
6403.50 3.6391
6403.55 3.6391
6403.60 3.6391
6403.65 3.6392
6403.70 3.6392
6403.75 3.6393
6403.80 3.6393
6403.85 3.6393
6403.90 3.6394
6403.95 3.6394
6404.00 3.6395
6404.05 3.6395
6404.10 3.6395
6404.15 3.6396
6404.20 3.6396
6404.25 3.6396
6404.30 3.6397
6404.35 3.6397
6404.40 3.6398
6404.45 3.6398
6404.50 3.6398
6404.55 3.6399
6404.60 3.6399
6404.65 3.6399
6404.70 3.6400
6404.75 3.6400
6404.80 3.6400
6404.85 3.6401
6404.90 3.6401
6404.95 3.6401
6405.00 3.6402
6405.05 3.6402
6405.10 3.6402
6405.15 3.6403
6405.20 3.6403
6405.25 3.6403
6405.30 3.6404
6405.35 3.6404
6405.40 3.6404
6405.45 3.6405
6405.50 3.6405
6405.55 3.6405
6405.60 3.6406
6405.65 3.6406
6405.70 3.6406
6405.75 3.6407
6405.80 3.6407
6405.85 3.6407
6405.90 3.6408
6405.95 3.6408
6406.00 3.6408
6406.05 3.6408
6406.10 3.6409
6406.15 3.6409
6406.20 3.6409
6406.25 3.6410
6406.30 3.6410
6406.35 3.6410
6406.40 3.6411
6406.45 3.6411
6406.50 3.6411
6406.55 3.6411
6406.60 3.6412
6406.65 3.6412
6406.70 3.6412
6406.75 3.6412
6406.80 3.6413
6406.85 3.6413
6406.90 3.6413
6406.95 3.6414
6407.00 3.6414
6407.05 3.6414
6407.10 3.6414
6407.15 3.6415
6407.20 3.6415
6407.25 3.6415
6407.30 3.6415
6407.35 3.6416
6407.40 3.6416
6407.45 3.6416
6407.50 3.6416
6407.55 3.6417
6407.60 3.6417
6407.65 3.6417
6407.70 3.6417
6407.75 3.6417
6407.80 3.6418
6407.85 3.6418
6407.90 3.6418
6407.95 3.6418
6408.00 3.6419
6408.05 3.6419
6408.10 3.6419
6408.15 3.6419
6408.20 3.6419
6408.25 3.6420
6408.30 3.6420
6408.35 3.6420
6408.40 3.6420
6408.45 3.6420
6408.50 3.6421
6408.55 3.6421
6408.60 3.6421
6408.65 3.6421
6408.70 3.6421
6408.75 3.6422
6408.80 3.6422
6408.85 3.6422
6408.90 3.6422
6408.95 3.6422
6409.00 3.6423
6409.05 3.6423
6409.10 3.6423
6409.15 3.6423
6409.20 3.6423
6409.25 3.6423
6409.30 3.6424
6409.35 3.6424
6409.40 3.6424
6409.45 3.6424
6409.50 3.6424
6409.55 3.6424
6409.60 3.6425
6409.65 3.6425
6409.70 3.6425
6409.75 3.6425
6409.80 3.6425
6409.85 3.6425
6409.90 3.6425
6409.95 3.6426
6410.00 3.6426
6410.05 3.6426
6410.10 3.6426
6410.15 3.6426
6410.20 3.6426
6410.25 3.6426
6410.30 3.6427
6410.35 3.6427
6410.40 3.6427
6410.45 3.6427
6410.50 3.6427
6410.55 3.6427
6410.60 3.6427
6410.65 3.6427
6410.70 3.6428
6410.75 3.6428
6410.80 3.6428
6410.85 3.6428
6410.90 3.6428
6410.95 3.6428
6411.00 3.6428
6411.05 3.6428
6411.10 3.6428
6411.15 3.6429
6411.20 3.6429
6411.25 3.6429
6411.30 3.6429
6411.35 3.6429
6411.40 3.6429
6411.45 3.6429
6411.50 3.6429
6411.55 3.6429
6411.60 3.6429
6411.65 3.6429
6411.70 3.6430
6411.75 3.6430
6411.80 3.6430
6411.85 3.6430
6411.90 3.6430
6411.95 3.6430
6412.00 3.6430
6412.05 3.6430
6412.10 3.6430
6412.15 3.6430
6412.20 3.6430
6412.25 3.6430
6412.30 3.6430
6412.35 3.6430
6412.40 3.6431
6412.45 3.6431
6412.50 3.6431
6412.55 3.6431
6412.60 3.6431
6412.65 3.6431
6412.70 3.6431
6412.75 3.6431
6412.80 3.6431
6412.85 3.6431
6412.90 3.6431
6412.95 3.6431
6413.00 3.6431
6413.05 3.6431
6413.10 3.6431
6413.15 3.6431
6413.20 3.6431
6413.25 3.6431
6413.30 3.6431
6413.35 3.6431
6413.40 3.6431
6413.45 3.6431
6413.50 3.6431
6413.55 3.6431
6413.60 3.6431
6413.65 3.6431
6413.70 3.6431
6413.75 3.6431
6413.80 3.6431
6413.85 3.6431
6413.90 3.6431
6413.95 3.6431
6414.00 3.6431
6414.05 3.6431
6414.10 3.6431
6414.15 3.6431
6414.20 3.6431
6414.25 3.6431
6414.30 3.6431
6414.35 3.6431
6414.40 3.6431
6414.45 3.6431
6414.50 3.6431
6414.55 3.6431
6414.60 3.6431
6414.65 3.6431
6414.70 3.6431
6414.75 3.6431
6414.80 3.6431
6414.85 3.6431
6414.90 3.6431
6414.95 3.6431
6415.00 3.6431
6415.05 3.6431
6415.10 3.6431
6415.15 3.6431
6415.20 3.6431
6415.25 3.6431
6415.30 3.6431
6415.35 3.6431
6415.40 3.6431
6415.45 3.6431
6415.50 3.6431
6415.55 3.6431
6415.60 3.6431
6415.65 3.6431
6415.70 3.6430
6415.75 3.6430
6415.80 3.6430
6415.85 3.6430
6415.90 3.6430
6415.95 3.6430
6416.00 3.6430
6416.05 3.6430
6416.10 3.6430
6416.15 3.6430
6416.20 3.6430
6416.25 3.6430
6416.30 3.6430
6416.35 3.6430
6416.40 3.6430
6416.45 3.6429
6416.50 3.6429
6416.55 3.6429
6416.60 3.6429
6416.65 3.6429
6416.70 3.6429
6416.75 3.6429
6416.80 3.6429
6416.85 3.6429
6416.90 3.6429
6416.95 3.6429
6417.00 3.6428
6417.05 3.6428
6417.10 3.6428
6417.15 3.6428
6417.20 3.6428
6417.25 3.6428
6417.30 3.6428
6417.35 3.6428
6417.40 3.6428
6417.45 3.6428
6417.50 3.6427
6417.55 3.6427
6417.60 3.6427
6417.65 3.6427
6417.70 3.6427
6417.75 3.6427
6417.80 3.6427
6417.85 3.6427
6417.90 3.6426
6417.95 3.6426
6418.00 3.6426
6418.05 3.6426
6418.10 3.6426
6418.15 3.6426
6418.20 3.6426
6418.25 3.6426
6418.30 3.6425
6418.35 3.6425
6418.40 3.6425
6418.45 3.6425
6418.50 3.6425
6418.55 3.6425
6418.60 3.6425
6418.65 3.6424
6418.70 3.6424
6418.75 3.6424
6418.80 3.6424
6418.85 3.6424
6418.90 3.6424
6418.95 3.6424
6419.00 3.6423
6419.05 3.6423
6419.10 3.6423
6419.15 3.6423
6419.20 3.6423
6419.25 3.6423
6419.30 3.6422
6419.35 3.6422
6419.40 3.6422
6419.45 3.6422
6419.50 3.6422
6419.55 3.6422
6419.60 3.6421
6419.65 3.6421
6419.70 3.6421
6419.75 3.6421
6419.80 3.6421
6419.85 3.6420
6419.90 3.6420
6419.95 3.6420
6420.00 3.6420
6420.05 3.6420
6420.10 3.6420
6420.15 3.6419
6420.20 3.6419
6420.25 3.6419
6420.30 3.6419
6420.35 3.6419
6420.40 3.6418
6420.45 3.6418
6420.50 3.6418
6420.55 3.6418
6420.60 3.6418
6420.65 3.6417
6420.70 3.6417
6420.75 3.6417
6420.80 3.6417
6420.85 3.6417
6420.90 3.6416
6420.95 3.6416
6421.00 3.6416
6421.05 3.6416
6421.10 3.6415
6421.15 3.6415
6421.20 3.6415
6421.25 3.6415
6421.30 3.6415
6421.35 3.6414
6421.40 3.6414
6421.45 3.6414
6421.50 3.6414
6421.55 3.6413
6421.60 3.6413
6421.65 3.6413
6421.70 3.6413
6421.75 3.6412
6421.80 3.6412
6421.85 3.6412
6421.90 3.6412
6421.95 3.6412
6422.00 3.6411
6422.05 3.6411
6422.10 3.6411
6422.15 3.6411
6422.20 3.6410
6422.25 3.6410
6422.30 3.6410
6422.35 3.6410
6422.40 3.6409
6422.45 3.6409
6422.50 3.6409
6422.55 3.6409
6422.60 3.6408
6422.65 3.6408
6422.70 3.6408
6422.75 3.6407
6422.80 3.6407
6422.85 3.6407
6422.90 3.6407
6422.95 3.6406
6423.00 3.6406
6423.05 3.6406
6423.10 3.6406
6423.15 3.6405
6423.20 3.6405
6423.25 3.6405
6423.30 3.6405
6423.35 3.6404
6423.40 3.6404
6423.45 3.6404
6423.50 3.6403
6423.55 3.6403
6423.60 3.6403
6423.65 3.6403
6423.70 3.6402
6423.75 3.6402
6423.80 3.6402
6423.85 3.6401
6423.90 3.6401
6423.95 3.6401
6424.00 3.6401
6424.05 3.6400
6424.10 3.6400
6424.15 3.6400
6424.20 3.6399
6424.25 3.6399
6424.30 3.6399
6424.35 3.6398
6424.40 3.6398
6424.45 3.6398
6424.50 3.6397
6424.55 3.6397
6424.60 3.6397
6424.65 3.6397
6424.70 3.6396
6424.75 3.6396
6424.80 3.6396
6424.85 3.6395
6424.90 3.6395
6424.95 3.6395
6425.00 3.6394
6425.05 3.6394
6425.10 3.6394
6425.15 3.6393
6425.20 3.6393
6425.25 3.6393
6425.30 3.6392
6425.35 3.6392
6425.40 3.6392
6425.45 3.6391
6425.50 3.6391
6425.55 3.6391
6425.60 3.6390
6425.65 3.6390
6425.70 3.6390
6425.75 3.6389
6425.80 3.6389
6425.85 3.6389
6425.90 3.6388
6425.95 3.6388
6426.00 3.6388
6426.05 3.6387
6426.10 3.6387
6426.15 3.6387
6426.20 3.6386
6426.25 3.6386
6426.30 3.6386
6426.35 3.6385
6426.40 3.6385
6426.45 3.6385
6426.50 3.6384
6426.55 3.6384
6426.60 3.6383
6426.65 3.6383
6426.70 3.6383
6426.75 3.6382
6426.80 3.6382
6426.85 3.6382
6426.90 3.6381
6426.95 3.6381
6427.00 3.6381
6427.05 3.6380
6427.10 3.6380
6427.15 3.6379
6427.20 3.6379
6427.25 3.6379
6427.30 3.6378
6427.35 3.6378
6427.40 3.6378
6427.45 3.6377
6427.50 3.6377
6427.55 3.6376
6427.60 3.6376
6427.65 3.6376
6427.70 3.6375
6427.75 3.6375
6427.80 3.6374
6427.85 3.6374
6427.90 3.6374
6427.95 3.6373
6428.00 3.6373
6428.05 3.6373
6428.10 3.6372
6428.15 3.6372
6428.20 3.6371
6428.25 3.6371
6428.30 3.6371
6428.35 3.6370
6428.40 3.6370
6428.45 3.6369
6428.50 3.6369
6428.55 3.6369
6428.60 3.6368
6428.65 3.6368
6428.70 3.6367
6428.75 3.6367
6428.80 3.6366
6428.85 3.6366
6428.90 3.6366
6428.95 3.6365
6429.00 3.6365
6429.05 3.6364
6429.10 3.6364
6429.15 3.6364
6429.20 3.6363
6429.25 3.6363
6429.30 3.6362
6429.35 3.6362
6429.40 3.6361
6429.45 3.6361
6429.50 3.6361
6429.55 3.6360
6429.60 3.6360
6429.65 3.6359
6429.70 3.6359
6429.75 3.6359
6429.80 3.6358
6429.85 3.6358
6429.90 3.6357
6429.95 3.6357
6430.00 3.6356
6430.05 3.6356
6430.10 3.6355
6430.15 3.6355
6430.20 3.6355
6430.25 3.6354
6430.30 3.6354
6430.35 3.6353
6430.40 3.6353
6430.45 3.6352
6430.50 3.6352
6430.55 3.6351
6430.60 3.6351
6430.65 3.6351
6430.70 3.6350
6430.75 3.6350
6430.80 3.6349
6430.85 3.6349
6430.90 3.6348
6430.95 3.6348
6431.00 3.6347
6431.05 3.6347
6431.10 3.6346
6431.15 3.6346
6431.20 3.6346
6431.25 3.6345
6431.30 3.6345
6431.35 3.6344
6431.40 3.6344
6431.45 3.6343
6431.50 3.6343
6431.55 3.6342
6431.60 3.6342
6431.65 3.6341
6431.70 3.6341
6431.75 3.6340
6431.80 3.6340
6431.85 3.6339
6431.90 3.6339
6431.95 3.6339
6432.00 3.6338
6432.05 3.6338
6432.10 3.6337
6432.15 3.6337
6432.20 3.6336
6432.25 3.6336
6432.30 3.6335
6432.35 3.6335
6432.40 3.6334
6432.45 3.6334
6432.50 3.6333
6432.55 3.6333
6432.60 3.6332
6432.65 3.6332
6432.70 3.6331
6432.75 3.6331
6432.80 3.6330
6432.85 3.6330
6432.90 3.6329
6432.95 3.6329
6433.00 3.6328
6433.05 3.6328
6433.10 3.6327
6433.15 3.6327
6433.20 3.6326
6433.25 3.6326
6433.30 3.6325
6433.35 3.6325
6433.40 3.6324
6433.45 3.6324
6433.50 3.6323
6433.55 3.6323
6433.60 3.6322
6433.65 3.6322
6433.70 3.6321
6433.75 3.6321
6433.80 3.6320
6433.85 3.6320
6433.90 3.6319
6433.95 3.6319
6434.00 3.6318
6434.05 3.6318
6434.10 3.6317
6434.15 3.6317
6434.20 3.6316
6434.25 3.6316
6434.30 3.6315
6434.35 3.6315
6434.40 3.6314
6434.45 3.6313
6434.50 3.6313
6434.55 3.6312
6434.60 3.6312
6434.65 3.6311
6434.70 3.6311
6434.75 3.6310
6434.80 3.6310
6434.85 3.6309
6434.90 3.6309
6434.95 3.6308
6435.00 3.6308
6435.05 3.6307
6435.10 3.6307
6435.15 3.6306
6435.20 3.6306
6435.25 3.6305
6435.30 3.6304
6435.35 3.6304
6435.40 3.6303
6435.45 3.6303
6435.50 3.6302
6435.55 3.6302
6435.60 3.6301
6435.65 3.6301
6435.70 3.6300
6435.75 3.6300
6435.80 3.6299
6435.85 3.6298
6435.90 3.6298
6435.95 3.6297
6436.00 3.6297
6436.05 3.6296
6436.10 3.6296
6436.15 3.6295
6436.20 3.6295
6436.25 3.6294
6436.30 3.6293
6436.35 3.6293
6436.40 3.6292
6436.45 3.6292
6436.50 3.6291
6436.55 3.6291
6436.60 3.6290
6436.65 3.6290
6436.70 3.6289
6436.75 3.6288
6436.80 3.6288
6436.85 3.6287
6436.90 3.6287
6436.95 3.6286
6437.00 3.6286
6437.05 3.6285
6437.10 3.6284
6437.15 3.6284
6437.20 3.6283
6437.25 3.6283
6437.30 3.6282
6437.35 3.6282
6437.40 3.6281
6437.45 3.6280
6437.50 3.6280
6437.55 3.6279
6437.60 3.6279
6437.65 3.6278
6437.70 3.6278
6437.75 3.6277
6437.80 3.6276
6437.85 3.6276
6437.90 3.6275
6437.95 3.6275
6438.00 3.6274
6438.05 3.6273
6438.10 3.6273
6438.15 3.6272
6438.20 3.6272
6438.25 3.6271
6438.30 3.6271
6438.35 3.6270
6438.40 3.6269
6438.45 3.6269
6438.50 3.6268
6438.55 3.6268
6438.60 3.6267
6438.65 3.6266
6438.70 3.6266
6438.75 3.6265
6438.80 3.6265
6438.85 3.6264
6438.90 3.6263
6438.95 3.6263
6439.00 3.6262
6439.05 3.6262
6439.10 3.6261
6439.15 3.6260
6439.20 3.6260
6439.25 3.6259
6439.30 3.6259
6439.35 3.6258
6439.40 3.6257
6439.45 3.6257
6439.50 3.6256
6439.55 3.6256
6439.60 3.6255
6439.65 3.6254
6439.70 3.6254
6439.75 3.6253
6439.80 3.6252
6439.85 3.6252
6439.90 3.6251
6439.95 3.6251
6440.00 3.6250
6440.05 3.6249
6440.10 3.6249
6440.15 3.6248
6440.20 3.6248
6440.25 3.6247
6440.30 3.6246
6440.35 3.6246
6440.40 3.6245
6440.45 3.6244
6440.50 3.6244
6440.55 3.6243
6440.60 3.6243
6440.65 3.6242
6440.70 3.6241
6440.75 3.6241
6440.80 3.6240
6440.85 3.6239
6440.90 3.6239
6440.95 3.6238
6441.00 3.6238
6441.05 3.6237
6441.10 3.6236
6441.15 3.6236
6441.20 3.6235
6441.25 3.6234
6441.30 3.6234
6441.35 3.6233
6441.40 3.6232
6441.45 3.6232
6441.50 3.6231
6441.55 3.6231
6441.60 3.6230
6441.65 3.6229
6441.70 3.6229
6441.75 3.6228
6441.80 3.6227
6441.85 3.6227
6441.90 3.6226
6441.95 3.6225
6442.00 3.6225
6442.05 3.6224
6442.10 3.6223
6442.15 3.6223
6442.20 3.6222
6442.25 3.6222
6442.30 3.6221
6442.35 3.6220
6442.40 3.6220
6442.45 3.6219
6442.50 3.6218
6442.55 3.6218
6442.60 3.6217
6442.65 3.6216
6442.70 3.6216
6442.75 3.6215
6442.80 3.6214
6442.85 3.6214
6442.90 3.6213
6442.95 3.6212
6443.00 3.6212
6443.05 3.6211
6443.10 3.6210
6443.15 3.6210
6443.20 3.6209
6443.25 3.6208
6443.30 3.6208
6443.35 3.6207
6443.40 3.6206
6443.45 3.6206
6443.50 3.6205
6443.55 3.6204
6443.60 3.6204
6443.65 3.6203
6443.70 3.6202
6443.75 3.6202
6443.80 3.6201
6443.85 3.6200
6443.90 3.6200
6443.95 3.6199
6444.00 3.6198
6444.05 3.6198
6444.10 3.6197
6444.15 3.6196
6444.20 3.6196
6444.25 3.6195
6444.30 3.6194
6444.35 3.6194
6444.40 3.6193
6444.45 3.6192
6444.50 3.6192
6444.55 3.6191
6444.60 3.6190
6444.65 3.6190
6444.70 3.6189
6444.75 3.6188
6444.80 3.6188
6444.85 3.6187
6444.90 3.6186
6444.95 3.6185
6445.00 3.6185
6445.05 3.6184
6445.10 3.6183
6445.15 3.6183
6445.20 3.6182
6445.25 3.6181
6445.30 3.6181
6445.35 3.6180
6445.40 3.6179
6445.45 3.6179
6445.50 3.6178
6445.55 3.6177
6445.60 3.6177
6445.65 3.6176
6445.70 3.6175
6445.75 3.6174
6445.80 3.6174
6445.85 3.6173
6445.90 3.6172
6445.95 3.6172
6446.00 3.6171
6446.05 3.6170
6446.10 3.6170
6446.15 3.6169
6446.20 3.6168
6446.25 3.6167
6446.30 3.6167
6446.35 3.6166
6446.40 3.6165
6446.45 3.6165
6446.50 3.6164
6446.55 3.6163
6446.60 3.6163
6446.65 3.6162
6446.70 3.6161
6446.75 3.6160
6446.80 3.6160
6446.85 3.6159
6446.90 3.6158
6446.95 3.6158
6447.00 3.6157
6447.05 3.6156
6447.10 3.6156
6447.15 3.6155
6447.20 3.6154
6447.25 3.6153
6447.30 3.6153
6447.35 3.6152
6447.40 3.6151
6447.45 3.6151
6447.50 3.6150
6447.55 3.6149
6447.60 3.6148
6447.65 3.6148
6447.70 3.6147
6447.75 3.6146
6447.80 3.6146
6447.85 3.6145
6447.90 3.6144
6447.95 3.6143
6448.00 3.6143
6448.05 3.6142
6448.10 3.6141
6448.15 3.6140
6448.20 3.6140
6448.25 3.6139
6448.30 3.6138
6448.35 3.6138
6448.40 3.6137
6448.45 3.6136
6448.50 3.6135
6448.55 3.6135
6448.60 3.6134
6448.65 3.6133
6448.70 3.6133
6448.75 3.6132
6448.80 3.6131
6448.85 3.6130
6448.90 3.6130
6448.95 3.6129
6449.00 3.6128
6449.05 3.6127
6449.10 3.6127
6449.15 3.6126
6449.20 3.6125
6449.25 3.6124
6449.30 3.6124
6449.35 3.6123
6449.40 3.6122
6449.45 3.6122
6449.50 3.6121
6449.55 3.6120
6449.60 3.6119
6449.65 3.6119
6449.70 3.6118
6449.75 3.6117
6449.80 3.6116
6449.85 3.6116
6449.90 3.6115
6449.95 3.6114
6450.00 3.6113
6450.05 3.6113
6450.10 3.6112
6450.15 3.6111
6450.20 3.6110
6450.25 3.6110
6450.30 3.6109
6450.35 3.6108
6450.40 3.6107
6450.45 3.6107
6450.50 3.6106
6450.55 3.6105
6450.60 3.6105
6450.65 3.6104
6450.70 3.6103
6450.75 3.6102
6450.80 3.6102
6450.85 3.6101
6450.90 3.6100
6450.95 3.6099
6451.00 3.6099
6451.05 3.6098
6451.10 3.6097
6451.15 3.6096
6451.20 3.6096
6451.25 3.6095
6451.30 3.6094
6451.35 3.6093
6451.40 3.6093
6451.45 3.6092
6451.50 3.6091
6451.55 3.6090
6451.60 3.6089
6451.65 3.6089
6451.70 3.6088
6451.75 3.6087
6451.80 3.6086
6451.85 3.6086
6451.90 3.6085
6451.95 3.6084
6452.00 3.6083
6452.05 3.6083
6452.10 3.6082
6452.15 3.6081
6452.20 3.6080
6452.25 3.6080
6452.30 3.6079
6452.35 3.6078
6452.40 3.6077
6452.45 3.6077
6452.50 3.6076
6452.55 3.6075
6452.60 3.6074
6452.65 3.6074
6452.70 3.6073
6452.75 3.6072
6452.80 3.6071
6452.85 3.6070
6452.90 3.6070
6452.95 3.6069
6453.00 3.6068
6453.05 3.6067
6453.10 3.6067
6453.15 3.6066
6453.20 3.6065
6453.25 3.6064
6453.30 3.6064
6453.35 3.6063
6453.40 3.6062
6453.45 3.6061
6453.50 3.6060
6453.55 3.6060
6453.60 3.6059
6453.65 3.6058
6453.70 3.6057
6453.75 3.6057
6453.80 3.6056
6453.85 3.6055
6453.90 3.6054
6453.95 3.6053
6454.00 3.6053
6454.05 3.6052
6454.10 3.6051
6454.15 3.6050
6454.20 3.6050
6454.25 3.6049
6454.30 3.6048
6454.35 3.6047
6454.40 3.6046
6454.45 3.6046
6454.50 3.6045
6454.55 3.6044
6454.60 3.6043
6454.65 3.6043
6454.70 3.6042
6454.75 3.6041
6454.80 3.6040
6454.85 3.6039
6454.90 3.6039
6454.95 3.6038
6455.00 3.6037
6455.05 3.6036
6455.10 3.6036
6455.15 3.6035
6455.20 3.6034
6455.25 3.6033
6455.30 3.6032
6455.35 3.6032
6455.40 3.6031
6455.45 3.6030
6455.50 3.6029
6455.55 3.6028
6455.60 3.6028
6455.65 3.6027
6455.70 3.6026
6455.75 3.6025
6455.80 3.6024
6455.85 3.6024
6455.90 3.6023
6455.95 3.6022
6456.00 3.6021
6456.05 3.6021
6456.10 3.6020
6456.15 3.6019
6456.20 3.6018
6456.25 3.6017
6456.30 3.6017
6456.35 3.6016
6456.40 3.6015
6456.45 3.6014
6456.50 3.6013
6456.55 3.6013
6456.60 3.6012
6456.65 3.6011
6456.70 3.6010
6456.75 3.6009
6456.80 3.6009
6456.85 3.6008
6456.90 3.6007
6456.95 3.6006
6457.00 3.6005
6457.05 3.6005
6457.10 3.6004
6457.15 3.6003
6457.20 3.6002
6457.25 3.6001
6457.30 3.6001
6457.35 3.6000
6457.40 3.5999
6457.45 3.5998
6457.50 3.5997
6457.55 3.5997
6457.60 3.5996
6457.65 3.5995
6457.70 3.5994
6457.75 3.5993
6457.80 3.5993
6457.85 3.5992
6457.90 3.5991
6457.95 3.5990
6458.00 3.5989
6458.05 3.5989
6458.10 3.5988
6458.15 3.5987
6458.20 3.5986
6458.25 3.5985
6458.30 3.5984
6458.35 3.5984
6458.40 3.5983
6458.45 3.5982
6458.50 3.5981
6458.55 3.5980
6458.60 3.5980
6458.65 3.5979
6458.70 3.5978
6458.75 3.5977
6458.80 3.5976
6458.85 3.5976
6458.90 3.5975
6458.95 3.5974
6459.00 3.5973
6459.05 3.5972
6459.10 3.5972
6459.15 3.5971
6459.20 3.5970
6459.25 3.5969
6459.30 3.5968
6459.35 3.5967
6459.40 3.5967
6459.45 3.5966
6459.50 3.5965
6459.55 3.5964
6459.60 3.5963
6459.65 3.5963
6459.70 3.5962
6459.75 3.5961
6459.80 3.5960
6459.85 3.5959
6459.90 3.5958
6459.95 3.5958
6460.00 3.5957
6460.05 3.5956
6460.10 3.5955
6460.15 3.5954
6460.20 3.5954
6460.25 3.5953
6460.30 3.5952
6460.35 3.5951
6460.40 3.5950
6460.45 3.5949
6460.50 3.5949
6460.55 3.5948
6460.60 3.5947
6460.65 3.5946
6460.70 3.5945
6460.75 3.5945
6460.80 3.5944
6460.85 3.5943
6460.90 3.5942
6460.95 3.5941
6461.00 3.5940
6461.05 3.5940
6461.10 3.5939
6461.15 3.5938
6461.20 3.5937
6461.25 3.5936
6461.30 3.5935
6461.35 3.5935
6461.40 3.5934
6461.45 3.5933
6461.50 3.5932
6461.55 3.5931
6461.60 3.5930
6461.65 3.5930
6461.70 3.5929
6461.75 3.5928
6461.80 3.5927
6461.85 3.5926
6461.90 3.5925
6461.95 3.5925
6462.00 3.5924
6462.05 3.5923
6462.10 3.5922
6462.15 3.5921
6462.20 3.5921
6462.25 3.5920
6462.30 3.5919
6462.35 3.5918
6462.40 3.5917
6462.45 3.5916
6462.50 3.5916
6462.55 3.5915
6462.60 3.5914
6462.65 3.5913
6462.70 3.5912
6462.75 3.5911
6462.80 3.5911
6462.85 3.5910
6462.90 3.5909
6462.95 3.5908
6463.00 3.5907
6463.05 3.5906
6463.10 3.5905
6463.15 3.5905
6463.20 3.5904
6463.25 3.5903
6463.30 3.5902
6463.35 3.5901
6463.40 3.5900
6463.45 3.5900
6463.50 3.5899
6463.55 3.5898
6463.60 3.5897
6463.65 3.5896
6463.70 3.5895
6463.75 3.5895
6463.80 3.5894
6463.85 3.5893
6463.90 3.5892
6463.95 3.5891
6464.00 3.5890
6464.05 3.5890
6464.10 3.5889
6464.15 3.5888
6464.20 3.5887
6464.25 3.5886
6464.30 3.5885
6464.35 3.5885
6464.40 3.5884
6464.45 3.5883
6464.50 3.5882
6464.55 3.5881
6464.60 3.5880
6464.65 3.5879
6464.70 3.5879
6464.75 3.5878
6464.80 3.5877
6464.85 3.5876
6464.90 3.5875
6464.95 3.5874
6465.00 3.5874
6465.05 3.5873
6465.10 3.5872
6465.15 3.5871
6465.20 3.5870
6465.25 3.5869
6465.30 3.5868
6465.35 3.5868
6465.40 3.5867
6465.45 3.5866
6465.50 3.5865
6465.55 3.5864
6465.60 3.5863
6465.65 3.5863
6465.70 3.5862
6465.75 3.5861
6465.80 3.5860
6465.85 3.5859
6465.90 3.5858
6465.95 3.5857
6466.00 3.5857
6466.05 3.5856
6466.10 3.5855
6466.15 3.5854
6466.20 3.5853
6466.25 3.5852
6466.30 3.5851
6466.35 3.5851
6466.40 3.5850
6466.45 3.5849
6466.50 3.5848
6466.55 3.5847
6466.60 3.5846
6466.65 3.5846
6466.70 3.5845
6466.75 3.5844
6466.80 3.5843
6466.85 3.5842
6466.90 3.5841
6466.95 3.5840
6467.00 3.5840
6467.05 3.5839
6467.10 3.5838
6467.15 3.5837
6467.20 3.5836
6467.25 3.5835
6467.30 3.5834
6467.35 3.5834
6467.40 3.5833
6467.45 3.5832
6467.50 3.5831
6467.55 3.5830
6467.60 3.5829
6467.65 3.5828
6467.70 3.5828
6467.75 3.5827
6467.80 3.5826
6467.85 3.5825
6467.90 3.5824
6467.95 3.5823
6468.00 3.5822
6468.05 3.5822
6468.10 3.5821
6468.15 3.5820
6468.20 3.5819
6468.25 3.5818
6468.30 3.5817
6468.35 3.5816
6468.40 3.5816
6468.45 3.5815
6468.50 3.5814
6468.55 3.5813
6468.60 3.5812
6468.65 3.5811
6468.70 3.5810
6468.75 3.5810
6468.80 3.5809
6468.85 3.5808
6468.90 3.5807
6468.95 3.5806
6469.00 3.5805
6469.05 3.5804
6469.10 3.5804
6469.15 3.5803
6469.20 3.5802
6469.25 3.5801
6469.30 3.5800
6469.35 3.5799
6469.40 3.5798
6469.45 3.5797
6469.50 3.5797
6469.55 3.5796
6469.60 3.5795
6469.65 3.5794
6469.70 3.5793
6469.75 3.5792
6469.80 3.5791
6469.85 3.5791
6469.90 3.5790
6469.95 3.5789
6470.00 3.5788
6470.05 3.5787
6470.10 3.5786
6470.15 3.5785
6470.20 3.5785
6470.25 3.5784
6470.30 3.5783
6470.35 3.5782
6470.40 3.5781
6470.45 3.5780
6470.50 3.5779
6470.55 3.5778
6470.60 3.5778
6470.65 3.5777
6470.70 3.5776
6470.75 3.5775
6470.80 3.5774
6470.85 3.5773
6470.90 3.5772
6470.95 3.5772
6471.00 3.5771
6471.05 3.5770
6471.10 3.5769
6471.15 3.5768
6471.20 3.5767
6471.25 3.5766
6471.30 3.5765
6471.35 3.5765
6471.40 3.5764
6471.45 3.5763
6471.50 3.5762
6471.55 3.5761
6471.60 3.5760
6471.65 3.5759
6471.70 3.5759
6471.75 3.5758
6471.80 3.5757
6471.85 3.5756
6471.90 3.5755
6471.95 3.5754
6472.00 3.5753
6472.05 3.5752
6472.10 3.5752
6472.15 3.5751
6472.20 3.5750
6472.25 3.5749
6472.30 3.5748
6472.35 3.5747
6472.40 3.5746
6472.45 3.5745
6472.50 3.5745
6472.55 3.5744
6472.60 3.5743
6472.65 3.5742
6472.70 3.5741
6472.75 3.5740
6472.80 3.5739
6472.85 3.5738
6472.90 3.5738
6472.95 3.5737
6473.00 3.5736
6473.05 3.5735
6473.10 3.5734
6473.15 3.5733
6473.20 3.5732
6473.25 3.5731
6473.30 3.5731
6473.35 3.5730
6473.40 3.5729
6473.45 3.5728
6473.50 3.5727
6473.55 3.5726
6473.60 3.5725
6473.65 3.5724
6473.70 3.5724
6473.75 3.5723
6473.80 3.5722
6473.85 3.5721
6473.90 3.5720
6473.95 3.5719
6474.00 3.5718
6474.05 3.5717
6474.10 3.5717
6474.15 3.5716
6474.20 3.5715
6474.25 3.5714
6474.30 3.5713
6474.35 3.5712
6474.40 3.5711
6474.45 3.5710
6474.50 3.5710
6474.55 3.5709
6474.60 3.5708
6474.65 3.5707
6474.70 3.5706
6474.75 3.5705
6474.80 3.5704
6474.85 3.5703
6474.90 3.5703
6474.95 3.5702
6475.00 3.5701
6475.05 3.5700
6475.10 3.5699
6475.15 3.5698
6475.20 3.5697
6475.25 3.5696
6475.30 3.5696
6475.35 3.5695
6475.40 3.5694
6475.45 3.5693
6475.50 3.5692
6475.55 3.5691
6475.60 3.5690
6475.65 3.5689
6475.70 3.5688
6475.75 3.5688
6475.80 3.5687
6475.85 3.5686
6475.90 3.5685
6475.95 3.5684
6476.00 3.5683
6476.05 3.5682
6476.10 3.5681
6476.15 3.5681
6476.20 3.5680
6476.25 3.5679
6476.30 3.5678
6476.35 3.5677
6476.40 3.5676
6476.45 3.5675
6476.50 3.5674
6476.55 3.5673
6476.60 3.5673
6476.65 3.5672
6476.70 3.5671
6476.75 3.5670
6476.80 3.5669
6476.85 3.5668
6476.90 3.5667
6476.95 3.5666
6477.00 3.5666
6477.05 3.5665
6477.10 3.5664
6477.15 3.5663
6477.20 3.5662
6477.25 3.5661
6477.30 3.5660
6477.35 3.5659
6477.40 3.5658
6477.45 3.5658
6477.50 3.5657
6477.55 3.5656
6477.60 3.5655
6477.65 3.5654
6477.70 3.5653
6477.75 3.5652
6477.80 3.5651
6477.85 3.5651
6477.90 3.5650
6477.95 3.5649
6478.00 3.5648
6478.05 3.5647
6478.10 3.5646
6478.15 3.5645
6478.20 3.5644
6478.25 3.5643
6478.30 3.5643
6478.35 3.5642
6478.40 3.5641
6478.45 3.5640
6478.50 3.5639
6478.55 3.5638
6478.60 3.5637
6478.65 3.5636
6478.70 3.5635
6478.75 3.5635
6478.80 3.5634
6478.85 3.5633
6478.90 3.5632
6478.95 3.5631
6479.00 3.5630
6479.05 3.5629
6479.10 3.5628
6479.15 3.5627
6479.20 3.5627
6479.25 3.5626
6479.30 3.5625
6479.35 3.5624
6479.40 3.5623
6479.45 3.5622
6479.50 3.5621
6479.55 3.5620
6479.60 3.5619
6479.65 3.5619
6479.70 3.5618
6479.75 3.5617
6479.80 3.5616
6479.85 3.5615
6479.90 3.5614
6479.95 3.5613
6480.00 3.5612
6480.05 3.5611
6480.10 3.5611
6480.15 3.5610
6480.20 3.5609
6480.25 3.5608
6480.30 3.5607
6480.35 3.5606
6480.40 3.5605
6480.45 3.5604
6480.50 3.5603
6480.55 3.5603
6480.60 3.5602
6480.65 3.5601
6480.70 3.5600
6480.75 3.5599
6480.80 3.5598
6480.85 3.5597
6480.90 3.5596
6480.95 3.5595
6481.00 3.5595
6481.05 3.5594
6481.10 3.5593
6481.15 3.5592
6481.20 3.5591
6481.25 3.5590
6481.30 3.5589
6481.35 3.5588
6481.40 3.5587
6481.45 3.5587
6481.50 3.5586
6481.55 3.5585
6481.60 3.5584
6481.65 3.5583
6481.70 3.5582
6481.75 3.5581
6481.80 3.5580
6481.85 3.5579
6481.90 3.5579
6481.95 3.5578
6482.00 3.5577
6482.05 3.5576
6482.10 3.5575
6482.15 3.5574
6482.20 3.5573
6482.25 3.5572
6482.30 3.5571
6482.35 3.5571
6482.40 3.5570
6482.45 3.5569
6482.50 3.5568
6482.55 3.5567
6482.60 3.5566
6482.65 3.5565
6482.70 3.5564
6482.75 3.5563
6482.80 3.5562
6482.85 3.5562
6482.90 3.5561
6482.95 3.5560
6483.00 3.5559
6483.05 3.5558
6483.10 3.5557
6483.15 3.5556
6483.20 3.5555
6483.25 3.5554
6483.30 3.5554
6483.35 3.5553
6483.40 3.5552
6483.45 3.5551
6483.50 3.5550
6483.55 3.5549
6483.60 3.5548
6483.65 3.5547
6483.70 3.5546
6483.75 3.5545
6483.80 3.5545
6483.85 3.5544
6483.90 3.5543
6483.95 3.5542
6484.00 3.5541
6484.05 3.5540
6484.10 3.5539
6484.15 3.5538
6484.20 3.5537
6484.25 3.5537
6484.30 3.5536
6484.35 3.5535
6484.40 3.5534
6484.45 3.5533
6484.50 3.5532
6484.55 3.5531
6484.60 3.5530
6484.65 3.5529
6484.70 3.5528
6484.75 3.5528
6484.80 3.5527
6484.85 3.5526
6484.90 3.5525
6484.95 3.5524
6485.00 3.5523
6485.05 3.5522
6485.10 3.5521
6485.15 3.5520
6485.20 3.5520
6485.25 3.5519
6485.30 3.5518
6485.35 3.5517
6485.40 3.5516
6485.45 3.5515
6485.50 3.5514
6485.55 3.5513
6485.60 3.5512
6485.65 3.5511
6485.70 3.5511
6485.75 3.5510
6485.80 3.5509
6485.85 3.5508
6485.90 3.5507
6485.95 3.5506
6486.00 3.5505
6486.05 3.5504
6486.10 3.5503
6486.15 3.5502
6486.20 3.5502
6486.25 3.5501
6486.30 3.5500
6486.35 3.5499
6486.40 3.5498
6486.45 3.5497
6486.50 3.5496
6486.55 3.5495
6486.60 3.5494
6486.65 3.5493
6486.70 3.5493
6486.75 3.5492
6486.80 3.5491
6486.85 3.5490
6486.90 3.5489
6486.95 3.5488
6487.00 3.5487
6487.05 3.5486
6487.10 3.5485
6487.15 3.5484
6487.20 3.5484
6487.25 3.5483
6487.30 3.5482
6487.35 3.5481
6487.40 3.5480
6487.45 3.5479
6487.50 3.5478
6487.55 3.5477
6487.60 3.5476
6487.65 3.5475
6487.70 3.5475
6487.75 3.5474
6487.80 3.5473
6487.85 3.5472
6487.90 3.5471
6487.95 3.5470
6488.00 3.5469
6488.05 3.5468
6488.10 3.5467
6488.15 3.5466
6488.20 3.5466
6488.25 3.5465
6488.30 3.5464
6488.35 3.5463
6488.40 3.5462
6488.45 3.5461
6488.50 3.5460
6488.55 3.5459
6488.60 3.5458
6488.65 3.5457
6488.70 3.5457
6488.75 3.5456
6488.80 3.5455
6488.85 3.5454
6488.90 3.5453
6488.95 3.5452
6489.00 3.5451
6489.05 3.5450
6489.10 3.5449
6489.15 3.5448
6489.20 3.5448
6489.25 3.5447
6489.30 3.5446
6489.35 3.5445
6489.40 3.5444
6489.45 3.5443
6489.50 3.5442
6489.55 3.5441
6489.60 3.5440
6489.65 3.5439
6489.70 3.5439
6489.75 3.5438
6489.80 3.5437
6489.85 3.5436
6489.90 3.5435
6489.95 3.5434
6490.00 3.5433
6490.05 3.5432
6490.10 3.5431
6490.15 3.5430
6490.20 3.5429
6490.25 3.5429
6490.30 3.5428
6490.35 3.5427
6490.40 3.5426
6490.45 3.5425
6490.50 3.5424
6490.55 3.5423
6490.60 3.5422
6490.65 3.5421
6490.70 3.5420
6490.75 3.5420
6490.80 3.5419
6490.85 3.5418
6490.90 3.5417
6490.95 3.5416
6491.00 3.5415
6491.05 3.5414
6491.10 3.5413
6491.15 3.5412
6491.20 3.5411
6491.25 3.5410
6491.30 3.5410
6491.35 3.5409
6491.40 3.5408
6491.45 3.5407
6491.50 3.5406
6491.55 3.5405
6491.60 3.5404
6491.65 3.5403
6491.70 3.5402
6491.75 3.5401
6491.80 3.5401
6491.85 3.5400
6491.90 3.5399
6491.95 3.5398
6492.00 3.5397
6492.05 3.5396
6492.10 3.5395
6492.15 3.5394
6492.20 3.5393
6492.25 3.5392
6492.30 3.5391
6492.35 3.5391
6492.40 3.5390
6492.45 3.5389
6492.50 3.5388
6492.55 3.5387
6492.60 3.5386
6492.65 3.5385
6492.70 3.5384
6492.75 3.5383
6492.80 3.5382
6492.85 3.5381
6492.90 3.5381
6492.95 3.5380
6493.00 3.5379
6493.05 3.5378
6493.10 3.5377
6493.15 3.5376
6493.20 3.5375
6493.25 3.5374
6493.30 3.5373
6493.35 3.5372
6493.40 3.5371
6493.45 3.5371
6493.50 3.5370
6493.55 3.5369
6493.60 3.5368
6493.65 3.5367
6493.70 3.5366
6493.75 3.5365
6493.80 3.5364
6493.85 3.5363
6493.90 3.5362
6493.95 3.5361
6494.00 3.5361
6494.05 3.5360
6494.10 3.5359
6494.15 3.5358
6494.20 3.5357
6494.25 3.5356
6494.30 3.5355
6494.35 3.5354
6494.40 3.5353
6494.45 3.5352
6494.50 3.5351
6494.55 3.5351
6494.60 3.5350
6494.65 3.5349
6494.70 3.5348
6494.75 3.5347
6494.80 3.5346
6494.85 3.5345
6494.90 3.5344
6494.95 3.5343
6495.00 3.5342
6495.05 3.5341
6495.10 3.5341
6495.15 3.5340
6495.20 3.5339
6495.25 3.5338
6495.30 3.5337
6495.35 3.5336
6495.40 3.5335
6495.45 3.5334
6495.50 3.5333
6495.55 3.5332
6495.60 3.5331
6495.65 3.5331
6495.70 3.5330
6495.75 3.5329
6495.80 3.5328
6495.85 3.5327
6495.90 3.5326
6495.95 3.5325
6496.00 3.5324
6496.05 3.5323
6496.10 3.5322
6496.15 3.5321
6496.20 3.5320
6496.25 3.5320
6496.30 3.5319
6496.35 3.5318
6496.40 3.5317
6496.45 3.5316
6496.50 3.5315
6496.55 3.5314
6496.60 3.5313
6496.65 3.5312
6496.70 3.5311
6496.75 3.5310
6496.80 3.5310
6496.85 3.5309
6496.90 3.5308
6496.95 3.5307
6497.00 3.5306
6497.05 3.5305
6497.10 3.5304
6497.15 3.5303
6497.20 3.5302
6497.25 3.5301
6497.30 3.5300
6497.35 3.5299
6497.40 3.5299
6497.45 3.5298
6497.50 3.5297
6497.55 3.5296
6497.60 3.5295
6497.65 3.5294
6497.70 3.5293
6497.75 3.5292
6497.80 3.5291
6497.85 3.5290
6497.90 3.5289
6497.95 3.5288
6498.00 3.5288
6498.05 3.5287
6498.10 3.5286
6498.15 3.5285
6498.20 3.5284
6498.25 3.5283
6498.30 3.5282
6498.35 3.5281
6498.40 3.5280
6498.45 3.5279
6498.50 3.5278
6498.55 3.5277
6498.60 3.5277
6498.65 3.5276
6498.70 3.5275
6498.75 3.5274
6498.80 3.5273
6498.85 3.5272
6498.90 3.5271
6498.95 3.5270
6499.00 3.5269
6499.05 3.5268
6499.10 3.5267
6499.15 3.5266
6499.20 3.5266
6499.25 3.5265
6499.30 3.5264
6499.35 3.5263
6499.40 3.5262
6499.45 3.5261
6499.50 3.5260
6499.55 3.5259
6499.60 3.5258
6499.65 3.5257
6499.70 3.5256
6499.75 3.5255
6499.80 3.5254
6499.85 3.5254
6499.90 3.5253
6499.95 3.5252
6500.00 3.5251
6500.05 3.5250
6500.10 3.5249
6500.15 3.5248
6500.20 3.5247
6500.25 3.5246
6500.30 3.5245
6500.35 3.5244
6500.40 3.5243
6500.45 3.5243
6500.50 3.5242
6500.55 3.5241
6500.60 3.5240
6500.65 3.5239
6500.70 3.5238
6500.75 3.5237
6500.80 3.5236
6500.85 3.5235
6500.90 3.5234
6500.95 3.5233
6501.00 3.5232
6501.05 3.5231
6501.10 3.5231
6501.15 3.5230
6501.20 3.5229
6501.25 3.5228
6501.30 3.5227
6501.35 3.5226
6501.40 3.5225
6501.45 3.5224
6501.50 3.5223
6501.55 3.5222
6501.60 3.5221
6501.65 3.5220
6501.70 3.5219
6501.75 3.5219
6501.80 3.5218
6501.85 3.5217
6501.90 3.5216
6501.95 3.5215
6502.00 3.5214
6502.05 3.5213
6502.10 3.5212
6502.15 3.5211
6502.20 3.5210
6502.25 3.5209
6502.30 3.5208
6502.35 3.5207
6502.40 3.5206
6502.45 3.5206
6502.50 3.5205
6502.55 3.5204
6502.60 3.5203
6502.65 3.5202
6502.70 3.5201
6502.75 3.5200
6502.80 3.5199
6502.85 3.5198
6502.90 3.5197
6502.95 3.5196
6503.00 3.5195
6503.05 3.5194
6503.10 3.5193
6503.15 3.5193
6503.20 3.5192
6503.25 3.5191
6503.30 3.5190
6503.35 3.5189
6503.40 3.5188
6503.45 3.5187
6503.50 3.5186
6503.55 3.5185
6503.60 3.5184
6503.65 3.5183
6503.70 3.5182
6503.75 3.5181
6503.80 3.5180
6503.85 3.5180
6503.90 3.5179
6503.95 3.5178
6504.00 3.5177
6504.05 3.5176
6504.10 3.5175
6504.15 3.5174
6504.20 3.5173
6504.25 3.5172
6504.30 3.5171
6504.35 3.5170
6504.40 3.5169
6504.45 3.5168
6504.50 3.5167
6504.55 3.5167
6504.60 3.5166
6504.65 3.5165
6504.70 3.5164
6504.75 3.5163
6504.80 3.5162
6504.85 3.5161
6504.90 3.5160
6504.95 3.5159
6505.00 3.5158
6505.05 3.5157
6505.10 3.5156
6505.15 3.5155
6505.20 3.5154
6505.25 3.5153
6505.30 3.5153
6505.35 3.5152
6505.40 3.5151
6505.45 3.5150
6505.50 3.5149
6505.55 3.5148
6505.60 3.5147
6505.65 3.5146
6505.70 3.5145
6505.75 3.5144
6505.80 3.5143
6505.85 3.5142
6505.90 3.5141
6505.95 3.5140
6506.00 3.5139
6506.05 3.5138
6506.10 3.5138
6506.15 3.5137
6506.20 3.5136
6506.25 3.5135
6506.30 3.5134
6506.35 3.5133
6506.40 3.5132
6506.45 3.5131
6506.50 3.5130
6506.55 3.5129
6506.60 3.5128
6506.65 3.5127
6506.70 3.5126
6506.75 3.5125
6506.80 3.5124
6506.85 3.5123
6506.90 3.5123
6506.95 3.5122
6507.00 3.5121
6507.05 3.5120
6507.10 3.5119
6507.15 3.5118
6507.20 3.5117
6507.25 3.5116
6507.30 3.5115
6507.35 3.5114
6507.40 3.5113
6507.45 3.5112
6507.50 3.5111
6507.55 3.5110
6507.60 3.5109
6507.65 3.5108
6507.70 3.5107
6507.75 3.5107
6507.80 3.5106
6507.85 3.5105
6507.90 3.5104
6507.95 3.5103
6508.00 3.5102
6508.05 3.5101
6508.10 3.5100
6508.15 3.5099
6508.20 3.5098
6508.25 3.5097
6508.30 3.5096
6508.35 3.5095
6508.40 3.5094
6508.45 3.5093
6508.50 3.5092
6508.55 3.5091
6508.60 3.5090
6508.65 3.5090
6508.70 3.5089
6508.75 3.5088
6508.80 3.5087
6508.85 3.5086
6508.90 3.5085
6508.95 3.5084
6509.00 3.5083
6509.05 3.5082
6509.10 3.5081
6509.15 3.5080
6509.20 3.5079
6509.25 3.5078
6509.30 3.5077
6509.35 3.5076
6509.40 3.5075
6509.45 3.5074
6509.50 3.5073
6509.55 3.5072
6509.60 3.5071
6509.65 3.5071
6509.70 3.5070
6509.75 3.5069
6509.80 3.5068
6509.85 3.5067
6509.90 3.5066
6509.95 3.5065
6510.00 3.5064
6510.05 3.5063
6510.10 3.5062
6510.15 3.5061
6510.20 3.5060
6510.25 3.5059
6510.30 3.5058
6510.35 3.5057
6510.40 3.5056
6510.45 3.5055
6510.50 3.5054
6510.55 3.5053
6510.60 3.5052
6510.65 3.5051
6510.70 3.5051
6510.75 3.5050
6510.80 3.5049
6510.85 3.5048
6510.90 3.5047
6510.95 3.5046
6511.00 3.5045
6511.05 3.5044
6511.10 3.5043
6511.15 3.5042
6511.20 3.5041
6511.25 3.5040
6511.30 3.5039
6511.35 3.5038
6511.40 3.5037
6511.45 3.5036
6511.50 3.5035
6511.55 3.5034
6511.60 3.5033
6511.65 3.5032
6511.70 3.5031
6511.75 3.5030
6511.80 3.5029
6511.85 3.5029
6511.90 3.5028
6511.95 3.5027
6512.00 3.5026
6512.05 3.5025
6512.10 3.5024
6512.15 3.5023
6512.20 3.5022
6512.25 3.5021
6512.30 3.5020
6512.35 3.5019
6512.40 3.5018
6512.45 3.5017
6512.50 3.5016
6512.55 3.5015
6512.60 3.5014
6512.65 3.5013
6512.70 3.5012
6512.75 3.5011
6512.80 3.5010
6512.85 3.5009
6512.90 3.5008
6512.95 3.5007
6513.00 3.5006
6513.05 3.5005
6513.10 3.5004
6513.15 3.5003
6513.20 3.5003
6513.25 3.5002
6513.30 3.5001
6513.35 3.5000
6513.40 3.4999
6513.45 3.4998
6513.50 3.4997
6513.55 3.4996
6513.60 3.4995
6513.65 3.4994
6513.70 3.4993
6513.75 3.4992
6513.80 3.4991
6513.85 3.4990
6513.90 3.4989
6513.95 3.4988
6514.00 3.4987
6514.05 3.4986
6514.10 3.4985
6514.15 3.4984
6514.20 3.4983
6514.25 3.4982
6514.30 3.4981
6514.35 3.4980
6514.40 3.4979
6514.45 3.4978
6514.50 3.4977
6514.55 3.4976
6514.60 3.4975
6514.65 3.4974
6514.70 3.4973
6514.75 3.4972
6514.80 3.4971
6514.85 3.4970
6514.90 3.4969
6514.95 3.4969
6515.00 3.4968
6515.05 3.4967
6515.10 3.4966
6515.15 3.4965
6515.20 3.4964
6515.25 3.4963
6515.30 3.4962
6515.35 3.4961
6515.40 3.4960
6515.45 3.4959
6515.50 3.4958
6515.55 3.4957
6515.60 3.4956
6515.65 3.4955
6515.70 3.4954
6515.75 3.4953
6515.80 3.4952
6515.85 3.4951
6515.90 3.4950
6515.95 3.4949
6516.00 3.4948
6516.05 3.4947
6516.10 3.4946
6516.15 3.4945
6516.20 3.4944
6516.25 3.4943
6516.30 3.4942
6516.35 3.4941
6516.40 3.4940
6516.45 3.4939
6516.50 3.4938
6516.55 3.4937
6516.60 3.4936
6516.65 3.4935
6516.70 3.4934
6516.75 3.4933
6516.80 3.4932
6516.85 3.4931
6516.90 3.4930
6516.95 3.4929
6517.00 3.4928
6517.05 3.4927
6517.10 3.4926
6517.15 3.4925
6517.20 3.4924
6517.25 3.4923
6517.30 3.4922
6517.35 3.4921
6517.40 3.4920
6517.45 3.4919
6517.50 3.4918
6517.55 3.4917
6517.60 3.4916
6517.65 3.4915
6517.70 3.4914
6517.75 3.4913
6517.80 3.4912
6517.85 3.4911
6517.90 3.4910
6517.95 3.4909
6518.00 3.4908
6518.05 3.4907
6518.10 3.4906
6518.15 3.4905
6518.20 3.4904
6518.25 3.4903
6518.30 3.4902
6518.35 3.4901
6518.40 3.4900
6518.45 3.4899
6518.50 3.4898
6518.55 3.4897
6518.60 3.4896
6518.65 3.4895
6518.70 3.4894
6518.75 3.4893
6518.80 3.4892
6518.85 3.4891
6518.90 3.4890
6518.95 3.4889
6519.00 3.4888
6519.05 3.4887
6519.10 3.4886
6519.15 3.4885
6519.20 3.4884
6519.25 3.4883
6519.30 3.4882
6519.35 3.4881
6519.40 3.4880
6519.45 3.4879
6519.50 3.4878
6519.55 3.4877
6519.60 3.4876
6519.65 3.4875
6519.70 3.4874
6519.75 3.4873
6519.80 3.4872
6519.85 3.4871
6519.90 3.4870
6519.95 3.4869
6520.00 3.4868
6520.05 3.4867
6520.10 3.4866
6520.15 3.4865
6520.20 3.4864
6520.25 3.4863
6520.30 3.4862
6520.35 3.4861
6520.40 3.4860
6520.45 3.4859
6520.50 3.4858
6520.55 3.4857
6520.60 3.4856
6520.65 3.4855
6520.70 3.4854
6520.75 3.4853
6520.80 3.4852
6520.85 3.4851
6520.90 3.4850
6520.95 3.4849
6521.00 3.4848
6521.05 3.4847
6521.10 3.4846
6521.15 3.4845
6521.20 3.4844
6521.25 3.4843
6521.30 3.4842
6521.35 3.4841
6521.40 3.4840
6521.45 3.4839
6521.50 3.4838
6521.55 3.4837
6521.60 3.4836
6521.65 3.4835
6521.70 3.4834
6521.75 3.4833
6521.80 3.4832
6521.85 3.4831
6521.90 3.4830
6521.95 3.4829
6522.00 3.4828
6522.05 3.4827
6522.10 3.4826
6522.15 3.4825
6522.20 3.4824
6522.25 3.4823
6522.30 3.4822
6522.35 3.4820
6522.40 3.4819
6522.45 3.4818
6522.50 3.4817
6522.55 3.4816
6522.60 3.4815
6522.65 3.4814
6522.70 3.4813
6522.75 3.4812
6522.80 3.4811
6522.85 3.4810
6522.90 3.4809
6522.95 3.4808
6523.00 3.4807
6523.05 3.4806
6523.10 3.4805
6523.15 3.4804
6523.20 3.4803
6523.25 3.4802
6523.30 3.4801
6523.35 3.4800
6523.40 3.4799
6523.45 3.4798
