7130.50 5.7252
7130.55 5.7252
7130.60 5.7253
7130.65 5.7253
7130.70 5.7253
7130.75 5.7253
7130.80 5.7254
7130.85 5.7254
7130.90 5.7254
7130.95 5.7255
7131.00 5.7255
7131.05 5.7256
7131.10 5.7257
7131.15 5.7257
7131.20 5.7258
7131.25 5.7259
7131.30 5.7260
7131.35 5.7261
7131.40 5.7262
7131.45 5.7263
7131.50 5.7264
7131.55 5.7265
7131.60 5.7266
7131.65 5.7268
7131.70 5.7269
7131.75 5.7270
7131.80 5.7272
7131.85 5.7273
7131.90 5.7275
7131.95 5.7277
7132.00 5.7278
7132.05 5.7280
7132.10 5.7282
7132.15 5.7283
7132.20 5.7285
7132.25 5.7287
7132.30 5.7289
7132.35 5.7291
7132.40 5.7293
7132.45 5.7295
7132.50 5.7297
7132.55 5.7300
7132.60 5.7302
7132.65 5.7304
7132.70 5.7306
7132.75 5.7309
7132.80 5.7311
7132.85 5.7314
7132.90 5.7316
7132.95 5.7319
7133.00 5.7321
7133.05 5.7324
7133.10 5.7327
7133.15 5.7330
7133.20 5.7332
7133.25 5.7335
7133.30 5.7338
7133.35 5.7341
7133.40 5.7344
7133.45 5.7347
7133.50 5.7350
7133.55 5.7353
7133.60 5.7356
7133.65 5.7359
7133.70 5.7362
7133.75 5.7366
7133.80 5.7369
7133.85 5.7372
7133.90 5.7375
7133.95 5.7379
7134.00 5.7382
7134.05 5.7386
7134.10 5.7389
7134.15 5.7393
7134.20 5.7396
7134.25 5.7400
7134.30 5.7403
7134.35 5.7407
7134.40 5.7411
7134.45 5.7414
7134.50 5.7418
7134.55 5.7422
7134.60 5.7426
7134.65 5.7429
7134.70 5.7433
7134.75 5.7437
7134.80 5.7441
7134.85 5.7445
7134.90 5.7449
7134.95 5.7453
7135.00 5.7457
7135.05 5.7461
7135.10 5.7465
7135.15 5.7469
7135.20 5.7473
7135.25 5.7477
7135.30 5.7482
7135.35 5.7486
7135.40 5.7490
7135.45 5.7494
7135.50 5.7498
7135.55 5.7503
7135.60 5.7507
7135.65 5.7511
7135.70 5.7515
7135.75 5.7520
7135.80 5.7524
7135.85 5.7529
7135.90 5.7533
7135.95 5.7537
7136.00 5.7542
7136.05 5.7546
7136.10 5.7551
7136.15 5.7555
7136.20 5.7560
7136.25 5.7564
7136.30 5.7569
7136.35 5.7573
7136.40 5.7578
7136.45 5.7582
7136.50 5.7587
7136.55 5.7592
7136.60 5.7596
7136.65 5.7601
7136.70 5.7605
7136.75 5.7610
7136.80 5.7615
7136.85 5.7619
7136.90 5.7624
7136.95 5.7629
7137.00 5.7634
7137.05 5.7638
7137.10 5.7643
7137.15 5.7648
7137.20 5.7653
7137.25 5.7657
7137.30 5.7662
7137.35 5.7667
7137.40 5.7672
7137.45 5.7676
7137.50 5.7681
7137.55 5.7686
7137.60 5.7691
7137.65 5.7696
7137.70 5.7701
7137.75 5.7706
7137.80 5.7710
7137.85 5.7715
7137.90 5.7720
7137.95 5.7725
7138.00 5.7730
7138.05 5.7735
7138.10 5.7740
7138.15 5.7745
7138.20 5.7750
7138.25 5.7755
7138.30 5.7760
7138.35 5.7765
7138.40 5.7770
7138.45 5.7775
7138.50 5.7779
7138.55 5.7784
7138.60 5.7789
7138.65 5.7794
7138.70 5.7800
7138.75 5.7805
7138.80 5.7810
7138.85 5.7815
7138.90 5.7820
7138.95 5.7825
7139.00 5.7830
7139.05 5.7835
7139.10 5.7840
7139.15 5.7845
7139.20 5.7850
7139.25 5.7855
7139.30 5.7860
7139.35 5.7865
7139.40 5.7871
7139.45 5.7876
7139.50 5.7881
7139.55 5.7886
7139.60 5.7891
7139.65 5.7896
7139.70 5.7901
7139.75 5.7907
7139.80 5.7912
7139.85 5.7917
7139.90 5.7922
7139.95 5.7927
7140.00 5.7933
7140.05 5.7938
7140.10 5.7943
7140.15 5.7948
7140.20 5.7954
7140.25 5.7959
7140.30 5.7964
7140.35 5.7970
7140.40 5.7975
7140.45 5.7980
7140.50 5.7986
7140.55 5.7991
7140.60 5.7996
7140.65 5.8002
7140.70 5.8007
7140.75 5.8012
7140.80 5.8018
7140.85 5.8023
7140.90 5.8029
7140.95 5.8034
7141.00 5.8040
7141.05 5.8045
7141.10 5.8050
7141.15 5.8056
7141.20 5.8061
7141.25 5.8067
7141.30 5.8073
7141.35 5.8078
7141.40 5.8084
7141.45 5.8089
7141.50 5.8095
7141.55 5.8100
7141.60 5.8106
7141.65 5.8112
7141.70 5.8117
7141.75 5.8123
7141.80 5.8129
7141.85 5.8134
7141.90 5.8140
7141.95 5.8146
7142.00 5.8152
7142.05 5.8157
7142.10 5.8163
7142.15 5.8169
7142.20 5.8175
7142.25 5.8181
7142.30 5.8187
7142.35 5.8193
7142.40 5.8199
7142.45 5.8204
7142.50 5.8210
7142.55 5.8216
7142.60 5.8222
7142.65 5.8228
7142.70 5.8235
7142.75 5.8241
7142.80 5.8247
7142.85 5.8253
7142.90 5.8259
7142.95 5.8265
7143.00 5.8271
7143.05 5.8278
7143.10 5.8284
7143.15 5.8290
7143.20 5.8296
7143.25 5.8303
7143.30 5.8309
7143.35 5.8315
7143.40 5.8322
7143.45 5.8328
7143.50 5.8335
7143.55 5.8341
7143.60 5.8348
7143.65 5.8354
7143.70 5.8361
7143.75 5.8368
7143.80 5.8374
7143.85 5.8381
7143.90 5.8388
7143.95 5.8394
7144.00 5.8401
7144.05 5.8408
7144.10 5.8415
7144.15 5.8422
7144.20 5.8429
7144.25 5.8436
7144.30 5.8442
7144.35 5.8450
7144.40 5.8457
7144.45 5.8464
7144.50 5.8471
7144.55 5.8478
7144.60 5.8485
7144.65 5.8492
7144.70 5.8500
7144.75 5.8507
7144.80 5.8514
7144.85 5.8522
7144.90 5.8529
7144.95 5.8537
7145.00 5.8544
7145.05 5.8552
7145.10 5.8559
7145.15 5.8567
7145.20 5.8575
7145.25 5.8582
7145.30 5.8590
7145.35 5.8598
7145.40 5.8606
7145.45 5.8614
7145.50 5.8622
7145.55 5.8630
7145.60 5.8638
7145.65 5.8646
7145.70 5.8654
7145.75 5.8662
7145.80 5.8670
7145.85 5.8679
7145.90 5.8687
7145.95 5.8695
7146.00 5.8704
7146.05 5.8712
7146.10 5.8721
7146.15 5.8729
7146.20 5.8738
7146.25 5.8747
7146.30 5.8755
7146.35 5.8764
7146.40 5.8773
7146.45 5.8782
7146.50 5.8791
7146.55 5.8800
7146.60 5.8809
7146.65 5.8818
7146.70 5.8827
7146.75 5.8837
7146.80 5.8846
7146.85 5.8855
7146.90 5.8865
7146.95 5.8874
7147.00 5.8884
7147.05 5.8893
7147.10 5.8903
7147.15 5.8913
7147.20 5.8922
7147.25 5.8932
7147.30 5.8942
7147.35 5.8952
7147.40 5.8962
7147.45 5.8972
7147.50 5.8982
7147.55 5.8993
7147.60 5.9003
7147.65 5.9013
7147.70 5.9024
7147.75 5.9034
7147.80 5.9045
7147.85 5.9055
7147.90 5.9066
7147.95 5.9076
7148.00 5.9087
7148.05 5.9098
7148.10 5.9109
7148.15 5.9120
7148.20 5.9131
7148.25 5.9142
7148.30 5.9153
7148.35 5.9165
7148.40 5.9176
7148.45 5.9187
7148.50 5.9199
7148.55 5.9210
7148.60 5.9222
7148.65 5.9233
7148.70 5.9245
7148.75 5.9257
7148.80 5.9269
7148.85 5.9281
7148.90 5.9293
7148.95 5.9305
7149.00 5.9317
7149.05 5.9329
7149.10 5.9341
7149.15 5.9354
7149.20 5.9366
7149.25 5.9379
7149.30 5.9391
7149.35 5.9404
7149.40 5.9417
7149.45 5.9429
7149.50 5.9442
7149.55 5.9455
7149.60 5.9468
7149.65 5.9481
7149.70 5.9494
7149.75 5.9507
7149.80 5.9521
7149.85 5.9534
7149.90 5.9547
7149.95 5.9561
7150.00 5.9574
7150.05 5.9588
7150.10 5.9602
7150.15 5.9615
7150.20 5.9629
7150.25 5.9643
7150.30 5.9657
7150.35 5.9671
7150.40 5.9685
7150.45 5.9699
7150.50 5.9714
7150.55 5.9728
7150.60 5.9742
7150.65 5.9757
7150.70 5.9771
7150.75 5.9786
7150.80 5.9800
7150.85 5.9815
7150.90 5.9830
7150.95 5.9845
7151.00 5.9860
7151.05 5.9875
7151.10 5.9890
7151.15 5.9905
7151.20 5.9920
7151.25 5.9935
7151.30 5.9950
7151.35 5.9966
7151.40 5.9981
7151.45 5.9997
7151.50 6.0012
7151.55 6.0028
7151.60 6.0044
7151.65 6.0059
7151.70 6.0075
7151.75 6.0091
7151.80 6.0107
7151.85 6.0123
7151.90 6.0139
7151.95 6.0155
7152.00 6.0171
7152.05 6.0187
7152.10 6.0204
7152.15 6.0220
7152.20 6.0236
7152.25 6.0253
7152.30 6.0269
7152.35 6.0286
7152.40 6.0303
7152.45 6.0319
7152.50 6.0336
7152.55 6.0353
7152.60 6.0370
7152.65 6.0387
7152.70 6.0404
7152.75 6.0421
7152.80 6.0438
7152.85 6.0455
7152.90 6.0472
7152.95 6.0489
7153.00 6.0507
7153.05 6.0524
7153.10 6.0541
7153.15 6.0559
7153.20 6.0576
7153.25 6.0594
7153.30 6.0611
7153.35 6.0629
7153.40 6.0647
7153.45 6.0665
7153.50 6.0682
7153.55 6.0700
7153.60 6.0718
7153.65 6.0736
7153.70 6.0754
7153.75 6.0772
7153.80 6.0790
7153.85 6.0808
7153.90 6.0826
7153.95 6.0844
7154.00 6.0863
7154.05 6.0881
7154.10 6.0899
7154.15 6.0918
7154.20 6.0936
7154.25 6.0955
7154.30 6.0973
7154.35 6.0992
7154.40 6.1010
7154.45 6.1029
7154.50 6.1047
7154.55 6.1066
7154.60 6.1085
7154.65 6.1103
7154.70 6.1122
7154.75 6.1141
7154.80 6.1160
7154.85 6.1179
7154.90 6.1198
7154.95 6.1217
7155.00 6.1236
7155.05 6.1255
7155.10 6.1274
7155.15 6.1293
7155.20 6.1312
7155.25 6.1331
7155.30 6.1350
7155.35 6.1370
7155.40 6.1389
7155.45 6.1408
7155.50 6.1428
7155.55 6.1447
7155.60 6.1466
7155.65 6.1486
7155.70 6.1505
7155.75 6.1525
7155.80 6.1544
7155.85 6.1564
7155.90 6.1583
7155.95 6.1603
7156.00 6.1622
7156.05 6.1642
7156.10 6.1662
7156.15 6.1681
7156.20 6.1701
7156.25 6.1721
7156.30 6.1741
7156.35 6.1761
7156.40 6.1780
7156.45 6.1800
7156.50 6.1820
7156.55 6.1840
7156.60 6.1860
7156.65 6.1880
7156.70 6.1900
7156.75 6.1920
7156.80 6.1940
7156.85 6.1960
7156.90 6.1980
7156.95 6.2000
7157.00 6.2020
7157.05 6.2040
7157.10 6.2060
7157.15 6.2081
7157.20 6.2101
7157.25 6.2121
7157.30 6.2141
7157.35 6.2162
7157.40 6.2182
7157.45 6.2202
7157.50 6.2222
7157.55 6.2243
7157.60 6.2263
7157.65 6.2284
7157.70 6.2304
7157.75 6.2324
7157.80 6.2345
7157.85 6.2365
7157.90 6.2386
7157.95 6.2406
7158.00 6.2427
7158.05 6.2447
7158.10 6.2468
7158.15 6.2488
7158.20 6.2509
7158.25 6.2530
7158.30 6.2550
7158.35 6.2571
7158.40 6.2592
7158.45 6.2612
7158.50 6.2633
7158.55 6.2654
7158.60 6.2674
7158.65 6.2695
7158.70 6.2716
7158.75 6.2737
7158.80 6.2758
7158.85 6.2778
7158.90 6.2799
7158.95 6.2820
7159.00 6.2841
7159.05 6.2862
7159.10 6.2883
7159.15 6.2904
7159.20 6.2925
7159.25 6.2946
7159.30 6.2967
7159.35 6.2988
7159.40 6.3009
7159.45 6.3030
7159.50 6.3051
7159.55 6.3072
7159.60 6.3093
7159.65 6.3114
7159.70 6.3135
7159.75 6.3156
7159.80 6.3177
7159.85 6.3199
7159.90 6.3220
7159.95 6.3241
7160.00 6.3262
7160.05 6.3283
7160.10 6.3305
7160.15 6.3326
7160.20 6.3347
7160.25 6.3368
7160.30 6.3390
7160.35 6.3411
7160.40 6.3432
7160.45 6.3454
7160.50 6.3475
7160.55 6.3496
7160.60 6.3518
7160.65 6.3539
7160.70 6.3561
7160.75 6.3582
7160.80 6.3604
7160.85 6.3625
7160.90 6.3647
7160.95 6.3668
7161.00 6.3690
7161.05 6.3711
7161.10 6.3733
7161.15 6.3754
7161.20 6.3776
7161.25 6.3797
7161.30 6.3819
7161.35 6.3841
7161.40 6.3862
7161.45 6.3884
7161.50 6.3906
7161.55 6.3927
7161.60 6.3949
7161.65 6.3971
7161.70 6.3992
7161.75 6.4014
7161.80 6.4036
7161.85 6.4058
7161.90 6.4079
7161.95 6.4101
7162.00 6.4123
7162.05 6.4145
7162.10 6.4167
7162.15 6.4189
7162.20 6.4210
7162.25 6.4232
7162.30 6.4254
7162.35 6.4276
7162.40 6.4298
7162.45 6.4320
7162.50 6.4342
7162.55 6.4364
7162.60 6.4386
7162.65 6.4408
7162.70 6.4430
7162.75 6.4452
7162.80 6.4474
7162.85 6.4496
7162.90 6.4518
7162.95 6.4540
7163.00 6.4562
7163.05 6.4584
7163.10 6.4606
7163.15 6.4628
7163.20 6.4650
7163.25 6.4672
7163.30 6.4695
7163.35 6.4717
7163.40 6.4739
7163.45 6.4761
7163.50 6.4783
7163.55 6.4806
7163.60 6.4828
7163.65 6.4850
7163.70 6.4872
7163.75 6.4894
7163.80 6.4917
7163.85 6.4939
7163.90 6.4961
7163.95 6.4983
7164.00 6.5006
7164.05 6.5028
7164.10 6.5050
7164.15 6.5073
7164.20 6.5095
7164.25 6.5117
7164.30 6.5140
7164.35 6.5162
7164.40 6.5185
7164.45 6.5207
7164.50 6.5229
7164.55 6.5252
7164.60 6.5274
7164.65 6.5297
7164.70 6.5319
7164.75 6.5341
7164.80 6.5364
7164.85 6.5386
7164.90 6.5409
7164.95 6.5431
7165.00 6.5454
7165.05 6.5476
7165.10 6.5499
7165.15 6.5521
7165.20 6.5544
7165.25 6.5566
7165.30 6.5589
7165.35 6.5611
7165.40 6.5634
7165.45 6.5657
7165.50 6.5679
7165.55 6.5702
7165.60 6.5724
7165.65 6.5747
7165.70 6.5770
7165.75 6.5792
7165.80 6.5815
7165.85 6.5837
7165.90 6.5860
7165.95 6.5883
7166.00 6.5905
7166.05 6.5928
7166.10 6.5951
7166.15 6.5973
7166.20 6.5996
7166.25 6.6019
7166.30 6.6041
7166.35 6.6064
7166.40 6.6087
7166.45 6.6109
7166.50 6.6132
7166.55 6.6155
7166.60 6.6178
7166.65 6.6200
7166.70 6.6223
7166.75 6.6246
7166.80 6.6269
7166.85 6.6291
7166.90 6.6314
7166.95 6.6337
7167.00 6.6360
7167.05 6.6382
7167.10 6.6405
7167.15 6.6428
7167.20 6.6451
7167.25 6.6474
7167.30 6.6496
7167.35 6.6519
7167.40 6.6542
7167.45 6.6565
7167.50 6.6588
7167.55 6.6610
7167.60 6.6633
7167.65 6.6656
7167.70 6.6679
7167.75 6.6702
7167.80 6.6725
7167.85 6.6747
7167.90 6.6770
7167.95 6.6793
7168.00 6.6816
7168.05 6.6839
7168.10 6.6862
7168.15 6.6885
7168.20 6.6907
7168.25 6.6930
7168.30 6.6953
7168.35 6.6976
7168.40 6.6999
7168.45 6.7022
7168.50 6.7045
7168.55 6.7068
7168.60 6.7091
7168.65 6.7114
7168.70 6.7136
7168.75 6.7159
7168.80 6.7182
7168.85 6.7205
7168.90 6.7228
7168.95 6.7251
7169.00 6.7274
7169.05 6.7297
7169.10 6.7320
7169.15 6.7343
7169.20 6.7366
7169.25 6.7389
7169.30 6.7412
7169.35 6.7435
7169.40 6.7458
7169.45 6.7480
7169.50 6.7503
7169.55 6.7526
7169.60 6.7549
7169.65 6.7572
7169.70 6.7595
7169.75 6.7618
7169.80 6.7641
7169.85 6.7664
7169.90 6.7687
7169.95 6.7710
7170.00 6.7733
7170.05 6.7756
7170.10 6.7779
7170.15 6.7802
7170.20 6.7825
7170.25 6.7848
7170.30 6.7871
7170.35 6.7894
7170.40 6.7917
7170.45 6.7940
7170.50 6.7963
7170.55 6.7986
7170.60 6.8009
7170.65 6.8032
7170.70 6.8055
7170.75 6.8078
7170.80 6.8101
7170.85 6.8124
7170.90 6.8147
7170.95 6.8170
7171.00 6.8193
7171.05 6.8216
7171.10 6.8239
7171.15 6.8262
7171.20 6.8285
7171.25 6.8308
7171.30 6.8331
7171.35 6.8354
7171.40 6.8377
7171.45 6.8400
7171.50 6.8423
7171.55 6.8446
7171.60 6.8470
7171.65 6.8493
7171.70 6.8516
7171.75 6.8539
7171.80 6.8562
7171.85 6.8585
7171.90 6.8608
7171.95 6.8631
7172.00 6.8654
7172.05 6.8677
7172.10 6.8700
7172.15 6.8723
7172.20 6.8746
7172.25 6.8769
7172.30 6.8792
7172.35 6.8815
7172.40 6.8838
7172.45 6.8861
7172.50 6.8884
7172.55 6.8907
7172.60 6.8931
7172.65 6.8954
7172.70 6.8977
7172.75 6.9000
7172.80 6.9023
7172.85 6.9046
7172.90 6.9069
7172.95 6.9092
7173.00 6.9115
7173.05 6.9138
7173.10 6.9161
7173.15 6.9184
7173.20 6.9207
7173.25 6.9230
7173.30 6.9254
7173.35 6.9277
7173.40 6.9300
7173.45 6.9323
7173.50 6.9346
7173.55 6.9369
7173.60 6.9392
7173.65 6.9415
7173.70 6.9438
7173.75 6.9461
7173.80 6.9484
7173.85 6.9507
7173.90 6.9531
7173.95 6.9554
7174.00 6.9577
7174.05 6.9600
7174.10 6.9623
7174.15 6.9646
7174.20 6.9669
7174.25 6.9692
7174.30 6.9715
7174.35 6.9738
7174.40 6.9762
7174.45 6.9785
7174.50 6.9808
7174.55 6.9831
7174.60 6.9854
7174.65 6.9877
7174.70 6.9900
7174.75 6.9923
7174.80 6.9946
7174.85 6.9969
7174.90 6.9993
7174.95 7.0016
7175.00 7.0039
7175.05 7.0062
7175.10 7.0085
7175.15 7.0108
7175.20 7.0131
7175.25 7.0154
7175.30 7.0177
7175.35 7.0201
7175.40 7.0224
7175.45 7.0247
7175.50 7.0270
7175.55 7.0293
7175.60 7.0316
7175.65 7.0339
7175.70 7.0362
7175.75 7.0386
7175.80 7.0409
7175.85 7.0432
7175.90 7.0455
7175.95 7.0478
7176.00 7.0501
7176.05 7.0524
7176.10 7.0548
7176.15 7.0571
7176.20 7.0594
7176.25 7.0617
7176.30 7.0640
7176.35 7.0663
7176.40 7.0686
7176.45 7.0709
7176.50 7.0733
7176.55 7.0756
7176.60 7.0779
7176.65 7.0802
7176.70 7.0825
7176.75 7.0848
7176.80 7.0871
7176.85 7.0895
7176.90 7.0918
7176.95 7.0941
7177.00 7.0964
7177.05 7.0987
7177.10 7.1010
7177.15 7.1034
7177.20 7.1057
7177.25 7.1080
7177.30 7.1103
7177.35 7.1126
7177.40 7.1149
7177.45 7.1172
7177.50 7.1196
7177.55 7.1219
7177.60 7.1242
7177.65 7.1265
7177.70 7.1288
7177.75 7.1311
7177.80 7.1335
7177.85 7.1358
7177.90 7.1381
7177.95 7.1404
7178.00 7.1427
7178.05 7.1450
7178.10 7.1474
7178.15 7.1497
7178.20 7.1520
7178.25 7.1543
7178.30 7.1566
7178.35 7.1589
7178.40 7.1613
7178.45 7.1636
7178.50 7.1659
7178.55 7.1682
7178.60 7.1705
7178.65 7.1728
7178.70 7.1752
7178.75 7.1775
7178.80 7.1798
7178.85 7.1821
7178.90 7.1844
7178.95 7.1868
7179.00 7.1891
7179.05 7.1914
7179.10 7.1937
7179.15 7.1960
7179.20 7.1983
7179.25 7.2007
7179.30 7.2030
7179.35 7.2053
7179.40 7.2076
7179.45 7.2099
7179.50 7.2123
7179.55 7.2146
7179.60 7.2169
7179.65 7.2192
7179.70 7.2215
7179.75 7.2239
7179.80 7.2262
7179.85 7.2285
7179.90 7.2308
7179.95 7.2331
7180.00 7.2355
7180.05 7.2378
7180.10 7.2401
7180.15 7.2424
7180.20 7.2447
7180.25 7.2471
7180.30 7.2494
7180.35 7.2517
7180.40 7.2540
7180.45 7.2563
7180.50 7.2587
7180.55 7.2610
7180.60 7.2633
7180.65 7.2656
7180.70 7.2680
7180.75 7.2703
7180.80 7.2726
7180.85 7.2749
7180.90 7.2772
7180.95 7.2796
7181.00 7.2819
7181.05 7.2842
7181.10 7.2865
7181.15 7.2888
7181.20 7.2912
7181.25 7.2935
7181.30 7.2958
7181.35 7.2981
7181.40 7.3005
7181.45 7.3028
7181.50 7.3051
7181.55 7.3074
7181.60 7.3098
7181.65 7.3121
7181.70 7.3144
7181.75 7.3167
7181.80 7.3190
7181.85 7.3214
7181.90 7.3237
7181.95 7.3260
7182.00 7.3283
7182.05 7.3307
7182.10 7.3330
7182.15 7.3353
7182.20 7.3376
7182.25 7.3400
7182.30 7.3423
7182.35 7.3446
7182.40 7.3469
7182.45 7.3493
7182.50 7.3516
7182.55 7.3539
7182.60 7.3562
7182.65 7.3586
7182.70 7.3609
7182.75 7.3632
7182.80 7.3655
7182.85 7.3679
7182.90 7.3702
7182.95 7.3725
7183.00 7.3748
7183.05 7.3772
7183.10 7.3795
7183.15 7.3818
7183.20 7.3841
7183.25 7.3865
7183.30 7.3888
7183.35 7.3911
7183.40 7.3934
7183.45 7.3958
7183.50 7.3981
7183.55 7.4004
7183.60 7.4027
7183.65 7.4051
7183.70 7.4074
7183.75 7.4097
7183.80 7.4120
7183.85 7.4144
7183.90 7.4167
7183.95 7.4190
7184.00 7.4214
7184.05 7.4237
7184.10 7.4260
7184.15 7.4283
7184.20 7.4307
7184.25 7.4330
7184.30 7.4353
7184.35 7.4376
7184.40 7.4400
7184.45 7.4423
7184.50 7.4446
7184.55 7.4470
7184.60 7.4493
7184.65 7.4516
7184.70 7.4539
7184.75 7.4563
7184.80 7.4586
7184.85 7.4609
7184.90 7.4633
7184.95 7.4656
7185.00 7.4679
7185.05 7.4702
7185.10 7.4726
7185.15 7.4749
7185.20 7.4772
7185.25 7.4796
7185.30 7.4819
7185.35 7.4842
7185.40 7.4866
7185.45 7.4889
7185.50 7.4912
7185.55 7.4935
7185.60 7.4959
7185.65 7.4982
7185.70 7.5005
7185.75 7.5029
7185.80 7.5052
7185.85 7.5075
7185.90 7.5099
7185.95 7.5122
7186.00 7.5145
7186.05 7.5168
7186.10 7.5192
7186.15 7.5215
7186.20 7.5238
7186.25 7.5262
7186.30 7.5285
7186.35 7.5308
7186.40 7.5332
7186.45 7.5355
7186.50 7.5378
7186.55 7.5402
7186.60 7.5425
7186.65 7.5448
7186.70 7.5472
7186.75 7.5495
7186.80 7.5518
7186.85 7.5541
7186.90 7.5565
7186.95 7.5588
7187.00 7.5611
7187.05 7.5635
7187.10 7.5658
7187.15 7.5681
7187.20 7.5705
7187.25 7.5728
7187.30 7.5751
7187.35 7.5775
7187.40 7.5798
7187.45 7.5821
7187.50 7.5845
7187.55 7.5868
7187.60 7.5891
7187.65 7.5915
7187.70 7.5938
7187.75 7.5961
7187.80 7.5985
7187.85 7.6008
7187.90 7.6031
7187.95 7.6055
7188.00 7.6078
7188.05 7.6101
7188.10 7.6125
7188.15 7.6148
7188.20 7.6172
7188.25 7.6195
7188.30 7.6218
7188.35 7.6242
7188.40 7.6265
7188.45 7.6288
7188.50 7.6312
7188.55 7.6335
7188.60 7.6358
7188.65 7.6382
7188.70 7.6405
7188.75 7.6428
7188.80 7.6452
7188.85 7.6475
7188.90 7.6498
7188.95 7.6522
7189.00 7.6545
7189.05 7.6569
7189.10 7.6592
7189.15 7.6615
7189.20 7.6639
7189.25 7.6662
7189.30 7.6685
7189.35 7.6709
7189.40 7.6732
7189.45 7.6755
7189.50 7.6779
7189.55 7.6802
7189.60 7.6826
7189.65 7.6849
7189.70 7.6872
7189.75 7.6896
7189.80 7.6919
7189.85 7.6942
7189.90 7.6966
7189.95 7.6989
7190.00 7.7013
7190.05 7.7036
7190.10 7.7059
7190.15 7.7083
7190.20 7.7106
7190.25 7.7129
7190.30 7.7153
7190.35 7.7176
7190.40 7.7200
7190.45 7.7223
7190.50 7.7246
7190.55 7.7270
7190.60 7.7293
7190.65 7.7316
7190.70 7.7340
7190.75 7.7363
7190.80 7.7387
7190.85 7.7410
7190.90 7.7433
7190.95 7.7457
7191.00 7.7480
7191.05 7.7504
7191.10 7.7527
7191.15 7.7550
7191.20 7.7574
7191.25 7.7597
7191.30 7.7621
7191.35 7.7644
7191.40 7.7667
7191.45 7.7691
7191.50 7.7714
7191.55 7.7738
7191.60 7.7761
7191.65 7.7784
7191.70 7.7808
7191.75 7.7831
7191.80 7.7855
7191.85 7.7878
7191.90 7.7901
7191.95 7.7925
7192.00 7.7948
7192.05 7.7972
7192.10 7.7995
7192.15 7.8019
7192.20 7.8042
7192.25 7.8065
7192.30 7.8089
7192.35 7.8112
7192.40 7.8136
7192.45 7.8159
7192.50 7.8182
7192.55 7.8206
7192.60 7.8229
7192.65 7.8253
7192.70 7.8276
7192.75 7.8300
7192.80 7.8323
7192.85 7.8346
7192.90 7.8370
7192.95 7.8393
7193.00 7.8417
7193.05 7.8440
7193.10 7.8464
7193.15 7.8487
7193.20 7.8510
7193.25 7.8534
7193.30 7.8557
7193.35 7.8581
7193.40 7.8604
7193.45 7.8628
7193.50 7.8651
7193.55 7.8675
7193.60 7.8698
7193.65 7.8721
7193.70 7.8745
7193.75 7.8768
7193.80 7.8792
7193.85 7.8815
7193.90 7.8839
7193.95 7.8862
7194.00 7.8886
7194.05 7.8909
7194.10 7.8932
7194.15 7.8956
7194.20 7.8979
7194.25 7.9003
7194.30 7.9026
7194.35 7.9050
7194.40 7.9073
7194.45 7.9097
7194.50 7.9120
7194.55 7.9144
7194.60 7.9167
7194.65 7.9190
7194.70 7.9214
7194.75 7.9237
7194.80 7.9261
7194.85 7.9284
7194.90 7.9308
7194.95 7.9331
7195.00 7.9355
7195.05 7.9378
7195.10 7.9402
7195.15 7.9425
7195.20 7.9449
7195.25 7.9472
7195.30 7.9495
7195.35 7.9519
7195.40 7.9542
7195.45 7.9566
7195.50 7.9589
7195.55 7.9613
7195.60 7.9636
7195.65 7.9660
7195.70 7.9683
7195.75 7.9707
7195.80 7.9730
7195.85 7.9754
7195.90 7.9777
7195.95 7.9801
7196.00 7.9824
7196.05 7.9848
7196.10 7.9871
7196.15 7.9895
7196.20 7.9918
7196.25 7.9942
7196.30 7.9965
7196.35 7.9989
7196.40 8.0012
7196.45 8.0036
7196.50 8.0059
7196.55 8.0083
7196.60 8.0106
7196.65 8.0130
7196.70 8.0153
7196.75 8.0177
7196.80 8.0200
7196.85 8.0224
7196.90 8.0247
7196.95 8.0271
7197.00 8.0294
7197.05 8.0318
7197.10 8.0341
7197.15 8.0365
7197.20 8.0388
7197.25 8.0412
7197.30 8.0435
7197.35 8.0459
7197.40 8.0482
7197.45 8.0506
7197.50 8.0529
7197.55 8.0553
7197.60 8.0576
7197.65 8.0600
7197.70 8.0623
7197.75 8.0647
7197.80 8.0670
7197.85 8.0694
7197.90 8.0717
7197.95 8.0741
7198.00 8.0764
7198.05 8.0788
7198.10 8.0811
7198.15 8.0835
7198.20 8.0858
7198.25 8.0882
7198.30 8.0905
7198.35 8.0929
7198.40 8.0952
7198.45 8.0976
7198.50 8.0999
7198.55 8.1023
7198.60 8.1047
7198.65 8.1070
7198.70 8.1094
7198.75 8.1117
7198.80 8.1141
7198.85 8.1164
7198.90 8.1188
7198.95 8.1211
7199.00 8.1235
7199.05 8.1258
7199.10 8.1282
7199.15 8.1305
7199.20 8.1329
7199.25 8.1352
7199.30 8.1376
7199.35 8.1400
7199.40 8.1423
7199.45 8.1447
7199.50 8.1470
7199.55 8.1494
7199.60 8.1517
7199.65 8.1541
7199.70 8.1564
7199.75 8.1588
7199.80 8.1611
7199.85 8.1635
7199.90 8.1659
7199.95 8.1682
7200.00 8.1706
7200.05 8.1729
7200.10 8.1753
7200.15 8.1776
7200.20 8.1800
7200.25 8.1823
7200.30 8.1847
7200.35 8.1871
7200.40 8.1894
7200.45 8.1918
7200.50 8.1941
7200.55 8.1965
7200.60 8.1988
7200.65 8.2012
7200.70 8.2036
7200.75 8.2059
7200.80 8.2083
7200.85 8.2106
7200.90 8.2130
7200.95 8.2153
7201.00 8.2177
7201.05 8.2201
7201.10 8.2224
7201.15 8.2248
7201.20 8.2271
7201.25 8.2295
7201.30 8.2318
7201.35 8.2342
7201.40 8.2366
7201.45 8.2389
7201.50 8.2413
7201.55 8.2436
7201.60 8.2460
7201.65 8.2484
7201.70 8.2507
7201.75 8.2531
7201.80 8.2554
7201.85 8.2578
7201.90 8.2601
7201.95 8.2625
7202.00 8.2649
7202.05 8.2672
7202.10 8.2696
7202.15 8.2719
7202.20 8.2743
7202.25 8.2767
7202.30 8.2790
7202.35 8.2814
7202.40 8.2837
7202.45 8.2861
7202.50 8.2885
7202.55 8.2908
7202.60 8.2932
7202.65 8.2955
7202.70 8.2979
7202.75 8.3003
7202.80 8.3026
7202.85 8.3050
7202.90 8.3073
7202.95 8.3097
7203.00 8.3121
7203.05 8.3144
7203.10 8.3168
7203.15 8.3191
7203.20 8.3215
7203.25 8.3239
7203.30 8.3262
7203.35 8.3286
7203.40 8.3310
7203.45 8.3333
7203.50 8.3357
7203.55 8.3380
7203.60 8.3404
7203.65 8.3428
7203.70 8.3451
7203.75 8.3475
7203.80 8.3498
7203.85 8.3522
7203.90 8.3546
7203.95 8.3569
7204.00 8.3593
7204.05 8.3617
7204.10 8.3640
7204.15 8.3664
7204.20 8.3687
7204.25 8.3711
7204.30 8.3735
7204.35 8.3758
7204.40 8.3782
7204.45 8.3806
7204.50 8.3829
7204.55 8.3853
7204.60 8.3877
7204.65 8.3900
7204.70 8.3924
7204.75 8.3947
7204.80 8.3971
7204.85 8.3995
7204.90 8.4018
7204.95 8.4042
7205.00 8.4066
7205.05 8.4089
7205.10 8.4113
7205.15 8.4137
7205.20 8.4160
7205.25 8.4184
7205.30 8.4208
7205.35 8.4231
7205.40 8.4255
7205.45 8.4278
7205.50 8.4302
7205.55 8.4326
7205.60 8.4349
7205.65 8.4373
7205.70 8.4397
7205.75 8.4420
7205.80 8.4444
7205.85 8.4468
7205.90 8.4491
7205.95 8.4515
7206.00 8.4539
7206.05 8.4562
7206.10 8.4586
7206.15 8.4610
7206.20 8.4633
7206.25 8.4657
7206.30 8.4681
7206.35 8.4704
7206.40 8.4728
7206.45 8.4752
7206.50 8.4775
7206.55 8.4799
7206.60 8.4823
7206.65 8.4846
7206.70 8.4870
7206.75 8.4894
7206.80 8.4917
7206.85 8.4941
7206.90 8.4965
7206.95 8.4988
7207.00 8.5012
7207.05 8.5036
7207.10 8.5060
7207.15 8.5083
7207.20 8.5107
7207.25 8.5131
7207.30 8.5154
7207.35 8.5178
7207.40 8.5202
7207.45 8.5225
7207.50 8.5249
7207.55 8.5273
7207.60 8.5296
7207.65 8.5320
7207.70 8.5344
7207.75 8.5367
7207.80 8.5391
7207.85 8.5415
7207.90 8.5439
7207.95 8.5462
7208.00 8.5486
7208.05 8.5510
7208.10 8.5533
7208.15 8.5557
7208.20 8.5581
7208.25 8.5604
7208.30 8.5628
7208.35 8.5652
7208.40 8.5676
7208.45 8.5699
7208.50 8.5723
7208.55 8.5747
7208.60 8.5770
7208.65 8.5794
7208.70 8.5818
7208.75 8.5842
7208.80 8.5865
7208.85 8.5889
7208.90 8.5913
7208.95 8.5936
7209.00 8.5960
7209.05 8.5984
7209.10 8.6008
7209.15 8.6031
7209.20 8.6055
7209.25 8.6079
7209.30 8.6102
7209.35 8.6126
7209.40 8.6150
7209.45 8.6174
7209.50 8.6197
7209.55 8.6221
7209.60 8.6245
7209.65 8.6268
7209.70 8.6292
7209.75 8.6316
7209.80 8.6340
7209.85 8.6363
7209.90 8.6387
7209.95 8.6411
7210.00 8.6435
7210.05 8.6458
7210.10 8.6482
7210.15 8.6506
7210.20 8.6530
7210.25 8.6553
7210.30 8.6577
7210.35 8.6601
7210.40 8.6624
7210.45 8.6648
7210.50 8.6672
7210.55 8.6696
7210.60 8.6719
7210.65 8.6743
7210.70 8.6767
7210.75 8.6791
7210.80 8.6814
7210.85 8.6838
7210.90 8.6862
7210.95 8.6886
7211.00 8.6909
7211.05 8.6933
7211.10 8.6957
7211.15 8.6981
7211.20 8.7004
7211.25 8.7028
7211.30 8.7052
7211.35 8.7076
7211.40 8.7099
7211.45 8.7123
7211.50 8.7147
7211.55 8.7171
7211.60 8.7194
7211.65 8.7218
7211.70 8.7242
7211.75 8.7266
7211.80 8.7290
7211.85 8.7313
7211.90 8.7337
7211.95 8.7361
7212.00 8.7385
7212.05 8.7408
7212.10 8.7432
7212.15 8.7456
7212.20 8.7480
7212.25 8.7503
7212.30 8.7527
7212.35 8.7551
7212.40 8.7575
7212.45 8.7599
7212.50 8.7622
7212.55 8.7646
7212.60 8.7670
7212.65 8.7694
7212.70 8.7717
7212.75 8.7741
7212.80 8.7765
7212.85 8.7789
7212.90 8.7812
7212.95 8.7836
7213.00 8.7860
7213.05 8.7884
7213.10 8.7908
7213.15 8.7931
7213.20 8.7955
7213.25 8.7979
7213.30 8.8003
7213.35 8.8026
7213.40 8.8050
7213.45 8.8074
7213.50 8.8098
7213.55 8.8122
7213.60 8.8145
7213.65 8.8169
7213.70 8.8193
7213.75 8.8217
7213.80 8.8241
7213.85 8.8264
7213.90 8.8288
7213.95 8.8312
7214.00 8.8336
7214.05 8.8359
7214.10 8.8383
7214.15 8.8407
7214.20 8.8431
7214.25 8.8455
7214.30 8.8478
7214.35 8.8502
7214.40 8.8526
7214.45 8.8550
7214.50 8.8573
7214.55 8.8597
7214.60 8.8621
7214.65 8.8645
7214.70 8.8669
7214.75 8.8692
7214.80 8.8716
7214.85 8.8740
7214.90 8.8764
7214.95 8.8787
7215.00 8.8811
7215.05 8.8835
7215.10 8.8859
7215.15 8.8883
7215.20 8.8906
7215.25 8.8930
7215.30 8.8954
7215.35 8.8978
7215.40 8.9001
7215.45 8.9025
7215.50 8.9049
7215.55 8.9073
7215.60 8.9097
7215.65 8.9120
7215.70 8.9144
7215.75 8.9168
7215.80 8.9192
7215.85 8.9215
7215.90 8.9239
7215.95 8.9263
7216.00 8.9287
7216.05 8.9310
7216.10 8.9334
7216.15 8.9358
7216.20 8.9382
7216.25 8.9405
7216.30 8.9429
7216.35 8.9453
7216.40 8.9477
7216.45 8.9500
7216.50 8.9524
7216.55 8.9548
7216.60 8.9572
7216.65 8.9595
7216.70 8.9619
7216.75 8.9643
7216.80 8.9666
7216.85 8.9690
7216.90 8.9714
7216.95 8.9738
7217.00 8.9761
7217.05 8.9785
7217.10 8.9809
7217.15 8.9832
7217.20 8.9856
7217.25 8.9880
7217.30 8.9903
7217.35 8.9927
7217.40 8.9951
7217.45 8.9974
7217.50 8.9998
7217.55 9.0022
7217.60 9.0045
7217.65 9.0069
7217.70 9.0093
7217.75 9.0116
7217.80 9.0140
7217.85 9.0164
7217.90 9.0187
7217.95 9.0211
7218.00 9.0234
7218.05 9.0258
7218.10 9.0282
7218.15 9.0305
7218.20 9.0329
7218.25 9.0352
7218.30 9.0376
7218.35 9.0400
7218.40 9.0423
7218.45 9.0447
7218.50 9.0470
7218.55 9.0494
7218.60 9.0517
7218.65 9.0541
7218.70 9.0564
7218.75 9.0588
7218.80 9.0611
7218.85 9.0635
7218.90 9.0658
7218.95 9.0682
7219.00 9.0705
7219.05 9.0729
7219.10 9.0752
7219.15 9.0775
7219.20 9.0799
7219.25 9.0822
7219.30 9.0846
7219.35 9.0869
7219.40 9.0892
7219.45 9.0916
7219.50 9.0939
7219.55 9.0962
7219.60 9.0986
7219.65 9.1009
7219.70 9.1032
7219.75 9.1055
7219.80 9.1079
7219.85 9.1102
7219.90 9.1125
7219.95 9.1148
7220.00 9.1172
7220.05 9.1195
7220.10 9.1218
7220.15 9.1241
7220.20 9.1264
7220.25 9.1287
7220.30 9.1310
7220.35 9.1333
7220.40 9.1356
7220.45 9.1379
7220.50 9.1402
7220.55 9.1425
7220.60 9.1448
7220.65 9.1471
7220.70 9.1494
7220.75 9.1517
7220.80 9.1540
7220.85 9.1563
7220.90 9.1586
7220.95 9.1609
7221.00 9.1632
7221.05 9.1654
7221.10 9.1677
7221.15 9.1700
7221.20 9.1722
7221.25 9.1745
7221.30 9.1768
7221.35 9.1790
7221.40 9.1813
7221.45 9.1836
7221.50 9.1858
7221.55 9.1881
7221.60 9.1903
7221.65 9.1926
7221.70 9.1948
7221.75 9.1971
7221.80 9.1993
7221.85 9.2015
7221.90 9.2038
7221.95 9.2060
7222.00 9.2082
7222.05 9.2104
7222.10 9.2127
7222.15 9.2149
7222.20 9.2171
7222.25 9.2193
7222.30 9.2215
7222.35 9.2237
7222.40 9.2259
7222.45 9.2281
7222.50 9.2303
7222.55 9.2325
7222.60 9.2346
7222.65 9.2368
7222.70 9.2390
7222.75 9.2412
7222.80 9.2433
7222.85 9.2455
7222.90 9.2477
7222.95 9.2498
7223.00 9.2520
7223.05 9.2541
7223.10 9.2563
7223.15 9.2584
7223.20 9.2605
7223.25 9.2626
7223.30 9.2648
7223.35 9.2669
7223.40 9.2690
7223.45 9.2711
7223.50 9.2732
7223.55 9.2753
7223.60 9.2774
7223.65 9.2795
7223.70 9.2816
7223.75 9.2837
7223.80 9.2857
7223.85 9.2878
7223.90 9.2899
7223.95 9.2919
7224.00 9.2940
7224.05 9.2960
7224.10 9.2981
7224.15 9.3001
7224.20 9.3021
7224.25 9.3042
7224.30 9.3062
7224.35 9.3082
7224.40 9.3102
7224.45 9.3122
7224.50 9.3142
7224.55 9.3162
7224.60 9.3181
7224.65 9.3201
7224.70 9.3221
7224.75 9.3241
7224.80 9.3260
7224.85 9.3280
7224.90 9.3299
7224.95 9.3318
7225.00 9.3338
7225.05 9.3357
7225.10 9.3376
7225.15 9.3395
7225.20 9.3414
7225.25 9.3433
7225.30 9.3452
7225.35 9.3471
7225.40 9.3489
7225.45 9.3508
7225.50 9.3527
7225.55 9.3545
7225.60 9.3564
7225.65 9.3582
7225.70 9.3600
7225.75 9.3618
7225.80 9.3636
7225.85 9.3655
7225.90 9.3673
7225.95 9.3690
7226.00 9.3708
7226.05 9.3726
7226.10 9.3744
7226.15 9.3761
7226.20 9.3779
7226.25 9.3796
7226.30 9.3813
7226.35 9.3831
7226.40 9.3848
7226.45 9.3865
7226.50 9.3882
7226.55 9.3899
7226.60 9.3915
7226.65 9.3932
7226.70 9.3949
7226.75 9.3965
7226.80 9.3982
7226.85 9.3998
7226.90 9.4014
7226.95 9.4031
7227.00 9.4047
7227.05 9.4063
7227.10 9.4078
7227.15 9.4094
7227.20 9.4110
7227.25 9.4126
7227.30 9.4141
7227.35 9.4157
7227.40 9.4172
7227.45 9.4187
7227.50 9.4202
7227.55 9.4217
7227.60 9.4232
7227.65 9.4247
7227.70 9.4262
7227.75 9.4277
7227.80 9.4291
7227.85 9.4306
7227.90 9.4320
7227.95 9.4334
7228.00 9.4349
7228.05 9.4363
7228.10 9.4377
7228.15 9.4391
7228.20 9.4404
7228.25 9.4418
7228.30 9.4432
7228.35 9.4445
7228.40 9.4458
7228.45 9.4472
7228.50 9.4485
7228.55 9.4498
7228.60 9.4511
7228.65 9.4524
7228.70 9.4537
7228.75 9.4549
7228.80 9.4562
7228.85 9.4574
7228.90 9.4587
7228.95 9.4599
7229.00 9.4611
7229.05 9.4623
7229.10 9.4635
7229.15 9.4647
7229.20 9.4659
7229.25 9.4670
7229.30 9.4682
7229.35 9.4693
7229.40 9.4705
7229.45 9.4716
7229.50 9.4727
7229.55 9.4738
7229.60 9.4749
7229.65 9.4760
7229.70 9.4770
7229.75 9.4781
7229.80 9.4791
7229.85 9.4802
7229.90 9.4812
7229.95 9.4822
7230.00 9.4832
7230.05 9.4842
7230.10 9.4852
7230.15 9.4862
7230.20 9.4871
7230.25 9.4881
7230.30 9.4890
7230.35 9.4900
7230.40 9.4909
7230.45 9.4918
7230.50 9.4927
7230.55 9.4936
7230.60 9.4945
7230.65 9.4954
7230.70 9.4962
7230.75 9.4971
7230.80 9.4979
7230.85 9.4988
7230.90 9.4996
7230.95 9.5004
7231.00 9.5012
7231.05 9.5020
7231.10 9.5028
7231.15 9.5035
7231.20 9.5043
7231.25 9.5050
7231.30 9.5058
7231.35 9.5065
7231.40 9.5072
7231.45 9.5080
7231.50 9.5087
7231.55 9.5093
7231.60 9.5100
7231.65 9.5107
7231.70 9.5114
7231.75 9.5120
7231.80 9.5127
7231.85 9.5133
7231.90 9.5139
7231.95 9.5145
7232.00 9.5152
7232.05 9.5158
7232.10 9.5163
7232.15 9.5169
7232.20 9.5175
7232.25 9.5181
7232.30 9.5186
7232.35 9.5191
7232.40 9.5197
7232.45 9.5202
7232.50 9.5207
7232.55 9.5212
7232.60 9.5217
7232.65 9.5222
7232.70 9.5227
7232.75 9.5232
7232.80 9.5236
7232.85 9.5241
7232.90 9.5245
7232.95 9.5250
7233.00 9.5254
7233.05 9.5258
7233.10 9.5262
7233.15 9.5267
7233.20 9.5270
7233.25 9.5274
7233.30 9.5278
7233.35 9.5282
7233.40 9.5286
7233.45 9.5289
7233.50 9.5293
7233.55 9.5296
7233.60 9.5299
7233.65 9.5303
7233.70 9.5306
7233.75 9.5309
7233.80 9.5312
7233.85 9.5315
7233.90 9.5318
7233.95 9.5321
7234.00 9.5324
7234.05 9.5326
7234.10 9.5329
7234.15 9.5331
7234.20 9.5334
7234.25 9.5336
7234.30 9.5339
7234.35 9.5341
7234.40 9.5343
7234.45 9.5345
7234.50 9.5347
7234.55 9.5349
7234.60 9.5351
7234.65 9.5353
7234.70 9.5355
7234.75 9.5357
7234.80 9.5359
7234.85 9.5360
7234.90 9.5362
7234.95 9.5363
7235.00 9.5365
7235.05 9.5366
7235.10 9.5368
7235.15 9.5369
7235.20 9.5370
7235.25 9.5371
7235.30 9.5372
7235.35 9.5373
7235.40 9.5374
7235.45 9.5375
7235.50 9.5376
7235.55 9.5377
7235.60 9.5378
7235.65 9.5379
7235.70 9.5379
7235.75 9.5380
7235.80 9.5381
7235.85 9.5381
7235.90 9.5382
7235.95 9.5382
7236.00 9.5383
7236.05 9.5383
7236.10 9.5383
7236.15 9.5384
7236.20 9.5384
7236.25 9.5384
7236.30 9.5384
7236.35 9.5384
7236.40 9.5384
7236.45 9.5384
7236.50 9.5384
7236.55 9.5384
7236.60 9.5384
7236.65 9.5384
7236.70 9.5384
7236.75 9.5384
7236.80 9.5383
7236.85 9.5383
7236.90 9.5383
7236.95 9.5382
7237.00 9.5382
7237.05 9.5382
7237.10 9.5381
7237.15 9.5381
7237.20 9.5380
7237.25 9.5380
7237.30 9.5379
7237.35 9.5378
7237.40 9.5378
7237.45 9.5377
7237.50 9.5376
7237.55 9.5375
7237.60 9.5375
7237.65 9.5374
7237.70 9.5373
7237.75 9.5372
7237.80 9.5371
7237.85 9.5370
7237.90 9.5369
7237.95 9.5368
7238.00 9.5367
7238.05 9.5366
7238.10 9.5365
7238.15 9.5364
7238.20 9.5363
7238.25 9.5362
7238.30 9.5361
7238.35 9.5360
7238.40 9.5358
7238.45 9.5357
7238.50 9.5356
7238.55 9.5355
7238.60 9.5353
7238.65 9.5352
7238.70 9.5351
7238.75 9.5350
7238.80 9.5348
7238.85 9.5347
7238.90 9.5345
7238.95 9.5344
7239.00 9.5343
7239.05 9.5341
7239.10 9.5340
7239.15 9.5338
7239.20 9.5337
7239.25 9.5335
7239.30 9.5334
7239.35 9.5332
7239.40 9.5330
7239.45 9.5329
7239.50 9.5327
7239.55 9.5326
7239.60 9.5324
7239.65 9.5322
7239.70 9.5321
7239.75 9.5319
7239.80 9.5317
7239.85 9.5316
7239.90 9.5314
7239.95 9.5312
7240.00 9.5310
7240.05 9.5309
7240.10 9.5307
7240.15 9.5305
7240.20 9.5303
7240.25 9.5302
7240.30 9.5300
7240.35 9.5298
7240.40 9.5296
7240.45 9.5294
7240.50 9.5292
7240.55 9.5291
7240.60 9.5289
7240.65 9.5287
7240.70 9.5285
7240.75 9.5283
7240.80 9.5281
7240.85 9.5279
7240.90 9.5277
7240.95 9.5275
7241.00 9.5273
7241.05 9.5271
7241.10 9.5269
7241.15 9.5268
7241.20 9.5266
7241.25 9.5264
7241.30 9.5262
7241.35 9.5260
7241.40 9.5258
7241.45 9.5256
7241.50 9.5254
7241.55 9.5252
7241.60 9.5250
7241.65 9.5248
7241.70 9.5245
7241.75 9.5243
7241.80 9.5241
7241.85 9.5239
7241.90 9.5237
7241.95 9.5235
7242.00 9.5233
7242.05 9.5231
7242.10 9.5229
7242.15 9.5227
7242.20 9.5225
7242.25 9.5223
7242.30 9.5221
7242.35 9.5219
7242.40 9.5216
7242.45 9.5214
7242.50 9.5212
7242.55 9.5210
7242.60 9.5208
7242.65 9.5206
7242.70 9.5204
7242.75 9.5202
7242.80 9.5200
7242.85 9.5197
7242.90 9.5195
7242.95 9.5193
7243.00 9.5191
7243.05 9.5189
7243.10 9.5187
7243.15 9.5185
7243.20 9.5182
7243.25 9.5180
7243.30 9.5178
7243.35 9.5176
7243.40 9.5174
7243.45 9.5172
7243.50 9.5169
7243.55 9.5167
7243.60 9.5165
7243.65 9.5163
7243.70 9.5161
7243.75 9.5159
7243.80 9.5156
7243.85 9.5154
7243.90 9.5152
7243.95 9.5150
7244.00 9.5148
7244.05 9.5145
7244.10 9.5143
7244.15 9.5141
7244.20 9.5139
7244.25 9.5137
7244.30 9.5134
7244.35 9.5132
7244.40 9.5130
7244.45 9.5128
7244.50 9.5126
7244.55 9.5123
7244.60 9.5121
7244.65 9.5119
7244.70 9.5117
7244.75 9.5115
7244.80 9.5112
7244.85 9.5110
7244.90 9.5108
7244.95 9.5106
7245.00 9.5103
7245.05 9.5101
7245.10 9.5099
7245.15 9.5097
7245.20 9.5095
7245.25 9.5092
7245.30 9.5090
7245.35 9.5088
7245.40 9.5086
7245.45 9.5083
7245.50 9.5081
7245.55 9.5079
7245.60 9.5077
7245.65 9.5075
7245.70 9.5072
7245.75 9.5070
7245.80 9.5068
7245.85 9.5066
7245.90 9.5063
7245.95 9.5061
7246.00 9.5059
7246.05 9.5057
7246.10 9.5054
7246.15 9.5052
7246.20 9.5050
7246.25 9.5048
7246.30 9.5046
7246.35 9.5043
7246.40 9.5041
7246.45 9.5039
7246.50 9.5037
7246.55 9.5034
7246.60 9.5032
7246.65 9.5030
7246.70 9.5028
7246.75 9.5025
7246.80 9.5023
7246.85 9.5021
7246.90 9.5019
7246.95 9.5016
7247.00 9.5014
7247.05 9.5012
7247.10 9.5010
7247.15 9.5007
7247.20 9.5005
7247.25 9.5003
7247.30 9.5001
7247.35 9.4998
7247.40 9.4996
7247.45 9.4994
7247.50 9.4992
7247.55 9.4989
7247.60 9.4987
7247.65 9.4985
7247.70 9.4983
7247.75 9.4980
7247.80 9.4978
7247.85 9.4976
7247.90 9.4974
7247.95 9.4971
7248.00 9.4969
7248.05 9.4967
7248.10 9.4965
7248.15 9.4962
7248.20 9.4960
7248.25 9.4958
7248.30 9.4956
7248.35 9.4953
7248.40 9.4951
7248.45 9.4949
7248.50 9.4947
7248.55 9.4945
7248.60 9.4942
7248.65 9.4940
7248.70 9.4938
7248.75 9.4935
7248.80 9.4933
7248.85 9.4931
7248.90 9.4929
7248.95 9.4926
7249.00 9.4924
7249.05 9.4922
7249.10 9.4920
7249.15 9.4917
7249.20 9.4915
7249.25 9.4913
7249.30 9.4911
7249.35 9.4908
7249.40 9.4906
7249.45 9.4904
7249.50 9.4902
7249.55 9.4899
7249.60 9.4897
7249.65 9.4895
7249.70 9.4893
7249.75 9.4890
7249.80 9.4888
7249.85 9.4886
7249.90 9.4884
7249.95 9.4881
7250.00 9.4879
7250.05 9.4877
7250.10 9.4875
7250.15 9.4872
7250.20 9.4870
7250.25 9.4868
7250.30 9.4866
7250.35 9.4863
7250.40 9.4861
7250.45 9.4859
7250.50 9.4857
7250.55 9.4854
7250.60 9.4852
7250.65 9.4850
7250.70 9.4848
7250.75 9.4845
7250.80 9.4843
7250.85 9.4841
7250.90 9.4839
7250.95 9.4836
7251.00 9.4834
7251.05 9.4832
7251.10 9.4830
7251.15 9.4827
7251.20 9.4825
7251.25 9.4823
7251.30 9.4821
7251.35 9.4818
7251.40 9.4816
7251.45 9.4814
7251.50 9.4812
7251.55 9.4809
7251.60 9.4807
7251.65 9.4805
7251.70 9.4803
7251.75 9.4800
7251.80 9.4798
7251.85 9.4796
7251.90 9.4793
7251.95 9.4791
7252.00 9.4789
7252.05 9.4787
7252.10 9.4784
7252.15 9.4782
7252.20 9.4780
7252.25 9.4778
7252.30 9.4775
7252.35 9.4773
7252.40 9.4771
7252.45 9.4769
7252.50 9.4766
7252.55 9.4764
7252.60 9.4762
7252.65 9.4760
7252.70 9.4757
7252.75 9.4755
7252.80 9.4753
7252.85 9.4751
7252.90 9.4748
7252.95 9.4746
7253.00 9.4744
7253.05 9.4742
7253.10 9.4739
7253.15 9.4737
7253.20 9.4735
7253.25 9.4733
7253.30 9.4730
7253.35 9.4728
7253.40 9.4726
7253.45 9.4723
7253.50 9.4721
7253.55 9.4719
7253.60 9.4717
7253.65 9.4714
7253.70 9.4712
7253.75 9.4710
7253.80 9.4708
7253.85 9.4705
7253.90 9.4703
7253.95 9.4701
7254.00 9.4699
7254.05 9.4696
7254.10 9.4694
7254.15 9.4692
7254.20 9.4690
7254.25 9.4687
7254.30 9.4685
7254.35 9.4683
7254.40 9.4681
7254.45 9.4678
7254.50 9.4676
7254.55 9.4674
7254.60 9.4671
7254.65 9.4669
7254.70 9.4667
7254.75 9.4665
7254.80 9.4662
7254.85 9.4660
7254.90 9.4658
7254.95 9.4656
7255.00 9.4653
7255.05 9.4651
7255.10 9.4649
7255.15 9.4647
7255.20 9.4644
7255.25 9.4642
7255.30 9.4640
7255.35 9.4638
7255.40 9.4635
7255.45 9.4633
7255.50 9.4631
7255.55 9.4629
7255.60 9.4626
7255.65 9.4624
7255.70 9.4622
7255.75 9.4619
7255.80 9.4617
7255.85 9.4615
7255.90 9.4613
7255.95 9.4610
7256.00 9.4608
7256.05 9.4606
7256.10 9.4604
7256.15 9.4601
7256.20 9.4599
7256.25 9.4597
7256.30 9.4595
7256.35 9.4592
7256.40 9.4590
7256.45 9.4588
7256.50 9.4585
7256.55 9.4583
7256.60 9.4581
7256.65 9.4579
7256.70 9.4576
7256.75 9.4574
7256.80 9.4572
7256.85 9.4570
7256.90 9.4567
7256.95 9.4565
7257.00 9.4563
7257.05 9.4561
7257.10 9.4558
7257.15 9.4556
7257.20 9.4554
7257.25 9.4552
7257.30 9.4549
7257.35 9.4547
7257.40 9.4545
7257.45 9.4542
7257.50 9.4540
7257.55 9.4538
7257.60 9.4536
7257.65 9.4533
7257.70 9.4531
7257.75 9.4529
7257.80 9.4527
7257.85 9.4524
7257.90 9.4522
7257.95 9.4520
7258.00 9.4518
7258.05 9.4515
7258.10 9.4513
7258.15 9.4511
7258.20 9.4508
7258.25 9.4506
7258.30 9.4504
7258.35 9.4502
7258.40 9.4499
7258.45 9.4497
7258.50 9.4495
7258.55 9.4493
7258.60 9.4490
7258.65 9.4488
7258.70 9.4486
7258.75 9.4483
7258.80 9.4481
7258.85 9.4479
7258.90 9.4477
7258.95 9.4474
7259.00 9.4472
7259.05 9.4470
7259.10 9.4468
7259.15 9.4465
7259.20 9.4463
7259.25 9.4461
7259.30 9.4459
7259.35 9.4456
7259.40 9.4454
7259.45 9.4452
7259.50 9.4449
7259.55 9.4447
7259.60 9.4445
7259.65 9.4443
7259.70 9.4440
7259.75 9.4438
7259.80 9.4436
7259.85 9.4434
7259.90 9.4431
7259.95 9.4429
7260.00 9.4427
7260.05 9.4424
7260.10 9.4422
7260.15 9.4420
7260.20 9.4418
7260.25 9.4415
7260.30 9.4413
7260.35 9.4411
7260.40 9.4409
7260.45 9.4406
7260.50 9.4404
7260.55 9.4402
7260.60 9.4399
7260.65 9.4397
7260.70 9.4395
7260.75 9.4393
7260.80 9.4390
7260.85 9.4388
7260.90 9.4386
7260.95 9.4384
7261.00 9.4381
7261.05 9.4379
7261.10 9.4377
7261.15 9.4374
7261.20 9.4372
7261.25 9.4370
7261.30 9.4368
7261.35 9.4365
7261.40 9.4363
7261.45 9.4361
7261.50 9.4359
7261.55 9.4356
7261.60 9.4354
7261.65 9.4352
7261.70 9.4349
7261.75 9.4347
7261.80 9.4345
7261.85 9.4343
7261.90 9.4340
7261.95 9.4338
7262.00 9.4336
7262.05 9.4334
7262.10 9.4331
7262.15 9.4329
7262.20 9.4327
7262.25 9.4324
7262.30 9.4322
7262.35 9.4320
7262.40 9.4318
7262.45 9.4315
7262.50 9.4313
7262.55 9.4311
7262.60 9.4309
7262.65 9.4306
7262.70 9.4304
7262.75 9.4302
7262.80 9.4299
7262.85 9.4297
7262.90 9.4295
7262.95 9.4293
7263.00 9.4290
7263.05 9.4288
7263.10 9.4286
7263.15 9.4283
7263.20 9.4281
7263.25 9.4279
7263.30 9.4277
7263.35 9.4274
7263.40 9.4272
7263.45 9.4270
7263.50 9.4268
7263.55 9.4265
7263.60 9.4263
7263.65 9.4261
7263.70 9.4258
7263.75 9.4256
7263.80 9.4254
7263.85 9.4252
7263.90 9.4249
7263.95 9.4247
7264.00 9.4245
7264.05 9.4242
7264.10 9.4240
7264.15 9.4238
7264.20 9.4236
7264.25 9.4233
7264.30 9.4231
7264.35 9.4229
7264.40 9.4227
7264.45 9.4224
7264.50 9.4222
7264.55 9.4220
7264.60 9.4217
7264.65 9.4215
7264.70 9.4213
7264.75 9.4211
7264.80 9.4208
7264.85 9.4206
7264.90 9.4204
7264.95 9.4201
7265.00 9.4199
7265.05 9.4197
7265.10 9.4195
7265.15 9.4192
7265.20 9.4190
7265.25 9.4188
7265.30 9.4186
7265.35 9.4183
7265.40 9.4181
7265.45 9.4179
7265.50 9.4176
7265.55 9.4174
7265.60 9.4172
7265.65 9.4170
7265.70 9.4167
7265.75 9.4165
7265.80 9.4163
7265.85 9.4160
7265.90 9.4158
7265.95 9.4156
7266.00 9.4154
7266.05 9.4151
7266.10 9.4149
7266.15 9.4147
7266.20 9.4144
7266.25 9.4142
7266.30 9.4140
7266.35 9.4138
7266.40 9.4135
7266.45 9.4133
7266.50 9.4131
7266.55 9.4128
7266.60 9.4126
7266.65 9.4124
7266.70 9.4122
7266.75 9.4119
7266.80 9.4117
7266.85 9.4115
7266.90 9.4112
7266.95 9.4110
7267.00 9.4108
7267.05 9.4106
7267.10 9.4103
7267.15 9.4101
7267.20 9.4099
7267.25 9.4097
7267.30 9.4094
7267.35 9.4092
7267.40 9.4090
7267.45 9.4087
7267.50 9.4085
7267.55 9.4083
7267.60 9.4081
7267.65 9.4078
7267.70 9.4076
7267.75 9.4074
7267.80 9.4071
7267.85 9.4069
7267.90 9.4067
7267.95 9.4065
7268.00 9.4062
7268.05 9.4060
7268.10 9.4058
7268.15 9.4055
7268.20 9.4053
7268.25 9.4051
7268.30 9.4049
7268.35 9.4046
7268.40 9.4044
7268.45 9.4042
7268.50 9.4039
7268.55 9.4037
7268.60 9.4035
7268.65 9.4033
7268.70 9.4030
7268.75 9.4028
7268.80 9.4026
7268.85 9.4023
7268.90 9.4021
7268.95 9.4019
7269.00 9.4017
7269.05 9.4014
7269.10 9.4012
7269.15 9.4010
7269.20 9.4007
7269.25 9.4005
7269.30 9.4003
7269.35 9.4001
7269.40 9.3998
7269.45 9.3996
7269.50 9.3994
7269.55 9.3991
7269.60 9.3989
7269.65 9.3987
7269.70 9.3984
7269.75 9.3982
7269.80 9.3980
7269.85 9.3978
7269.90 9.3975
7269.95 9.3973
7270.00 9.3971
7270.05 9.3968
7270.10 9.3966
7270.15 9.3964
7270.20 9.3962
7270.25 9.3959
7270.30 9.3957
7270.35 9.3955
7270.40 9.3952
7270.45 9.3950
7270.50 9.3948
7270.55 9.3946
7270.60 9.3943
7270.65 9.3941
7270.70 9.3939
7270.75 9.3936
7270.80 9.3934
7270.85 9.3932
7270.90 9.3930
7270.95 9.3927
7271.00 9.3925
7271.05 9.3923
7271.10 9.3920
7271.15 9.3918
7271.20 9.3916
7271.25 9.3914
7271.30 9.3911
7271.35 9.3909
7271.40 9.3907
7271.45 9.3904
7271.50 9.3902
7271.55 9.3900
7271.60 9.3897
7271.65 9.3895
7271.70 9.3893
7271.75 9.3891
7271.80 9.3888
7271.85 9.3886
7271.90 9.3884
7271.95 9.3881
7272.00 9.3879
7272.05 9.3877
7272.10 9.3875
7272.15 9.3872
7272.20 9.3870
7272.25 9.3868
7272.30 9.3865
7272.35 9.3863
7272.40 9.3861
7272.45 9.3858
7272.50 9.3856
7272.55 9.3854
7272.60 9.3852
7272.65 9.3849
7272.70 9.3847
7272.75 9.3845
7272.80 9.3842
7272.85 9.3840
7272.90 9.3838
7272.95 9.3836
7273.00 9.3833
7273.05 9.3831
7273.10 9.3829
7273.15 9.3826
7273.20 9.3824
7273.25 9.3822
7273.30 9.3820
7273.35 9.3817
7273.40 9.3815
7273.45 9.3813
7273.50 9.3810
7273.55 9.3808
7273.60 9.3806
7273.65 9.3803
7273.70 9.3801
7273.75 9.3799
7273.80 9.3797
7273.85 9.3794
7273.90 9.3792
7273.95 9.3790
7274.00 9.3787
7274.05 9.3785
7274.10 9.3783
7274.15 9.3780
7274.20 9.3778
7274.25 9.3776
7274.30 9.3774
7274.35 9.3771
7274.40 9.3769
7274.45 9.3767
7274.50 9.3764
7274.55 9.3762
7274.60 9.3760
7274.65 9.3758
7274.70 9.3755
7274.75 9.3753
7274.80 9.3751
7274.85 9.3748
7274.90 9.3746
7274.95 9.3744
7275.00 9.3741
7275.05 9.3739
7275.10 9.3737
7275.15 9.3735
7275.20 9.3732
7275.25 9.3730
7275.30 9.3728
7275.35 9.3725
7275.40 9.3723
7275.45 9.3721
7275.50 9.3718
7275.55 9.3716
7275.60 9.3714
7275.65 9.3712
7275.70 9.3709
7275.75 9.3707
7275.80 9.3705
7275.85 9.3702
7275.90 9.3700
7275.95 9.3698
7276.00 9.3695
7276.05 9.3693
7276.10 9.3691
7276.15 9.3689
7276.20 9.3686
7276.25 9.3684
7276.30 9.3682
7276.35 9.3679
7276.40 9.3677
7276.45 9.3675
7276.50 9.3672
7276.55 9.3670
7276.60 9.3668
7276.65 9.3666
7276.70 9.3663
7276.75 9.3661
7276.80 9.3659
7276.85 9.3656
7276.90 9.3654
7276.95 9.3652
7277.00 9.3649
7277.05 9.3647
7277.10 9.3645
7277.15 9.3643
7277.20 9.3640
7277.25 9.3638
7277.30 9.3636
7277.35 9.3633
7277.40 9.3631
7277.45 9.3629
7277.50 9.3626
7277.55 9.3624
7277.60 9.3622
7277.65 9.3620
7277.70 9.3617
7277.75 9.3615
7277.80 9.3613
7277.85 9.3610
7277.90 9.3608
7277.95 9.3606
7278.00 9.3603
7278.05 9.3601
7278.10 9.3599
7278.15 9.3596
7278.20 9.3594
7278.25 9.3592
7278.30 9.3590
7278.35 9.3587
7278.40 9.3585
7278.45 9.3583
7278.50 9.3580
7278.55 9.3578
7278.60 9.3576
7278.65 9.3573
7278.70 9.3571
7278.75 9.3569
7278.80 9.3567
7278.85 9.3564
7278.90 9.3562
7278.95 9.3560
7279.00 9.3557
7279.05 9.3555
7279.10 9.3553
7279.15 9.3550
7279.20 9.3548
7279.25 9.3546
7279.30 9.3543
7279.35 9.3541
7279.40 9.3539
7279.45 9.3537
7279.50 9.3534
7279.55 9.3532
7279.60 9.3530
7279.65 9.3527
7279.70 9.3525
7279.75 9.3523
7279.80 9.3520
7279.85 9.3518
7279.90 9.3516
7279.95 9.3514
7280.00 9.3511
7280.05 9.3509
7280.10 9.3507
7280.15 9.3504
7280.20 9.3502
7280.25 9.3500
7280.30 9.3497
7280.35 9.3495
7280.40 9.3493
7280.45 9.3490
7280.50 9.3488
7280.55 9.3486
7280.60 9.3484
7280.65 9.3481
7280.70 9.3479
7280.75 9.3477
7280.80 9.3474
7280.85 9.3472
7280.90 9.3470
7280.95 9.3467
7281.00 9.3465
7281.05 9.3463
7281.10 9.3460
7281.15 9.3458
7281.20 9.3456
7281.25 9.3454
7281.30 9.3451
7281.35 9.3449
7281.40 9.3447
7281.45 9.3444
7281.50 9.3442
7281.55 9.3440
7281.60 9.3437
7281.65 9.3435
7281.70 9.3433
7281.75 9.3430
7281.80 9.3428
7281.85 9.3426
7281.90 9.3423
7281.95 9.3421
7282.00 9.3419
7282.05 9.3417
7282.10 9.3414
7282.15 9.3412
7282.20 9.3410
7282.25 9.3407
7282.30 9.3405
7282.35 9.3403
7282.40 9.3400
7282.45 9.3398
7282.50 9.3396
7282.55 9.3393
7282.60 9.3391
7282.65 9.3389
7282.70 9.3387
7282.75 9.3384
7282.80 9.3382
7282.85 9.3380
7282.90 9.3377
7282.95 9.3375
7283.00 9.3373
7283.05 9.3370
7283.10 9.3368
7283.15 9.3366
7283.20 9.3363
7283.25 9.3361
7283.30 9.3359
7283.35 9.3356
7283.40 9.3354
7283.45 9.3352
7283.50 9.3350
7283.55 9.3347
7283.60 9.3345
7283.65 9.3343
7283.70 9.3340
7283.75 9.3338
7283.80 9.3336
7283.85 9.3333
7283.90 9.3331
7283.95 9.3329
7284.00 9.3326
7284.05 9.3324
7284.10 9.3322
7284.15 9.3319
7284.20 9.3317
7284.25 9.3315
7284.30 9.3313
7284.35 9.3310
7284.40 9.3308
7284.45 9.3306
7284.50 9.3303
7284.55 9.3301
7284.60 9.3299
7284.65 9.3296
7284.70 9.3294
7284.75 9.3292
7284.80 9.3289
7284.85 9.3287
7284.90 9.3285
7284.95 9.3282
7285.00 9.3280
7285.05 9.3278
7285.10 9.3275
7285.15 9.3273
7285.20 9.3271
7285.25 9.3269
7285.30 9.3266
7285.35 9.3264
7285.40 9.3262
7285.45 9.3259
7285.50 9.3257
7285.55 9.3255
7285.60 9.3252
7285.65 9.3250
7285.70 9.3248
7285.75 9.3245
7285.80 9.3243
7285.85 9.3241
7285.90 9.3238
7285.95 9.3236
7286.00 9.3234
7286.05 9.3231
7286.10 9.3229
7286.15 9.3227
7286.20 9.3224
7286.25 9.3222
7286.30 9.3220
7286.35 9.3218
7286.40 9.3215
7286.45 9.3213
7286.50 9.3211
7286.55 9.3208
7286.60 9.3206
7286.65 9.3204
7286.70 9.3201
7286.75 9.3199
7286.80 9.3197
7286.85 9.3194
7286.90 9.3192
7286.95 9.3190
7287.00 9.3187
7287.05 9.3185
7287.10 9.3183
7287.15 9.3180
7287.20 9.3178
7287.25 9.3176
7287.30 9.3173
7287.35 9.3171
7287.40 9.3169
7287.45 9.3167
7287.50 9.3164
7287.55 9.3162
7287.60 9.3160
7287.65 9.3157
7287.70 9.3155
7287.75 9.3153
7287.80 9.3150
7287.85 9.3148
7287.90 9.3146
7287.95 9.3143
7288.00 9.3141
7288.05 9.3139
7288.10 9.3136
7288.15 9.3134
7288.20 9.3132
7288.25 9.3129
7288.30 9.3127
7288.35 9.3125
7288.40 9.3122
7288.45 9.3120
7288.50 9.3118
7288.55 9.3115
7288.60 9.3113
7288.65 9.3111
7288.70 9.3108
7288.75 9.3106
7288.80 9.3104
7288.85 9.3102
7288.90 9.3099
7288.95 9.3097
7289.00 9.3095
7289.05 9.3092
7289.10 9.3090
7289.15 9.3088
7289.20 9.3085
7289.25 9.3083
7289.30 9.3081
7289.35 9.3078
7289.40 9.3076
7289.45 9.3074
7289.50 9.3071
7289.55 9.3069
7289.60 9.3067
7289.65 9.3064
7289.70 9.3062
7289.75 9.3060
7289.80 9.3057
7289.85 9.3055
7289.90 9.3053
7289.95 9.3050
7290.00 9.3048
7290.05 9.3046
7290.10 9.3043
7290.15 9.3041
7290.20 9.3039
7290.25 9.3036
7290.30 9.3034
7290.35 9.3032
7290.40 9.3029
7290.45 9.3027
7290.50 9.3025
7290.55 9.3022
7290.60 9.3020
7290.65 9.3018
7290.70 9.3016
7290.75 9.3013
7290.80 9.3011
7290.85 9.3009
7290.90 9.3006
7290.95 9.3004
7291.00 9.3002
7291.05 9.2999
7291.10 9.2997
7291.15 9.2995
7291.20 9.2992
7291.25 9.2990
7291.30 9.2988
7291.35 9.2985
7291.40 9.2983
7291.45 9.2981
7291.50 9.2978
7291.55 9.2976
7291.60 9.2974
7291.65 9.2971
7291.70 9.2969
7291.75 9.2967
7291.80 9.2964
7291.85 9.2962
7291.90 9.2960
7291.95 9.2957
7292.00 9.2955
7292.05 9.2953
7292.10 9.2950
7292.15 9.2948
7292.20 9.2946
7292.25 9.2943
7292.30 9.2941
7292.35 9.2939
7292.40 9.2936
7292.45 9.2934
7292.50 9.2932
7292.55 9.2929
7292.60 9.2927
7292.65 9.2925
7292.70 9.2922
7292.75 9.2920
7292.80 9.2918
7292.85 9.2915
7292.90 9.2913
7292.95 9.2911
7293.00 9.2908
7293.05 9.2906
7293.10 9.2904
7293.15 9.2901
7293.20 9.2899
7293.25 9.2897
7293.30 9.2894
7293.35 9.2892
7293.40 9.2890
7293.45 9.2887
7293.50 9.2885
7293.55 9.2883
7293.60 9.2880
7293.65 9.2878
7293.70 9.2876
7293.75 9.2873
7293.80 9.2871
7293.85 9.2869
7293.90 9.2866
7293.95 9.2864
7294.00 9.2862
7294.05 9.2859
7294.10 9.2857
7294.15 9.2855
7294.20 9.2852
7294.25 9.2850
7294.30 9.2848
7294.35 9.2845
7294.40 9.2843
7294.45 9.2841
7294.50 9.2838
7294.55 9.2836
7294.60 9.2834
7294.65 9.2831
7294.70 9.2829
7294.75 9.2827
7294.80 9.2824
7294.85 9.2822
7294.90 9.2820
7294.95 9.2817
7295.00 9.2815
7295.05 9.2813
7295.10 9.2810
7295.15 9.2808
7295.20 9.2806
7295.25 9.2803
7295.30 9.2801
7295.35 9.2799
7295.40 9.2796
7295.45 9.2794
7295.50 9.2792
7295.55 9.2789
7295.60 9.2787
7295.65 9.2785
7295.70 9.2782
7295.75 9.2780
7295.80 9.2778
7295.85 9.2775
7295.90 9.2773
7295.95 9.2771
7296.00 9.2768
7296.05 9.2766
7296.10 9.2764
7296.15 9.2761
7296.20 9.2759
7296.25 9.2757
7296.30 9.2754
7296.35 9.2752
7296.40 9.2750
7296.45 9.2747
7296.50 9.2745
7296.55 9.2743
7296.60 9.2740
7296.65 9.2738
7296.70 9.2736
7296.75 9.2733
7296.80 9.2731
7296.85 9.2729
7296.90 9.2726
7296.95 9.2724
7297.00 9.2722
7297.05 9.2719
7297.10 9.2717
7297.15 9.2715
7297.20 9.2712
7297.25 9.2710
7297.30 9.2708
7297.35 9.2705
7297.40 9.2703
7297.45 9.2701
7297.50 9.2698
7297.55 9.2696
7297.60 9.2694
7297.65 9.2691
7297.70 9.2689
7297.75 9.2687
7297.80 9.2684
7297.85 9.2682
7297.90 9.2680
7297.95 9.2677
7298.00 9.2675
7298.05 9.2673
7298.10 9.2670
7298.15 9.2668
7298.20 9.2666
7298.25 9.2663
7298.30 9.2661
7298.35 9.2659
7298.40 9.2656
7298.45 9.2654
7298.50 9.2652
7298.55 9.2649
7298.60 9.2647
7298.65 9.2645
7298.70 9.2642
7298.75 9.2640
7298.80 9.2637
7298.85 9.2635
7298.90 9.2633
7298.95 9.2630
7299.00 9.2628
7299.05 9.2626
7299.10 9.2623
7299.15 9.2621
7299.20 9.2619
7299.25 9.2616
7299.30 9.2614
7299.35 9.2612
7299.40 9.2609
7299.45 9.2607
7299.50 9.2605
7299.55 9.2602
7299.60 9.2600
7299.65 9.2598
7299.70 9.2595
7299.75 9.2593
7299.80 9.2591
7299.85 9.2588
7299.90 9.2586
7299.95 9.2584
7300.00 9.2581
7300.05 9.2579
7300.10 9.2577
7300.15 9.2574
7300.20 9.2572
7300.25 9.2570
7300.30 9.2567
7300.35 9.2565
7300.40 9.2563
7300.45 9.2560
7300.50 9.2558
7300.55 9.2555
7300.60 9.2553
7300.65 9.2551
7300.70 9.2548
7300.75 9.2546
7300.80 9.2544
7300.85 9.2541
7300.90 9.2539
7300.95 9.2537
7301.00 9.2534
7301.05 9.2532
7301.10 9.2530
7301.15 9.2527
7301.20 9.2525
7301.25 9.2523
7301.30 9.2520
7301.35 9.2518
7301.40 9.2516
7301.45 9.2513
7301.50 9.2511
7301.55 9.2509
7301.60 9.2506
7301.65 9.2504
7301.70 9.2502
7301.75 9.2499
7301.80 9.2497
7301.85 9.2495
7301.90 9.2492
7301.95 9.2490
7302.00 9.2487
7302.05 9.2485
7302.10 9.2483
7302.15 9.2480
7302.20 9.2478
7302.25 9.2476
7302.30 9.2473
7302.35 9.2471
7302.40 9.2469
7302.45 9.2466
7302.50 9.2464
7302.55 9.2462
7302.60 9.2459
7302.65 9.2457
7302.70 9.2455
7302.75 9.2452
7302.80 9.2450
7302.85 9.2448
7302.90 9.2445
7302.95 9.2443
7303.00 9.2441
7303.05 9.2438
7303.10 9.2436
7303.15 9.2433
7303.20 9.2431
7303.25 9.2429
7303.30 9.2426
7303.35 9.2424
7303.40 9.2422
7303.45 9.2419
7303.50 9.2417
7303.55 9.2415
7303.60 9.2412
7303.65 9.2410
7303.70 9.2408
7303.75 9.2405
7303.80 9.2403
7303.85 9.2401
7303.90 9.2398
7303.95 9.2396
7304.00 9.2394
7304.05 9.2391
7304.10 9.2389
7304.15 9.2386
7304.20 9.2384
7304.25 9.2382
7304.30 9.2379
7304.35 9.2377
7304.40 9.2375
7304.45 9.2372
7304.50 9.2370
7304.55 9.2368
7304.60 9.2365
7304.65 9.2363
7304.70 9.2361
7304.75 9.2358
7304.80 9.2356
7304.85 9.2354
7304.90 9.2351
7304.95 9.2349
7305.00 9.2346
7305.05 9.2344
7305.10 9.2342
7305.15 9.2339
7305.20 9.2337
7305.25 9.2335
7305.30 9.2332
7305.35 9.2330
7305.40 9.2328
7305.45 9.2325
7305.50 9.2323
7305.55 9.2321
7305.60 9.2318
7305.65 9.2316
7305.70 9.2314
7305.75 9.2311
7305.80 9.2309
7305.85 9.2306
7305.90 9.2304
7305.95 9.2302
7306.00 9.2299
7306.05 9.2297
7306.10 9.2295
7306.15 9.2292
7306.20 9.2290
7306.25 9.2288
7306.30 9.2285
7306.35 9.2283
7306.40 9.2281
7306.45 9.2278
7306.50 9.2276
7306.55 9.2274
7306.60 9.2271
7306.65 9.2269
7306.70 9.2266
7306.75 9.2264
7306.80 9.2262
7306.85 9.2259
7306.90 9.2257
7306.95 9.2255
7307.00 9.2252
7307.05 9.2250
7307.10 9.2248
7307.15 9.2245
7307.20 9.2243
7307.25 9.2241
7307.30 9.2238
7307.35 9.2236
7307.40 9.2233
7307.45 9.2231
7307.50 9.2229
7307.55 9.2226
7307.60 9.2224
7307.65 9.2222
7307.70 9.2219
7307.75 9.2217
7307.80 9.2215
7307.85 9.2212
7307.90 9.2210
7307.95 9.2208
7308.00 9.2205
7308.05 9.2203
7308.10 9.2200
7308.15 9.2198
7308.20 9.2196
7308.25 9.2193
7308.30 9.2191
7308.35 9.2189
7308.40 9.2186
7308.45 9.2184
7308.50 9.2182
7308.55 9.2179
7308.60 9.2177
7308.65 9.2175
7308.70 9.2172
7308.75 9.2170
7308.80 9.2167
7308.85 9.2165
7308.90 9.2163
7308.95 9.2160
7309.00 9.2158
7309.05 9.2156
7309.10 9.2153
7309.15 9.2151
7309.20 9.2149
7309.25 9.2146
7309.30 9.2144
7309.35 9.2141
7309.40 9.2139
7309.45 9.2137
7309.50 9.2134
7309.55 9.2132
7309.60 9.2130
7309.65 9.2127
7309.70 9.2125
7309.75 9.2123
7309.80 9.2120
7309.85 9.2118
7309.90 9.2116
7309.95 9.2113
7310.00 9.2111
7310.05 9.2108
7310.10 9.2106
7310.15 9.2104
7310.20 9.2101
7310.25 9.2099
7310.30 9.2097
7310.35 9.2094
7310.40 9.2092
7310.45 9.2090
7310.50 9.2087
7310.55 9.2085
7310.60 9.2082
7310.65 9.2080
7310.70 9.2078
7310.75 9.2075
7310.80 9.2073
7310.85 9.2071
7310.90 9.2068
7310.95 9.2066
7311.00 9.2064
7311.05 9.2061
7311.10 9.2059
7311.15 9.2056
7311.20 9.2054
7311.25 9.2052
7311.30 9.2049
7311.35 9.2047
7311.40 9.2045
7311.45 9.2042
7311.50 9.2040
7311.55 9.2038
7311.60 9.2035
7311.65 9.2033
7311.70 9.2030
7311.75 9.2028
7311.80 9.2026
7311.85 9.2023
7311.90 9.2021
7311.95 9.2019
7312.00 9.2016
7312.05 9.2014
7312.10 9.2012
7312.15 9.2009
7312.20 9.2007
7312.25 9.2005
7312.30 9.2002
7312.35 9.2000
7312.40 9.1997
7312.45 9.1995
7312.50 9.1993
7312.55 9.1990
7312.60 9.1988
7312.65 9.1986
7312.70 9.1983
7312.75 9.1981
7312.80 9.1979
7312.85 9.1976
7312.90 9.1974
7312.95 9.1971
7313.00 9.1969
7313.05 9.1967
7313.10 9.1964
7313.15 9.1962
7313.20 9.1960
7313.25 9.1957
7313.30 9.1955
7313.35 9.1953
7313.40 9.1950
7313.45 9.1948
7313.50 9.1945
7313.55 9.1943
7313.60 9.1941
7313.65 9.1938
7313.70 9.1936
7313.75 9.1934
7313.80 9.1931
7313.85 9.1929
7313.90 9.1927
7313.95 9.1924
7314.00 9.1922
7314.05 9.1920
7314.10 9.1917
7314.15 9.1915
7314.20 9.1912
7314.25 9.1910
7314.30 9.1908
7314.35 9.1905
7314.40 9.1903
7314.45 9.1901
7314.50 9.1898
7314.55 9.1896
7314.60 9.1894
7314.65 9.1891
7314.70 9.1889
7314.75 9.1887
7314.80 9.1884
7314.85 9.1882
7314.90 9.1880
7314.95 9.1877
7315.00 9.1875
7315.05 9.1873
7315.10 9.1870
7315.15 9.1868
7315.20 9.1865
7315.25 9.1863
7315.30 9.1861
7315.35 9.1858
7315.40 9.1856
7315.45 9.1854
7315.50 9.1851
7315.55 9.1849
7315.60 9.1847
7315.65 9.1844
7315.70 9.1842
7315.75 9.1840
7315.80 9.1837
7315.85 9.1835
7315.90 9.1833
7315.95 9.1830
7316.00 9.1828
7316.05 9.1826
7316.10 9.1823
7316.15 9.1821
7316.20 9.1819
7316.25 9.1816
7316.30 9.1814
7316.35 9.1812
7316.40 9.1810
7316.45 9.1807
7316.50 9.1805
7316.55 9.1803
7316.60 9.1800
7316.65 9.1798
7316.70 9.1796
7316.75 9.1793
7316.80 9.1791
7316.85 9.1789
7316.90 9.1786
7316.95 9.1784
7317.00 9.1782
7317.05 9.1780
7317.10 9.1777
7317.15 9.1775
7317.20 9.1773
7317.25 9.1770
7317.30 9.1768
7317.35 9.1766
7317.40 9.1764
7317.45 9.1761
7317.50 9.1759
7317.55 9.1757
7317.60 9.1754
7317.65 9.1752
7317.70 9.1750
7317.75 9.1748
7317.80 9.1745
7317.85 9.1743
7317.90 9.1741
7317.95 9.1739
7318.00 9.1736
7318.05 9.1734
7318.10 9.1732
7318.15 9.1730
7318.20 9.1727
7318.25 9.1725
7318.30 9.1723
7318.35 9.1721
7318.40 9.1719
7318.45 9.1716
7318.50 9.1714
7318.55 9.1712
7318.60 9.1710
7318.65 9.1707
7318.70 9.1705
7318.75 9.1703
7318.80 9.1701
7318.85 9.1699
7318.90 9.1697
7318.95 9.1694
7319.00 9.1692
7319.05 9.1690
7319.10 9.1688
7319.15 9.1686
7319.20 9.1684
7319.25 9.1681
7319.30 9.1679
7319.35 9.1677
7319.40 9.1675
7319.45 9.1673
7319.50 9.1671
7319.55 9.1669
7319.60 9.1667
7319.65 9.1664
7319.70 9.1662
7319.75 9.1660
7319.80 9.1658
7319.85 9.1656
7319.90 9.1654
7319.95 9.1652
7320.00 9.1650
7320.05 9.1648
7320.10 9.1646
7320.15 9.1644
7320.20 9.1642
7320.25 9.1640
7320.30 9.1638
7320.35 9.1636
7320.40 9.1634
7320.45 9.1632
7320.50 9.1630
7320.55 9.1628
7320.60 9.1626
7320.65 9.1624
7320.70 9.1622
7320.75 9.1620
7320.80 9.1618
7320.85 9.1616
7320.90 9.1614
7320.95 9.1612
7321.00 9.1610
7321.05 9.1609
7321.10 9.1607
7321.15 9.1605
7321.20 9.1603
7321.25 9.1601
7321.30 9.1599
7321.35 9.1598
7321.40 9.1596
7321.45 9.1594
7321.50 9.1592
7321.55 9.1590
7321.60 9.1589
7321.65 9.1587
7321.70 9.1585
7321.75 9.1583
7321.80 9.1582
7321.85 9.1580
7321.90 9.1578
7321.95 9.1577
7322.00 9.1575
7322.05 9.1573
7322.10 9.1572
7322.15 9.1570
7322.20 9.1568
7322.25 9.1567
7322.30 9.1565
7322.35 9.1564
7322.40 9.1562
7322.45 9.1561
7322.50 9.1559
7322.55 9.1558
7322.60 9.1556
7322.65 9.1555
7322.70 9.1553
7322.75 9.1552
7322.80 9.1550
7322.85 9.1549
7322.90 9.1547
7322.95 9.1546
7323.00 9.1545
7323.05 9.1543
7323.10 9.1542
7323.15 9.1541
7323.20 9.1539
7323.25 9.1538
7323.30 9.1537
7323.35 9.1536
7323.40 9.1534
7323.45 9.1533
7323.50 9.1532
7323.55 9.1531
7323.60 9.1530
7323.65 9.1528
7323.70 9.1527
7323.75 9.1526
7323.80 9.1525
7323.85 9.1524
7323.90 9.1523
7323.95 9.1522
7324.00 9.1521
7324.05 9.1520
7324.10 9.1519
7324.15 9.1518
7324.20 9.1517
7324.25 9.1516
7324.30 9.1515
7324.35 9.1515
7324.40 9.1514
7324.45 9.1513
7324.50 9.1512
7324.55 9.1511
7324.60 9.1511
7324.65 9.1510
7324.70 9.1509
7324.75 9.1509
7324.80 9.1508
7324.85 9.1507
7324.90 9.1507
7324.95 9.1506
7325.00 9.1506
7325.05 9.1505
7325.10 9.1505
7325.15 9.1504
7325.20 9.1504
7325.25 9.1503
7325.30 9.1503
7325.35 9.1502
7325.40 9.1502
7325.45 9.1502
7325.50 9.1501
7325.55 9.1501
7325.60 9.1501
7325.65 9.1501
7325.70 9.1501
7325.75 9.1500
7325.80 9.1500
7325.85 9.1500
7325.90 9.1500
7325.95 9.1500
7326.00 9.1500
7326.05 9.1500
7326.10 9.1500
7326.15 9.1500
7326.20 9.1500
7326.25 9.1500
7326.30 9.1500
7326.35 9.1501
7326.40 9.1501
7326.45 9.1501
7326.50 9.1501
7326.55 9.1501
7326.60 9.1502
7326.65 9.1502
7326.70 9.1502
7326.75 9.1503
7326.80 9.1503
7326.85 9.1504
7326.90 9.1504
7326.95 9.1505
7327.00 9.1505
7327.05 9.1506
7327.10 9.1507
7327.15 9.1507
7327.20 9.1508
7327.25 9.1509
7327.30 9.1509
7327.35 9.1510
7327.40 9.1511
7327.45 9.1512
7327.50 9.1513
7327.55 9.1513
7327.60 9.1514
7327.65 9.1515
7327.70 9.1516
7327.75 9.1517
7327.80 9.1518
7327.85 9.1519
7327.90 9.1521
7327.95 9.1522
7328.00 9.1523
7328.05 9.1524
7328.10 9.1525
7328.15 9.1527
7328.20 9.1528
7328.25 9.1529
7328.30 9.1531
7328.35 9.1532
7328.40 9.1533
7328.45 9.1535
7328.50 9.1536
7328.55 9.1538
7328.60 9.1540
7328.65 9.1541
7328.70 9.1543
7328.75 9.1544
7328.80 9.1546
7328.85 9.1548
7328.90 9.1550
7328.95 9.1551
7329.00 9.1553
7329.05 9.1555
7329.10 9.1557
7329.15 9.1559
7329.20 9.1561
7329.25 9.1563
7329.30 9.1565
7329.35 9.1567
7329.40 9.1569
7329.45 9.1571
7329.50 9.1573
7329.55 9.1575
7329.60 9.1578
7329.65 9.1580
7329.70 9.1582
7329.75 9.1584
7329.80 9.1587
7329.85 9.1589
7329.90 9.1592
7329.95 9.1594
7330.00 9.1596
7330.05 9.1599
7330.10 9.1601
7330.15 9.1604
7330.20 9.1607
7330.25 9.1609
7330.30 9.1612
7330.35 9.1615
7330.40 9.1617
7330.45 9.1620
7330.50 9.1623
7330.55 9.1626
7330.60 9.1628
7330.65 9.1631
7330.70 9.1634
7330.75 9.1637
7330.80 9.1640
7330.85 9.1643
7330.90 9.1646
7330.95 9.1649
7331.00 9.1652
7331.05 9.1655
7331.10 9.1658
7331.15 9.1662
7331.20 9.1665
7331.25 9.1668
7331.30 9.1671
7331.35 9.1675
7331.40 9.1678
7331.45 9.1681
7331.50 9.1685
7331.55 9.1688
7331.60 9.1691
7331.65 9.1695
7331.70 9.1698
7331.75 9.1702
7331.80 9.1705
7331.85 9.1709
7331.90 9.1712
7331.95 9.1716
7332.00 9.1720
7332.05 9.1723
7332.10 9.1727
7332.15 9.1731
7332.20 9.1734
7332.25 9.1738
7332.30 9.1742
7332.35 9.1746
7332.40 9.1750
7332.45 9.1754
7332.50 9.1757
7332.55 9.1761
7332.60 9.1765
7332.65 9.1769
7332.70 9.1773
7332.75 9.1777
7332.80 9.1781
7332.85 9.1785
7332.90 9.1789
7332.95 9.1794
7333.00 9.1798
7333.05 9.1802
7333.10 9.1806
7333.15 9.1810
7333.20 9.1814
7333.25 9.1819
7333.30 9.1823
7333.35 9.1827
7333.40 9.1832
7333.45 9.1836
7333.50 9.1840
7333.55 9.1845
7333.60 9.1849
7333.65 9.1853
7333.70 9.1858
7333.75 9.1862
7333.80 9.1867
7333.85 9.1871
7333.90 9.1876
7333.95 9.1880
7334.00 9.1885
7334.05 9.1889
7334.10 9.1894
7334.15 9.1899
7334.20 9.1903
7334.25 9.1908
7334.30 9.1913
7334.35 9.1917
7334.40 9.1922
7334.45 9.1927
7334.50 9.1931
7334.55 9.1936
7334.60 9.1941
7334.65 9.1946
7334.70 9.1951
7334.75 9.1955
7334.80 9.1960
7334.85 9.1965
7334.90 9.1970
7334.95 9.1975
7335.00 9.1980
7335.05 9.1985
7335.10 9.1989
7335.15 9.1994
7335.20 9.1999
7335.25 9.2004
7335.30 9.2009
7335.35 9.2014
7335.40 9.2019
7335.45 9.2024
7335.50 9.2029
7335.55 9.2034
7335.60 9.2040
7335.65 9.2045
7335.70 9.2050
7335.75 9.2055
7335.80 9.2060
7335.85 9.2065
7335.90 9.2070
7335.95 9.2075
7336.00 9.2080
7336.05 9.2086
7336.10 9.2091
7336.15 9.2096
7336.20 9.2101
7336.25 9.2106
7336.30 9.2112
7336.35 9.2117
7336.40 9.2122
7336.45 9.2127
7336.50 9.2133
7336.55 9.2138
7336.60 9.2143
7336.65 9.2149
7336.70 9.2154
7336.75 9.2159
7336.80 9.2165
7336.85 9.2170
7336.90 9.2175
7336.95 9.2181
7337.00 9.2186
7337.05 9.2191
7337.10 9.2197
7337.15 9.2202
7337.20 9.2208
7337.25 9.2213
7337.30 9.2218
7337.35 9.2224
7337.40 9.2229
7337.45 9.2235
7337.50 9.2240
7337.55 9.2246
7337.60 9.2251
7337.65 9.2256
7337.70 9.2262
7337.75 9.2267
7337.80 9.2273
7337.85 9.2278
7337.90 9.2284
7337.95 9.2289
7338.00 9.2295
7338.05 9.2301
7338.10 9.2306
7338.15 9.2312
7338.20 9.2317
7338.25 9.2323
7338.30 9.2328
7338.35 9.2334
7338.40 9.2339
7338.45 9.2345
7338.50 9.2350
7338.55 9.2356
7338.60 9.2362
7338.65 9.2367
7338.70 9.2373
7338.75 9.2378
7338.80 9.2384
7338.85 9.2390
7338.90 9.2395
7338.95 9.2401
7339.00 9.2406
7339.05 9.2412
7339.10 9.2418
7339.15 9.2423
7339.20 9.2429
7339.25 9.2435
7339.30 9.2440
7339.35 9.2446
7339.40 9.2452
7339.45 9.2457
7339.50 9.2463
7339.55 9.2469
7339.60 9.2474
7339.65 9.2480
7339.70 9.2486
7339.75 9.2491
7339.80 9.2497
7339.85 9.2503
7339.90 9.2508
7339.95 9.2514
7340.00 9.2520
7340.05 9.2525
7340.10 9.2531
7340.15 9.2537
7340.20 9.2543
7340.25 9.2548
7340.30 9.2554
7340.35 9.2560
7340.40 9.2565
7340.45 9.2571
7340.50 9.2577
7340.55 9.2583
7340.60 9.2588
7340.65 9.2594
7340.70 9.2600
7340.75 9.2605
7340.80 9.2611
7340.85 9.2617
7340.90 9.2623
7340.95 9.2628
7341.00 9.2634
7341.05 9.2640
7341.10 9.2646
7341.15 9.2651
7341.20 9.2657
7341.25 9.2663
7341.30 9.2669
7341.35 9.2674
7341.40 9.2680
7341.45 9.2686
7341.50 9.2692
7341.55 9.2697
7341.60 9.2703
7341.65 9.2709
7341.70 9.2715
7341.75 9.2720
7341.80 9.2726
7341.85 9.2732
7341.90 9.2738
7341.95 9.2744
7342.00 9.2749
7342.05 9.2755
7342.10 9.2761
7342.15 9.2767
7342.20 9.2772
7342.25 9.2778
7342.30 9.2784
7342.35 9.2790
7342.40 9.2796
7342.45 9.2801
7342.50 9.2807
7342.55 9.2813
7342.60 9.2819
7342.65 9.2824
7342.70 9.2830
7342.75 9.2836
7342.80 9.2842
7342.85 9.2848
7342.90 9.2853
7342.95 9.2859
7343.00 9.2865
7343.05 9.2871
7343.10 9.2877
7343.15 9.2882
7343.20 9.2888
7343.25 9.2894
7343.30 9.2900
7343.35 9.2906
7343.40 9.2911
7343.45 9.2917
7343.50 9.2923
7343.55 9.2929
7343.60 9.2935
7343.65 9.2940
7343.70 9.2946
7343.75 9.2952
7343.80 9.2958
7343.85 9.2964
7343.90 9.2969
7343.95 9.2975
7344.00 9.2981
7344.05 9.2987
7344.10 9.2993
7344.15 9.2998
7344.20 9.3004
7344.25 9.3010
7344.30 9.3016
7344.35 9.3022
7344.40 9.3028
7344.45 9.3033
7344.50 9.3039
7344.55 9.3045
7344.60 9.3051
7344.65 9.3057
7344.70 9.3062
7344.75 9.3068
7344.80 9.3074
7344.85 9.3080
7344.90 9.3086
7344.95 9.3092
7345.00 9.3097
7345.05 9.3103
7345.10 9.3109
7345.15 9.3115
7345.20 9.3121
7345.25 9.3126
7345.30 9.3132
7345.35 9.3138
7345.40 9.3144
7345.45 9.3150
7345.50 9.3156
7345.55 9.3161
7345.60 9.3167
7345.65 9.3173
7345.70 9.3179
7345.75 9.3185
7345.80 9.3190
7345.85 9.3196
7345.90 9.3202
7345.95 9.3208
7346.00 9.3214
7346.05 9.3220
7346.10 9.3225
7346.15 9.3231
7346.20 9.3237
7346.25 9.3243
7346.30 9.3249
7346.35 9.3255
7346.40 9.3260
7346.45 9.3266
7346.50 9.3272
7346.55 9.3278
7346.60 9.3284
7346.65 9.3290
7346.70 9.3295
7346.75 9.3301
7346.80 9.3307
7346.85 9.3313
7346.90 9.3319
7346.95 9.3325
7347.00 9.3330
7347.05 9.3336
7347.10 9.3342
7347.15 9.3348
7347.20 9.3354
7347.25 9.3360
7347.30 9.3365
7347.35 9.3371
7347.40 9.3377
7347.45 9.3383
7347.50 9.3389
7347.55 9.3395
7347.60 9.3400
7347.65 9.3406
7347.70 9.3412
7347.75 9.3418
7347.80 9.3424
7347.85 9.3430
7347.90 9.3435
7347.95 9.3441
7348.00 9.3447
7348.05 9.3453
7348.10 9.3459
7348.15 9.3465
7348.20 9.3470
7348.25 9.3476
7348.30 9.3482
7348.35 9.3488
7348.40 9.3494
7348.45 9.3500
7348.50 9.3506
7348.55 9.3511
7348.60 9.3517
7348.65 9.3523
7348.70 9.3529
7348.75 9.3535
7348.80 9.3541
7348.85 9.3546
7348.90 9.3552
7348.95 9.3558
7349.00 9.3564
7349.05 9.3570
7349.10 9.3576
7349.15 9.3581
7349.20 9.3587
7349.25 9.3593
7349.30 9.3599
7349.35 9.3605
7349.40 9.3611
7349.45 9.3617
7349.50 9.3622
7349.55 9.3628
7349.60 9.3634
7349.65 9.3640
7349.70 9.3646
7349.75 9.3652
7349.80 9.3658
7349.85 9.3663
7349.90 9.3669
7349.95 9.3675
7350.00 9.3681
7350.05 9.3687
7350.10 9.3693
7350.15 9.3698
7350.20 9.3704
7350.25 9.3710
7350.30 9.3716
7350.35 9.3722
7350.40 9.3728
7350.45 9.3734
7350.50 9.3739
7350.55 9.3745
7350.60 9.3751
7350.65 9.3757
7350.70 9.3763
7350.75 9.3769
7350.80 9.3775
7350.85 9.3780
7350.90 9.3786
7350.95 9.3792
7351.00 9.3798
7351.05 9.3804
7351.10 9.3810
7351.15 9.3816
7351.20 9.3821
7351.25 9.3827
7351.30 9.3833
7351.35 9.3839
7351.40 9.3845
7351.45 9.3851
7351.50 9.3857
7351.55 9.3862
7351.60 9.3868
7351.65 9.3874
7351.70 9.3880
7351.75 9.3886
7351.80 9.3892
7351.85 9.3898
7351.90 9.3903
7351.95 9.3909
7352.00 9.3915
7352.05 9.3921
7352.10 9.3927
7352.15 9.3933
7352.20 9.3939
7352.25 9.3944
7352.30 9.3950
7352.35 9.3956
7352.40 9.3962
7352.45 9.3968
7352.50 9.3974
7352.55 9.3980
7352.60 9.3985
7352.65 9.3991
7352.70 9.3997
7352.75 9.4003
7352.80 9.4009
7352.85 9.4015
7352.90 9.4021
7352.95 9.4027
7353.00 9.4032
7353.05 9.4038
7353.10 9.4044
7353.15 9.4050
7353.20 9.4056
7353.25 9.4062
7353.30 9.4068
7353.35 9.4073
7353.40 9.4079
7353.45 9.4085
7353.50 9.4091
7353.55 9.4097
7353.60 9.4103
7353.65 9.4109
7353.70 9.4115
7353.75 9.4120
7353.80 9.4126
7353.85 9.4132
7353.90 9.4138
7353.95 9.4144
7354.00 9.4150
7354.05 9.4156
7354.10 9.4161
7354.15 9.4167
7354.20 9.4173
7354.25 9.4179
7354.30 9.4185
7354.35 9.4191
7354.40 9.4197
7354.45 9.4203
7354.50 9.4208
7354.55 9.4214
7354.60 9.4220
7354.65 9.4226
7354.70 9.4232
7354.75 9.4238
7354.80 9.4244
7354.85 9.4249
7354.90 9.4255
7354.95 9.4261
7355.00 9.4267
7355.05 9.4273
7355.10 9.4279
7355.15 9.4285
7355.20 9.4291
7355.25 9.4296
7355.30 9.4302
7355.35 9.4308
7355.40 9.4314
7355.45 9.4320
7355.50 9.4326
7355.55 9.4332
7355.60 9.4337
7355.65 9.4343
7355.70 9.4349
7355.75 9.4355
7355.80 9.4361
7355.85 9.4367
7355.90 9.4373
7355.95 9.4379
7356.00 9.4384
7356.05 9.4390
7356.10 9.4396
7356.15 9.4402
7356.20 9.4408
7356.25 9.4414
7356.30 9.4420
7356.35 9.4425
7356.40 9.4431
7356.45 9.4437
7356.50 9.4443
7356.55 9.4449
7356.60 9.4455
7356.65 9.4461
7356.70 9.4466
7356.75 9.4472
7356.80 9.4478
7356.85 9.4484
7356.90 9.4490
7356.95 9.4496
7357.00 9.4502
7357.05 9.4507
7357.10 9.4513
7357.15 9.4519
7357.20 9.4525
7357.25 9.4531
7357.30 9.4537
7357.35 9.4543
7357.40 9.4548
7357.45 9.4554
7357.50 9.4560
7357.55 9.4566
7357.60 9.4572
7357.65 9.4578
7357.70 9.4583
7357.75 9.4589
7357.80 9.4595
7357.85 9.4601
7357.90 9.4607
7357.95 9.4613
7358.00 9.4619
7358.05 9.4624
7358.10 9.4630
7358.15 9.4636
7358.20 9.4642
7358.25 9.4648
7358.30 9.4653
7358.35 9.4659
7358.40 9.4665
7358.45 9.4671
7358.50 9.4677
7358.55 9.4683
7358.60 9.4688
7358.65 9.4694
7358.70 9.4700
7358.75 9.4706
7358.80 9.4712
7358.85 9.4717
7358.90 9.4723
7358.95 9.4729
7359.00 9.4735
7359.05 9.4741
7359.10 9.4746
7359.15 9.4752
7359.20 9.4758
7359.25 9.4764
7359.30 9.4769
7359.35 9.4775
7359.40 9.4781
7359.45 9.4787
7359.50 9.4793
7359.55 9.4798
7359.60 9.4804
7359.65 9.4810
7359.70 9.4816
7359.75 9.4821
7359.80 9.4827
7359.85 9.4833
7359.90 9.4838
7359.95 9.4844
7360.00 9.4850
7360.05 9.4856
7360.10 9.4861
7360.15 9.4867
7360.20 9.4873
7360.25 9.4878
7360.30 9.4884
7360.35 9.4890
7360.40 9.4896
7360.45 9.4901
7360.50 9.4907
7360.55 9.4913
7360.60 9.4918
7360.65 9.4924
7360.70 9.4929
7360.75 9.4935
7360.80 9.4941
7360.85 9.4946
7360.90 9.4952
7360.95 9.4958
7361.00 9.4963
7361.05 9.4969
7361.10 9.4974
7361.15 9.4980
7361.20 9.4986
7361.25 9.4991
7361.30 9.4997
7361.35 9.5002
7361.40 9.5008
7361.45 9.5013
7361.50 9.5019
7361.55 9.5024
7361.60 9.5030
7361.65 9.5035
7361.70 9.5041
7361.75 9.5046
7361.80 9.5052
7361.85 9.5057
7361.90 9.5063
7361.95 9.5068
7362.00 9.5074
7362.05 9.5079
7362.10 9.5084
7362.15 9.5090
7362.20 9.5095
7362.25 9.5101
7362.30 9.5106
7362.35 9.5111
7362.40 9.5117
7362.45 9.5122
7362.50 9.5127
7362.55 9.5133
7362.60 9.5138
7362.65 9.5143
7362.70 9.5149
7362.75 9.5154
7362.80 9.5159
7362.85 9.5164
7362.90 9.5169
7362.95 9.5175
7363.00 9.5180
7363.05 9.5185
7363.10 9.5190
7363.15 9.5195
7363.20 9.5200
7363.25 9.5206
7363.30 9.5211
7363.35 9.5216
7363.40 9.5221
7363.45 9.5226
7363.50 9.5231
7363.55 9.5236
7363.60 9.5241
7363.65 9.5246
7363.70 9.5251
7363.75 9.5256
7363.80 9.5261
7363.85 9.5266
7363.90 9.5270
7363.95 9.5275
7364.00 9.5280
7364.05 9.5285
7364.10 9.5290
7364.15 9.5295
7364.20 9.5299
7364.25 9.5304
7364.30 9.5309
7364.35 9.5314
7364.40 9.5318
7364.45 9.5323
7364.50 9.5328
7364.55 9.5332
7364.60 9.5337
7364.65 9.5341
7364.70 9.5346
7364.75 9.5350
7364.80 9.5355
7364.85 9.5359
7364.90 9.5364
7364.95 9.5368
7365.00 9.5373
7365.05 9.5377
7365.10 9.5382
7365.15 9.5386
7365.20 9.5390
7365.25 9.5394
7365.30 9.5399
7365.35 9.5403
7365.40 9.5407
7365.45 9.5411
7365.50 9.5416
7365.55 9.5420
7365.60 9.5424
7365.65 9.5428
7365.70 9.5432
7365.75 9.5436
7365.80 9.5440
7365.85 9.5444
7365.90 9.5448
7365.95 9.5452
7366.00 9.5456
7366.05 9.5460
7366.10 9.5463
7366.15 9.5467
7366.20 9.5471
7366.25 9.5475
7366.30 9.5478
7366.35 9.5482
7366.40 9.5486
7366.45 9.5489
7366.50 9.5493
7366.55 9.5497
7366.60 9.5500
7366.65 9.5504
7366.70 9.5507
7366.75 9.5510
7366.80 9.5514
7366.85 9.5517
7366.90 9.5521
7366.95 9.5524
7367.00 9.5527
7367.05 9.5530
7367.10 9.5534
7367.15 9.5537
7367.20 9.5540
7367.25 9.5543
7367.30 9.5546
7367.35 9.5549
7367.40 9.5552
7367.45 9.5555
7367.50 9.5558
7367.55 9.5561
7367.60 9.5564
7367.65 9.5567
7367.70 9.5570
7367.75 9.5573
7367.80 9.5575
7367.85 9.5578
7367.90 9.5581
7367.95 9.5583
7368.00 9.5586
7368.05 9.5589
7368.10 9.5591
7368.15 9.5594
7368.20 9.5596
7368.25 9.5599
7368.30 9.5601
7368.35 9.5604
7368.40 9.5606
7368.45 9.5608
7368.50 9.5611
7368.55 9.5613
7368.60 9.5615
7368.65 9.5617
7368.70 9.5619
7368.75 9.5622
7368.80 9.5624
7368.85 9.5626
7368.90 9.5628
7368.95 9.5630
7369.00 9.5632
7369.05 9.5634
7369.10 9.5636
7369.15 9.5638
7369.20 9.5639
7369.25 9.5641
7369.30 9.5643
7369.35 9.5645
7369.40 9.5647
7369.45 9.5648
7369.50 9.5650
7369.55 9.5652
7369.60 9.5653
7369.65 9.5655
7369.70 9.5656
7369.75 9.5658
7369.80 9.5659
7369.85 9.5661
7369.90 9.5662
7369.95 9.5664
7370.00 9.5665
7370.05 9.5666
7370.10 9.5668
7370.15 9.5669
7370.20 9.5670
7370.25 9.5671
7370.30 9.5673
7370.35 9.5674
7370.40 9.5675
7370.45 9.5676
7370.50 9.5677
7370.55 9.5678
7370.60 9.5679
7370.65 9.5680
7370.70 9.5681
7370.75 9.5682
7370.80 9.5683
7370.85 9.5684
7370.90 9.5685
7370.95 9.5686
7371.00 9.5687
7371.05 9.5688
7371.10 9.5688
7371.15 9.5689
7371.20 9.5690
7371.25 9.5691
7371.30 9.5691
7371.35 9.5692
7371.40 9.5693
7371.45 9.5693
7371.50 9.5694
7371.55 9.5695
7371.60 9.5695
7371.65 9.5696
7371.70 9.5697
7371.75 9.5697
7371.80 9.5698
7371.85 9.5698
7371.90 9.5699
7371.95 9.5699
7372.00 9.5700
7372.05 9.5700
7372.10 9.5700
7372.15 9.5701
7372.20 9.5701
7372.25 9.5702
7372.30 9.5702
7372.35 9.5702
7372.40 9.5703
7372.45 9.5703
7372.50 9.5703
7372.55 9.5704
7372.60 9.5704
7372.65 9.5704
7372.70 9.5705
7372.75 9.5705
7372.80 9.5705
7372.85 9.5705
7372.90 9.5706
7372.95 9.5706
7373.00 9.5706
7373.05 9.5706
7373.10 9.5706
7373.15 9.5707
7373.20 9.5707
7373.25 9.5707
7373.30 9.5707
7373.35 9.5707
7373.40 9.5707
7373.45 9.5707
7373.50 9.5708
7373.55 9.5708
7373.60 9.5708
7373.65 9.5708
7373.70 9.5708
7373.75 9.5708
7373.80 9.5708
7373.85 9.5708
7373.90 9.5708
7373.95 9.5709
7374.00 9.5709
7374.05 9.5709
7374.10 9.5709
7374.15 9.5709
7374.20 9.5709
7374.25 9.5709
7374.30 9.5709
7374.35 9.5709
7374.40 9.5709
7374.45 9.5709
7374.50 9.5709
7374.55 9.5709
7374.60 9.5709
7374.65 9.5709
7374.70 9.5709
7374.75 9.5709
7374.80 9.5709
7374.85 9.5709
7374.90 9.5709
7374.95 9.5709
7375.00 9.5709
7375.05 9.5709
7375.10 9.5709
7375.15 9.5709
7375.20 9.5709
