4633.50 12.4776
4633.55 12.4785
4633.60 12.4794
4633.65 12.4803
4633.70 12.4811
4633.75 12.4820
4633.80 12.4828
4633.85 12.4837
4633.90 12.4845
4633.95 12.4854
4634.00 12.4862
4634.05 12.4871
4634.10 12.4879
4634.15 12.4887
4634.20 12.4895
4634.25 12.4903
4634.30 12.4911
4634.35 12.4919
4634.40 12.4927
4634.45 12.4935
4634.50 12.4943
4634.55 12.4951
4634.60 12.4958
4634.65 12.4966
4634.70 12.4974
4634.75 12.4981
4634.80 12.4989
4634.85 12.4996
4634.90 12.5004
4634.95 12.5011
4635.00 12.5019
4635.05 12.5026
4635.10 12.5033
4635.15 12.5040
4635.20 12.5047
4635.25 12.5054
4635.30 12.5062
4635.35 12.5068
4635.40 12.5075
4635.45 12.5082
4635.50 12.5089
4635.55 12.5096
4635.60 12.5103
4635.65 12.5109
4635.70 12.5116
4635.75 12.5123
4635.80 12.5129
4635.85 12.5136
4635.90 12.5142
4635.95 12.5148
4636.00 12.5155
4636.05 12.5161
4636.10 12.5167
4636.15 12.5174
4636.20 12.5180
4636.25 12.5186
4636.30 12.5192
4636.35 12.5198
4636.40 12.5204
4636.45 12.5210
4636.50 12.5216
4636.55 12.5221
4636.60 12.5227
4636.65 12.5233
4636.70 12.5239
4636.75 12.5244
4636.80 12.5250
4636.85 12.5255
4636.90 12.5261
4636.95 12.5266
4637.00 12.5272
4637.05 12.5277
4637.10 12.5282
4637.15 12.5288
4637.20 12.5293
4637.25 12.5298
4637.30 12.5303
4637.35 12.5308
4637.40 12.5313
4637.45 12.5318
4637.50 12.5323
4637.55 12.5328
4637.60 12.5333
4637.65 12.5338
4637.70 12.5342
4637.75 12.5347
4637.80 12.5352
4637.85 12.5356
4637.90 12.5361
4637.95 12.5366
4638.00 12.5370
4638.05 12.5374
4638.10 12.5379
4638.15 12.5383
4638.20 12.5388
4638.25 12.5392
4638.30 12.5396
4638.35 12.5400
4638.40 12.5404
4638.45 12.5408
4638.50 12.5412
4638.55 12.5416
4638.60 12.5420
4638.65 12.5424
4638.70 12.5428
4638.75 12.5432
4638.80 12.5436
4638.85 12.5440
4638.90 12.5443
4638.95 12.5447
4639.00 12.5451
4639.05 12.5454
4639.10 12.5458
4639.15 12.5461
4639.20 12.5465
4639.25 12.5468
4639.30 12.5471
4639.35 12.5475
4639.40 12.5478
4639.45 12.5481
4639.50 12.5484
4639.55 12.5488
4639.60 12.5491
4639.65 12.5494
4639.70 12.5497
4639.75 12.5500
4639.80 12.5503
4639.85 12.5506
4639.90 12.5508
4639.95 12.5511
4640.00 12.5514
4640.05 12.5517
4640.10 12.5520
4640.15 12.5522
4640.20 12.5525
4640.25 12.5527
4640.30 12.5530
4640.35 12.5532
4640.40 12.5535
4640.45 12.5537
4640.50 12.5540
4640.55 12.5542
4640.60 12.5544
4640.65 12.5547
4640.70 12.5549
4640.75 12.5551
4640.80 12.5553
4640.85 12.5555
4640.90 12.5557
4640.95 12.5559
4641.00 12.5561
4641.05 12.5563
4641.10 12.5565
4641.15 12.5567
4641.20 12.5569
4641.25 12.5571
4641.30 12.5572
4641.35 12.5574
4641.40 12.5576
4641.45 12.5577
4641.50 12.5579
4641.55 12.5581
4641.60 12.5582
4641.65 12.5584
4641.70 12.5585
4641.75 12.5586
4641.80 12.5588
4641.85 12.5589
4641.90 12.5590
4641.95 12.5592
4642.00 12.5593
4642.05 12.5594
4642.10 12.5595
4642.15 12.5596
4642.20 12.5597
4642.25 12.5598
4642.30 12.5599
4642.35 12.5600
4642.40 12.5601
4642.45 12.5602
4642.50 12.5603
4642.55 12.5604
4642.60 12.5605
4642.65 12.5605
4642.70 12.5606
4642.75 12.5607
4642.80 12.5608
4642.85 12.5608
4642.90 12.5609
4642.95 12.5609
4643.00 12.5610
4643.05 12.5610
4643.10 12.5611
4643.15 12.5611
4643.20 12.5611
4643.25 12.5612
4643.30 12.5612
4643.35 12.5612
4643.40 12.5612
4643.45 12.5613
4643.50 12.5613
4643.55 12.5613
4643.60 12.5613
4643.65 12.5613
4643.70 12.5613
4643.75 12.5613
4643.80 12.5613
4643.85 12.5613
4643.90 12.5613
4643.95 12.5613
4644.00 12.5612
4644.05 12.5612
4644.10 12.5612
4644.15 12.5612
4644.20 12.5611
4644.25 12.5611
4644.30 12.5610
4644.35 12.5610
4644.40 12.5610
4644.45 12.5609
4644.50 12.5609
4644.55 12.5608
4644.60 12.5607
4644.65 12.5607
4644.70 12.5606
4644.75 12.5605
4644.80 12.5605
4644.85 12.5604
4644.90 12.5603
4644.95 12.5602
4645.00 12.5601
4645.05 12.5601
4645.10 12.5600
4645.15 12.5599
4645.20 12.5598
4645.25 12.5597
4645.30 12.5596
4645.35 12.5595
4645.40 12.5593
4645.45 12.5592
4645.50 12.5591
4645.55 12.5590
4645.60 12.5589
4645.65 12.5587
4645.70 12.5586
4645.75 12.5585
4645.80 12.5583
4645.85 12.5582
4645.90 12.5581
4645.95 12.5579
4646.00 12.5578
4646.05 12.5576
4646.10 12.5575
4646.15 12.5573
4646.20 12.5571
4646.25 12.5570
4646.30 12.5568
4646.35 12.5566
4646.40 12.5565
4646.45 12.5563
4646.50 12.5561
4646.55 12.5559
4646.60 12.5558
4646.65 12.5556
4646.70 12.5554
4646.75 12.5552
4646.80 12.5550
4646.85 12.5548
4646.90 12.5546
4646.95 12.5544
4647.00 12.5542
4647.05 12.5540
4647.10 12.5537
4647.15 12.5535
4647.20 12.5533
4647.25 12.5531
4647.30 12.5529
4647.35 12.5526
4647.40 12.5524
4647.45 12.5522
4647.50 12.5519
4647.55 12.5517
4647.60 12.5515
4647.65 12.5512
4647.70 12.5510
4647.75 12.5507
4647.80 12.5505
4647.85 12.5502
4647.90 12.5499
4647.95 12.5497
4648.00 12.5494
4648.05 12.5492
4648.10 12.5489
4648.15 12.5486
4648.20 12.5483
4648.25 12.5481
4648.30 12.5478
4648.35 12.5475
4648.40 12.5472
4648.45 12.5469
4648.50 12.5466
4648.55 12.5463
4648.60 12.5460
4648.65 12.5457
4648.70 12.5454
4648.75 12.5451
4648.80 12.5448
4648.85 12.5445
4648.90 12.5442
4648.95 12.5439
4649.00 12.5436
4649.05 12.5433
4649.10 12.5429
4649.15 12.5426
4649.20 12.5423
4649.25 12.5419
4649.30 12.5416
4649.35 12.5413
4649.40 12.5409
4649.45 12.5406
4649.50 12.5403
4649.55 12.5399
4649.60 12.5396
4649.65 12.5392
4649.70 12.5389
4649.75 12.5385
4649.80 12.5381
4649.85 12.5378
4649.90 12.5374
4649.95 12.5371
4650.00 12.5367
4650.05 12.5363
4650.10 12.5359
4650.15 12.5356
4650.20 12.5352
4650.25 12.5348
4650.30 12.5344
4650.35 12.5340
4650.40 12.5337
4650.45 12.5333
4650.50 12.5329
4650.55 12.5325
4650.60 12.5321
4650.65 12.5317
4650.70 12.5313
4650.75 12.5309
4650.80 12.5305
4650.85 12.5301
4650.90 12.5297
4650.95 12.5292
4651.00 12.5288
4651.05 12.5284
4651.10 12.5280
4651.15 12.5276
4651.20 12.5271
4651.25 12.5267
4651.30 12.5263
4651.35 12.5259
4651.40 12.5254
4651.45 12.5250
4651.50 12.5245
4651.55 12.5241
4651.60 12.5237
4651.65 12.5232
4651.70 12.5228
4651.75 12.5223
4651.80 12.5219
4651.85 12.5214
4651.90 12.5210
4651.95 12.5205
4652.00 12.5200
4652.05 12.5196
4652.10 12.5191
4652.15 12.5187
4652.20 12.5182
4652.25 12.5177
4652.30 12.5172
4652.35 12.5168
4652.40 12.5163
4652.45 12.5158
4652.50 12.5153
4652.55 12.5148
4652.60 12.5144
4652.65 12.5139
4652.70 12.5134
4652.75 12.5129
4652.80 12.5124
4652.85 12.5119
4652.90 12.5114
4652.95 12.5109
4653.00 12.5104
4653.05 12.5099
4653.10 12.5094
4653.15 12.5089
4653.20 12.5084
4653.25 12.5079
4653.30 12.5073
4653.35 12.5068
4653.40 12.5063
4653.45 12.5058
4653.50 12.5053
4653.55 12.5047
4653.60 12.5042
4653.65 12.5037
4653.70 12.5032
4653.75 12.5026
4653.80 12.5021
4653.85 12.5016
4653.90 12.5010
4653.95 12.5005
4654.00 12.4999
4654.05 12.4994
4654.10 12.4989
4654.15 12.4983
4654.20 12.4978
4654.25 12.4972
4654.30 12.4967
4654.35 12.4961
4654.40 12.4955
4654.45 12.4950
4654.50 12.4944
4654.55 12.4939
4654.60 12.4933
4654.65 12.4927
4654.70 12.4922
4654.75 12.4916
4654.80 12.4910
4654.85 12.4905
4654.90 12.4899
4654.95 12.4893
4655.00 12.4887
4655.05 12.4881
4655.10 12.4876
4655.15 12.4870
4655.20 12.4864
4655.25 12.4858
4655.30 12.4852
4655.35 12.4846
4655.40 12.4840
4655.45 12.4834
4655.50 12.4828
4655.55 12.4823
4655.60 12.4817
4655.65 12.4811
4655.70 12.4804
4655.75 12.4798
4655.80 12.4792
4655.85 12.4786
4655.90 12.4780
4655.95 12.4774
4656.00 12.4768
4656.05 12.4762
4656.10 12.4756
4656.15 12.4750
4656.20 12.4743
4656.25 12.4737
4656.30 12.4731
4656.35 12.4725
4656.40 12.4718
4656.45 12.4712
4656.50 12.4706
4656.55 12.4700
4656.60 12.4693
4656.65 12.4687
4656.70 12.4681
4656.75 12.4674
4656.80 12.4668
4656.85 12.4661
4656.90 12.4655
4656.95 12.4649
4657.00 12.4642
4657.05 12.4636
4657.10 12.4629
4657.15 12.4623
4657.20 12.4616
4657.25 12.4610
4657.30 12.4603
4657.35 12.4597
4657.40 12.4590
4657.45 12.4584
4657.50 12.4577
4657.55 12.4570
4657.60 12.4564
4657.65 12.4557
4657.70 12.4550
4657.75 12.4544
4657.80 12.4537
4657.85 12.4530
4657.90 12.4524
4657.95 12.4517
4658.00 12.4510
4658.05 12.4503
4658.10 12.4497
4658.15 12.4490
4658.20 12.4483
4658.25 12.4476
4658.30 12.4470
4658.35 12.4463
4658.40 12.4456
4658.45 12.4449
4658.50 12.4442
4658.55 12.4435
4658.60 12.4428
4658.65 12.4421
4658.70 12.4414
4658.75 12.4408
4658.80 12.4401
4658.85 12.4394
4658.90 12.4387
4658.95 12.4380
4659.00 12.4373
4659.05 12.4366
4659.10 12.4359
4659.15 12.4352
4659.20 12.4344
4659.25 12.4337
4659.30 12.4330
4659.35 12.4323
4659.40 12.4316
4659.45 12.4309
4659.50 12.4302
4659.55 12.4295
4659.60 12.4288
4659.65 12.4280
4659.70 12.4273
4659.75 12.4266
4659.80 12.4259
4659.85 12.4252
4659.90 12.4244
4659.95 12.4237
4660.00 12.4230
4660.05 12.4223
4660.10 12.4215
4660.15 12.4208
4660.20 12.4201
4660.25 12.4193
4660.30 12.4186
4660.35 12.4179
4660.40 12.4171
4660.45 12.4164
4660.50 12.4157
4660.55 12.4149
4660.60 12.4142
4660.65 12.4134
4660.70 12.4127
4660.75 12.4120
4660.80 12.4112
4660.85 12.4105
4660.90 12.4097
4660.95 12.4090
4661.00 12.4082
4661.05 12.4075
4661.10 12.4067
4661.15 12.4060
4661.20 12.4052
4661.25 12.4045
4661.30 12.4037
4661.35 12.4030
4661.40 12.4022
4661.45 12.4014
4661.50 12.4007
4661.55 12.3999
4661.60 12.3992
4661.65 12.3984
4661.70 12.3976
4661.75 12.3969
4661.80 12.3961
4661.85 12.3953
4661.90 12.3946
4661.95 12.3938
4662.00 12.3930
4662.05 12.3923
4662.10 12.3915
4662.15 12.3907
4662.20 12.3899
4662.25 12.3892
4662.30 12.3884
4662.35 12.3876
4662.40 12.3868
4662.45 12.3861
4662.50 12.3853
4662.55 12.3845
4662.60 12.3837
4662.65 12.3829
4662.70 12.3822
4662.75 12.3814
4662.80 12.3806
4662.85 12.3798
4662.90 12.3790
4662.95 12.3782
4663.00 12.3774
4663.05 12.3767
4663.10 12.3759
4663.15 12.3751
4663.20 12.3743
4663.25 12.3735
4663.30 12.3727
4663.35 12.3719
4663.40 12.3711
4663.45 12.3703
4663.50 12.3695
4663.55 12.3687
4663.60 12.3679
4663.65 12.3671
4663.70 12.3663
4663.75 12.3655
4663.80 12.3647
4663.85 12.3639
4663.90 12.3631
4663.95 12.3623
4664.00 12.3615
4664.05 12.3607
4664.10 12.3599
4664.15 12.3591
4664.20 12.3583
4664.25 12.3575
4664.30 12.3567
4664.35 12.3558
4664.40 12.3550
4664.45 12.3542
4664.50 12.3534
4664.55 12.3526
4664.60 12.3518
4664.65 12.3510
4664.70 12.3501
4664.75 12.3493
4664.80 12.3485
4664.85 12.3477
4664.90 12.3469
4664.95 12.3461
4665.00 12.3452
4665.05 12.3444
4665.10 12.3436
4665.15 12.3428
4665.20 12.3419
4665.25 12.3411
4665.30 12.3403
4665.35 12.3395
4665.40 12.3386
4665.45 12.3378
4665.50 12.3370
4665.55 12.3362
4665.60 12.3353
4665.65 12.3345
4665.70 12.3337
4665.75 12.3328
4665.80 12.3320
4665.85 12.3312
4665.90 12.3304
4665.95 12.3295
4666.00 12.3287
4666.05 12.3279
4666.10 12.3270
4666.15 12.3262
4666.20 12.3253
4666.25 12.3245
4666.30 12.3237
4666.35 12.3228
4666.40 12.3220
4666.45 12.3212
4666.50 12.3203
4666.55 12.3195
4666.60 12.3186
4666.65 12.3178
4666.70 12.3169
4666.75 12.3161
4666.80 12.3153
4666.85 12.3144
4666.90 12.3136
4666.95 12.3127
4667.00 12.3119
4667.05 12.3110
4667.10 12.3102
4667.15 12.3093
4667.20 12.3085
4667.25 12.3077
4667.30 12.3068
4667.35 12.3060
4667.40 12.3051
4667.45 12.3043
4667.50 12.3034
4667.55 12.3026
4667.60 12.3017
4667.65 12.3008
4667.70 12.3000
4667.75 12.2991
4667.80 12.2983
4667.85 12.2974
4667.90 12.2966
4667.95 12.2957
4668.00 12.2949
4668.05 12.2940
4668.10 12.2932
4668.15 12.2923
4668.20 12.2914
4668.25 12.2906
4668.30 12.2897
4668.35 12.2889
4668.40 12.2880
4668.45 12.2872
4668.50 12.2863
4668.55 12.2854
4668.60 12.2846
4668.65 12.2837
4668.70 12.2828
4668.75 12.2820
4668.80 12.2811
4668.85 12.2803
4668.90 12.2794
4668.95 12.2785
4669.00 12.2777
4669.05 12.2768
4669.10 12.2759
4669.15 12.2751
4669.20 12.2742
4669.25 12.2733
4669.30 12.2725
4669.35 12.2716
4669.40 12.2707
4669.45 12.2699
4669.50 12.2690
4669.55 12.2681
4669.60 12.2673
4669.65 12.2664
4669.70 12.2655
4669.75 12.2647
4669.80 12.2638
4669.85 12.2629
4669.90 12.2621
4669.95 12.2612
4670.00 12.2603
4670.05 12.2594
4670.10 12.2586
4670.15 12.2577
4670.20 12.2568
4670.25 12.2559
4670.30 12.2551
4670.35 12.2542
4670.40 12.2533
4670.45 12.2525
4670.50 12.2516
4670.55 12.2507
4670.60 12.2498
4670.65 12.2490
4670.70 12.2481
4670.75 12.2472
4670.80 12.2463
4670.85 12.2455
4670.90 12.2446
4670.95 12.2437
4671.00 12.2428
4671.05 12.2419
4671.10 12.2411
4671.15 12.2402
4671.20 12.2393
4671.25 12.2384
4671.30 12.2376
4671.35 12.2367
4671.40 12.2358
4671.45 12.2349
4671.50 12.2340
4671.55 12.2332
4671.60 12.2323
4671.65 12.2314
4671.70 12.2305
4671.75 12.2296
4671.80 12.2288
4671.85 12.2279
4671.90 12.2270
4671.95 12.2261
4672.00 12.2252
4672.05 12.2243
4672.10 12.2235
4672.15 12.2226
4672.20 12.2217
4672.25 12.2208
4672.30 12.2199
4672.35 12.2191
4672.40 12.2182
4672.45 12.2173
4672.50 12.2164
4672.55 12.2155
4672.60 12.2146
4672.65 12.2138
4672.70 12.2129
4672.75 12.2120
4672.80 12.2111
4672.85 12.2102
4672.90 12.2093
4672.95 12.2084
4673.00 12.2076
4673.05 12.2067
4673.10 12.2058
4673.15 12.2049
4673.20 12.2040
4673.25 12.2031
4673.30 12.2022
4673.35 12.2014
4673.40 12.2005
4673.45 12.1996
4673.50 12.1987
4673.55 12.1978
4673.60 12.1969
4673.65 12.1960
4673.70 12.1952
4673.75 12.1943
4673.80 12.1934
4673.85 12.1925
4673.90 12.1916
4673.95 12.1907
4674.00 12.1898
4674.05 12.1890
4674.10 12.1881
4674.15 12.1872
4674.20 12.1863
4674.25 12.1854
4674.30 12.1845
4674.35 12.1836
4674.40 12.1827
4674.45 12.1819
4674.50 12.1810
4674.55 12.1801
4674.60 12.1792
4674.65 12.1783
4674.70 12.1774
4674.75 12.1765
4674.80 12.1756
4674.85 12.1747
4674.90 12.1739
4674.95 12.1730
4675.00 12.1721
4675.05 12.1712
4675.10 12.1703
4675.15 12.1694
4675.20 12.1685
4675.25 12.1676
4675.30 12.1668
4675.35 12.1659
4675.40 12.1650
4675.45 12.1641
4675.50 12.1632
4675.55 12.1623
4675.60 12.1614
4675.65 12.1605
4675.70 12.1596
4675.75 12.1588
4675.80 12.1579
4675.85 12.1570
4675.90 12.1561
4675.95 12.1552
4676.00 12.1543
4676.05 12.1534
4676.10 12.1525
4676.15 12.1517
4676.20 12.1508
4676.25 12.1499
4676.30 12.1490
4676.35 12.1481
4676.40 12.1472
4676.45 12.1463
4676.50 12.1454
4676.55 12.1445
4676.60 12.1437
4676.65 12.1428
4676.70 12.1419
4676.75 12.1410
4676.80 12.1401
4676.85 12.1392
4676.90 12.1383
4676.95 12.1374
4677.00 12.1366
4677.05 12.1357
4677.10 12.1348
4677.15 12.1339
4677.20 12.1330
4677.25 12.1321
4677.30 12.1312
4677.35 12.1303
4677.40 12.1295
4677.45 12.1286
4677.50 12.1277
4677.55 12.1268
4677.60 12.1259
4677.65 12.1250
4677.70 12.1241
4677.75 12.1233
4677.80 12.1224
4677.85 12.1215
4677.90 12.1206
4677.95 12.1197
4678.00 12.1188
4678.05 12.1179
4678.10 12.1170
4678.15 12.1162
4678.20 12.1153
4678.25 12.1144
4678.30 12.1135
4678.35 12.1126
4678.40 12.1117
4678.45 12.1109
4678.50 12.1100
4678.55 12.1091
4678.60 12.1082
4678.65 12.1073
4678.70 12.1064
4678.75 12.1055
4678.80 12.1047
4678.85 12.1038
4678.90 12.1029
4678.95 12.1020
4679.00 12.1011
4679.05 12.1002
4679.10 12.0994
4679.15 12.0985
4679.20 12.0976
4679.25 12.0967
4679.30 12.0958
4679.35 12.0949
4679.40 12.0941
4679.45 12.0932
4679.50 12.0923
4679.55 12.0914
4679.60 12.0905
4679.65 12.0897
4679.70 12.0888
4679.75 12.0879
4679.80 12.0870
4679.85 12.0861
4679.90 12.0852
4679.95 12.0844
4680.00 12.0835
4680.05 12.0826
4680.10 12.0817
4680.15 12.0808
4680.20 12.0800
4680.25 12.0791
4680.30 12.0782
4680.35 12.0773
4680.40 12.0764
4680.45 12.0756
4680.50 12.0747
4680.55 12.0738
4680.60 12.0729
4680.65 12.0721
4680.70 12.0712
4680.75 12.0703
4680.80 12.0694
4680.85 12.0685
4680.90 12.0677
4680.95 12.0668
4681.00 12.0659
4681.05 12.0650
4681.10 12.0642
4681.15 12.0633
4681.20 12.0624
4681.25 12.0615
4681.30 12.0607
4681.35 12.0598
4681.40 12.0589
4681.45 12.0580
4681.50 12.0572
4681.55 12.0563
4681.60 12.0554
4681.65 12.0545
4681.70 12.0537
4681.75 12.0528
4681.80 12.0519
4681.85 12.0510
4681.90 12.0502
4681.95 12.0493
4682.00 12.0484
4682.05 12.0475
4682.10 12.0467
4682.15 12.0458
4682.20 12.0449
4682.25 12.0441
4682.30 12.0432
4682.35 12.0423
4682.40 12.0414
4682.45 12.0406
4682.50 12.0397
4682.55 12.0388
4682.60 12.0380
4682.65 12.0371
4682.70 12.0362
4682.75 12.0354
4682.80 12.0345
4682.85 12.0336
4682.90 12.0327
4682.95 12.0319
4683.00 12.0310
4683.05 12.0301
4683.10 12.0293
4683.15 12.0284
4683.20 12.0275
4683.25 12.0267
4683.30 12.0258
4683.35 12.0249
4683.40 12.0241
4683.45 12.0232
4683.50 12.0223
4683.55 12.0215
4683.60 12.0206
4683.65 12.0197
4683.70 12.0189
4683.75 12.0180
4683.80 12.0172
4683.85 12.0163
4683.90 12.0154
4683.95 12.0146
4684.00 12.0137
4684.05 12.0128
4684.10 12.0120
4684.15 12.0111
4684.20 12.0102
4684.25 12.0094
4684.30 12.0085
4684.35 12.0077
4684.40 12.0068
4684.45 12.0059
4684.50 12.0051
4684.55 12.0042
4684.60 12.0034
4684.65 12.0025
4684.70 12.0016
4684.75 12.0008
4684.80 11.9999
4684.85 11.9991
4684.90 11.9982
4684.95 11.9973
4685.00 11.9965
4685.05 11.9956
4685.10 11.9948
4685.15 11.9939
4685.20 11.9931
4685.25 11.9922
4685.30 11.9913
4685.35 11.9905
4685.40 11.9896
4685.45 11.9888
4685.50 11.9879
4685.55 11.9871
4685.60 11.9862
4685.65 11.9854
4685.70 11.9845
4685.75 11.9837
4685.80 11.9828
4685.85 11.9819
4685.90 11.9811
4685.95 11.9802
4686.00 11.9794
4686.05 11.9785
4686.10 11.9777
4686.15 11.9768
4686.20 11.9760
4686.25 11.9751
4686.30 11.9743
4686.35 11.9734
4686.40 11.9726
4686.45 11.9717
4686.50 11.9709
4686.55 11.9700
4686.60 11.9692
4686.65 11.9683
4686.70 11.9675
4686.75 11.9666
4686.80 11.9658
4686.85 11.9649
4686.90 11.9641
4686.95 11.9632
4687.00 11.9624
4687.05 11.9616
4687.10 11.9607
4687.15 11.9599
4687.20 11.9590
4687.25 11.9582
4687.30 11.9573
4687.35 11.9565
4687.40 11.9556
4687.45 11.9548
4687.50 11.9539
4687.55 11.9531
4687.60 11.9523
4687.65 11.9514
4687.70 11.9506
4687.75 11.9497
4687.80 11.9489
4687.85 11.9480
4687.90 11.9472
4687.95 11.9464
4688.00 11.9455
4688.05 11.9447
4688.10 11.9438
4688.15 11.9430
4688.20 11.9422
4688.25 11.9413
4688.30 11.9405
4688.35 11.9396
4688.40 11.9388
4688.45 11.9380
4688.50 11.9371
4688.55 11.9363
4688.60 11.9355
4688.65 11.9346
4688.70 11.9338
4688.75 11.9329
4688.80 11.9321
4688.85 11.9313
4688.90 11.9304
4688.95 11.9296
4689.00 11.9288
4689.05 11.9279
4689.10 11.9271
4689.15 11.9263
4689.20 11.9254
4689.25 11.9246
4689.30 11.9238
4689.35 11.9229
4689.40 11.9221
4689.45 11.9213
4689.50 11.9204
4689.55 11.9196
4689.60 11.9188
4689.65 11.9179
4689.70 11.9171
4689.75 11.9163
4689.80 11.9154
4689.85 11.9146
4689.90 11.9138
4689.95 11.9129
4690.00 11.9121
4690.05 11.9113
4690.10 11.9105
4690.15 11.9096
4690.20 11.9088
4690.25 11.9080
4690.30 11.9071
4690.35 11.9063
4690.40 11.9055
4690.45 11.9047
4690.50 11.9038
4690.55 11.9030
4690.60 11.9022
4690.65 11.9014
4690.70 11.9005
4690.75 11.8997
4690.80 11.8989
4690.85 11.8981
4690.90 11.8972
4690.95 11.8964
4691.00 11.8956
4691.05 11.8948
4691.10 11.8939
4691.15 11.8931
4691.20 11.8923
4691.25 11.8915
4691.30 11.8906
4691.35 11.8898
4691.40 11.8890
4691.45 11.8882
4691.50 11.8874
4691.55 11.8865
4691.60 11.8857
4691.65 11.8849
4691.70 11.8841
4691.75 11.8833
4691.80 11.8824
4691.85 11.8816
4691.90 11.8808
4691.95 11.8800
4692.00 11.8792
4692.05 11.8783
4692.10 11.8775
4692.15 11.8767
4692.20 11.8759
4692.25 11.8751
4692.30 11.8742
4692.35 11.8734
4692.40 11.8726
4692.45 11.8718
4692.50 11.8710
4692.55 11.8702
4692.60 11.8693
4692.65 11.8685
4692.70 11.8677
4692.75 11.8669
4692.80 11.8661
4692.85 11.8653
4692.90 11.8645
4692.95 11.8636
4693.00 11.8628
4693.05 11.8620
4693.10 11.8612
4693.15 11.8604
4693.20 11.8596
4693.25 11.8588
4693.30 11.8580
4693.35 11.8571
4693.40 11.8563
4693.45 11.8555
4693.50 11.8547
4693.55 11.8539
4693.60 11.8531
4693.65 11.8523
4693.70 11.8515
4693.75 11.8506
4693.80 11.8498
4693.85 11.8490
4693.90 11.8482
4693.95 11.8474
4694.00 11.8466
4694.05 11.8458
4694.10 11.8450
4694.15 11.8442
4694.20 11.8434
4694.25 11.8426
4694.30 11.8417
4694.35 11.8409
4694.40 11.8401
4694.45 11.8393
4694.50 11.8385
4694.55 11.8377
4694.60 11.8369
4694.65 11.8361
4694.70 11.8353
4694.75 11.8345
4694.80 11.8337
4694.85 11.8329
4694.90 11.8321
4694.95 11.8313
4695.00 11.8305
4695.05 11.8296
4695.10 11.8288
4695.15 11.8280
4695.20 11.8272
4695.25 11.8264
4695.30 11.8256
4695.35 11.8248
4695.40 11.8240
4695.45 11.8232
4695.50 11.8224
4695.55 11.8216
4695.60 11.8208
4695.65 11.8200
4695.70 11.8192
4695.75 11.8184
4695.80 11.8176
4695.85 11.8168
4695.90 11.8160
4695.95 11.8152
4696.00 11.8144
4696.05 11.8136
4696.10 11.8128
4696.15 11.8120
4696.20 11.8112
4696.25 11.8104
4696.30 11.8096
4696.35 11.8088
4696.40 11.8080
4696.45 11.8072
4696.50 11.8064
4696.55 11.8056
4696.60 11.8048
4696.65 11.8040
4696.70 11.8032
4696.75 11.8024
4696.80 11.8016
4696.85 11.8008
4696.90 11.8000
4696.95 11.7992
4697.00 11.7984
4697.05 11.7976
4697.10 11.7968
4697.15 11.7960
4697.20 11.7952
4697.25 11.7944
4697.30 11.7936
4697.35 11.7928
4697.40 11.7920
4697.45 11.7912
4697.50 11.7904
4697.55 11.7896
4697.60 11.7888
4697.65 11.7880
4697.70 11.7872
4697.75 11.7864
4697.80 11.7856
4697.85 11.7848
4697.90 11.7840
4697.95 11.7832
4698.00 11.7824
4698.05 11.7816
4698.10 11.7808
4698.15 11.7800
4698.20 11.7792
4698.25 11.7784
4698.30 11.7776
4698.35 11.7769
4698.40 11.7761
4698.45 11.7753
4698.50 11.7745
4698.55 11.7737
4698.60 11.7729
4698.65 11.7721
4698.70 11.7713
4698.75 11.7705
4698.80 11.7697
4698.85 11.7689
4698.90 11.7681
4698.95 11.7673
4699.00 11.7665
4699.05 11.7657
4699.10 11.7649
4699.15 11.7641
4699.20 11.7633
4699.25 11.7625
4699.30 11.7617
4699.35 11.7609
4699.40 11.7602
4699.45 11.7594
4699.50 11.7586
4699.55 11.7578
4699.60 11.7570
4699.65 11.7562
4699.70 11.7554
4699.75 11.7546
4699.80 11.7538
4699.85 11.7530
4699.90 11.7522
4699.95 11.7514
4700.00 11.7506
4700.05 11.7498
4700.10 11.7490
4700.15 11.7482
4700.20 11.7474
4700.25 11.7466
4700.30 11.7458
4700.35 11.7451
4700.40 11.7443
4700.45 11.7435
4700.50 11.7427
4700.55 11.7419
4700.60 11.7411
4700.65 11.7403
4700.70 11.7395
4700.75 11.7387
4700.80 11.7379
4700.85 11.7371
4700.90 11.7363
4700.95 11.7355
4701.00 11.7347
4701.05 11.7339
4701.10 11.7331
4701.15 11.7323
4701.20 11.7315
4701.25 11.7307
4701.30 11.7300
4701.35 11.7292
4701.40 11.7284
4701.45 11.7276
4701.50 11.7268
4701.55 11.7260
4701.60 11.7252
4701.65 11.7244
4701.70 11.7236
4701.75 11.7228
4701.80 11.7220
4701.85 11.7212
4701.90 11.7204
4701.95 11.7196
4702.00 11.7188
4702.05 11.7180
4702.10 11.7172
4702.15 11.7164
4702.20 11.7156
4702.25 11.7148
4702.30 11.7140
4702.35 11.7132
4702.40 11.7124
4702.45 11.7116
4702.50 11.7108
4702.55 11.7101
4702.60 11.7093
4702.65 11.7085
4702.70 11.7077
4702.75 11.7069
4702.80 11.7061
4702.85 11.7053
4702.90 11.7045
4702.95 11.7037
4703.00 11.7029
4703.05 11.7021
4703.10 11.7013
4703.15 11.7005
4703.20 11.6997
4703.25 11.6989
4703.30 11.6981
4703.35 11.6973
4703.40 11.6965
4703.45 11.6957
4703.50 11.6949
4703.55 11.6941
4703.60 11.6933
4703.65 11.6925
4703.70 11.6917
4703.75 11.6909
4703.80 11.6901
4703.85 11.6893
4703.90 11.6885
4703.95 11.6877
4704.00 11.6869
4704.05 11.6861
4704.10 11.6853
4704.15 11.6845
4704.20 11.6837
4704.25 11.6829
4704.30 11.6821
4704.35 11.6812
4704.40 11.6804
4704.45 11.6796
4704.50 11.6788
4704.55 11.6780
4704.60 11.6772
4704.65 11.6764
4704.70 11.6756
4704.75 11.6748
4704.80 11.6740
4704.85 11.6732
4704.90 11.6724
4704.95 11.6716
4705.00 11.6708
4705.05 11.6700
4705.10 11.6692
4705.15 11.6684
4705.20 11.6676
4705.25 11.6667
4705.30 11.6659
4705.35 11.6651
4705.40 11.6643
4705.45 11.6635
4705.50 11.6627
4705.55 11.6619
4705.60 11.6611
4705.65 11.6603
4705.70 11.6595
4705.75 11.6586
4705.80 11.6578
4705.85 11.6570
4705.90 11.6562
4705.95 11.6554
4706.00 11.6546
4706.05 11.6538
4706.10 11.6530
4706.15 11.6521
4706.20 11.6513
4706.25 11.6505
4706.30 11.6497
4706.35 11.6489
4706.40 11.6481
4706.45 11.6473
4706.50 11.6464
4706.55 11.6456
4706.60 11.6448
4706.65 11.6440
4706.70 11.6432
4706.75 11.6424
4706.80 11.6415
4706.85 11.6407
4706.90 11.6399
4706.95 11.6391
4707.00 11.6383
4707.05 11.6374
4707.10 11.6366
4707.15 11.6358
4707.20 11.6350
4707.25 11.6341
4707.30 11.6333
4707.35 11.6325
4707.40 11.6317
4707.45 11.6309
4707.50 11.6300
4707.55 11.6292
4707.60 11.6284
4707.65 11.6276
4707.70 11.6267
4707.75 11.6259
4707.80 11.6251
4707.85 11.6242
4707.90 11.6234
4707.95 11.6226
4708.00 11.6218
4708.05 11.6209
4708.10 11.6201
4708.15 11.6193
4708.20 11.6184
4708.25 11.6176
4708.30 11.6168
4708.35 11.6159
4708.40 11.6151
4708.45 11.6143
4708.50 11.6134
4708.55 11.6126
4708.60 11.6118
4708.65 11.6109
4708.70 11.6101
4708.75 11.6093
4708.80 11.6084
4708.85 11.6076
4708.90 11.6068
4708.95 11.6059
4709.00 11.6051
4709.05 11.6042
4709.10 11.6034
4709.15 11.6026
4709.20 11.6017
4709.25 11.6009
4709.30 11.6000
4709.35 11.5992
4709.40 11.5983
4709.45 11.5975
4709.50 11.5967
4709.55 11.5958
4709.60 11.5950
4709.65 11.5941
4709.70 11.5933
4709.75 11.5924
4709.80 11.5916
4709.85 11.5907
4709.90 11.5899
4709.95 11.5890
4710.00 11.5882
4710.05 11.5873
4710.10 11.5865
4710.15 11.5856
4710.20 11.5848
4710.25 11.5839
4710.30 11.5830
4710.35 11.5822
4710.40 11.5813
4710.45 11.5805
4710.50 11.5796
4710.55 11.5788
4710.60 11.5779
4710.65 11.5770
4710.70 11.5762
4710.75 11.5753
4710.80 11.5745
4710.85 11.5736
4710.90 11.5727
4710.95 11.5719
4711.00 11.5710
4711.05 11.5701
4711.10 11.5693
4711.15 11.5684
4711.20 11.5675
4711.25 11.5667
4711.30 11.5658
4711.35 11.5649
4711.40 11.5641
4711.45 11.5632
4711.50 11.5623
4711.55 11.5614
4711.60 11.5606
4711.65 11.5597
4711.70 11.5588
4711.75 11.5579
4711.80 11.5571
4711.85 11.5562
4711.90 11.5553
4711.95 11.5544
4712.00 11.5535
4712.05 11.5527
4712.10 11.5518
4712.15 11.5509
4712.20 11.5500
4712.25 11.5491
4712.30 11.5482
4712.35 11.5474
4712.40 11.5465
4712.45 11.5456
4712.50 11.5447
4712.55 11.5438
4712.60 11.5429
4712.65 11.5420
4712.70 11.5411
4712.75 11.5402
4712.80 11.5393
4712.85 11.5385
4712.90 11.5376
4712.95 11.5367
4713.00 11.5358
4713.05 11.5349
4713.10 11.5340
4713.15 11.5331
4713.20 11.5322
4713.25 11.5313
4713.30 11.5304
4713.35 11.5295
4713.40 11.5286
4713.45 11.5276
4713.50 11.5267
4713.55 11.5258
4713.60 11.5249
4713.65 11.5240
4713.70 11.5231
4713.75 11.5222
4713.80 11.5213
4713.85 11.5204
4713.90 11.5194
4713.95 11.5185
4714.00 11.5176
4714.05 11.5167
4714.10 11.5158
4714.15 11.5149
4714.20 11.5139
4714.25 11.5130
4714.30 11.5121
4714.35 11.5112
4714.40 11.5102
4714.45 11.5093
4714.50 11.5084
4714.55 11.5075
4714.60 11.5065
4714.65 11.5056
4714.70 11.5047
4714.75 11.5037
4714.80 11.5028
4714.85 11.5019
4714.90 11.5009
4714.95 11.5000
4715.00 11.4991
4715.05 11.4981
4715.10 11.4972
4715.15 11.4962
4715.20 11.4953
4715.25 11.4944
4715.30 11.4934
4715.35 11.4925
4715.40 11.4915
4715.45 11.4906
4715.50 11.4896
4715.55 11.4887
4715.60 11.4877
4715.65 11.4868
4715.70 11.4858
4715.75 11.4849
4715.80 11.4839
4715.85 11.4829
4715.90 11.4820
4715.95 11.4810
4716.00 11.4801
4716.05 11.4791
4716.10 11.4781
4716.15 11.4772
4716.20 11.4762
4716.25 11.4752
4716.30 11.4743
4716.35 11.4733
4716.40 11.4723
4716.45 11.4714
4716.50 11.4704
4716.55 11.4694
4716.60 11.4684
4716.65 11.4675
4716.70 11.4665
4716.75 11.4655
4716.80 11.4645
4716.85 11.4635
4716.90 11.4626
4716.95 11.4616
4717.00 11.4606
4717.05 11.4596
4717.10 11.4586
4717.15 11.4576
4717.20 11.4566
4717.25 11.4556
4717.30 11.4546
4717.35 11.4536
4717.40 11.4526
4717.45 11.4516
4717.50 11.4506
4717.55 11.4496
4717.60 11.4486
4717.65 11.4476
4717.70 11.4466
4717.75 11.4456
4717.80 11.4446
4717.85 11.4436
4717.90 11.4426
4717.95 11.4416
4718.00 11.4406
4718.05 11.4396
4718.10 11.4385
4718.15 11.4375
4718.20 11.4365
4718.25 11.4355
4718.30 11.4345
4718.35 11.4334
4718.40 11.4324
4718.45 11.4314
4718.50 11.4304
4718.55 11.4293
4718.60 11.4283
4718.65 11.4273
4718.70 11.4262
4718.75 11.4252
4718.80 11.4242
4718.85 11.4231
4718.90 11.4221
4718.95 11.4210
4719.00 11.4200
4719.05 11.4189
4719.10 11.4179
4719.15 11.4168
4719.20 11.4158
4719.25 11.4147
4719.30 11.4137
4719.35 11.4126
4719.40 11.4116
4719.45 11.4105
4719.50 11.4095
4719.55 11.4084
4719.60 11.4073
4719.65 11.4063
4719.70 11.4052
4719.75 11.4041
4719.80 11.4031
4719.85 11.4020
4719.90 11.4009
4719.95 11.3999
4720.00 11.3988
4720.05 11.3977
4720.10 11.3966
4720.15 11.3955
4720.20 11.3945
4720.25 11.3934
4720.30 11.3923
4720.35 11.3912
4720.40 11.3901
4720.45 11.3890
4720.50 11.3879
4720.55 11.3868
4720.60 11.3857
4720.65 11.3846
4720.70 11.3835
4720.75 11.3824
4720.80 11.3813
4720.85 11.3802
4720.90 11.3791
4720.95 11.3780
4721.00 11.3769
4721.05 11.3758
4721.10 11.3747
4721.15 11.3736
4721.20 11.3724
4721.25 11.3713
4721.30 11.3702
4721.35 11.3691
4721.40 11.3680
4721.45 11.3668
4721.50 11.3657
4721.55 11.3646
4721.60 11.3634
4721.65 11.3623
4721.70 11.3612
4721.75 11.3600
4721.80 11.3589
4721.85 11.3577
4721.90 11.3566
4721.95 11.3555
4722.00 11.3543
4722.05 11.3532
4722.10 11.3520
4722.15 11.3509
4722.20 11.3497
4722.25 11.3485
4722.30 11.3474
4722.35 11.3462
4722.40 11.3451
4722.45 11.3439
4722.50 11.3427
4722.55 11.3416
4722.60 11.3404
4722.65 11.3392
4722.70 11.3380
4722.75 11.3369
4722.80 11.3357
4722.85 11.3345
4722.90 11.3333
4722.95 11.3321
4723.00 11.3309
4723.05 11.3298
4723.10 11.3286
4723.15 11.3274
4723.20 11.3262
4723.25 11.3250
4723.30 11.3238
4723.35 11.3226
4723.40 11.3214
4723.45 11.3202
4723.50 11.3190
4723.55 11.3177
4723.60 11.3165
4723.65 11.3153
4723.70 11.3141
4723.75 11.3129
4723.80 11.3117
4723.85 11.3104
4723.90 11.3092
4723.95 11.3080
4724.00 11.3068
4724.05 11.3055
4724.10 11.3043
4724.15 11.3031
4724.20 11.3018
4724.25 11.3006
4724.30 11.2993
4724.35 11.2981
4724.40 11.2968
4724.45 11.2956
4724.50 11.2943
4724.55 11.2931
4724.60 11.2918
4724.65 11.2906
4724.70 11.2893
4724.75 11.2880
4724.80 11.2868
4724.85 11.2855
4724.90 11.2842
4724.95 11.2830
4725.00 11.2817
4725.05 11.2804
4725.10 11.2791
4725.15 11.2779
4725.20 11.2766
4725.25 11.2753
4725.30 11.2740
4725.35 11.2727
4725.40 11.2714
4725.45 11.2701
4725.50 11.2688
4725.55 11.2675
4725.60 11.2662
4725.65 11.2649
4725.70 11.2636
4725.75 11.2623
4725.80 11.2610
4725.85 11.2597
4725.90 11.2583
4725.95 11.2570
4726.00 11.2557
4726.05 11.2544
4726.10 11.2530
4726.15 11.2517
4726.20 11.2504
4726.25 11.2490
4726.30 11.2477
4726.35 11.2464
4726.40 11.2450
4726.45 11.2437
4726.50 11.2423
4726.55 11.2410
4726.60 11.2396
4726.65 11.2383
4726.70 11.2369
4726.75 11.2356
4726.80 11.2342
4726.85 11.2328
4726.90 11.2315
4726.95 11.2301
4727.00 11.2287
4727.05 11.2273
4727.10 11.2260
4727.15 11.2246
4727.20 11.2232
4727.25 11.2218
4727.30 11.2204
4727.35 11.2190
4727.40 11.2176
4727.45 11.2162
4727.50 11.2148
4727.55 11.2134
4727.60 11.2120
4727.65 11.2106
4727.70 11.2092
4727.75 11.2078
4727.80 11.2064
4727.85 11.2049
4727.90 11.2035
4727.95 11.2021
4728.00 11.2007
4728.05 11.1992
4728.10 11.1978
4728.15 11.1964
4728.20 11.1949
4728.25 11.1935
4728.30 11.1921
4728.35 11.1906
4728.40 11.1892
4728.45 11.1877
4728.50 11.1862
4728.55 11.1848
4728.60 11.1833
4728.65 11.1819
4728.70 11.1804
4728.75 11.1789
4728.80 11.1775
4728.85 11.1760
4728.90 11.1745
4728.95 11.1730
4729.00 11.1715
4729.05 11.1700
4729.10 11.1686
4729.15 11.1671
4729.20 11.1656
4729.25 11.1641
4729.30 11.1626
4729.35 11.1611
4729.40 11.1596
4729.45 11.1580
4729.50 11.1565
4729.55 11.1550
4729.60 11.1535
4729.65 11.1520
4729.70 11.1504
4729.75 11.1489
4729.80 11.1474
4729.85 11.1458
4729.90 11.1443
4729.95 11.1428
4730.00 11.1412
4730.05 11.1397
4730.10 11.1381
4730.15 11.1366
4730.20 11.1350
4730.25 11.1335
4730.30 11.1319
4730.35 11.1303
4730.40 11.1288
4730.45 11.1272
4730.50 11.1256
4730.55 11.1240
4730.60 11.1224
4730.65 11.1209
4730.70 11.1193
4730.75 11.1177
4730.80 11.1161
4730.85 11.1145
4730.90 11.1129
4730.95 11.1113
4731.00 11.1097
4731.05 11.1081
4731.10 11.1065
4731.15 11.1048
4731.20 11.1032
4731.25 11.1016
4731.30 11.1000
4731.35 11.0983
4731.40 11.0967
4731.45 11.0951
4731.50 11.0934
4731.55 11.0918
4731.60 11.0901
4731.65 11.0885
4731.70 11.0868
4731.75 11.0852
4731.80 11.0835
4731.85 11.0818
4731.90 11.0802
4731.95 11.0785
4732.00 11.0768
4732.05 11.0752
4732.10 11.0735
4732.15 11.0718
4732.20 11.0701
4732.25 11.0684
4732.30 11.0667
4732.35 11.0650
4732.40 11.0633
4732.45 11.0616
4732.50 11.0599
4732.55 11.0582
4732.60 11.0565
4732.65 11.0548
4732.70 11.0530
4732.75 11.0513
4732.80 11.0496
4732.85 11.0478
4732.90 11.0461
4732.95 11.0444
4733.00 11.0426
4733.05 11.0409
4733.10 11.0391
4733.15 11.0374
4733.20 11.0356
4733.25 11.0339
4733.30 11.0321
4733.35 11.0303
4733.40 11.0285
4733.45 11.0268
4733.50 11.0250
4733.55 11.0232
4733.60 11.0214
4733.65 11.0196
4733.70 11.0178
4733.75 11.0160
4733.80 11.0142
4733.85 11.0124
4733.90 11.0106
4733.95 11.0088
4734.00 11.0070
4734.05 11.0052
4734.10 11.0033
4734.15 11.0015
4734.20 10.9997
4734.25 10.9978
4734.30 10.9960
4734.35 10.9942
4734.40 10.9923
4734.45 10.9905
4734.50 10.9886
4734.55 10.9867
4734.60 10.9849
4734.65 10.9830
4734.70 10.9811
4734.75 10.9793
4734.80 10.9774
4734.85 10.9755
4734.90 10.9736
4734.95 10.9717
4735.00 10.9698
4735.05 10.9679
4735.10 10.9660
4735.15 10.9641
4735.20 10.9622
4735.25 10.9603
4735.30 10.9584
4735.35 10.9565
4735.40 10.9546
4735.45 10.9526
4735.50 10.9507
4735.55 10.9488
4735.60 10.9468
4735.65 10.9449
4735.70 10.9429
4735.75 10.9410
4735.80 10.9390
4735.85 10.9370
4735.90 10.9351
4735.95 10.9331
4736.00 10.9311
4736.05 10.9292
4736.10 10.9272
4736.15 10.9252
4736.20 10.9232
4736.25 10.9212
4736.30 10.9192
4736.35 10.9172
4736.40 10.9152
4736.45 10.9132
4736.50 10.9112
4736.55 10.9091
4736.60 10.9071
4736.65 10.9051
4736.70 10.9031
4736.75 10.9010
4736.80 10.8990
4736.85 10.8969
4736.90 10.8949
4736.95 10.8928
4737.00 10.8908
4737.05 10.8887
4737.10 10.8866
4737.15 10.8846
4737.20 10.8825
4737.25 10.8804
4737.30 10.8783
4737.35 10.8762
4737.40 10.8742
4737.45 10.8721
