4450.50 15.7747
4450.55 15.7747
4450.60 15.7747
4450.65 15.7747
4450.70 15.7748
4450.75 15.7748
4450.80 15.7748
4450.85 15.7748
4450.90 15.7748
4450.95 15.7749
4451.00 15.7749
4451.05 15.7750
4451.10 15.7750
4451.15 15.7750
4451.20 15.7751
4451.25 15.7751
4451.30 15.7752
4451.35 15.7752
4451.40 15.7753
4451.45 15.7754
4451.50 15.7754
4451.55 15.7755
4451.60 15.7756
4451.65 15.7757
4451.70 15.7757
4451.75 15.7758
4451.80 15.7759
4451.85 15.7760
4451.90 15.7761
4451.95 15.7762
4452.00 15.7763
4452.05 15.7764
4452.10 15.7765
4452.15 15.7766
4452.20 15.7767
4452.25 15.7769
4452.30 15.7770
4452.35 15.7771
4452.40 15.7772
4452.45 15.7774
4452.50 15.7775
4452.55 15.7776
4452.60 15.7778
4452.65 15.7779
4452.70 15.7781
4452.75 15.7782
4452.80 15.7784
4452.85 15.7785
4452.90 15.7787
4452.95 15.7788
4453.00 15.7790
4453.05 15.7792
4453.10 15.7793
4453.15 15.7795
4453.20 15.7797
4453.25 15.7799
4453.30 15.7800
4453.35 15.7802
4453.40 15.7804
4453.45 15.7806
4453.50 15.7808
4453.55 15.7810
4453.60 15.7812
4453.65 15.7814
4453.70 15.7816
4453.75 15.7818
4453.80 15.7820
4453.85 15.7822
4453.90 15.7824
4453.95 15.7827
4454.00 15.7829
4454.05 15.7831
4454.10 15.7833
4454.15 15.7836
4454.20 15.7838
4454.25 15.7840
4454.30 15.7843
4454.35 15.7845
4454.40 15.7848
4454.45 15.7850
4454.50 15.7852
4454.55 15.7855
4454.60 15.7857
4454.65 15.7860
4454.70 15.7863
4454.75 15.7865
4454.80 15.7868
4454.85 15.7870
4454.90 15.7873
4454.95 15.7876
4455.00 15.7879
4455.05 15.7881
4455.10 15.7884
4455.15 15.7887
4455.20 15.7890
4455.25 15.7892
4455.30 15.7895
4455.35 15.7898
4455.40 15.7901
4455.45 15.7904
4455.50 15.7907
4455.55 15.7910
4455.60 15.7913
4455.65 15.7916
4455.70 15.7919
4455.75 15.7922
4455.80 15.7925
4455.85 15.7928
4455.90 15.7931
4455.95 15.7934
4456.00 15.7937
4456.05 15.7940
4456.10 15.7943
4456.15 15.7946
4456.20 15.7950
4456.25 15.7953
4456.30 15.7956
4456.35 15.7959
4456.40 15.7962
4456.45 15.7966
4456.50 15.7969
4456.55 15.7972
4456.60 15.7976
4456.65 15.7979
4456.70 15.7982
4456.75 15.7986
4456.80 15.7989
4456.85 15.7992
4456.90 15.7996
4456.95 15.7999
4457.00 15.8002
4457.05 15.8006
4457.10 15.8009
4457.15 15.8013
4457.20 15.8016
4457.25 15.8020
4457.30 15.8023
4457.35 15.8026
4457.40 15.8030
4457.45 15.8033
4457.50 15.8037
4457.55 15.8040
4457.60 15.8044
4457.65 15.8047
4457.70 15.8051
4457.75 15.8055
4457.80 15.8058
4457.85 15.8062
4457.90 15.8065
4457.95 15.8069
4458.00 15.8072
4458.05 15.8076
4458.10 15.8079
4458.15 15.8083
4458.20 15.8087
4458.25 15.8090
4458.30 15.8094
4458.35 15.8097
4458.40 15.8101
4458.45 15.8105
4458.50 15.8108
4458.55 15.8112
4458.60 15.8115
4458.65 15.8119
4458.70 15.8123
4458.75 15.8126
4458.80 15.8130
4458.85 15.8134
4458.90 15.8137
4458.95 15.8141
4459.00 15.8144
4459.05 15.8148
4459.10 15.8152
4459.15 15.8155
4459.20 15.8159
4459.25 15.8163
4459.30 15.8166
4459.35 15.8170
4459.40 15.8173
4459.45 15.8177
4459.50 15.8181
4459.55 15.8184
4459.60 15.8188
4459.65 15.8191
4459.70 15.8195
4459.75 15.8199
4459.80 15.8202
4459.85 15.8206
4459.90 15.8209
4459.95 15.8213
4460.00 15.8216
4460.05 15.8220
4460.10 15.8224
4460.15 15.8227
4460.20 15.8231
4460.25 15.8234
4460.30 15.8238
4460.35 15.8241
4460.40 15.8245
4460.45 15.8248
4460.50 15.8252
4460.55 15.8255
4460.60 15.8259
4460.65 15.8262
4460.70 15.8266
4460.75 15.8269
4460.80 15.8272
4460.85 15.8276
4460.90 15.8279
4460.95 15.8283
4461.00 15.8286
4461.05 15.8290
4461.10 15.8293
4461.15 15.8296
4461.20 15.8300
4461.25 15.8303
4461.30 15.8306
4461.35 15.8310
4461.40 15.8313
4461.45 15.8316
4461.50 15.8319
4461.55 15.8323
4461.60 15.8326
4461.65 15.8329
4461.70 15.8332
4461.75 15.8335
4461.80 15.8339
4461.85 15.8342
4461.90 15.8345
4461.95 15.8348
4462.00 15.8351
4462.05 15.8354
4462.10 15.8357
4462.15 15.8360
4462.20 15.8364
4462.25 15.8367
4462.30 15.8370
4462.35 15.8373
4462.40 15.8376
4462.45 15.8379
4462.50 15.8381
4462.55 15.8384
4462.60 15.8387
4462.65 15.8390
4462.70 15.8393
4462.75 15.8396
4462.80 15.8399
4462.85 15.8402
4462.90 15.8404
4462.95 15.8407
4463.00 15.8410
4463.05 15.8413
4463.10 15.8415
4463.15 15.8418
4463.20 15.8421
4463.25 15.8423
4463.30 15.8426
4463.35 15.8428
4463.40 15.8431
4463.45 15.8434
4463.50 15.8436
4463.55 15.8439
4463.60 15.8441
4463.65 15.8444
4463.70 15.8446
4463.75 15.8449
4463.80 15.8451
4463.85 15.8453
4463.90 15.8456
4463.95 15.8458
4464.00 15.8460
4464.05 15.8463
4464.10 15.8465
4464.15 15.8467
4464.20 15.8469
4464.25 15.8471
4464.30 15.8474
4464.35 15.8476
4464.40 15.8478
4464.45 15.8480
4464.50 15.8482
4464.55 15.8484
4464.60 15.8486
4464.65 15.8488
4464.70 15.8490
4464.75 15.8492
4464.80 15.8494
4464.85 15.8496
4464.90 15.8497
4464.95 15.8499
4465.00 15.8501
4465.05 15.8503
4465.10 15.8505
4465.15 15.8506
4465.20 15.8508
4465.25 15.8510
4465.30 15.8511
4465.35 15.8513
4465.40 15.8514
4465.45 15.8516
4465.50 15.8518
4465.55 15.8519
4465.60 15.8520
4465.65 15.8522
4465.70 15.8523
4465.75 15.8525
4465.80 15.8526
4465.85 15.8527
4465.90 15.8529
4465.95 15.8530
4466.00 15.8531
4466.05 15.8532
4466.10 15.8534
4466.15 15.8535
4466.20 15.8536
4466.25 15.8537
4466.30 15.8538
4466.35 15.8539
4466.40 15.8540
4466.45 15.8541
4466.50 15.8542
4466.55 15.8543
4466.60 15.8544
4466.65 15.8545
4466.70 15.8545
4466.75 15.8546
4466.80 15.8547
4466.85 15.8548
4466.90 15.8548
4466.95 15.8549
4467.00 15.8550
4467.05 15.8550
4467.10 15.8551
4467.15 15.8551
4467.20 15.8552
4467.25 15.8552
4467.30 15.8553
4467.35 15.8553
4467.40 15.8554
4467.45 15.8554
4467.50 15.8554
4467.55 15.8555
4467.60 15.8555
4467.65 15.8555
4467.70 15.8555
4467.75 15.8555
4467.80 15.8556
4467.85 15.8556
4467.90 15.8556
4467.95 15.8556
4468.00 15.8556
4468.05 15.8556
4468.10 15.8556
4468.15 15.8556
4468.20 15.8556
4468.25 15.8555
4468.30 15.8555
4468.35 15.8555
4468.40 15.8555
4468.45 15.8555
4468.50 15.8554
4468.55 15.8554
4468.60 15.8554
4468.65 15.8553
4468.70 15.8553
4468.75 15.8552
4468.80 15.8552
4468.85 15.8551
4468.90 15.8551
4468.95 15.8550
4469.00 15.8550
4469.05 15.8549
4469.10 15.8548
4469.15 15.8548
4469.20 15.8547
4469.25 15.8546
4469.30 15.8545
4469.35 15.8544
4469.40 15.8543
4469.45 15.8543
4469.50 15.8542
4469.55 15.8541
4469.60 15.8540
4469.65 15.8539
4469.70 15.8538
4469.75 15.8537
4469.80 15.8535
4469.85 15.8534
4469.90 15.8533
4469.95 15.8532
4470.00 15.8531
4470.05 15.8529
4470.10 15.8528
4470.15 15.8527
4470.20 15.8525
4470.25 15.8524
4470.30 15.8522
4470.35 15.8521
4470.40 15.8519
4470.45 15.8518
4470.50 15.8516
4470.55 15.8515
4470.60 15.8513
4470.65 15.8512
4470.70 15.8510
4470.75 15.8508
4470.80 15.8506
4470.85 15.8505
4470.90 15.8503
4470.95 15.8501
4471.00 15.8499
4471.05 15.8497
4471.10 15.8495
4471.15 15.8493
4471.20 15.8491
4471.25 15.8489
4471.30 15.8487
4471.35 15.8485
4471.40 15.8483
4471.45 15.8481
4471.50 15.8479
4471.55 15.8477
4471.60 15.8474
4471.65 15.8472
4471.70 15.8470
4471.75 15.8467
4471.80 15.8465
4471.85 15.8463
4471.90 15.8460
4471.95 15.8458
4472.00 15.8455
4472.05 15.8453
4472.10 15.8450
4472.15 15.8448
4472.20 15.8445
4472.25 15.8443
4472.30 15.8440
4472.35 15.8437
4472.40 15.8435
4472.45 15.8432
4472.50 15.8429
4472.55 15.8426
4472.60 15.8424
4472.65 15.8421
4472.70 15.8418
4472.75 15.8415
4472.80 15.8412
4472.85 15.8409
4472.90 15.8406
4472.95 15.8403
4473.00 15.8400
4473.05 15.8397
4473.10 15.8394
4473.15 15.8391
4473.20 15.8388
4473.25 15.8384
4473.30 15.8381
4473.35 15.8378
4473.40 15.8375
4473.45 15.8371
4473.50 15.8368
4473.55 15.8365
4473.60 15.8361
4473.65 15.8358
4473.70 15.8355
4473.75 15.8351
4473.80 15.8348
4473.85 15.8344
4473.90 15.8341
4473.95 15.8337
4474.00 15.8334
4474.05 15.8330
4474.10 15.8326
4474.15 15.8323
4474.20 15.8319
4474.25 15.8315
4474.30 15.8312
4474.35 15.8308
4474.40 15.8304
4474.45 15.8300
4474.50 15.8296
4474.55 15.8293
4474.60 15.8289
4474.65 15.8285
4474.70 15.8281
4474.75 15.8277
4474.80 15.8273
4474.85 15.8269
4474.90 15.8265
4474.95 15.8261
4475.00 15.8257
4475.05 15.8253
4475.10 15.8249
4475.15 15.8245
4475.20 15.8240
4475.25 15.8236
4475.30 15.8232
4475.35 15.8228
4475.40 15.8224
4475.45 15.8219
4475.50 15.8215
4475.55 15.8211
4475.60 15.8206
4475.65 15.8202
4475.70 15.8198
4475.75 15.8193
4475.80 15.8189
4475.85 15.8184
4475.90 15.8180
4475.95 15.8175
4476.00 15.8171
4476.05 15.8166
4476.10 15.8162
4476.15 15.8157
4476.20 15.8153
4476.25 15.8148
4476.30 15.8144
4476.35 15.8139
4476.40 15.8134
4476.45 15.8130
4476.50 15.8125
4476.55 15.8120
4476.60 15.8115
4476.65 15.8111
4476.70 15.8106
4476.75 15.8101
4476.80 15.8096
4476.85 15.8092
4476.90 15.8087
4476.95 15.8082
4477.00 15.8077
4477.05 15.8072
4477.10 15.8067
4477.15 15.8062
4477.20 15.8057
4477.25 15.8052
4477.30 15.8047
4477.35 15.8042
4477.40 15.8037
4477.45 15.8032
4477.50 15.8027
4477.55 15.8022
4477.60 15.8017
4477.65 15.8012
4477.70 15.8007
4477.75 15.8002
4477.80 15.7997
4477.85 15.7991
4477.90 15.7986
4477.95 15.7981
4478.00 15.7976
4478.05 15.7971
4478.10 15.7965
4478.15 15.7960
4478.20 15.7955
4478.25 15.7950
4478.30 15.7944
4478.35 15.7939
4478.40 15.7934
4478.45 15.7929
4478.50 15.7923
4478.55 15.7918
4478.60 15.7913
4478.65 15.7907
4478.70 15.7902
4478.75 15.7896
4478.80 15.7891
4478.85 15.7886
4478.90 15.7880
4478.95 15.7875
4479.00 15.7869
4479.05 15.7864
4479.10 15.7858
4479.15 15.7853
4479.20 15.7847
4479.25 15.7842
4479.30 15.7836
4479.35 15.7831
4479.40 15.7825
4479.45 15.7820
4479.50 15.7814
4479.55 15.7809
4479.60 15.7803
4479.65 15.7797
4479.70 15.7792
4479.75 15.7786
4479.80 15.7781
4479.85 15.7775
4479.90 15.7769
4479.95 15.7764
4480.00 15.7758
4480.05 15.7752
4480.10 15.7747
4480.15 15.7741
4480.20 15.7735
4480.25 15.7730
4480.30 15.7724
4480.35 15.7718
4480.40 15.7713
4480.45 15.7707
4480.50 15.7701
4480.55 15.7696
4480.60 15.7690
4480.65 15.7684
4480.70 15.7678
4480.75 15.7673
4480.80 15.7667
4480.85 15.7661
4480.90 15.7655
4480.95 15.7650
4481.00 15.7644
4481.05 15.7638
4481.10 15.7632
4481.15 15.7627
4481.20 15.7621
4481.25 15.7615
4481.30 15.7609
4481.35 15.7603
4481.40 15.7598
4481.45 15.7592
4481.50 15.7586
4481.55 15.7580
4481.60 15.7574
4481.65 15.7569
4481.70 15.7563
4481.75 15.7557
4481.80 15.7551
4481.85 15.7545
4481.90 15.7539
4481.95 15.7534
4482.00 15.7528
4482.05 15.7522
4482.10 15.7516
4482.15 15.7510
4482.20 15.7504
4482.25 15.7499
4482.30 15.7493
4482.35 15.7487
4482.40 15.7481
4482.45 15.7475
4482.50 15.7469
4482.55 15.7463
4482.60 15.7458
4482.65 15.7452
4482.70 15.7446
4482.75 15.7440
4482.80 15.7434
4482.85 15.7428
4482.90 15.7423
4482.95 15.7417
4483.00 15.7411
4483.05 15.7405
4483.10 15.7399
4483.15 15.7393
4483.20 15.7387
4483.25 15.7382
4483.30 15.7376
4483.35 15.7370
4483.40 15.7364
4483.45 15.7358
4483.50 15.7352
4483.55 15.7347
4483.60 15.7341
4483.65 15.7335
4483.70 15.7329
4483.75 15.7323
4483.80 15.7317
4483.85 15.7312
4483.90 15.7306
4483.95 15.7300
4484.00 15.7294
4484.05 15.7288
4484.10 15.7283
4484.15 15.7277
4484.20 15.7271
4484.25 15.7265
4484.30 15.7259
4484.35 15.7254
4484.40 15.7248
4484.45 15.7242
4484.50 15.7236
4484.55 15.7230
4484.60 15.7225
4484.65 15.7219
4484.70 15.7213
4484.75 15.7207
4484.80 15.7202
4484.85 15.7196
4484.90 15.7190
4484.95 15.7184
4485.00 15.7179
4485.05 15.7173
4485.10 15.7167
4485.15 15.7161
4485.20 15.7156
4485.25 15.7150
4485.30 15.7144
4485.35 15.7139
4485.40 15.7133
4485.45 15.7127
4485.50 15.7122
4485.55 15.7116
4485.60 15.7110
4485.65 15.7104
4485.70 15.7099
4485.75 15.7093
4485.80 15.7087
4485.85 15.7082
4485.90 15.7076
4485.95 15.7071
4486.00 15.7065
4486.05 15.7059
4486.10 15.7054
4486.15 15.7048
4486.20 15.7042
4486.25 15.7037
4486.30 15.7031
4486.35 15.7026
4486.40 15.7020
4486.45 15.7014
4486.50 15.7009
4486.55 15.7003
4486.60 15.6998
4486.65 15.6992
4486.70 15.6987
4486.75 15.6981
4486.80 15.6976
4486.85 15.6970
4486.90 15.6964
4486.95 15.6959
4487.00 15.6953
4487.05 15.6948
4487.10 15.6942
4487.15 15.6937
4487.20 15.6931
4487.25 15.6926
4487.30 15.6920
4487.35 15.6915
4487.40 15.6910
4487.45 15.6904
4487.50 15.6899
4487.55 15.6893
4487.60 15.6888
4487.65 15.6882
4487.70 15.6877
4487.75 15.6872
4487.80 15.6866
4487.85 15.6861
4487.90 15.6855
4487.95 15.6850
4488.00 15.6845
4488.05 15.6839
4488.10 15.6834
4488.15 15.6829
4488.20 15.6823
4488.25 15.6818
4488.30 15.6812
4488.35 15.6807
4488.40 15.6802
4488.45 15.6797
4488.50 15.6791
4488.55 15.6786
4488.60 15.6781
4488.65 15.6775
4488.70 15.6770
4488.75 15.6765
4488.80 15.6760
4488.85 15.6754
4488.90 15.6749
4488.95 15.6744
4489.00 15.6739
4489.05 15.6733
4489.10 15.6728
4489.15 15.6723
4489.20 15.6718
4489.25 15.6713
4489.30 15.6707
4489.35 15.6702
4489.40 15.6697
4489.45 15.6692
4489.50 15.6687
4489.55 15.6682
4489.60 15.6676
4489.65 15.6671
4489.70 15.6666
4489.75 15.6661
4489.80 15.6656
4489.85 15.6651
4489.90 15.6646
4489.95 15.6641
4490.00 15.6636
4490.05 15.6630
4490.10 15.6625
4490.15 15.6620
4490.20 15.6615
4490.25 15.6610
4490.30 15.6605
4490.35 15.6600
4490.40 15.6595
4490.45 15.6590
4490.50 15.6585
4490.55 15.6580
4490.60 15.6575
4490.65 15.6570
4490.70 15.6565
4490.75 15.6560
4490.80 15.6555
4490.85 15.6550
4490.90 15.6545
4490.95 15.6540
4491.00 15.6535
4491.05 15.6530
4491.10 15.6526
4491.15 15.6521
4491.20 15.6516
4491.25 15.6511
4491.30 15.6506
4491.35 15.6501
4491.40 15.6496
4491.45 15.6491
4491.50 15.6486
4491.55 15.6481
4491.60 15.6477
4491.65 15.6472
4491.70 15.6467
4491.75 15.6462
4491.80 15.6457
4491.85 15.6452
4491.90 15.6448
4491.95 15.6443
4492.00 15.6438
4492.05 15.6433
4492.10 15.6428
4492.15 15.6424
4492.20 15.6419
4492.25 15.6414
4492.30 15.6409
4492.35 15.6405
4492.40 15.6400
4492.45 15.6395
4492.50 15.6390
4492.55 15.6386
4492.60 15.6381
4492.65 15.6376
4492.70 15.6372
4492.75 15.6367
4492.80 15.6362
4492.85 15.6358
4492.90 15.6353
4492.95 15.6348
4493.00 15.6344
4493.05 15.6339
4493.10 15.6334
4493.15 15.6330
4493.20 15.6325
4493.25 15.6320
4493.30 15.6316
4493.35 15.6311
4493.40 15.6307
4493.45 15.6302
4493.50 15.6297
4493.55 15.6293
4493.60 15.6288
4493.65 15.6284
4493.70 15.6279
4493.75 15.6274
4493.80 15.6270
4493.85 15.6265
4493.90 15.6261
4493.95 15.6256
4494.00 15.6252
4494.05 15.6247
4494.10 15.6243
4494.15 15.6238
4494.20 15.6234
4494.25 15.6229
4494.30 15.6225
4494.35 15.6220
4494.40 15.6216
4494.45 15.6211
4494.50 15.6207
4494.55 15.6203
4494.60 15.6198
4494.65 15.6194
4494.70 15.6189
4494.75 15.6185
4494.80 15.6180
4494.85 15.6176
4494.90 15.6172
4494.95 15.6167
4495.00 15.6163
4495.05 15.6158
4495.10 15.6154
4495.15 15.6150
4495.20 15.6145
4495.25 15.6141
4495.30 15.6137
4495.35 15.6132
4495.40 15.6128
4495.45 15.6124
4495.50 15.6119
4495.55 15.6115
4495.60 15.6111
4495.65 15.6106
4495.70 15.6102
4495.75 15.6098
4495.80 15.6094
4495.85 15.6089
4495.90 15.6085
4495.95 15.6081
4496.00 15.6077
4496.05 15.6072
4496.10 15.6068
4496.15 15.6064
4496.20 15.6060
4496.25 15.6055
4496.30 15.6051
4496.35 15.6047
4496.40 15.6043
4496.45 15.6039
4496.50 15.6035
4496.55 15.6030
4496.60 15.6026
4496.65 15.6022
4496.70 15.6018
4496.75 15.6014
4496.80 15.6010
4496.85 15.6006
4496.90 15.6001
4496.95 15.5997
4497.00 15.5993
4497.05 15.5989
4497.10 15.5985
4497.15 15.5981
4497.20 15.5977
4497.25 15.5973
4497.30 15.5969
4497.35 15.5965
4497.40 15.5961
4497.45 15.5957
4497.50 15.5953
4497.55 15.5949
4497.60 15.5945
4497.65 15.5941
4497.70 15.5937
4497.75 15.5933
4497.80 15.5929
4497.85 15.5925
4497.90 15.5921
4497.95 15.5917
4498.00 15.5913
4498.05 15.5909
4498.10 15.5905
4498.15 15.5901
4498.20 15.5897
4498.25 15.5893
4498.30 15.5889
4498.35 15.5885
4498.40 15.5881
4498.45 15.5878
4498.50 15.5874
4498.55 15.5870
4498.60 15.5866
4498.65 15.5862
4498.70 15.5858
4498.75 15.5854
4498.80 15.5851
4498.85 15.5847
4498.90 15.5843
4498.95 15.5839
4499.00 15.5835
4499.05 15.5832
4499.10 15.5828
4499.15 15.5824
4499.20 15.5820
4499.25 15.5816
4499.30 15.5813
4499.35 15.5809
4499.40 15.5805
4499.45 15.5801
4499.50 15.5798
4499.55 15.5794
4499.60 15.5790
4499.65 15.5787
4499.70 15.5783
4499.75 15.5779
4499.80 15.5776
4499.85 15.5772
4499.90 15.5768
4499.95 15.5765
4500.00 15.5761
4500.05 15.5757
4500.10 15.5754
4500.15 15.5750
4500.20 15.5746
4500.25 15.5743
4500.30 15.5739
4500.35 15.5736
4500.40 15.5732
4500.45 15.5728
4500.50 15.5725
4500.55 15.5721
4500.60 15.5718
4500.65 15.5714
4500.70 15.5711
4500.75 15.5707
4500.80 15.5704
4500.85 15.5700
4500.90 15.5697
4500.95 15.5693
4501.00 15.5690
4501.05 15.5686
4501.10 15.5683
4501.15 15.5679
4501.20 15.5676
4501.25 15.5672
4501.30 15.5669
4501.35 15.5665
4501.40 15.5662
4501.45 15.5659
4501.50 15.5655
4501.55 15.5652
4501.60 15.5648
4501.65 15.5645
4501.70 15.5642
4501.75 15.5638
4501.80 15.5635
4501.85 15.5631
4501.90 15.5628
4501.95 15.5625
4502.00 15.5621
4502.05 15.5618
4502.10 15.5615
4502.15 15.5611
4502.20 15.5608
4502.25 15.5605
4502.30 15.5601
4502.35 15.5598
4502.40 15.5595
4502.45 15.5592
4502.50 15.5588
4502.55 15.5585
4502.60 15.5582
4502.65 15.5579
4502.70 15.5575
4502.75 15.5572
4502.80 15.5569
4502.85 15.5566
4502.90 15.5562
4502.95 15.5559
4503.00 15.5556
4503.05 15.5553
4503.10 15.5550
4503.15 15.5546
4503.20 15.5543
4503.25 15.5540
4503.30 15.5537
4503.35 15.5534
4503.40 15.5530
4503.45 15.5527
4503.50 15.5524
4503.55 15.5521
4503.60 15.5518
4503.65 15.5515
4503.70 15.5512
4503.75 15.5509
4503.80 15.5505
4503.85 15.5502
4503.90 15.5499
4503.95 15.5496
4504.00 15.5493
4504.05 15.5490
4504.10 15.5487
4504.15 15.5484
4504.20 15.5481
4504.25 15.5478
4504.30 15.5475
4504.35 15.5472
4504.40 15.5468
4504.45 15.5465
4504.50 15.5462
4504.55 15.5459
4504.60 15.5456
4504.65 15.5453
4504.70 15.5450
4504.75 15.5447
4504.80 15.5444
4504.85 15.5441
4504.90 15.5438
4504.95 15.5435
4505.00 15.5432
4505.05 15.5429
4505.10 15.5426
4505.15 15.5423
4505.20 15.5420
4505.25 15.5417
4505.30 15.5414
4505.35 15.5411
4505.40 15.5408
4505.45 15.5405
4505.50 15.5403
4505.55 15.5400
4505.60 15.5397
4505.65 15.5394
4505.70 15.5391
4505.75 15.5388
4505.80 15.5385
4505.85 15.5382
4505.90 15.5379
4505.95 15.5376
4506.00 15.5373
4506.05 15.5370
4506.10 15.5367
4506.15 15.5364
4506.20 15.5361
4506.25 15.5359
4506.30 15.5356
4506.35 15.5353
4506.40 15.5350
4506.45 15.5347
4506.50 15.5344
4506.55 15.5341
4506.60 15.5338
4506.65 15.5335
4506.70 15.5332
4506.75 15.5329
4506.80 15.5327
4506.85 15.5324
4506.90 15.5321
4506.95 15.5318
4507.00 15.5315
4507.05 15.5312
4507.10 15.5309
4507.15 15.5306
4507.20 15.5303
4507.25 15.5300
4507.30 15.5298
4507.35 15.5295
4507.40 15.5292
4507.45 15.5289
4507.50 15.5286
4507.55 15.5283
4507.60 15.5280
4507.65 15.5277
4507.70 15.5274
4507.75 15.5271
4507.80 15.5269
4507.85 15.5266
4507.90 15.5263
4507.95 15.5260
4508.00 15.5257
4508.05 15.5254
4508.10 15.5251
4508.15 15.5248
4508.20 15.5245
4508.25 15.5242
4508.30 15.5239
4508.35 15.5237
4508.40 15.5234
4508.45 15.5231
4508.50 15.5228
4508.55 15.5225
4508.60 15.5222
4508.65 15.5219
4508.70 15.5216
4508.75 15.5213
4508.80 15.5210
4508.85 15.5207
4508.90 15.5204
4508.95 15.5201
4509.00 15.5198
4509.05 15.5195
4509.10 15.5192
4509.15 15.5189
4509.20 15.5187
4509.25 15.5184
4509.30 15.5181
4509.35 15.5178
4509.40 15.5175
4509.45 15.5172
4509.50 15.5169
4509.55 15.5166
4509.60 15.5163
4509.65 15.5160
4509.70 15.5157
4509.75 15.5154
4509.80 15.5151
4509.85 15.5148
4509.90 15.5145
4509.95 15.5141
4510.00 15.5138
4510.05 15.5135
4510.10 15.5132
4510.15 15.5129
4510.20 15.5126
4510.25 15.5123
4510.30 15.5120
4510.35 15.5117
4510.40 15.5114
4510.45 15.5111
4510.50 15.5108
4510.55 15.5105
4510.60 15.5101
4510.65 15.5098
4510.70 15.5095
4510.75 15.5092
4510.80 15.5089
4510.85 15.5086
4510.90 15.5083
4510.95 15.5079
4511.00 15.5076
4511.05 15.5073
4511.10 15.5070
4511.15 15.5067
4511.20 15.5063
4511.25 15.5060
4511.30 15.5057
4511.35 15.5054
4511.40 15.5051
4511.45 15.5047
4511.50 15.5044
4511.55 15.5041
4511.60 15.5038
4511.65 15.5034
4511.70 15.5031
4511.75 15.5028
4511.80 15.5024
4511.85 15.5021
4511.90 15.5018
4511.95 15.5014
4512.00 15.5011
4512.05 15.5008
4512.10 15.5004
4512.15 15.5001
4512.20 15.4998
4512.25 15.4994
4512.30 15.4991
4512.35 15.4988
4512.40 15.4984
4512.45 15.4981
4512.50 15.4977
4512.55 15.4974
4512.60 15.4970
4512.65 15.4967
4512.70 15.4963
4512.75 15.4960
4512.80 15.4956
4512.85 15.4953
4512.90 15.4949
4512.95 15.4946
4513.00 15.4942
4513.05 15.4939
4513.10 15.4935
4513.15 15.4932
4513.20 15.4928
4513.25 15.4925
4513.30 15.4921
4513.35 15.4917
4513.40 15.4914
4513.45 15.4910
4513.50 15.4907
4513.55 15.4903
4513.60 15.4899
4513.65 15.4896
4513.70 15.4892
4513.75 15.4888
4513.80 15.4884
4513.85 15.4881
4513.90 15.4877
4513.95 15.4873
4514.00 15.4870
4514.05 15.4866
4514.10 15.4862
4514.15 15.4858
4514.20 15.4854
4514.25 15.4851
4514.30 15.4847
4514.35 15.4843
4514.40 15.4839
4514.45 15.4835
4514.50 15.4831
4514.55 15.4827
4514.60 15.4824
4514.65 15.4820
4514.70 15.4816
4514.75 15.4812
4514.80 15.4808
4514.85 15.4804
4514.90 15.4800
4514.95 15.4796
4515.00 15.4792
4515.05 15.4788
4515.10 15.4784
4515.15 15.4780
4515.20 15.4776
4515.25 15.4772
4515.30 15.4768
4515.35 15.4764
4515.40 15.4760
4515.45 15.4756
4515.50 15.4751
4515.55 15.4747
4515.60 15.4743
4515.65 15.4739
4515.70 15.4735
4515.75 15.4731
4515.80 15.4727
4515.85 15.4722
4515.90 15.4718
4515.95 15.4714
4516.00 15.4710
4516.05 15.4705
4516.10 15.4701
4516.15 15.4697
4516.20 15.4693
4516.25 15.4688
4516.30 15.4684
4516.35 15.4680
4516.40 15.4675
4516.45 15.4671
4516.50 15.4667
4516.55 15.4662
4516.60 15.4658
4516.65 15.4654
4516.70 15.4649
4516.75 15.4645
4516.80 15.4640
4516.85 15.4636
4516.90 15.4631
4516.95 15.4627
4517.00 15.4622
4517.05 15.4618
4517.10 15.4613
4517.15 15.4609
4517.20 15.4604
4517.25 15.4600
4517.30 15.4595
4517.35 15.4591
4517.40 15.4586
4517.45 15.4581
4517.50 15.4577
4517.55 15.4572
4517.60 15.4568
4517.65 15.4563
4517.70 15.4558
4517.75 15.4554
4517.80 15.4549
4517.85 15.4544
4517.90 15.4540
4517.95 15.4535
4518.00 15.4530
4518.05 15.4525
4518.10 15.4521
4518.15 15.4516
4518.20 15.4511
4518.25 15.4506
4518.30 15.4501
4518.35 15.4497
4518.40 15.4492
4518.45 15.4487
4518.50 15.4482
4518.55 15.4477
4518.60 15.4472
4518.65 15.4467
4518.70 15.4463
4518.75 15.4458
4518.80 15.4453
4518.85 15.4448
4518.90 15.4443
4518.95 15.4438
4519.00 15.4433
4519.05 15.4428
4519.10 15.4423
4519.15 15.4418
4519.20 15.4413
4519.25 15.4408
4519.30 15.4403
4519.35 15.4398
4519.40 15.4393
4519.45 15.4388
4519.50 15.4382
4519.55 15.4377
4519.60 15.4372
4519.65 15.4367
4519.70 15.4362
4519.75 15.4357
4519.80 15.4352
4519.85 15.4346
4519.90 15.4341
4519.95 15.4336
4520.00 15.4331
4520.05 15.4326
4520.10 15.4320
4520.15 15.4315
4520.20 15.4310
4520.25 15.4305
4520.30 15.4299
4520.35 15.4294
4520.40 15.4289
4520.45 15.4283
4520.50 15.4278
4520.55 15.4273
4520.60 15.4267
4520.65 15.4262
4520.70 15.4257
4520.75 15.4251
4520.80 15.4246
4520.85 15.4240
4520.90 15.4235
4520.95 15.4230
4521.00 15.4224
4521.05 15.4219
4521.10 15.4213
4521.15 15.4208
4521.20 15.4202
4521.25 15.4197
4521.30 15.4191
4521.35 15.4186
4521.40 15.4180
4521.45 15.4175
4521.50 15.4169
4521.55 15.4164
4521.60 15.4158
4521.65 15.4152
4521.70 15.4147
4521.75 15.4141
4521.80 15.4136
4521.85 15.4130
4521.90 15.4124
4521.95 15.4119
4522.00 15.4113
4522.05 15.4107
4522.10 15.4102
4522.15 15.4096
4522.20 15.4090
4522.25 15.4085
4522.30 15.4079
4522.35 15.4073
4522.40 15.4067
4522.45 15.4062
4522.50 15.4056
4522.55 15.4050
4522.60 15.4044
4522.65 15.4038
4522.70 15.4033
4522.75 15.4027
4522.80 15.4021
4522.85 15.4015
4522.90 15.4009
4522.95 15.4003
4523.00 15.3997
4523.05 15.3992
4523.10 15.3986
4523.15 15.3980
4523.20 15.3974
4523.25 15.3968
4523.30 15.3962
4523.35 15.3956
4523.40 15.3950
4523.45 15.3944
4523.50 15.3938
4523.55 15.3932
4523.60 15.3926
4523.65 15.3920
4523.70 15.3914
4523.75 15.3908
4523.80 15.3902
4523.85 15.3896
4523.90 15.3890
4523.95 15.3884
4524.00 15.3877
4524.05 15.3871
4524.10 15.3865
4524.15 15.3859
4524.20 15.3853
4524.25 15.3847
4524.30 15.3841
4524.35 15.3834
4524.40 15.3828
4524.45 15.3822
4524.50 15.3816
4524.55 15.3809
4524.60 15.3803
4524.65 15.3797
4524.70 15.3791
4524.75 15.3784
4524.80 15.3778
4524.85 15.3772
4524.90 15.3766
4524.95 15.3759
4525.00 15.3753
4525.05 15.3747
4525.10 15.3740
4525.15 15.3734
4525.20 15.3727
4525.25 15.3721
4525.30 15.3715
4525.35 15.3708
4525.40 15.3702
4525.45 15.3695
4525.50 15.3689
4525.55 15.3682
4525.60 15.3676
4525.65 15.3669
4525.70 15.3663
4525.75 15.3656
4525.80 15.3650
4525.85 15.3643
4525.90 15.3637
4525.95 15.3630
4526.00 15.3624
4526.05 15.3617
4526.10 15.3610
4526.15 15.3604
4526.20 15.3597
4526.25 15.3591
4526.30 15.3584
4526.35 15.3577
4526.40 15.3571
4526.45 15.3564
4526.50 15.3557
4526.55 15.3550
4526.60 15.3544
4526.65 15.3537
4526.70 15.3530
4526.75 15.3523
4526.80 15.3517
4526.85 15.3510
4526.90 15.3503
4526.95 15.3496
4527.00 15.3489
4527.05 15.3483
4527.10 15.3476
4527.15 15.3469
4527.20 15.3462
4527.25 15.3455
4527.30 15.3448
4527.35 15.3441
4527.40 15.3434
4527.45 15.3427
4527.50 15.3420
4527.55 15.3414
4527.60 15.3407
4527.65 15.3400
4527.70 15.3393
4527.75 15.3386
4527.80 15.3378
4527.85 15.3371
4527.90 15.3364
4527.95 15.3357
4528.00 15.3350
4528.05 15.3343
4528.10 15.3336
4528.15 15.3329
4528.20 15.3322
4528.25 15.3315
4528.30 15.3307
4528.35 15.3300
4528.40 15.3293
4528.45 15.3286
4528.50 15.3279
4528.55 15.3271
4528.60 15.3264
4528.65 15.3257
4528.70 15.3250
4528.75 15.3242
4528.80 15.3235
4528.85 15.3228
4528.90 15.3220
4528.95 15.3213
4529.00 15.3206
4529.05 15.3198
4529.10 15.3191
4529.15 15.3184
4529.20 15.3176
4529.25 15.3169
4529.30 15.3161
4529.35 15.3154
4529.40 15.3147
4529.45 15.3139
4529.50 15.3132
4529.55 15.3124
4529.60 15.3117
4529.65 15.3109
4529.70 15.3102
4529.75 15.3094
4529.80 15.3086
4529.85 15.3079
4529.90 15.3071
4529.95 15.3064
4530.00 15.3056
4530.05 15.3048
4530.10 15.3041
4530.15 15.3033
4530.20 15.3026
4530.25 15.3018
4530.30 15.3010
4530.35 15.3003
4530.40 15.2995
4530.45 15.2987
4530.50 15.2979
4530.55 15.2972
4530.60 15.2964
4530.65 15.2956
4530.70 15.2948
4530.75 15.2941
4530.80 15.2933
4530.85 15.2925
4530.90 15.2917
4530.95 15.2909
4531.00 15.2902
4531.05 15.2894
4531.10 15.2886
4531.15 15.2878
4531.20 15.2870
4531.25 15.2862
4531.30 15.2854
4531.35 15.2846
4531.40 15.2838
4531.45 15.2830
4531.50 15.2823
4531.55 15.2815
4531.60 15.2807
4531.65 15.2799
4531.70 15.2791
4531.75 15.2783
4531.80 15.2775
4531.85 15.2767
4531.90 15.2759
4531.95 15.2751
4532.00 15.2743
4532.05 15.2734
4532.10 15.2726
4532.15 15.2718
4532.20 15.2710
4532.25 15.2702
4532.30 15.2694
4532.35 15.2686
4532.40 15.2678
4532.45 15.2670
4532.50 15.2662
4532.55 15.2654
4532.60 15.2645
4532.65 15.2637
4532.70 15.2629
4532.75 15.2621
4532.80 15.2613
4532.85 15.2605
4532.90 15.2596
4532.95 15.2588
4533.00 15.2580
4533.05 15.2572
4533.10 15.2564
4533.15 15.2555
4533.20 15.2547
4533.25 15.2539
4533.30 15.2531
4533.35 15.2523
4533.40 15.2514
4533.45 15.2506
4533.50 15.2498
4533.55 15.2490
4533.60 15.2481
4533.65 15.2473
4533.70 15.2465
4533.75 15.2457
4533.80 15.2448
4533.85 15.2440
4533.90 15.2432
4533.95 15.2424
4534.00 15.2415
4534.05 15.2407
4534.10 15.2399
4534.15 15.2391
4534.20 15.2382
4534.25 15.2374
4534.30 15.2366
4534.35 15.2357
4534.40 15.2349
4534.45 15.2341
4534.50 15.2333
4534.55 15.2324
4534.60 15.2316
4534.65 15.2308
4534.70 15.2300
4534.75 15.2291
4534.80 15.2283
4534.85 15.2275
4534.90 15.2267
4534.95 15.2258
4535.00 15.2250
4535.05 15.2242
4535.10 15.2234
4535.15 15.2225
4535.20 15.2217
4535.25 15.2209
4535.30 15.2201
4535.35 15.2193
4535.40 15.2184
4535.45 15.2176
4535.50 15.2168
4535.55 15.2160
4535.60 15.2152
4535.65 15.2144
4535.70 15.2135
4535.75 15.2127
4535.80 15.2119
4535.85 15.2111
4535.90 15.2103
4535.95 15.2095
4536.00 15.2087
4536.05 15.2079
4536.10 15.2070
4536.15 15.2062
4536.20 15.2054
4536.25 15.2046
4536.30 15.2038
4536.35 15.2030
4536.40 15.2022
4536.45 15.2014
4536.50 15.2006
4536.55 15.1998
4536.60 15.1990
4536.65 15.1982
4536.70 15.1974
4536.75 15.1967
4536.80 15.1959
4536.85 15.1951
4536.90 15.1943
4536.95 15.1935
4537.00 15.1927
4537.05 15.1919
4537.10 15.1912
4537.15 15.1904
4537.20 15.1896
4537.25 15.1888
4537.30 15.1881
4537.35 15.1873
4537.40 15.1865
4537.45 15.1858
4537.50 15.1850
4537.55 15.1842
4537.60 15.1835
4537.65 15.1827
4537.70 15.1820
4537.75 15.1812
4537.80 15.1805
4537.85 15.1797
4537.90 15.1790
4537.95 15.1782
4538.00 15.1775
4538.05 15.1767
4538.10 15.1760
4538.15 15.1753
4538.20 15.1745
4538.25 15.1738
4538.30 15.1731
4538.35 15.1724
4538.40 15.1716
4538.45 15.1709
4538.50 15.1702
4538.55 15.1695
4538.60 15.1688
4538.65 15.1681
4538.70 15.1674
4538.75 15.1667
4538.80 15.1660
4538.85 15.1653
4538.90 15.1646
4538.95 15.1639
4539.00 15.1632
4539.05 15.1626
4539.10 15.1619
4539.15 15.1612
4539.20 15.1605
4539.25 15.1599
4539.30 15.1592
4539.35 15.1585
4539.40 15.1579
4539.45 15.1572
4539.50 15.1566
4539.55 15.1559
4539.60 15.1553
4539.65 15.1547
4539.70 15.1540
4539.75 15.1534
4539.80 15.1528
4539.85 15.1521
4539.90 15.1515
4539.95 15.1509
4540.00 15.1503
4540.05 15.1497
4540.10 15.1491
4540.15 15.1485
4540.20 15.1479
4540.25 15.1473
4540.30 15.1467
4540.35 15.1461
4540.40 15.1456
4540.45 15.1450
4540.50 15.1444
4540.55 15.1439
4540.60 15.1433
4540.65 15.1427
4540.70 15.1422
4540.75 15.1416
4540.80 15.1411
4540.85 15.1406
4540.90 15.1400
4540.95 15.1395
4541.00 15.1390
4541.05 15.1385
4541.10 15.1379
4541.15 15.1374
4541.20 15.1369
4541.25 15.1364
4541.30 15.1359
4541.35 15.1355
4541.40 15.1350
4541.45 15.1345
4541.50 15.1340
4541.55 15.1335
4541.60 15.1331
4541.65 15.1326
4541.70 15.1322
4541.75 15.1317
4541.80 15.1313
4541.85 15.1308
4541.90 15.1304
4541.95 15.1300
4542.00 15.1295
4542.05 15.1291
4542.10 15.1287
4542.15 15.1283
4542.20 15.1279
4542.25 15.1275
4542.30 15.1271
4542.35 15.1267
4542.40 15.1264
4542.45 15.1260
4542.50 15.1256
4542.55 15.1253
4542.60 15.1249
4542.65 15.1246
4542.70 15.1242
4542.75 15.1239
4542.80 15.1235
4542.85 15.1232
4542.90 15.1229
4542.95 15.1226
4543.00 15.1223
4543.05 15.1220
4543.10 15.1217
4543.15 15.1214
4543.20 15.1211
4543.25 15.1208
4543.30 15.1205
4543.35 15.1203
4543.40 15.1200
4543.45 15.1197
4543.50 15.1195
4543.55 15.1192
4543.60 15.1190
4543.65 15.1188
4543.70 15.1185
4543.75 15.1183
4543.80 15.1181
4543.85 15.1179
4543.90 15.1177
4543.95 15.1175
4544.00 15.1173
4544.05 15.1171
4544.10 15.1169
4544.15 15.1168
4544.20 15.1166
4544.25 15.1165
4544.30 15.1163
4544.35 15.1162
4544.40 15.1160
4544.45 15.1159
4544.50 15.1158
4544.55 15.1156
4544.60 15.1155
4544.65 15.1154
4544.70 15.1153
4544.75 15.1152
4544.80 15.1151
4544.85 15.1150
4544.90 15.1150
4544.95 15.1149
4545.00 15.1148
4545.05 15.1148
4545.10 15.1147
4545.15 15.1147
4545.20 15.1146
4545.25 15.1146
4545.30 15.1146
4545.35 15.1146
4545.40 15.1145
4545.45 15.1145
