5548.50 4.9959
5548.55 4.9959
5548.60 4.9959
5548.65 4.9959
5548.70 4.9960
5548.75 4.9960
5548.80 4.9960
5548.85 4.9961
5548.90 4.9961
5548.95 4.9962
5549.00 4.9962
5549.05 4.9963
5549.10 4.9963
5549.15 4.9964
5549.20 4.9965
5549.25 4.9966
5549.30 4.9966
5549.35 4.9967
5549.40 4.9968
5549.45 4.9969
5549.50 4.9970
5549.55 4.9972
5549.60 4.9973
5549.65 4.9974
5549.70 4.9975
5549.75 4.9977
5549.80 4.9978
5549.85 4.9980
5549.90 4.9981
5549.95 4.9983
5550.00 4.9984
5550.05 4.9986
5550.10 4.9988
5550.15 4.9989
5550.20 4.9991
5550.25 4.9993
5550.30 4.9995
5550.35 4.9997
5550.40 4.9999
5550.45 5.0001
5550.50 5.0003
5550.55 5.0005
5550.60 5.0008
5550.65 5.0010
5550.70 5.0012
5550.75 5.0015
5550.80 5.0017
5550.85 5.0019
5550.90 5.0022
5550.95 5.0024
5551.00 5.0027
5551.05 5.0030
5551.10 5.0032
5551.15 5.0035
5551.20 5.0038
5551.25 5.0041
5551.30 5.0044
5551.35 5.0047
5551.40 5.0050
5551.45 5.0053
5551.50 5.0056
5551.55 5.0059
5551.60 5.0062
5551.65 5.0065
5551.70 5.0069
5551.75 5.0072
5551.80 5.0075
5551.85 5.0079
5551.90 5.0082
5551.95 5.0085
5552.00 5.0089
5552.05 5.0092
5552.10 5.0096
5552.15 5.0100
5552.20 5.0103
5552.25 5.0107
5552.30 5.0111
5552.35 5.0115
5552.40 5.0118
5552.45 5.0122
5552.50 5.0126
5552.55 5.0130
5552.60 5.0134
5552.65 5.0138
5552.70 5.0142
5552.75 5.0146
5552.80 5.0150
5552.85 5.0155
5552.90 5.0159
5552.95 5.0163
5553.00 5.0167
5553.05 5.0172
5553.10 5.0176
5553.15 5.0180
5553.20 5.0185
5553.25 5.0189
5553.30 5.0194
5553.35 5.0198
5553.40 5.0203
5553.45 5.0207
5553.50 5.0212
5553.55 5.0216
5553.60 5.0221
5553.65 5.0226
5553.70 5.0230
5553.75 5.0235
5553.80 5.0240
5553.85 5.0245
5553.90 5.0249
5553.95 5.0254
5554.00 5.0259
5554.05 5.0264
5554.10 5.0269
5554.15 5.0274
5554.20 5.0279
5554.25 5.0284
5554.30 5.0289
5554.35 5.0294
5554.40 5.0299
5554.45 5.0304
5554.50 5.0309
5554.55 5.0314
5554.60 5.0319
5554.65 5.0325
5554.70 5.0330
5554.75 5.0335
5554.80 5.0340
5554.85 5.0345
5554.90 5.0351
5554.95 5.0356
5555.00 5.0361
5555.05 5.0367
5555.10 5.0372
5555.15 5.0377
5555.20 5.0383
5555.25 5.0388
5555.30 5.0393
5555.35 5.0399
5555.40 5.0404
5555.45 5.0410
5555.50 5.0415
5555.55 5.0420
5555.60 5.0426
5555.65 5.0431
5555.70 5.0437
5555.75 5.0442
5555.80 5.0448
5555.85 5.0453
5555.90 5.0459
5555.95 5.0464
5556.00 5.0470
5556.05 5.0476
5556.10 5.0481
5556.15 5.0487
5556.20 5.0492
5556.25 5.0498
5556.30 5.0503
5556.35 5.0509
5556.40 5.0515
5556.45 5.0520
5556.50 5.0526
5556.55 5.0531
5556.60 5.0537
5556.65 5.0543
5556.70 5.0548
5556.75 5.0554
5556.80 5.0559
5556.85 5.0565
5556.90 5.0571
5556.95 5.0576
5557.00 5.0582
5557.05 5.0588
5557.10 5.0593
5557.15 5.0599
5557.20 5.0604
5557.25 5.0610
5557.30 5.0616
5557.35 5.0621
5557.40 5.0627
5557.45 5.0633
5557.50 5.0638
5557.55 5.0644
5557.60 5.0649
5557.65 5.0655
5557.70 5.0660
5557.75 5.0666
5557.80 5.0672
5557.85 5.0677
5557.90 5.0683
5557.95 5.0688
5558.00 5.0694
5558.05 5.0699
5558.10 5.0705
5558.15 5.0710
5558.20 5.0716
5558.25 5.0721
5558.30 5.0727
5558.35 5.0732
5558.40 5.0738
5558.45 5.0743
5558.50 5.0749
5558.55 5.0754
5558.60 5.0760
5558.65 5.0765
5558.70 5.0771
5558.75 5.0776
5558.80 5.0781
5558.85 5.0787
5558.90 5.0792
5558.95 5.0797
5559.00 5.0803
5559.05 5.0808
5559.10 5.0813
5559.15 5.0819
5559.20 5.0824
5559.25 5.0829
5559.30 5.0834
5559.35 5.0840
5559.40 5.0845
5559.45 5.0850
5559.50 5.0855
5559.55 5.0860
5559.60 5.0866
5559.65 5.0871
5559.70 5.0876
5559.75 5.0881
5559.80 5.0886
5559.85 5.0891
5559.90 5.0896
5559.95 5.0901
5560.00 5.0906
5560.05 5.0911
5560.10 5.0916
5560.15 5.0921
5560.20 5.0926
5560.25 5.0931
5560.30 5.0936
5560.35 5.0940
5560.40 5.0945
5560.45 5.0950
5560.50 5.0955
5560.55 5.0960
5560.60 5.0965
5560.65 5.0969
5560.70 5.0974
5560.75 5.0979
5560.80 5.0983
5560.85 5.0988
5560.90 5.0993
5560.95 5.0997
5561.00 5.1002
5561.05 5.1006
5561.10 5.1011
5561.15 5.1015
5561.20 5.1020
5561.25 5.1024
5561.30 5.1029
5561.35 5.1033
5561.40 5.1038
5561.45 5.1042
5561.50 5.1046
5561.55 5.1051
5561.60 5.1055
5561.65 5.1059
5561.70 5.1064
5561.75 5.1068
5561.80 5.1072
5561.85 5.1076
5561.90 5.1080
5561.95 5.1084
5562.00 5.1089
5562.05 5.1093
5562.10 5.1097
5562.15 5.1101
5562.20 5.1105
5562.25 5.1109
5562.30 5.1113
5562.35 5.1117
5562.40 5.1120
5562.45 5.1124
5562.50 5.1128
5562.55 5.1132
5562.60 5.1136
5562.65 5.1140
5562.70 5.1143
5562.75 5.1147
5562.80 5.1151
5562.85 5.1154
5562.90 5.1158
5562.95 5.1162
5563.00 5.1165
5563.05 5.1169
5563.10 5.1172
5563.15 5.1176
5563.20 5.1179
5563.25 5.1183
5563.30 5.1186
5563.35 5.1190
5563.40 5.1193
5563.45 5.1196
5563.50 5.1200
5563.55 5.1203
5563.60 5.1206
5563.65 5.1209
5563.70 5.1213
5563.75 5.1216
5563.80 5.1219
5563.85 5.1222
5563.90 5.1225
5563.95 5.1228
5564.00 5.1231
5564.05 5.1234
5564.10 5.1237
5564.15 5.1240
5564.20 5.1243
5564.25 5.1246
5564.30 5.1249
5564.35 5.1252
5564.40 5.1255
5564.45 5.1258
5564.50 5.1261
5564.55 5.1263
5564.60 5.1266
5564.65 5.1269
5564.70 5.1271
5564.75 5.1274
5564.80 5.1277
5564.85 5.1279
5564.90 5.1282
5564.95 5.1285
5565.00 5.1287
5565.05 5.1290
5565.10 5.1292
5565.15 5.1295
5565.20 5.1297
5565.25 5.1299
5565.30 5.1302
5565.35 5.1304
5565.40 5.1306
5565.45 5.1309
5565.50 5.1311
5565.55 5.1313
5565.60 5.1316
5565.65 5.1318
5565.70 5.1320
5565.75 5.1322
5565.80 5.1324
5565.85 5.1326
5565.90 5.1328
5565.95 5.1330
5566.00 5.1333
5566.05 5.1335
5566.10 5.1337
5566.15 5.1338
5566.20 5.1340
5566.25 5.1342
5566.30 5.1344
5566.35 5.1346
5566.40 5.1348
5566.45 5.1350
5566.50 5.1352
5566.55 5.1353
5566.60 5.1355
5566.65 5.1357
5566.70 5.1359
5566.75 5.1360
5566.80 5.1362
5566.85 5.1364
5566.90 5.1365
5566.95 5.1367
5567.00 5.1368
5567.05 5.1370
5567.10 5.1371
5567.15 5.1373
5567.20 5.1374
5567.25 5.1376
5567.30 5.1377
5567.35 5.1379
5567.40 5.1380
5567.45 5.1382
5567.50 5.1383
5567.55 5.1384
5567.60 5.1386
5567.65 5.1387
5567.70 5.1388
5567.75 5.1390
5567.80 5.1391
5567.85 5.1392
5567.90 5.1393
5567.95 5.1394
5568.00 5.1396
5568.05 5.1397
5568.10 5.1398
5568.15 5.1399
5568.20 5.1400
5568.25 5.1401
5568.30 5.1402
5568.35 5.1403
5568.40 5.1404
5568.45 5.1405
5568.50 5.1406
5568.55 5.1407
5568.60 5.1408
5568.65 5.1409
5568.70 5.1410
5568.75 5.1411
5568.80 5.1412
5568.85 5.1413
5568.90 5.1414
5568.95 5.1414
5569.00 5.1415
5569.05 5.1416
5569.10 5.1417
5569.15 5.1418
5569.20 5.1418
5569.25 5.1419
5569.30 5.1420
5569.35 5.1421
5569.40 5.1421
5569.45 5.1422
5569.50 5.1423
5569.55 5.1423
5569.60 5.1424
5569.65 5.1425
5569.70 5.1425
5569.75 5.1426
5569.80 5.1426
5569.85 5.1427
5569.90 5.1428
5569.95 5.1428
5570.00 5.1429
5570.05 5.1429
5570.10 5.1430
5570.15 5.1430
5570.20 5.1431
5570.25 5.1431
5570.30 5.1432
5570.35 5.1432
5570.40 5.1432
5570.45 5.1433
5570.50 5.1433
5570.55 5.1434
5570.60 5.1434
5570.65 5.1434
5570.70 5.1435
5570.75 5.1435
5570.80 5.1436
5570.85 5.1436
5570.90 5.1436
5570.95 5.1436
5571.00 5.1437
5571.05 5.1437
5571.10 5.1437
5571.15 5.1438
5571.20 5.1438
5571.25 5.1438
5571.30 5.1438
5571.35 5.1439
5571.40 5.1439
5571.45 5.1439
5571.50 5.1439
5571.55 5.1440
5571.60 5.1440
5571.65 5.1440
5571.70 5.1440
5571.75 5.1440
5571.80 5.1440
5571.85 5.1441
5571.90 5.1441
5571.95 5.1441
5572.00 5.1441
5572.05 5.1441
5572.10 5.1441
5572.15 5.1441
5572.20 5.1442
5572.25 5.1442
5572.30 5.1442
5572.35 5.1442
5572.40 5.1442
5572.45 5.1442
5572.50 5.1442
5572.55 5.1442
5572.60 5.1442
5572.65 5.1442
5572.70 5.1442
5572.75 5.1442
5572.80 5.1442
5572.85 5.1442
5572.90 5.1442
5572.95 5.1442
5573.00 5.1442
5573.05 5.1442
5573.10 5.1442
5573.15 5.1442
5573.20 5.1442
5573.25 5.1442
5573.30 5.1442
5573.35 5.1442
5573.40 5.1442
5573.45 5.1442
5573.50 5.1442
5573.55 5.1442
5573.60 5.1442
5573.65 5.1442
5573.70 5.1442
5573.75 5.1442
5573.80 5.1442
5573.85 5.1442
5573.90 5.1442
5573.95 5.1442
5574.00 5.1442
5574.05 5.1442
5574.10 5.1441
5574.15 5.1441
5574.20 5.1441
5574.25 5.1441
5574.30 5.1441
5574.35 5.1441
5574.40 5.1441
5574.45 5.1441
5574.50 5.1441
5574.55 5.1441
5574.60 5.1440
5574.65 5.1440
5574.70 5.1440
5574.75 5.1440
5574.80 5.1440
5574.85 5.1440
5574.90 5.1440
5574.95 5.1440
5575.00 5.1439
5575.05 5.1439
5575.10 5.1439
5575.15 5.1439
5575.20 5.1439
5575.25 5.1439
5575.30 5.1439
5575.35 5.1438
5575.40 5.1438
5575.45 5.1438
5575.50 5.1438
5575.55 5.1438
5575.60 5.1438
5575.65 5.1437
5575.70 5.1437
5575.75 5.1437
5575.80 5.1437
5575.85 5.1437
5575.90 5.1437
5575.95 5.1436
5576.00 5.1436
5576.05 5.1436
5576.10 5.1436
5576.15 5.1436
5576.20 5.1435
5576.25 5.1435
5576.30 5.1435
5576.35 5.1435
5576.40 5.1435
5576.45 5.1434
5576.50 5.1434
5576.55 5.1434
5576.60 5.1434
5576.65 5.1433
5576.70 5.1433
5576.75 5.1433
5576.80 5.1433
5576.85 5.1433
5576.90 5.1432
5576.95 5.1432
5577.00 5.1432
5577.05 5.1432
5577.10 5.1431
5577.15 5.1431
5577.20 5.1431
5577.25 5.1431
5577.30 5.1430
5577.35 5.1430
5577.40 5.1430
5577.45 5.1430
5577.50 5.1429
5577.55 5.1429
5577.60 5.1429
5577.65 5.1428
5577.70 5.1428
5577.75 5.1428
5577.80 5.1428
5577.85 5.1427
5577.90 5.1427
5577.95 5.1427
5578.00 5.1426
5578.05 5.1426
5578.10 5.1426
5578.15 5.1425
5578.20 5.1425
5578.25 5.1425
5578.30 5.1424
5578.35 5.1424
5578.40 5.1424
5578.45 5.1424
5578.50 5.1423
5578.55 5.1423
5578.60 5.1422
5578.65 5.1422
5578.70 5.1422
5578.75 5.1421
5578.80 5.1421
5578.85 5.1421
5578.90 5.1420
5578.95 5.1420
5579.00 5.1420
5579.05 5.1419
5579.10 5.1419
5579.15 5.1418
5579.20 5.1418
5579.25 5.1418
5579.30 5.1417
5579.35 5.1417
5579.40 5.1416
5579.45 5.1416
5579.50 5.1416
5579.55 5.1415
5579.60 5.1415
5579.65 5.1414
5579.70 5.1414
5579.75 5.1413
5579.80 5.1413
5579.85 5.1413
5579.90 5.1412
5579.95 5.1412
5580.00 5.1411
5580.05 5.1411
5580.10 5.1410
5580.15 5.1410
5580.20 5.1409
5580.25 5.1409
5580.30 5.1408
5580.35 5.1408
5580.40 5.1407
5580.45 5.1407
5580.50 5.1406
5580.55 5.1406
5580.60 5.1405
5580.65 5.1405
5580.70 5.1404
5580.75 5.1404
5580.80 5.1403
5580.85 5.1402
5580.90 5.1402
5580.95 5.1401
5581.00 5.1401
5581.05 5.1400
5581.10 5.1400
5581.15 5.1399
5581.20 5.1398
5581.25 5.1398
5581.30 5.1397
5581.35 5.1397
5581.40 5.1396
5581.45 5.1395
5581.50 5.1395
5581.55 5.1394
5581.60 5.1393
5581.65 5.1393
5581.70 5.1392
5581.75 5.1391
5581.80 5.1391
5581.85 5.1390
5581.90 5.1389
5581.95 5.1389
5582.00 5.1388
5582.05 5.1387
5582.10 5.1387
5582.15 5.1386
5582.20 5.1385
5582.25 5.1385
5582.30 5.1384
5582.35 5.1383
5582.40 5.1382
5582.45 5.1382
5582.50 5.1381
5582.55 5.1380
5582.60 5.1379
5582.65 5.1379
5582.70 5.1378
5582.75 5.1377
5582.80 5.1376
5582.85 5.1375
5582.90 5.1375
5582.95 5.1374
5583.00 5.1373
5583.05 5.1372
5583.10 5.1371
5583.15 5.1371
5583.20 5.1370
5583.25 5.1369
5583.30 5.1368
5583.35 5.1367
5583.40 5.1366
5583.45 5.1365
5583.50 5.1365
5583.55 5.1364
5583.60 5.1363
5583.65 5.1362
5583.70 5.1361
5583.75 5.1360
5583.80 5.1359
5583.85 5.1358
5583.90 5.1357
5583.95 5.1357
5584.00 5.1356
5584.05 5.1355
5584.10 5.1354
5584.15 5.1353
5584.20 5.1352
5584.25 5.1351
5584.30 5.1350
5584.35 5.1349
5584.40 5.1348
5584.45 5.1347
5584.50 5.1346
5584.55 5.1345
5584.60 5.1344
5584.65 5.1343
5584.70 5.1342
5584.75 5.1341
5584.80 5.1340
5584.85 5.1339
5584.90 5.1338
5584.95 5.1337
5585.00 5.1336
5585.05 5.1335
5585.10 5.1334
5585.15 5.1333
5585.20 5.1332
5585.25 5.1331
5585.30 5.1330
5585.35 5.1329
5585.40 5.1328
5585.45 5.1327
5585.50 5.1325
5585.55 5.1324
5585.60 5.1323
5585.65 5.1322
5585.70 5.1321
5585.75 5.1320
5585.80 5.1319
5585.85 5.1318
5585.90 5.1317
5585.95 5.1315
5586.00 5.1314
5586.05 5.1313
5586.10 5.1312
5586.15 5.1311
5586.20 5.1310
5586.25 5.1309
5586.30 5.1308
5586.35 5.1306
5586.40 5.1305
5586.45 5.1304
5586.50 5.1303
5586.55 5.1302
5586.60 5.1301
5586.65 5.1299
5586.70 5.1298
5586.75 5.1297
5586.80 5.1296
5586.85 5.1295
5586.90 5.1293
5586.95 5.1292
5587.00 5.1291
5587.05 5.1290
5587.10 5.1289
5587.15 5.1287
5587.20 5.1286
5587.25 5.1285
5587.30 5.1284
5587.35 5.1283
5587.40 5.1281
5587.45 5.1280
5587.50 5.1279
5587.55 5.1278
5587.60 5.1276
5587.65 5.1275
5587.70 5.1274
5587.75 5.1273
5587.80 5.1271
5587.85 5.1270
5587.90 5.1269
5587.95 5.1268
5588.00 5.1266
5588.05 5.1265
5588.10 5.1264
5588.15 5.1262
5588.20 5.1261
5588.25 5.1260
5588.30 5.1259
5588.35 5.1257
5588.40 5.1256
5588.45 5.1255
5588.50 5.1254
5588.55 5.1252
5588.60 5.1251
5588.65 5.1250
5588.70 5.1248
5588.75 5.1247
5588.80 5.1246
5588.85 5.1244
5588.90 5.1243
5588.95 5.1242
5589.00 5.1241
5589.05 5.1239
5589.10 5.1238
5589.15 5.1237
5589.20 5.1235
5589.25 5.1234
5589.30 5.1233
5589.35 5.1231
5589.40 5.1230
5589.45 5.1229
5589.50 5.1227
5589.55 5.1226
5589.60 5.1225
5589.65 5.1223
5589.70 5.1222
5589.75 5.1221
5589.80 5.1219
5589.85 5.1218
5589.90 5.1217
5589.95 5.1215
5590.00 5.1214
5590.05 5.1213
5590.10 5.1211
5590.15 5.1210
5590.20 5.1209
5590.25 5.1207
5590.30 5.1206
5590.35 5.1204
5590.40 5.1203
5590.45 5.1202
5590.50 5.1200
5590.55 5.1199
5590.60 5.1198
5590.65 5.1196
5590.70 5.1195
5590.75 5.1194
5590.80 5.1192
5590.85 5.1191
5590.90 5.1190
5590.95 5.1188
5591.00 5.1187
5591.05 5.1185
5591.10 5.1184
5591.15 5.1183
5591.20 5.1181
5591.25 5.1180
5591.30 5.1179
5591.35 5.1177
5591.40 5.1176
5591.45 5.1174
5591.50 5.1173
5591.55 5.1172
5591.60 5.1170
5591.65 5.1169
5591.70 5.1167
5591.75 5.1166
5591.80 5.1165
5591.85 5.1163
5591.90 5.1162
5591.95 5.1161
5592.00 5.1159
5592.05 5.1158
5592.10 5.1156
5592.15 5.1155
5592.20 5.1154
5592.25 5.1152
5592.30 5.1151
5592.35 5.1149
5592.40 5.1148
5592.45 5.1147
5592.50 5.1145
5592.55 5.1144
5592.60 5.1142
5592.65 5.1141
5592.70 5.1140
5592.75 5.1138
5592.80 5.1137
5592.85 5.1135
5592.90 5.1134
5592.95 5.1133
5593.00 5.1131
5593.05 5.1130
5593.10 5.1128
5593.15 5.1127
5593.20 5.1126
5593.25 5.1124
5593.30 5.1123
5593.35 5.1121
5593.40 5.1120
5593.45 5.1118
5593.50 5.1117
5593.55 5.1116
5593.60 5.1114
5593.65 5.1113
5593.70 5.1111
5593.75 5.1110
5593.80 5.1109
5593.85 5.1107
5593.90 5.1106
5593.95 5.1104
5594.00 5.1103
5594.05 5.1101
5594.10 5.1100
5594.15 5.1099
5594.20 5.1097
5594.25 5.1096
5594.30 5.1094
5594.35 5.1093
5594.40 5.1091
5594.45 5.1090
5594.50 5.1089
5594.55 5.1087
5594.60 5.1086
5594.65 5.1084
5594.70 5.1083
5594.75 5.1081
5594.80 5.1080
5594.85 5.1078
5594.90 5.1077
5594.95 5.1076
5595.00 5.1074
5595.05 5.1073
5595.10 5.1071
5595.15 5.1070
5595.20 5.1068
5595.25 5.1067
5595.30 5.1065
5595.35 5.1064
5595.40 5.1063
5595.45 5.1061
5595.50 5.1060
5595.55 5.1058
5595.60 5.1057
5595.65 5.1055
5595.70 5.1054
5595.75 5.1052
5595.80 5.1051
5595.85 5.1049
5595.90 5.1048
5595.95 5.1046
5596.00 5.1045
5596.05 5.1043
5596.10 5.1042
5596.15 5.1040
5596.20 5.1039
5596.25 5.1038
5596.30 5.1036
5596.35 5.1035
5596.40 5.1033
5596.45 5.1032
5596.50 5.1030
5596.55 5.1029
5596.60 5.1027
5596.65 5.1026
5596.70 5.1024
5596.75 5.1023
5596.80 5.1021
5596.85 5.1020
5596.90 5.1018
5596.95 5.1017
5597.00 5.1015
5597.05 5.1014
5597.10 5.1012
5597.15 5.1011
5597.20 5.1009
5597.25 5.1008
5597.30 5.1006
5597.35 5.1004
5597.40 5.1003
5597.45 5.1001
5597.50 5.1000
5597.55 5.0998
5597.60 5.0997
5597.65 5.0995
5597.70 5.0994
5597.75 5.0992
5597.80 5.0991
5597.85 5.0989
5597.90 5.0988
5597.95 5.0986
5598.00 5.0985
5598.05 5.0983
5598.10 5.0981
5598.15 5.0980
5598.20 5.0978
5598.25 5.0977
5598.30 5.0975
5598.35 5.0974
5598.40 5.0972
5598.45 5.0971
5598.50 5.0969
5598.55 5.0967
5598.60 5.0966
5598.65 5.0964
5598.70 5.0963
5598.75 5.0961
5598.80 5.0960
5598.85 5.0958
5598.90 5.0956
5598.95 5.0955
5599.00 5.0953
5599.05 5.0952
5599.10 5.0950
5599.15 5.0948
5599.20 5.0947
5599.25 5.0945
5599.30 5.0944
5599.35 5.0942
5599.40 5.0940
5599.45 5.0939
5599.50 5.0937
5599.55 5.0935
5599.60 5.0934
5599.65 5.0932
5599.70 5.0931
5599.75 5.0929
5599.80 5.0927
5599.85 5.0926
5599.90 5.0924
5599.95 5.0922
5600.00 5.0921
5600.05 5.0919
5600.10 5.0917
5600.15 5.0916
5600.20 5.0914
5600.25 5.0912
5600.30 5.0911
5600.35 5.0909
5600.40 5.0907
5600.45 5.0906
5600.50 5.0904
5600.55 5.0902
5600.60 5.0901
5600.65 5.0899
5600.70 5.0897
5600.75 5.0896
5600.80 5.0894
5600.85 5.0892
5600.90 5.0891
5600.95 5.0889
5601.00 5.0887
5601.05 5.0885
5601.10 5.0884
5601.15 5.0882
5601.20 5.0880
5601.25 5.0879
5601.30 5.0877
5601.35 5.0875
5601.40 5.0873
5601.45 5.0872
5601.50 5.0870
5601.55 5.0868
5601.60 5.0866
5601.65 5.0865
5601.70 5.0863
5601.75 5.0861
5601.80 5.0859
5601.85 5.0858
5601.90 5.0856
5601.95 5.0854
5602.00 5.0852
5602.05 5.0851
5602.10 5.0849
5602.15 5.0847
5602.20 5.0845
5602.25 5.0843
5602.30 5.0842
5602.35 5.0840
5602.40 5.0838
5602.45 5.0836
5602.50 5.0834
5602.55 5.0833
5602.60 5.0831
5602.65 5.0829
5602.70 5.0827
5602.75 5.0825
5602.80 5.0823
5602.85 5.0822
5602.90 5.0820
5602.95 5.0818
5603.00 5.0816
5603.05 5.0814
5603.10 5.0812
5603.15 5.0810
5603.20 5.0809
5603.25 5.0807
5603.30 5.0805
5603.35 5.0803
5603.40 5.0801
5603.45 5.0799
5603.50 5.0797
5603.55 5.0795
5603.60 5.0793
5603.65 5.0792
5603.70 5.0790
5603.75 5.0788
5603.80 5.0786
5603.85 5.0784
5603.90 5.0782
5603.95 5.0780
5604.00 5.0778
5604.05 5.0776
5604.10 5.0774
5604.15 5.0772
5604.20 5.0770
5604.25 5.0768
5604.30 5.0767
5604.35 5.0765
5604.40 5.0763
5604.45 5.0761
5604.50 5.0759
5604.55 5.0757
5604.60 5.0755
5604.65 5.0753
5604.70 5.0751
5604.75 5.0749
5604.80 5.0747
5604.85 5.0745
5604.90 5.0743
5604.95 5.0741
5605.00 5.0739
5605.05 5.0737
5605.10 5.0735
5605.15 5.0733
5605.20 5.0731
5605.25 5.0729
5605.30 5.0727
5605.35 5.0725
5605.40 5.0723
5605.45 5.0720
5605.50 5.0718
5605.55 5.0716
5605.60 5.0714
5605.65 5.0712
5605.70 5.0710
5605.75 5.0708
5605.80 5.0706
5605.85 5.0704
5605.90 5.0702
5605.95 5.0700
5606.00 5.0698
5606.05 5.0696
5606.10 5.0694
5606.15 5.0691
5606.20 5.0689
5606.25 5.0687
5606.30 5.0685
5606.35 5.0683
5606.40 5.0681
5606.45 5.0679
5606.50 5.0677
5606.55 5.0674
5606.60 5.0672
5606.65 5.0670
5606.70 5.0668
5606.75 5.0666
5606.80 5.0664
5606.85 5.0662
5606.90 5.0659
5606.95 5.0657
5607.00 5.0655
5607.05 5.0653
5607.10 5.0651
5607.15 5.0649
5607.20 5.0646
5607.25 5.0644
5607.30 5.0642
5607.35 5.0640
5607.40 5.0638
5607.45 5.0635
5607.50 5.0633
5607.55 5.0631
5607.60 5.0629
5607.65 5.0627
5607.70 5.0624
5607.75 5.0622
5607.80 5.0620
5607.85 5.0618
5607.90 5.0616
5607.95 5.0613
5608.00 5.0611
5608.05 5.0609
5608.10 5.0607
5608.15 5.0604
5608.20 5.0602
5608.25 5.0600
5608.30 5.0598
5608.35 5.0595
5608.40 5.0593
5608.45 5.0591
5608.50 5.0589
5608.55 5.0586
5608.60 5.0584
5608.65 5.0582
5608.70 5.0580
5608.75 5.0577
5608.80 5.0575
5608.85 5.0573
5608.90 5.0571
5608.95 5.0568
5609.00 5.0566
5609.05 5.0564
5609.10 5.0561
5609.15 5.0559
5609.20 5.0557
5609.25 5.0555
5609.30 5.0552
5609.35 5.0550
5609.40 5.0548
5609.45 5.0545
5609.50 5.0543
5609.55 5.0541
5609.60 5.0538
5609.65 5.0536
5609.70 5.0534
5609.75 5.0531
5609.80 5.0529
5609.85 5.0527
5609.90 5.0525
5609.95 5.0522
5610.00 5.0520
5610.05 5.0518
5610.10 5.0515
5610.15 5.0513
5610.20 5.0511
5610.25 5.0508
5610.30 5.0506
5610.35 5.0504
5610.40 5.0501
5610.45 5.0499
5610.50 5.0497
5610.55 5.0494
5610.60 5.0492
5610.65 5.0490
5610.70 5.0487
5610.75 5.0485
5610.80 5.0483
5610.85 5.0481
5610.90 5.0478
5610.95 5.0476
5611.00 5.0474
5611.05 5.0471
5611.10 5.0469
5611.15 5.0467
5611.20 5.0464
5611.25 5.0462
5611.30 5.0460
5611.35 5.0457
5611.40 5.0455
5611.45 5.0453
5611.50 5.0450
5611.55 5.0448
5611.60 5.0446
5611.65 5.0444
5611.70 5.0441
5611.75 5.0439
5611.80 5.0437
5611.85 5.0434
5611.90 5.0432
5611.95 5.0430
5612.00 5.0427
5612.05 5.0425
5612.10 5.0423
5612.15 5.0421
5612.20 5.0418
5612.25 5.0416
5612.30 5.0414
5612.35 5.0411
5612.40 5.0409
5612.45 5.0407
5612.50 5.0405
5612.55 5.0402
5612.60 5.0400
5612.65 5.0398
5612.70 5.0396
5612.75 5.0393
5612.80 5.0391
5612.85 5.0389
5612.90 5.0387
5612.95 5.0384
5613.00 5.0382
5613.05 5.0380
5613.10 5.0378
5613.15 5.0375
5613.20 5.0373
5613.25 5.0371
5613.30 5.0369
5613.35 5.0366
5613.40 5.0364
5613.45 5.0362
5613.50 5.0360
5613.55 5.0358
5613.60 5.0355
5613.65 5.0353
5613.70 5.0351
5613.75 5.0349
5613.80 5.0347
5613.85 5.0345
5613.90 5.0342
5613.95 5.0340
5614.00 5.0338
5614.05 5.0336
5614.10 5.0334
5614.15 5.0332
5614.20 5.0329
5614.25 5.0327
5614.30 5.0325
5614.35 5.0323
5614.40 5.0321
5614.45 5.0319
5614.50 5.0317
5614.55 5.0315
5614.60 5.0313
5614.65 5.0310
5614.70 5.0308
5614.75 5.0306
5614.80 5.0304
5614.85 5.0302
5614.90 5.0300
5614.95 5.0298
5615.00 5.0296
5615.05 5.0294
5615.10 5.0292
5615.15 5.0290
5615.20 5.0288
5615.25 5.0286
5615.30 5.0284
5615.35 5.0282
5615.40 5.0280
5615.45 5.0278
5615.50 5.0276
5615.55 5.0274
5615.60 5.0272
5615.65 5.0270
5615.70 5.0268
5615.75 5.0266
5615.80 5.0264
5615.85 5.0262
5615.90 5.0260
5615.95 5.0258
5616.00 5.0256
5616.05 5.0254
5616.10 5.0252
5616.15 5.0251
5616.20 5.0249
5616.25 5.0247
5616.30 5.0245
5616.35 5.0243
5616.40 5.0241
5616.45 5.0239
5616.50 5.0237
5616.55 5.0236
5616.60 5.0234
5616.65 5.0232
5616.70 5.0230
5616.75 5.0228
5616.80 5.0226
5616.85 5.0225
5616.90 5.0223
5616.95 5.0221
5617.00 5.0219
5617.05 5.0217
5617.10 5.0216
5617.15 5.0214
5617.20 5.0212
5617.25 5.0210
5617.30 5.0209
5617.35 5.0207
5617.40 5.0205
5617.45 5.0203
5617.50 5.0202
5617.55 5.0200
5617.60 5.0198
5617.65 5.0197
5617.70 5.0195
5617.75 5.0193
5617.80 5.0192
5617.85 5.0190
5617.90 5.0188
5617.95 5.0187
5618.00 5.0185
5618.05 5.0183
5618.10 5.0182
5618.15 5.0180
5618.20 5.0178
5618.25 5.0177
5618.30 5.0175
5618.35 5.0174
5618.40 5.0172
5618.45 5.0170
5618.50 5.0169
5618.55 5.0167
5618.60 5.0166
5618.65 5.0164
5618.70 5.0163
5618.75 5.0161
5618.80 5.0160
5618.85 5.0158
5618.90 5.0156
5618.95 5.0155
5619.00 5.0153
5619.05 5.0152
5619.10 5.0150
5619.15 5.0149
5619.20 5.0147
5619.25 5.0146
5619.30 5.0144
5619.35 5.0143
5619.40 5.0141
5619.45 5.0140
5619.50 5.0139
5619.55 5.0137
5619.60 5.0136
5619.65 5.0134
5619.70 5.0133
5619.75 5.0131
5619.80 5.0130
5619.85 5.0129
5619.90 5.0127
5619.95 5.0126
5620.00 5.0124
5620.05 5.0123
5620.10 5.0122
5620.15 5.0120
5620.20 5.0119
5620.25 5.0117
5620.30 5.0116
5620.35 5.0115
5620.40 5.0113
5620.45 5.0112
5620.50 5.0111
5620.55 5.0109
5620.60 5.0108
5620.65 5.0107
5620.70 5.0105
5620.75 5.0104
5620.80 5.0103
5620.85 5.0101
5620.90 5.0100
5620.95 5.0099
5621.00 5.0097
5621.05 5.0096
5621.10 5.0095
5621.15 5.0093
5621.20 5.0092
5621.25 5.0091
5621.30 5.0090
5621.35 5.0088
5621.40 5.0087
5621.45 5.0086
5621.50 5.0084
5621.55 5.0083
5621.60 5.0082
5621.65 5.0081
5621.70 5.0079
5621.75 5.0078
5621.80 5.0077
5621.85 5.0076
5621.90 5.0074
5621.95 5.0073
5622.00 5.0072
5622.05 5.0071
5622.10 5.0069
5622.15 5.0068
5622.20 5.0067
5622.25 5.0066
5622.30 5.0064
5622.35 5.0063
5622.40 5.0062
5622.45 5.0061
5622.50 5.0060
5622.55 5.0058
5622.60 5.0057
5622.65 5.0056
5622.70 5.0055
5622.75 5.0053
5622.80 5.0052
5622.85 5.0051
5622.90 5.0050
5622.95 5.0049
5623.00 5.0047
5623.05 5.0046
5623.10 5.0045
5623.15 5.0044
5623.20 5.0043
5623.25 5.0041
5623.30 5.0040
5623.35 5.0039
5623.40 5.0038
5623.45 5.0037
5623.50 5.0035
5623.55 5.0034
5623.60 5.0033
5623.65 5.0032
5623.70 5.0030
5623.75 5.0029
5623.80 5.0028
5623.85 5.0027
5623.90 5.0026
5623.95 5.0024
5624.00 5.0023
5624.05 5.0022
5624.10 5.0021
5624.15 5.0020
5624.20 5.0018
5624.25 5.0017
5624.30 5.0016
5624.35 5.0015
5624.40 5.0014
5624.45 5.0012
5624.50 5.0011
5624.55 5.0010
5624.60 5.0009
5624.65 5.0007
5624.70 5.0006
5624.75 5.0005
5624.80 5.0004
5624.85 5.0002
5624.90 5.0001
5624.95 5.0000
5625.00 4.9999
5625.05 4.9997
5625.10 4.9996
5625.15 4.9995
5625.20 4.9994
5625.25 4.9992
5625.30 4.9991
5625.35 4.9990
5625.40 4.9989
5625.45 4.9987
5625.50 4.9986
5625.55 4.9985
5625.60 4.9984
5625.65 4.9982
5625.70 4.9981
5625.75 4.9980
5625.80 4.9978
5625.85 4.9977
5625.90 4.9976
5625.95 4.9974
5626.00 4.9973
5626.05 4.9972
5626.10 4.9970
5626.15 4.9969
5626.20 4.9968
5626.25 4.9966
5626.30 4.9965
5626.35 4.9964
5626.40 4.9962
5626.45 4.9961
5626.50 4.9960
5626.55 4.9958
5626.60 4.9957
5626.65 4.9956
5626.70 4.9954
5626.75 4.9953
5626.80 4.9951
5626.85 4.9950
5626.90 4.9949
5626.95 4.9947
5627.00 4.9946
5627.05 4.9944
5627.10 4.9943
5627.15 4.9942
5627.20 4.9940
5627.25 4.9939
5627.30 4.9937
5627.35 4.9936
5627.40 4.9934
5627.45 4.9933
5627.50 4.9931
5627.55 4.9930
5627.60 4.9929
5627.65 4.9927
5627.70 4.9926
5627.75 4.9924
5627.80 4.9923
5627.85 4.9921
5627.90 4.9919
5627.95 4.9918
5628.00 4.9916
5628.05 4.9915
5628.10 4.9913
5628.15 4.9912
5628.20 4.9910
5628.25 4.9909
5628.30 4.9907
5628.35 4.9906
5628.40 4.9904
5628.45 4.9902
5628.50 4.9901
5628.55 4.9899
5628.60 4.9898
5628.65 4.9896
5628.70 4.9894
5628.75 4.9893
5628.80 4.9891
5628.85 4.9889
5628.90 4.9888
5628.95 4.9886
5629.00 4.9884
5629.05 4.9883
5629.10 4.9881
5629.15 4.9879
5629.20 4.9878
5629.25 4.9876
5629.30 4.9874
5629.35 4.9872
5629.40 4.9871
5629.45 4.9869
5629.50 4.9867
5629.55 4.9865
5629.60 4.9864
5629.65 4.9862
5629.70 4.9860
5629.75 4.9858
5629.80 4.9857
5629.85 4.9855
5629.90 4.9853
5629.95 4.9851
5630.00 4.9849
5630.05 4.9847
5630.10 4.9846
5630.15 4.9844
5630.20 4.9842
5630.25 4.9840
5630.30 4.9838
5630.35 4.9836
5630.40 4.9834
5630.45 4.9833
5630.50 4.9831
5630.55 4.9829
5630.60 4.9827
5630.65 4.9825
5630.70 4.9823
5630.75 4.9821
5630.80 4.9819
5630.85 4.9817
5630.90 4.9815
5630.95 4.9813
5631.00 4.9811
5631.05 4.9809
5631.10 4.9807
5631.15 4.9805
5631.20 4.9803
5631.25 4.9801
5631.30 4.9799
5631.35 4.9797
5631.40 4.9795
5631.45 4.9793
5631.50 4.9791
5631.55 4.9789
5631.60 4.9787
5631.65 4.9785
5631.70 4.9783
5631.75 4.9781
5631.80 4.9779
5631.85 4.9777
5631.90 4.9774
5631.95 4.9772
5632.00 4.9770
5632.05 4.9768
5632.10 4.9766
5632.15 4.9764
5632.20 4.9762
5632.25 4.9760
5632.30 4.9757
5632.35 4.9755
5632.40 4.9753
5632.45 4.9751
5632.50 4.9749
5632.55 4.9747
5632.60 4.9744
5632.65 4.9742
5632.70 4.9740
5632.75 4.9738
5632.80 4.9736
5632.85 4.9733
5632.90 4.9731
5632.95 4.9729
5633.00 4.9727
5633.05 4.9724
5633.10 4.9722
5633.15 4.9720
5633.20 4.9718
5633.25 4.9715
5633.30 4.9713
5633.35 4.9711
5633.40 4.9709
5633.45 4.9706
5633.50 4.9704
5633.55 4.9702
5633.60 4.9699
5633.65 4.9697
5633.70 4.9695
5633.75 4.9692
5633.80 4.9690
5633.85 4.9688
5633.90 4.9685
5633.95 4.9683
5634.00 4.9681
5634.05 4.9678
5634.10 4.9676
5634.15 4.9674
5634.20 4.9671
5634.25 4.9669
5634.30 4.9667
5634.35 4.9664
5634.40 4.9662
5634.45 4.9660
5634.50 4.9657
5634.55 4.9655
5634.60 4.9653
5634.65 4.9650
5634.70 4.9648
5634.75 4.9645
5634.80 4.9643
5634.85 4.9641
5634.90 4.9638
5634.95 4.9636
5635.00 4.9633
5635.05 4.9631
5635.10 4.9629
5635.15 4.9626
5635.20 4.9624
5635.25 4.9621
5635.30 4.9619
5635.35 4.9617
5635.40 4.9614
5635.45 4.9612
5635.50 4.9609
5635.55 4.9607
5635.60 4.9605
5635.65 4.9602
5635.70 4.9600
5635.75 4.9597
5635.80 4.9595
5635.85 4.9592
5635.90 4.9590
5635.95 4.9588
5636.00 4.9585
5636.05 4.9583
5636.10 4.9580
5636.15 4.9578
5636.20 4.9576
5636.25 4.9573
5636.30 4.9571
5636.35 4.9568
5636.40 4.9566
5636.45 4.9563
5636.50 4.9561
5636.55 4.9559
5636.60 4.9556
5636.65 4.9554
5636.70 4.9551
5636.75 4.9549
5636.80 4.9546
5636.85 4.9544
5636.90 4.9542
5636.95 4.9539
5637.00 4.9537
5637.05 4.9534
5637.10 4.9532
5637.15 4.9530
5637.20 4.9527
5637.25 4.9525
5637.30 4.9522
5637.35 4.9520
5637.40 4.9518
5637.45 4.9515
5637.50 4.9513
5637.55 4.9510
5637.60 4.9508
5637.65 4.9506
5637.70 4.9503
5637.75 4.9501
5637.80 4.9498
5637.85 4.9496
5637.90 4.9494
5637.95 4.9491
5638.00 4.9489
5638.05 4.9486
5638.10 4.9484
5638.15 4.9482
5638.20 4.9479
5638.25 4.9477
5638.30 4.9475
5638.35 4.9472
5638.40 4.9470
5638.45 4.9468
5638.50 4.9465
5638.55 4.9463
5638.60 4.9461
5638.65 4.9458
5638.70 4.9456
5638.75 4.9454
5638.80 4.9451
5638.85 4.9449
5638.90 4.9447
5638.95 4.9444
5639.00 4.9442
5639.05 4.9440
5639.10 4.9438
5639.15 4.9435
5639.20 4.9433
5639.25 4.9431
5639.30 4.9428
5639.35 4.9426
5639.40 4.9424
5639.45 4.9422
5639.50 4.9419
5639.55 4.9417
5639.60 4.9415
5639.65 4.9413
5639.70 4.9410
5639.75 4.9408
5639.80 4.9406
5639.85 4.9404
5639.90 4.9401
5639.95 4.9399
5640.00 4.9397
5640.05 4.9395
5640.10 4.9393
5640.15 4.9390
5640.20 4.9388
5640.25 4.9386
5640.30 4.9384
5640.35 4.9382
5640.40 4.9379
5640.45 4.9377
5640.50 4.9375
5640.55 4.9373
5640.60 4.9371
5640.65 4.9369
5640.70 4.9367
5640.75 4.9364
5640.80 4.9362
5640.85 4.9360
5640.90 4.9358
5640.95 4.9356
5641.00 4.9354
5641.05 4.9352
5641.10 4.9350
5641.15 4.9348
5641.20 4.9345
5641.25 4.9343
5641.30 4.9341
5641.35 4.9339
5641.40 4.9337
5641.45 4.9335
5641.50 4.9333
5641.55 4.9331
5641.60 4.9329
5641.65 4.9327
5641.70 4.9325
5641.75 4.9323
5641.80 4.9321
5641.85 4.9319
5641.90 4.9317
5641.95 4.9315
5642.00 4.9313
5642.05 4.9311
5642.10 4.9309
5642.15 4.9307
5642.20 4.9305
5642.25 4.9303
5642.30 4.9301
5642.35 4.9299
5642.40 4.9297
5642.45 4.9295
5642.50 4.9293
5642.55 4.9291
5642.60 4.9289
5642.65 4.9287
5642.70 4.9285
5642.75 4.9283
5642.80 4.9282
5642.85 4.9280
5642.90 4.9278
5642.95 4.9276
5643.00 4.9274
5643.05 4.9272
5643.10 4.9270
5643.15 4.9268
5643.20 4.9266
5643.25 4.9265
5643.30 4.9263
5643.35 4.9261
5643.40 4.9259
5643.45 4.9257
5643.50 4.9255
5643.55 4.9253
5643.60 4.9252
5643.65 4.9250
5643.70 4.9248
5643.75 4.9246
5643.80 4.9244
5643.85 4.9242
5643.90 4.9241
5643.95 4.9239
5644.00 4.9237
5644.05 4.9235
5644.10 4.9233
5644.15 4.9232
5644.20 4.9230
5644.25 4.9228
5644.30 4.9226
5644.35 4.9224
5644.40 4.9223
5644.45 4.9221
5644.50 4.9219
5644.55 4.9217
5644.60 4.9216
5644.65 4.9214
5644.70 4.9212
5644.75 4.9210
5644.80 4.9208
5644.85 4.9207
5644.90 4.9205
5644.95 4.9203
5645.00 4.9201
5645.05 4.9200
5645.10 4.9198
5645.15 4.9196
5645.20 4.9195
5645.25 4.9193
5645.30 4.9191
5645.35 4.9189
5645.40 4.9188
5645.45 4.9186
5645.50 4.9184
5645.55 4.9182
5645.60 4.9181
5645.65 4.9179
5645.70 4.9177
5645.75 4.9176
5645.80 4.9174
5645.85 4.9172
5645.90 4.9170
5645.95 4.9169
5646.00 4.9167
5646.05 4.9165
5646.10 4.9164
5646.15 4.9162
5646.20 4.9160
5646.25 4.9158
5646.30 4.9157
5646.35 4.9155
5646.40 4.9153
5646.45 4.9152
5646.50 4.9150
5646.55 4.9148
5646.60 4.9146
5646.65 4.9145
5646.70 4.9143
5646.75 4.9141
5646.80 4.9140
5646.85 4.9138
5646.90 4.9136
5646.95 4.9135
5647.00 4.9133
5647.05 4.9131
5647.10 4.9129
5647.15 4.9128
5647.20 4.9126
5647.25 4.9124
5647.30 4.9122
5647.35 4.9121
5647.40 4.9119
5647.45 4.9117
5647.50 4.9116
5647.55 4.9114
5647.60 4.9112
5647.65 4.9110
5647.70 4.9109
5647.75 4.9107
5647.80 4.9105
5647.85 4.9103
5647.90 4.9102
5647.95 4.9100
5648.00 4.9098
5648.05 4.9096
5648.10 4.9095
5648.15 4.9093
5648.20 4.9091
5648.25 4.9089
5648.30 4.9088
5648.35 4.9086
5648.40 4.9084
5648.45 4.9082
5648.50 4.9080
5648.55 4.9079
5648.60 4.9077
5648.65 4.9075
5648.70 4.9073
5648.75 4.9071
5648.80 4.9070
5648.85 4.9068
5648.90 4.9066
5648.95 4.9064
5649.00 4.9062
5649.05 4.9061
5649.10 4.9059
5649.15 4.9057
5649.20 4.9055
5649.25 4.9053
5649.30 4.9051
5649.35 4.9049
5649.40 4.9048
5649.45 4.9046
5649.50 4.9044
5649.55 4.9042
5649.60 4.9040
5649.65 4.9038
5649.70 4.9036
5649.75 4.9034
5649.80 4.9032
5649.85 4.9030
5649.90 4.9029
5649.95 4.9027
5650.00 4.9025
5650.05 4.9023
5650.10 4.9021
5650.15 4.9019
5650.20 4.9017
5650.25 4.9015
5650.30 4.9013
5650.35 4.9011
5650.40 4.9009
5650.45 4.9007
5650.50 4.9005
5650.55 4.9003
5650.60 4.9001
5650.65 4.8999
5650.70 4.8997
5650.75 4.8995
5650.80 4.8993
5650.85 4.8991
5650.90 4.8989
5650.95 4.8986
5651.00 4.8984
5651.05 4.8982
5651.10 4.8980
5651.15 4.8978
5651.20 4.8976
5651.25 4.8974
5651.30 4.8972
5651.35 4.8970
5651.40 4.8967
5651.45 4.8965
5651.50 4.8963
5651.55 4.8961
5651.60 4.8959
5651.65 4.8957
5651.70 4.8954
5651.75 4.8952
5651.80 4.8950
5651.85 4.8948
5651.90 4.8946
5651.95 4.8943
5652.00 4.8941
5652.05 4.8939
5652.10 4.8936
5652.15 4.8934
5652.20 4.8932
5652.25 4.8930
5652.30 4.8927
5652.35 4.8925
5652.40 4.8923
5652.45 4.8920
5652.50 4.8918
5652.55 4.8916
5652.60 4.8913
5652.65 4.8911
5652.70 4.8909
5652.75 4.8906
5652.80 4.8904
5652.85 4.8901
5652.90 4.8899
5652.95 4.8897
5653.00 4.8894
5653.05 4.8892
5653.10 4.8889
5653.15 4.8887
5653.20 4.8884
5653.25 4.8882
5653.30 4.8879
5653.35 4.8877
5653.40 4.8874
5653.45 4.8872
5653.50 4.8869
5653.55 4.8867
5653.60 4.8864
5653.65 4.8862
5653.70 4.8859
5653.75 4.8856
5653.80 4.8854
5653.85 4.8851
5653.90 4.8849
5653.95 4.8846
5654.00 4.8843
5654.05 4.8841
5654.10 4.8838
5654.15 4.8835
5654.20 4.8833
5654.25 4.8830
5654.30 4.8827
5654.35 4.8825
5654.40 4.8822
5654.45 4.8819
5654.50 4.8817
5654.55 4.8814
5654.60 4.8811
5654.65 4.8808
5654.70 4.8805
5654.75 4.8803
5654.80 4.8800
5654.85 4.8797
5654.90 4.8794
5654.95 4.8791
5655.00 4.8789
5655.05 4.8786
5655.10 4.8783
5655.15 4.8780
5655.20 4.8777
5655.25 4.8774
5655.30 4.8771
5655.35 4.8768
5655.40 4.8766
5655.45 4.8763
5655.50 4.8760
5655.55 4.8757
5655.60 4.8754
5655.65 4.8751
5655.70 4.8748
5655.75 4.8745
5655.80 4.8742
5655.85 4.8739
5655.90 4.8736
5655.95 4.8733
5656.00 4.8730
5656.05 4.8727
5656.10 4.8723
5656.15 4.8720
5656.20 4.8717
5656.25 4.8714
5656.30 4.8711
5656.35 4.8708
5656.40 4.8705
5656.45 4.8702
5656.50 4.8698
5656.55 4.8695
5656.60 4.8692
5656.65 4.8689
5656.70 4.8686
5656.75 4.8682
5656.80 4.8679
5656.85 4.8676
5656.90 4.8673
5656.95 4.8669
5657.00 4.8666
5657.05 4.8663
5657.10 4.8660
5657.15 4.8656
5657.20 4.8653
5657.25 4.8650
5657.30 4.8646
5657.35 4.8643
5657.40 4.8639
5657.45 4.8636
5657.50 4.8633
5657.55 4.8629
5657.60 4.8626
5657.65 4.8622
5657.70 4.8619
5657.75 4.8615
5657.80 4.8612
5657.85 4.8608
5657.90 4.8605
5657.95 4.8601
5658.00 4.8598
5658.05 4.8594
5658.10 4.8591
5658.15 4.8587
5658.20 4.8584
5658.25 4.8580
5658.30 4.8577
5658.35 4.8573
5658.40 4.8569
5658.45 4.8566
5658.50 4.8562
5658.55 4.8558
5658.60 4.8555
5658.65 4.8551
5658.70 4.8547
5658.75 4.8544
5658.80 4.8540
5658.85 4.8536
5658.90 4.8532
5658.95 4.8529
5659.00 4.8525
5659.05 4.8521
5659.10 4.8517
5659.15 4.8513
5659.20 4.8510
5659.25 4.8506
5659.30 4.8502
5659.35 4.8498
5659.40 4.8494
5659.45 4.8490
5659.50 4.8486
5659.55 4.8482
5659.60 4.8478
5659.65 4.8474
5659.70 4.8470
5659.75 4.8466
5659.80 4.8462
5659.85 4.8458
5659.90 4.8454
5659.95 4.8450
5660.00 4.8446
5660.05 4.8442
5660.10 4.8438
5660.15 4.8434
5660.20 4.8430
5660.25 4.8426
5660.30 4.8422
5660.35 4.8417
5660.40 4.8413
5660.45 4.8409
5660.50 4.8405
5660.55 4.8401
5660.60 4.8396
5660.65 4.8392
5660.70 4.8388
5660.75 4.8384
5660.80 4.8379
5660.85 4.8375
5660.90 4.8371
5660.95 4.8366
5661.00 4.8362
5661.05 4.8358
5661.10 4.8353
5661.15 4.8349
5661.20 4.8344
5661.25 4.8340
5661.30 4.8336
5661.35 4.8331
5661.40 4.8327
5661.45 4.8322
5661.50 4.8318
5661.55 4.8313
5661.60 4.8309
5661.65 4.8304
5661.70 4.8299
5661.75 4.8295
5661.80 4.8290
5661.85 4.8286
5661.90 4.8281
5661.95 4.8276
5662.00 4.8272
5662.05 4.8267
5662.10 4.8262
5662.15 4.8257
5662.20 4.8253
5662.25 4.8248
5662.30 4.8243
5662.35 4.8238
5662.40 4.8233
5662.45 4.8229
5662.50 4.8224
5662.55 4.8219
5662.60 4.8214
5662.65 4.8209
5662.70 4.8204
5662.75 4.8199
5662.80 4.8194
5662.85 4.8189
5662.90 4.8184
5662.95 4.8179
5663.00 4.8174
5663.05 4.8169
5663.10 4.8164
5663.15 4.8159
5663.20 4.8154
5663.25 4.8149
5663.30 4.8144
5663.35 4.8139
5663.40 4.8133
5663.45 4.8128
5663.50 4.8123
5663.55 4.8118
5663.60 4.8112
5663.65 4.8107
5663.70 4.8102
5663.75 4.8097
5663.80 4.8091
5663.85 4.8086
5663.90 4.8081
5663.95 4.8075
5664.00 4.8070
5664.05 4.8064
5664.10 4.8059
5664.15 4.8054
5664.20 4.8048
5664.25 4.8043
5664.30 4.8037
5664.35 4.8032
5664.40 4.8026
5664.45 4.8020
5664.50 4.8015
5664.55 4.8009
5664.60 4.8004
5664.65 4.7998
5664.70 4.7992
5664.75 4.7987
5664.80 4.7981
5664.85 4.7975
5664.90 4.7969
5664.95 4.7964
5665.00 4.7958
5665.05 4.7952
5665.10 4.7946
5665.15 4.7940
5665.20 4.7935
5665.25 4.7929
5665.30 4.7923
5665.35 4.7917
5665.40 4.7911
5665.45 4.7905
5665.50 4.7899
5665.55 4.7893
5665.60 4.7887
5665.65 4.7881
5665.70 4.7875
5665.75 4.7869
5665.80 4.7863
5665.85 4.7857
5665.90 4.7851
5665.95 4.7844
5666.00 4.7838
5666.05 4.7832
5666.10 4.7826
5666.15 4.7820
5666.20 4.7813
5666.25 4.7807
5666.30 4.7801
5666.35 4.7795
5666.40 4.7788
5666.45 4.7782
5666.50 4.7776
5666.55 4.7769
5666.60 4.7763
5666.65 4.7756
5666.70 4.7750
5666.75 4.7744
5666.80 4.7737
5666.85 4.7731
5666.90 4.7724
5666.95 4.7718
5667.00 4.7711
5667.05 4.7704
5667.10 4.7698
5667.15 4.7691
5667.20 4.7685
5667.25 4.7678
5667.30 4.7671
5667.35 4.7665
5667.40 4.7658
5667.45 4.7651
5667.50 4.7644
5667.55 4.7638
5667.60 4.7631
5667.65 4.7624
5667.70 4.7617
5667.75 4.7611
5667.80 4.7604
5667.85 4.7597
5667.90 4.7590
5667.95 4.7583
5668.00 4.7576
5668.05 4.7569
5668.10 4.7562
5668.15 4.7555
5668.20 4.7548
5668.25 4.7541
5668.30 4.7534
5668.35 4.7527
5668.40 4.7520
5668.45 4.7513
5668.50 4.7506
5668.55 4.7499
5668.60 4.7492
5668.65 4.7485
5668.70 4.7477
5668.75 4.7470
5668.80 4.7463
5668.85 4.7456
5668.90 4.7449
5668.95 4.7441
5669.00 4.7434
5669.05 4.7427
5669.10 4.7420
5669.15 4.7412
5669.20 4.7405
5669.25 4.7398
5669.30 4.7390
5669.35 4.7383
5669.40 4.7376
5669.45 4.7368
5669.50 4.7361
5669.55 4.7353
5669.60 4.7346
5669.65 4.7338
5669.70 4.7331
5669.75 4.7323
5669.80 4.7316
5669.85 4.7308
5669.90 4.7301
5669.95 4.7293
5670.00 4.7286
5670.05 4.7278
5670.10 4.7271
5670.15 4.7263
5670.20 4.7255
5670.25 4.7248
5670.30 4.7240
5670.35 4.7232
5670.40 4.7225
5670.45 4.7217
5670.50 4.7209
5670.55 4.7202
5670.60 4.7194
5670.65 4.7186
5670.70 4.7178
5670.75 4.7171
5670.80 4.7163
5670.85 4.7155
5670.90 4.7147
5670.95 4.7139
5671.00 4.7131
5671.05 4.7124
5671.10 4.7116
5671.15 4.7108
5671.20 4.7100
5671.25 4.7092
5671.30 4.7084
5671.35 4.7076
5671.40 4.7068
5671.45 4.7060
5671.50 4.7052
5671.55 4.7045
5671.60 4.7037
5671.65 4.7029
5671.70 4.7021
5671.75 4.7013
5671.80 4.7005
5671.85 4.6997
5671.90 4.6989
5671.95 4.6980
5672.00 4.6972
5672.05 4.6964
5672.10 4.6956
5672.15 4.6948
5672.20 4.6940
5672.25 4.6932
5672.30 4.6924
5672.35 4.6916
5672.40 4.6908
5672.45 4.6900
5672.50 4.6891
5672.55 4.6883
5672.60 4.6875
5672.65 4.6867
5672.70 4.6859
5672.75 4.6851
5672.80 4.6842
5672.85 4.6834
5672.90 4.6826
5672.95 4.6818
5673.00 4.6810
5673.05 4.6801
5673.10 4.6793
5673.15 4.6785
5673.20 4.6777
5673.25 4.6769
5673.30 4.6760
5673.35 4.6752
5673.40 4.6744
5673.45 4.6735
5673.50 4.6727
5673.55 4.6719
5673.60 4.6711
5673.65 4.6702
5673.70 4.6694
5673.75 4.6686
5673.80 4.6678
5673.85 4.6669
5673.90 4.6661
5673.95 4.6653
5674.00 4.6644
5674.05 4.6636
5674.10 4.6628
5674.15 4.6619
5674.20 4.6611
5674.25 4.6603
5674.30 4.6594
5674.35 4.6586
5674.40 4.6578
5674.45 4.6569
5674.50 4.6561
5674.55 4.6553
5674.60 4.6544
5674.65 4.6536
5674.70 4.6528
5674.75 4.6519
5674.80 4.6511
5674.85 4.6503
5674.90 4.6494
5674.95 4.6486
5675.00 4.6478
5675.05 4.6469
5675.10 4.6461
5675.15 4.6453
5675.20 4.6444
5675.25 4.6436
5675.30 4.6428
5675.35 4.6419
5675.40 4.6411
5675.45 4.6403
5675.50 4.6394
5675.55 4.6386
5675.60 4.6378
5675.65 4.6369
5675.70 4.6361
5675.75 4.6353
5675.80 4.6344
5675.85 4.6336
5675.90 4.6328
5675.95 4.6319
5676.00 4.6311
5676.05 4.6303
5676.10 4.6294
5676.15 4.6286
5676.20 4.6278
5676.25 4.6269
5676.30 4.6261
5676.35 4.6253
5676.40 4.6245
5676.45 4.6236
5676.50 4.6228
5676.55 4.6220
5676.60 4.6211
5676.65 4.6203
5676.70 4.6195
5676.75 4.6187
5676.80 4.6178
5676.85 4.6170
5676.90 4.6162
5676.95 4.6154
5677.00 4.6145
5677.05 4.6137
5677.10 4.6129
5677.15 4.6121
5677.20 4.6112
5677.25 4.6104
5677.30 4.6096
5677.35 4.6088
5677.40 4.6080
5677.45 4.6071
5677.50 4.6063
5677.55 4.6055
5677.60 4.6047
5677.65 4.6039
5677.70 4.6031
5677.75 4.6022
5677.80 4.6014
5677.85 4.6006
5677.90 4.5998
5677.95 4.5990
5678.00 4.5982
5678.05 4.5974
5678.10 4.5966
5678.15 4.5958
5678.20 4.5950
5678.25 4.5941
5678.30 4.5933
5678.35 4.5925
5678.40 4.5917
5678.45 4.5909
5678.50 4.5901
5678.55 4.5893
5678.60 4.5885
5678.65 4.5877
5678.70 4.5869
5678.75 4.5861
5678.80 4.5853
5678.85 4.5845
5678.90 4.5837
5678.95 4.5829
5679.00 4.5821
5679.05 4.5814
5679.10 4.5806
5679.15 4.5798
5679.20 4.5790
5679.25 4.5782
5679.30 4.5774
5679.35 4.5766
5679.40 4.5758
5679.45 4.5751
5679.50 4.5743
5679.55 4.5735
5679.60 4.5727
5679.65 4.5719
5679.70 4.5711
5679.75 4.5704
5679.80 4.5696
5679.85 4.5688
5679.90 4.5680
5679.95 4.5673
5680.00 4.5665
5680.05 4.5657
5680.10 4.5650
5680.15 4.5642
5680.20 4.5634
5680.25 4.5627
5680.30 4.5619
5680.35 4.5611
5680.40 4.5604
5680.45 4.5596
5680.50 4.5588
5680.55 4.5581
5680.60 4.5573
5680.65 4.5566
5680.70 4.5558
5680.75 4.5550
5680.80 4.5543
5680.85 4.5535
5680.90 4.5528
5680.95 4.5520
5681.00 4.5513
5681.05 4.5505
5681.10 4.5498
5681.15 4.5490
5681.20 4.5483
5681.25 4.5476
5681.30 4.5468
5681.35 4.5461
5681.40 4.5453
5681.45 4.5446
5681.50 4.5439
5681.55 4.5431
5681.60 4.5424
5681.65 4.5417
5681.70 4.5409
5681.75 4.5402
5681.80 4.5395
5681.85 4.5387
5681.90 4.5380
5681.95 4.5373
5682.00 4.5366
5682.05 4.5358
5682.10 4.5351
5682.15 4.5344
5682.20 4.5337
5682.25 4.5330
5682.30 4.5322
5682.35 4.5315
5682.40 4.5308
5682.45 4.5301
5682.50 4.5294
5682.55 4.5287
5682.60 4.5280
5682.65 4.5272
5682.70 4.5265
5682.75 4.5258
5682.80 4.5251
5682.85 4.5244
5682.90 4.5237
5682.95 4.5230
5683.00 4.5223
5683.05 4.5216
5683.10 4.5209
5683.15 4.5202
5683.20 4.5195
5683.25 4.5188
5683.30 4.5182
5683.35 4.5175
5683.40 4.5168
5683.45 4.5161
5683.50 4.5154
5683.55 4.5147
5683.60 4.5140
5683.65 4.5133
5683.70 4.5127
5683.75 4.5120
5683.80 4.5113
5683.85 4.5106
5683.90 4.5100
5683.95 4.5093
5684.00 4.5086
5684.05 4.5079
5684.10 4.5073
5684.15 4.5066
5684.20 4.5059
5684.25 4.5053
5684.30 4.5046
5684.35 4.5039
5684.40 4.5033
5684.45 4.5026
5684.50 4.5019
5684.55 4.5013
5684.60 4.5006
5684.65 4.5000
5684.70 4.4993
5684.75 4.4987
5684.80 4.4980
5684.85 4.4973
5684.90 4.4967
5684.95 4.4960
5685.00 4.4954
5685.05 4.4948
5685.10 4.4941
5685.15 4.4935
5685.20 4.4928
5685.25 4.4922
5685.30 4.4915
5685.35 4.4909
5685.40 4.4903
5685.45 4.4896
5685.50 4.4890
5685.55 4.4884
5685.60 4.4877
5685.65 4.4871
5685.70 4.4865
5685.75 4.4858
5685.80 4.4852
5685.85 4.4846
5685.90 4.4840
5685.95 4.4834
5686.00 4.4827
5686.05 4.4821
5686.10 4.4815
5686.15 4.4809
5686.20 4.4803
5686.25 4.4797
5686.30 4.4790
5686.35 4.4784
5686.40 4.4778
5686.45 4.4772
5686.50 4.4766
5686.55 4.4760
5686.60 4.4754
5686.65 4.4748
5686.70 4.4742
5686.75 4.4736
5686.80 4.4730
5686.85 4.4724
5686.90 4.4718
5686.95 4.4712
5687.00 4.4706
5687.05 4.4700
5687.10 4.4694
5687.15 4.4689
5687.20 4.4683
5687.25 4.4677
5687.30 4.4671
5687.35 4.4665
5687.40 4.4660
5687.45 4.4654
5687.50 4.4648
5687.55 4.4642
5687.60 4.4637
5687.65 4.4631
5687.70 4.4625
5687.75 4.4619
5687.80 4.4614
5687.85 4.4608
5687.90 4.4602
5687.95 4.4597
5688.00 4.4591
5688.05 4.4586
5688.10 4.4580
5688.15 4.4575
5688.20 4.4569
5688.25 4.4564
5688.30 4.4558
5688.35 4.4553
5688.40 4.4547
5688.45 4.4542
5688.50 4.4536
5688.55 4.4531
5688.60 4.4525
5688.65 4.4520
5688.70 4.4515
5688.75 4.4509
5688.80 4.4504
5688.85 4.4499
5688.90 4.4494
5688.95 4.4488
5689.00 4.4483
5689.05 4.4478
5689.10 4.4473
5689.15 4.4467
5689.20 4.4462
5689.25 4.4457
5689.30 4.4452
5689.35 4.4447
5689.40 4.4442
5689.45 4.4437
5689.50 4.4432
5689.55 4.4427
5689.60 4.4422
5689.65 4.4417
5689.70 4.4412
5689.75 4.4407
5689.80 4.4402
5689.85 4.4397
5689.90 4.4392
5689.95 4.4387
5690.00 4.4382
5690.05 4.4378
5690.10 4.4373
5690.15 4.4368
5690.20 4.4363
5690.25 4.4359
5690.30 4.4354
5690.35 4.4349
5690.40 4.4345
5690.45 4.4340
5690.50 4.4335
5690.55 4.4331
5690.60 4.4326
5690.65 4.4322
5690.70 4.4317
5690.75 4.4313
5690.80 4.4308
5690.85 4.4304
5690.90 4.4299
5690.95 4.4295
5691.00 4.4291
5691.05 4.4286
5691.10 4.4282
5691.15 4.4278
5691.20 4.4273
5691.25 4.4269
5691.30 4.4265
5691.35 4.4261
5691.40 4.4256
5691.45 4.4252
5691.50 4.4248
5691.55 4.4244
5691.60 4.4240
5691.65 4.4236
5691.70 4.4232
5691.75 4.4228
5691.80 4.4224
5691.85 4.4220
5691.90 4.4216
5691.95 4.4212
5692.00 4.4209
5692.05 4.4205
5692.10 4.4201
5692.15 4.4197
5692.20 4.4193
5692.25 4.4190
5692.30 4.4186
5692.35 4.4182
5692.40 4.4179
5692.45 4.4175
5692.50 4.4172
5692.55 4.4168
5692.60 4.4165
5692.65 4.4161
5692.70 4.4158
5692.75 4.4154
5692.80 4.4151
5692.85 4.4148
5692.90 4.4144
5692.95 4.4141
5693.00 4.4138
5693.05 4.4135
5693.10 4.4131
5693.15 4.4128
5693.20 4.4125
5693.25 4.4122
5693.30 4.4119
5693.35 4.4116
5693.40 4.4113
5693.45 4.4110
5693.50 4.4107
5693.55 4.4104
5693.60 4.4101
5693.65 4.4098
5693.70 4.4096
5693.75 4.4093
5693.80 4.4090
5693.85 4.4087
5693.90 4.4085
5693.95 4.4082
5694.00 4.4079
5694.05 4.4077
5694.10 4.4074
5694.15 4.4072
5694.20 4.4069
5694.25 4.4067
5694.30 4.4065
5694.35 4.4062
5694.40 4.4060
5694.45 4.4058
5694.50 4.4055
5694.55 4.4053
5694.60 4.4051
5694.65 4.4049
5694.70 4.4047
5694.75 4.4045
5694.80 4.4043
5694.85 4.4041
5694.90 4.4039
5694.95 4.4037
5695.00 4.4035
5695.05 4.4033
5695.10 4.4031
5695.15 4.4029
5695.20 4.4027
5695.25 4.4026
5695.30 4.4024
5695.35 4.4022
5695.40 4.4021
5695.45 4.4019
5695.50 4.4018
5695.55 4.4016
5695.60 4.4015
5695.65 4.4013
5695.70 4.4012
5695.75 4.4011
5695.80 4.4009
5695.85 4.4008
5695.90 4.4007
5695.95 4.4006
5696.00 4.4004
5696.05 4.4003
5696.10 4.4002
5696.15 4.4001
5696.20 4.4000
5696.25 4.3999
5696.30 4.3998
5696.35 4.3997
5696.40 4.3997
5696.45 4.3996
5696.50 4.3995
5696.55 4.3994
5696.60 4.3994
5696.65 4.3993
5696.70 4.3992
5696.75 4.3992
5696.80 4.3991
5696.85 4.3991
5696.90 4.3990
5696.95 4.3990
5697.00 4.3989
5697.05 4.3989
5697.10 4.3989
5697.15 4.3988
5697.20 4.3988
5697.25 4.3988
5697.30 4.3988
5697.35 4.3988
5697.40 4.3988
5697.45 4.3988
