4281.50 19.8927
4281.55 19.8918
4281.60 19.8910
4281.65 19.8901
4281.70 19.8892
4281.75 19.8884
4281.80 19.8875
4281.85 19.8867
4281.90 19.8858
4281.95 19.8850
4282.00 19.8841
4282.05 19.8833
4282.10 19.8825
4282.15 19.8816
4282.20 19.8808
4282.25 19.8800
4282.30 19.8792
4282.35 19.8783
4282.40 19.8775
4282.45 19.8767
4282.50 19.8759
4282.55 19.8751
4282.60 19.8743
4282.65 19.8735
4282.70 19.8727
4282.75 19.8719
4282.80 19.8711
4282.85 19.8704
4282.90 19.8696
4282.95 19.8688
4283.00 19.8680
4283.05 19.8673
4283.10 19.8665
4283.15 19.8657
4283.20 19.8650
4283.25 19.8642
4283.30 19.8635
4283.35 19.8627
4283.40 19.8620
4283.45 19.8612
4283.50 19.8605
4283.55 19.8597
4283.60 19.8590
4283.65 19.8583
4283.70 19.8575
4283.75 19.8568
4283.80 19.8561
4283.85 19.8554
4283.90 19.8547
4283.95 19.8539
4284.00 19.8532
4284.05 19.8525
4284.10 19.8518
4284.15 19.8511
4284.20 19.8504
4284.25 19.8497
4284.30 19.8490
4284.35 19.8483
4284.40 19.8477
4284.45 19.8470
4284.50 19.8463
4284.55 19.8456
4284.60 19.8450
4284.65 19.8443
4284.70 19.8436
4284.75 19.8429
4284.80 19.8423
4284.85 19.8416
4284.90 19.8410
4284.95 19.8403
4285.00 19.8397
4285.05 19.8390
4285.10 19.8384
4285.15 19.8377
4285.20 19.8371
4285.25 19.8365
4285.30 19.8358
4285.35 19.8352
4285.40 19.8346
4285.45 19.8339
4285.50 19.8333
4285.55 19.8327
4285.60 19.8321
4285.65 19.8315
4285.70 19.8309
4285.75 19.8303
4285.80 19.8297
4285.85 19.8291
4285.90 19.8285
4285.95 19.8279
4286.00 19.8273
4286.05 19.8267
4286.10 19.8261
4286.15 19.8255
4286.20 19.8249
4286.25 19.8243
4286.30 19.8238
4286.35 19.8232
4286.40 19.8226
4286.45 19.8220
4286.50 19.8215
4286.55 19.8209
4286.60 19.8203
4286.65 19.8198
4286.70 19.8192
4286.75 19.8187
4286.80 19.8181
4286.85 19.8176
4286.90 19.8170
4286.95 19.8165
4287.00 19.8159
4287.05 19.8154
4287.10 19.8149
4287.15 19.8143
4287.20 19.8138
4287.25 19.8133
4287.30 19.8127
4287.35 19.8122
4287.40 19.8117
4287.45 19.8112
4287.50 19.8107
4287.55 19.8101
4287.60 19.8096
4287.65 19.8091
4287.70 19.8086
4287.75 19.8081
4287.80 19.8076
4287.85 19.8071
4287.90 19.8066
4287.95 19.8061
4288.00 19.8056
4288.05 19.8051
4288.10 19.8046
4288.15 19.8041
4288.20 19.8037
4288.25 19.8032
4288.30 19.8027
4288.35 19.8022
4288.40 19.8018
4288.45 19.8013
4288.50 19.8008
4288.55 19.8003
4288.60 19.7999
4288.65 19.7994
4288.70 19.7990
4288.75 19.7985
4288.80 19.7980
4288.85 19.7976
4288.90 19.7971
4288.95 19.7967
4289.00 19.7962
4289.05 19.7958
4289.10 19.7953
4289.15 19.7949
4289.20 19.7945
4289.25 19.7940
4289.30 19.7936
4289.35 19.7932
4289.40 19.7927
4289.45 19.7923
4289.50 19.7919
4289.55 19.7914
4289.60 19.7910
4289.65 19.7906
4289.70 19.7902
4289.75 19.7898
4289.80 19.7893
4289.85 19.7889
4289.90 19.7885
4289.95 19.7881
4290.00 19.7877
4290.05 19.7873
4290.10 19.7869
4290.15 19.7865
4290.20 19.7861
4290.25 19.7857
4290.30 19.7853
4290.35 19.7849
4290.40 19.7845
4290.45 19.7841
4290.50 19.7837
4290.55 19.7834
4290.60 19.7830
4290.65 19.7826
4290.70 19.7822
4290.75 19.7818
4290.80 19.7815
4290.85 19.7811
4290.90 19.7807
4290.95 19.7803
4291.00 19.7800
4291.05 19.7796
4291.10 19.7792
4291.15 19.7789
4291.20 19.7785
4291.25 19.7782
4291.30 19.7778
4291.35 19.7774
4291.40 19.7771
4291.45 19.7767
4291.50 19.7764
4291.55 19.7760
4291.60 19.7757
4291.65 19.7753
4291.70 19.7750
4291.75 19.7747
4291.80 19.7743
4291.85 19.7740
4291.90 19.7736
4291.95 19.7733
4292.00 19.7730
4292.05 19.7726
4292.10 19.7723
4292.15 19.7720
4292.20 19.7717
4292.25 19.7713
4292.30 19.7710
4292.35 19.7707
4292.40 19.7704
4292.45 19.7700
4292.50 19.7697
4292.55 19.7694
4292.60 19.7691
4292.65 19.7688
4292.70 19.7685
4292.75 19.7682
4292.80 19.7678
4292.85 19.7675
4292.90 19.7672
4292.95 19.7669
4293.00 19.7666
4293.05 19.7663
4293.10 19.7660
4293.15 19.7657
4293.20 19.7654
4293.25 19.7651
4293.30 19.7648
4293.35 19.7646
4293.40 19.7643
4293.45 19.7640
4293.50 19.7637
4293.55 19.7634
4293.60 19.7631
4293.65 19.7628
4293.70 19.7625
4293.75 19.7623
4293.80 19.7620
4293.85 19.7617
4293.90 19.7614
4293.95 19.7611
4294.00 19.7609
4294.05 19.7606
4294.10 19.7603
4294.15 19.7601
4294.20 19.7598
4294.25 19.7595
4294.30 19.7593
4294.35 19.7590
4294.40 19.7587
4294.45 19.7585
4294.50 19.7582
4294.55 19.7579
4294.60 19.7577
4294.65 19.7574
4294.70 19.7572
4294.75 19.7569
4294.80 19.7567
4294.85 19.7564
4294.90 19.7561
4294.95 19.7559
4295.00 19.7556
4295.05 19.7554
4295.10 19.7552
4295.15 19.7549
4295.20 19.7547
4295.25 19.7544
4295.30 19.7542
4295.35 19.7539
4295.40 19.7537
4295.45 19.7535
4295.50 19.7532
4295.55 19.7530
4295.60 19.7527
4295.65 19.7525
4295.70 19.7523
4295.75 19.7520
4295.80 19.7518
4295.85 19.7516
4295.90 19.7513
4295.95 19.7511
4296.00 19.7509
4296.05 19.7507
4296.10 19.7504
4296.15 19.7502
4296.20 19.7500
4296.25 19.7498
4296.30 19.7495
4296.35 19.7493
4296.40 19.7491
4296.45 19.7489
4296.50 19.7487
4296.55 19.7484
4296.60 19.7482
4296.65 19.7480
4296.70 19.7478
4296.75 19.7476
4296.80 19.7474
4296.85 19.7472
4296.90 19.7469
4296.95 19.7467
4297.00 19.7465
4297.05 19.7463
4297.10 19.7461
4297.15 19.7459
4297.20 19.7457
4297.25 19.7455
4297.30 19.7453
4297.35 19.7451
4297.40 19.7449
4297.45 19.7447
4297.50 19.7445
4297.55 19.7443
4297.60 19.7441
4297.65 19.7439
4297.70 19.7437
4297.75 19.7435
4297.80 19.7433
4297.85 19.7431
4297.90 19.7429
4297.95 19.7427
4298.00 19.7425
4298.05 19.7423
4298.10 19.7421
4298.15 19.7419
4298.20 19.7417
4298.25 19.7416
4298.30 19.7414
4298.35 19.7412
4298.40 19.7410
4298.45 19.7408
4298.50 19.7406
4298.55 19.7404
4298.60 19.7402
4298.65 19.7401
4298.70 19.7399
4298.75 19.7397
4298.80 19.7395
4298.85 19.7393
4298.90 19.7391
4298.95 19.7390
4299.00 19.7388
4299.05 19.7386
4299.10 19.7384
4299.15 19.7382
4299.20 19.7381
4299.25 19.7379
4299.30 19.7377
4299.35 19.7375
4299.40 19.7373
4299.45 19.7372
4299.50 19.7370
4299.55 19.7368
4299.60 19.7366
4299.65 19.7365
4299.70 19.7363
4299.75 19.7361
4299.80 19.7360
4299.85 19.7358
4299.90 19.7356
4299.95 19.7354
4300.00 19.7353
4300.05 19.7351
4300.10 19.7349
4300.15 19.7348
4300.20 19.7346
4300.25 19.7344
4300.30 19.7342
4300.35 19.7341
4300.40 19.7339
4300.45 19.7337
4300.50 19.7336
4300.55 19.7334
4300.60 19.7332
4300.65 19.7331
4300.70 19.7329
4300.75 19.7327
4300.80 19.7326
4300.85 19.7324
4300.90 19.7323
4300.95 19.7321
4301.00 19.7319
4301.05 19.7318
4301.10 19.7316
4301.15 19.7314
4301.20 19.7313
4301.25 19.7311
4301.30 19.7309
4301.35 19.7308
4301.40 19.7306
4301.45 19.7305
4301.50 19.7303
4301.55 19.7301
4301.60 19.7300
4301.65 19.7298
4301.70 19.7297
4301.75 19.7295
4301.80 19.7293
4301.85 19.7292
4301.90 19.7290
4301.95 19.7289
4302.00 19.7287
4302.05 19.7285
4302.10 19.7284
4302.15 19.7282
4302.20 19.7281
4302.25 19.7279
4302.30 19.7277
4302.35 19.7276
4302.40 19.7274
4302.45 19.7273
4302.50 19.7271
4302.55 19.7269
4302.60 19.7268
4302.65 19.7266
4302.70 19.7265
4302.75 19.7263
4302.80 19.7262
4302.85 19.7260
4302.90 19.7258
4302.95 19.7257
4303.00 19.7255
4303.05 19.7254
4303.10 19.7252
4303.15 19.7250
4303.20 19.7249
4303.25 19.7247
4303.30 19.7246
4303.35 19.7244
4303.40 19.7243
4303.45 19.7241
4303.50 19.7239
4303.55 19.7238
4303.60 19.7236
4303.65 19.7235
4303.70 19.7233
4303.75 19.7231
4303.80 19.7230
4303.85 19.7228
4303.90 19.7227
4303.95 19.7225
4304.00 19.7224
4304.05 19.7222
4304.10 19.7220
4304.15 19.7219
4304.20 19.7217
4304.25 19.7216
4304.30 19.7214
4304.35 19.7212
4304.40 19.7211
4304.45 19.7209
4304.50 19.7208
4304.55 19.7206
4304.60 19.7204
4304.65 19.7203
4304.70 19.7201
4304.75 19.7200
4304.80 19.7198
4304.85 19.7196
4304.90 19.7195
4304.95 19.7193
4305.00 19.7191
4305.05 19.7190
4305.10 19.7188
4305.15 19.7187
4305.20 19.7185
4305.25 19.7183
4305.30 19.7182
4305.35 19.7180
4305.40 19.7178
4305.45 19.7177
4305.50 19.7175
4305.55 19.7173
4305.60 19.7172
4305.65 19.7170
4305.70 19.7168
4305.75 19.7167
4305.80 19.7165
4305.85 19.7163
4305.90 19.7162
4305.95 19.7160
4306.00 19.7158
4306.05 19.7157
4306.10 19.7155
4306.15 19.7153
4306.20 19.7152
4306.25 19.7150
4306.30 19.7148
4306.35 19.7146
4306.40 19.7145
4306.45 19.7143
4306.50 19.7141
4306.55 19.7140
4306.60 19.7138
4306.65 19.7136
4306.70 19.7134
4306.75 19.7133
4306.80 19.7131
4306.85 19.7129
4306.90 19.7127
4306.95 19.7126
4307.00 19.7124
4307.05 19.7122
4307.10 19.7120
4307.15 19.7118
4307.20 19.7117
4307.25 19.7115
4307.30 19.7113
4307.35 19.7111
4307.40 19.7109
4307.45 19.7108
4307.50 19.7106
4307.55 19.7104
4307.60 19.7102
4307.65 19.7100
4307.70 19.7099
4307.75 19.7097
4307.80 19.7095
4307.85 19.7093
4307.90 19.7091
4307.95 19.7089
4308.00 19.7087
4308.05 19.7085
4308.10 19.7084
4308.15 19.7082
4308.20 19.7080
4308.25 19.7078
4308.30 19.7076
4308.35 19.7074
4308.40 19.7072
4308.45 19.7070
4308.50 19.7068
4308.55 19.7066
4308.60 19.7064
4308.65 19.7062
4308.70 19.7060
4308.75 19.7058
4308.80 19.7056
4308.85 19.7054
4308.90 19.7052
4308.95 19.7050
4309.00 19.7048
4309.05 19.7046
4309.10 19.7044
4309.15 19.7042
4309.20 19.7040
4309.25 19.7038
4309.30 19.7036
4309.35 19.7034
4309.40 19.7032
4309.45 19.7030
4309.50 19.7028
4309.55 19.7026
4309.60 19.7024
4309.65 19.7022
4309.70 19.7020
4309.75 19.7017
4309.80 19.7015
4309.85 19.7013
4309.90 19.7011
4309.95 19.7009
4310.00 19.7007
4310.05 19.7005
4310.10 19.7002
4310.15 19.7000
4310.20 19.6998
4310.25 19.6996
4310.30 19.6994
4310.35 19.6991
4310.40 19.6989
4310.45 19.6987
4310.50 19.6985
4310.55 19.6982
4310.60 19.6980
4310.65 19.6978
4310.70 19.6976
4310.75 19.6973
4310.80 19.6971
4310.85 19.6969
4310.90 19.6966
4310.95 19.6964
4311.00 19.6962
4311.05 19.6959
4311.10 19.6957
4311.15 19.6955
4311.20 19.6952
4311.25 19.6950
4311.30 19.6948
4311.35 19.6945
4311.40 19.6943
4311.45 19.6940
4311.50 19.6938
4311.55 19.6936
4311.60 19.6933
4311.65 19.6931
4311.70 19.6928
4311.75 19.6926
4311.80 19.6923
4311.85 19.6921
4311.90 19.6918
4311.95 19.6916
4312.00 19.6913
4312.05 19.6911
4312.10 19.6908
4312.15 19.6905
4312.20 19.6903
4312.25 19.6900
4312.30 19.6898
4312.35 19.6895
4312.40 19.6893
4312.45 19.6890
4312.50 19.6887
4312.55 19.6885
4312.60 19.6882
4312.65 19.6879
4312.70 19.6877
4312.75 19.6874
4312.80 19.6871
4312.85 19.6869
4312.90 19.6866
4312.95 19.6863
4313.00 19.6860
4313.05 19.6858
4313.10 19.6855
4313.15 19.6852
4313.20 19.6849
4313.25 19.6846
4313.30 19.6844
4313.35 19.6841
4313.40 19.6838
4313.45 19.6835
4313.50 19.6832
4313.55 19.6829
4313.60 19.6826
4313.65 19.6824
4313.70 19.6821
4313.75 19.6818
4313.80 19.6815
4313.85 19.6812
4313.90 19.6809
4313.95 19.6806
4314.00 19.6803
4314.05 19.6800
4314.10 19.6797
4314.15 19.6794
4314.20 19.6791
4314.25 19.6788
4314.30 19.6785
4314.35 19.6782
4314.40 19.6779
4314.45 19.6776
4314.50 19.6773
4314.55 19.6769
4314.60 19.6766
4314.65 19.6763
4314.70 19.6760
4314.75 19.6757
4314.80 19.6754
4314.85 19.6750
4314.90 19.6747
4314.95 19.6744
4315.00 19.6741
4315.05 19.6738
4315.10 19.6734
4315.15 19.6731
4315.20 19.6728
4315.25 19.6724
4315.30 19.6721
4315.35 19.6718
4315.40 19.6714
4315.45 19.6711
4315.50 19.6708
4315.55 19.6704
4315.60 19.6701
4315.65 19.6698
4315.70 19.6694
4315.75 19.6691
4315.80 19.6687
4315.85 19.6684
4315.90 19.6680
4315.95 19.6677
4316.00 19.6673
4316.05 19.6670
4316.10 19.6666
4316.15 19.6663
4316.20 19.6659
4316.25 19.6656
4316.30 19.6652
4316.35 19.6648
4316.40 19.6645
4316.45 19.6641
4316.50 19.6637
4316.55 19.6634
4316.60 19.6630
4316.65 19.6626
4316.70 19.6623
4316.75 19.6619
4316.80 19.6615
4316.85 19.6612
4316.90 19.6608
4316.95 19.6604
4317.00 19.6600
4317.05 19.6596
4317.10 19.6593
4317.15 19.6589
4317.20 19.6585
4317.25 19.6581
4317.30 19.6577
4317.35 19.6573
4317.40 19.6569
4317.45 19.6565
4317.50 19.6561
4317.55 19.6557
4317.60 19.6554
4317.65 19.6550
4317.70 19.6546
4317.75 19.6541
4317.80 19.6537
4317.85 19.6533
4317.90 19.6529
4317.95 19.6525
4318.00 19.6521
4318.05 19.6517
4318.10 19.6513
4318.15 19.6509
4318.20 19.6505
4318.25 19.6500
4318.30 19.6496
4318.35 19.6492
4318.40 19.6488
4318.45 19.6484
4318.50 19.6479
4318.55 19.6475
4318.60 19.6471
4318.65 19.6466
4318.70 19.6462
4318.75 19.6458
4318.80 19.6453
4318.85 19.6449
4318.90 19.6445
4318.95 19.6440
4319.00 19.6436
4319.05 19.6431
4319.10 19.6427
4319.15 19.6422
4319.20 19.6418
4319.25 19.6413
4319.30 19.6409
4319.35 19.6404
4319.40 19.6400
4319.45 19.6395
4319.50 19.6391
4319.55 19.6386
4319.60 19.6381
4319.65 19.6377
4319.70 19.6372
4319.75 19.6367
4319.80 19.6363
4319.85 19.6358
4319.90 19.6353
4319.95 19.6348
4320.00 19.6344
4320.05 19.6339
4320.10 19.6334
4320.15 19.6329
4320.20 19.6325
4320.25 19.6320
4320.30 19.6315
4320.35 19.6310
4320.40 19.6305
4320.45 19.6300
4320.50 19.6295
4320.55 19.6290
4320.60 19.6285
4320.65 19.6280
4320.70 19.6275
4320.75 19.6270
4320.80 19.6265
4320.85 19.6260
4320.90 19.6255
4320.95 19.6250
4321.00 19.6245
4321.05 19.6240
4321.10 19.6234
4321.15 19.6229
4321.20 19.6224
4321.25 19.6219
4321.30 19.6214
4321.35 19.6208
4321.40 19.6203
4321.45 19.6198
4321.50 19.6193
4321.55 19.6187
4321.60 19.6182
4321.65 19.6177
4321.70 19.6171
4321.75 19.6166
4321.80 19.6160
4321.85 19.6155
4321.90 19.6150
4321.95 19.6144
4322.00 19.6139
4322.05 19.6133
4322.10 19.6128
4322.15 19.6122
4322.20 19.6116
4322.25 19.6111
4322.30 19.6105
4322.35 19.6100
4322.40 19.6094
4322.45 19.6088
4322.50 19.6083
4322.55 19.6077
4322.60 19.6071
4322.65 19.6066
4322.70 19.6060
4322.75 19.6054
4322.80 19.6048
4322.85 19.6042
4322.90 19.6037
4322.95 19.6031
4323.00 19.6025
4323.05 19.6019
4323.10 19.6013
4323.15 19.6007
4323.20 19.6001
4323.25 19.5995
4323.30 19.5989
4323.35 19.5983
4323.40 19.5977
4323.45 19.5971
4323.50 19.5965
4323.55 19.5959
4323.60 19.5953
4323.65 19.5947
4323.70 19.5941
4323.75 19.5935
4323.80 19.5928
4323.85 19.5922
4323.90 19.5916
4323.95 19.5910
4324.00 19.5903
4324.05 19.5897
4324.10 19.5891
4324.15 19.5885
4324.20 19.5878
4324.25 19.5872
4324.30 19.5865
4324.35 19.5859
4324.40 19.5853
4324.45 19.5846
4324.50 19.5840
4324.55 19.5833
4324.60 19.5827
4324.65 19.5820
4324.70 19.5814
4324.75 19.5807
4324.80 19.5800
4324.85 19.5794
4324.90 19.5787
4324.95 19.5781
4325.00 19.5774
4325.05 19.5767
4325.10 19.5761
4325.15 19.5754
4325.20 19.5747
4325.25 19.5740
4325.30 19.5733
4325.35 19.5727
4325.40 19.5720
4325.45 19.5713
4325.50 19.5706
4325.55 19.5699
4325.60 19.5692
4325.65 19.5685
4325.70 19.5678
4325.75 19.5671
4325.80 19.5664
4325.85 19.5657
4325.90 19.5650
4325.95 19.5643
4326.00 19.5636
4326.05 19.5629
4326.10 19.5622
4326.15 19.5615
4326.20 19.5608
4326.25 19.5600
4326.30 19.5593
4326.35 19.5586
4326.40 19.5579
4326.45 19.5571
4326.50 19.5564
4326.55 19.5557
4326.60 19.5549
4326.65 19.5542
4326.70 19.5535
4326.75 19.5527
4326.80 19.5520
4326.85 19.5512
4326.90 19.5505
4326.95 19.5497
4327.00 19.5490
4327.05 19.5482
4327.10 19.5475
4327.15 19.5467
4327.20 19.5460
4327.25 19.5452
4327.30 19.5444
4327.35 19.5437
4327.40 19.5429
4327.45 19.5421
4327.50 19.5413
4327.55 19.5406
4327.60 19.5398
4327.65 19.5390
4327.70 19.5382
4327.75 19.5374
4327.80 19.5367
4327.85 19.5359
4327.90 19.5351
4327.95 19.5343
4328.00 19.5335
4328.05 19.5327
4328.10 19.5319
4328.15 19.5311
4328.20 19.5303
4328.25 19.5295
4328.30 19.5287
4328.35 19.5279
4328.40 19.5270
4328.45 19.5262
4328.50 19.5254
4328.55 19.5246
4328.60 19.5238
4328.65 19.5229
4328.70 19.5221
4328.75 19.5213
4328.80 19.5204
4328.85 19.5196
4328.90 19.5188
4328.95 19.5179
4329.00 19.5171
4329.05 19.5163
4329.10 19.5154
4329.15 19.5146
4329.20 19.5137
4329.25 19.5129
4329.30 19.5120
4329.35 19.5111
4329.40 19.5103
4329.45 19.5094
4329.50 19.5086
4329.55 19.5077
4329.60 19.5068
4329.65 19.5060
4329.70 19.5051
4329.75 19.5042
4329.80 19.5033
4329.85 19.5024
4329.90 19.5016
4329.95 19.5007
4330.00 19.4998
4330.05 19.4989
4330.10 19.4980
4330.15 19.4971
4330.20 19.4962
4330.25 19.4953
4330.30 19.4944
4330.35 19.4935
4330.40 19.4926
4330.45 19.4917
4330.50 19.4908
4330.55 19.4899
4330.60 19.4890
4330.65 19.4880
4330.70 19.4871
4330.75 19.4862
4330.80 19.4853
4330.85 19.4844
4330.90 19.4834
4330.95 19.4825
4331.00 19.4816
4331.05 19.4806
4331.10 19.4797
4331.15 19.4787
4331.20 19.4778
4331.25 19.4769
4331.30 19.4759
4331.35 19.4750
4331.40 19.4740
4331.45 19.4730
4331.50 19.4721
4331.55 19.4711
4331.60 19.4702
4331.65 19.4692
4331.70 19.4682
4331.75 19.4673
4331.80 19.4663
4331.85 19.4653
4331.90 19.4643
4331.95 19.4634
4332.00 19.4624
4332.05 19.4614
4332.10 19.4604
4332.15 19.4594
4332.20 19.4584
4332.25 19.4574
4332.30 19.4564
4332.35 19.4554
4332.40 19.4544
4332.45 19.4534
4332.50 19.4524
4332.55 19.4514
4332.60 19.4504
4332.65 19.4494
4332.70 19.4484
4332.75 19.4474
4332.80 19.4463
4332.85 19.4453
4332.90 19.4443
4332.95 19.4433
4333.00 19.4422
4333.05 19.4412
4333.10 19.4402
4333.15 19.4391
4333.20 19.4381
4333.25 19.4371
4333.30 19.4360
4333.35 19.4350
4333.40 19.4339
4333.45 19.4329
4333.50 19.4318
4333.55 19.4307
4333.60 19.4297
4333.65 19.4286
4333.70 19.4276
4333.75 19.4265
4333.80 19.4254
4333.85 19.4244
4333.90 19.4233
4333.95 19.4222
4334.00 19.4211
4334.05 19.4200
4334.10 19.4190
4334.15 19.4179
4334.20 19.4168
4334.25 19.4157
4334.30 19.4146
4334.35 19.4135
4334.40 19.4124
4334.45 19.4113
4334.50 19.4102
4334.55 19.4091
4334.60 19.4080
4334.65 19.4069
4334.70 19.4058
4334.75 19.4046
4334.80 19.4035
4334.85 19.4024
4334.90 19.4013
4334.95 19.4002
4335.00 19.3990
4335.05 19.3979
4335.10 19.3968
4335.15 19.3956
4335.20 19.3945
4335.25 19.3933
4335.30 19.3922
4335.35 19.3911
4335.40 19.3899
4335.45 19.3888
4335.50 19.3876
4335.55 19.3864
4335.60 19.3853
4335.65 19.3841
4335.70 19.3830
4335.75 19.3818
4335.80 19.3806
4335.85 19.3795
4335.90 19.3783
4335.95 19.3771
4336.00 19.3759
4336.05 19.3747
4336.10 19.3736
4336.15 19.3724
4336.20 19.3712
4336.25 19.3700
4336.30 19.3688
4336.35 19.3676
4336.40 19.3664
4336.45 19.3652
4336.50 19.3640
4336.55 19.3628
4336.60 19.3616
4336.65 19.3604
4336.70 19.3592
4336.75 19.3579
4336.80 19.3567
4336.85 19.3555
4336.90 19.3543
4336.95 19.3530
4337.00 19.3518
4337.05 19.3506
4337.10 19.3494
4337.15 19.3481
4337.20 19.3469
4337.25 19.3456
4337.30 19.3444
4337.35 19.3431
4337.40 19.3419
4337.45 19.3406
4337.50 19.3394
4337.55 19.3381
4337.60 19.3369
4337.65 19.3356
4337.70 19.3343
4337.75 19.3331
4337.80 19.3318
4337.85 19.3305
4337.90 19.3293
4337.95 19.3280
4338.00 19.3267
4338.05 19.3254
4338.10 19.3241
4338.15 19.3228
4338.20 19.3215
4338.25 19.3203
4338.30 19.3190
4338.35 19.3177
4338.40 19.3164
4338.45 19.3151
4338.50 19.3137
4338.55 19.3124
4338.60 19.3111
4338.65 19.3098
4338.70 19.3085
4338.75 19.3072
4338.80 19.3059
4338.85 19.3045
4338.90 19.3032
4338.95 19.3019
4339.00 19.3005
4339.05 19.2992
4339.10 19.2979
4339.15 19.2965
4339.20 19.2952
4339.25 19.2939
4339.30 19.2925
4339.35 19.2912
4339.40 19.2898
4339.45 19.2884
4339.50 19.2871
4339.55 19.2857
4339.60 19.2844
4339.65 19.2830
4339.70 19.2816
4339.75 19.2803
4339.80 19.2789
4339.85 19.2775
4339.90 19.2761
4339.95 19.2748
4340.00 19.2734
4340.05 19.2720
4340.10 19.2706
4340.15 19.2692
4340.20 19.2678
4340.25 19.2664
4340.30 19.2650
4340.35 19.2636
4340.40 19.2622
4340.45 19.2608
4340.50 19.2594
4340.55 19.2580
4340.60 19.2566
4340.65 19.2552
4340.70 19.2537
4340.75 19.2523
4340.80 19.2509
4340.85 19.2495
4340.90 19.2480
4340.95 19.2466
4341.00 19.2452
4341.05 19.2437
4341.10 19.2423
4341.15 19.2408
4341.20 19.2394
4341.25 19.2379
4341.30 19.2365
4341.35 19.2350
4341.40 19.2336
4341.45 19.2321
4341.50 19.2307
4341.55 19.2292
4341.60 19.2277
4341.65 19.2263
4341.70 19.2248
4341.75 19.2233
4341.80 19.2218
4341.85 19.2204
4341.90 19.2189
4341.95 19.2174
4342.00 19.2159
4342.05 19.2144
4342.10 19.2129
4342.15 19.2114
4342.20 19.2099
4342.25 19.2084
4342.30 19.2069
4342.35 19.2054
4342.40 19.2039
4342.45 19.2024
4342.50 19.2009
4342.55 19.1994
4342.60 19.1979
4342.65 19.1963
4342.70 19.1948
4342.75 19.1933
4342.80 19.1918
4342.85 19.1902
4342.90 19.1887
4342.95 19.1872
4343.00 19.1856
4343.05 19.1841
4343.10 19.1825
4343.15 19.1810
4343.20 19.1794
4343.25 19.1779
4343.30 19.1763
4343.35 19.1748
4343.40 19.1732
4343.45 19.1717
4343.50 19.1701
4343.55 19.1685
4343.60 19.1669
4343.65 19.1654
4343.70 19.1638
4343.75 19.1622
4343.80 19.1606
4343.85 19.1591
4343.90 19.1575
4343.95 19.1559
4344.00 19.1543
4344.05 19.1527
4344.10 19.1511
4344.15 19.1495
4344.20 19.1479
4344.25 19.1463
4344.30 19.1447
4344.35 19.1431
4344.40 19.1415
4344.45 19.1399
4344.50 19.1382
4344.55 19.1366
4344.60 19.1350
4344.65 19.1334
4344.70 19.1317
4344.75 19.1301
4344.80 19.1285
4344.85 19.1268
4344.90 19.1252
4344.95 19.1236
4345.00 19.1219
4345.05 19.1203
4345.10 19.1186
4345.15 19.1170
4345.20 19.1153
4345.25 19.1137
4345.30 19.1120
4345.35 19.1103
4345.40 19.1087
4345.45 19.1070
4345.50 19.1053
4345.55 19.1037
4345.60 19.1020
4345.65 19.1003
4345.70 19.0986
4345.75 19.0970
4345.80 19.0953
4345.85 19.0936
4345.90 19.0919
4345.95 19.0902
4346.00 19.0885
4346.05 19.0868
4346.10 19.0851
4346.15 19.0834
4346.20 19.0817
4346.25 19.0800
4346.30 19.0783
4346.35 19.0766
4346.40 19.0749
4346.45 19.0731
4346.50 19.0714
4346.55 19.0697
4346.60 19.0680
4346.65 19.0662
4346.70 19.0645
4346.75 19.0628
4346.80 19.0610
4346.85 19.0593
4346.90 19.0576
4346.95 19.0558
4347.00 19.0541
4347.05 19.0523
4347.10 19.0506
4347.15 19.0488
4347.20 19.0471
4347.25 19.0453
4347.30 19.0435
4347.35 19.0418
4347.40 19.0400
4347.45 19.0382
4347.50 19.0365
4347.55 19.0347
4347.60 19.0329
4347.65 19.0311
4347.70 19.0293
4347.75 19.0276
4347.80 19.0258
4347.85 19.0240
4347.90 19.0222
4347.95 19.0204
4348.00 19.0186
4348.05 19.0168
4348.10 19.0150
4348.15 19.0132
4348.20 19.0114
4348.25 19.0096
4348.30 19.0077
4348.35 19.0059
4348.40 19.0041
4348.45 19.0023
4348.50 19.0005
4348.55 18.9986
4348.60 18.9968
4348.65 18.9950
4348.70 18.9931
4348.75 18.9913
4348.80 18.9895
4348.85 18.9876
4348.90 18.9858
4348.95 18.9839
4349.00 18.9821
4349.05 18.9802
4349.10 18.9784
4349.15 18.9765
4349.20 18.9747
4349.25 18.9728
4349.30 18.9709
4349.35 18.9691
4349.40 18.9672
4349.45 18.9653
4349.50 18.9635
4349.55 18.9616
4349.60 18.9597
4349.65 18.9578
4349.70 18.9559
4349.75 18.9540
4349.80 18.9522
4349.85 18.9503
4349.90 18.9484
4349.95 18.9465
4350.00 18.9446
4350.05 18.9427
4350.10 18.9408
4350.15 18.9389
4350.20 18.9369
4350.25 18.9350
4350.30 18.9331
4350.35 18.9312
4350.40 18.9293
4350.45 18.9274
4350.50 18.9254
4350.55 18.9235
4350.60 18.9216
4350.65 18.9196
4350.70 18.9177
4350.75 18.9158
4350.80 18.9138
4350.85 18.9119
4350.90 18.9099
4350.95 18.9080
4351.00 18.9060
4351.05 18.9041
4351.10 18.9021
4351.15 18.9002
4351.20 18.8982
4351.25 18.8963
4351.30 18.8943
4351.35 18.8923
4351.40 18.8904
4351.45 18.8884
4351.50 18.8864
4351.55 18.8844
4351.60 18.8824
4351.65 18.8805
4351.70 18.8785
4351.75 18.8765
4351.80 18.8745
4351.85 18.8725
4351.90 18.8705
4351.95 18.8685
4352.00 18.8665
4352.05 18.8645
4352.10 18.8625
4352.15 18.8605
4352.20 18.8585
4352.25 18.8565
4352.30 18.8545
4352.35 18.8524
4352.40 18.8504
4352.45 18.8484
4352.50 18.8464
4352.55 18.8444
4352.60 18.8423
4352.65 18.8403
4352.70 18.8383
4352.75 18.8362
4352.80 18.8342
4352.85 18.8321
4352.90 18.8301
4352.95 18.8280
4353.00 18.8260
4353.05 18.8239
4353.10 18.8219
4353.15 18.8198
4353.20 18.8178
4353.25 18.8157
4353.30 18.8136
4353.35 18.8116
4353.40 18.8095
4353.45 18.8074
4353.50 18.8054
4353.55 18.8033
4353.60 18.8012
4353.65 18.7991
4353.70 18.7971
4353.75 18.7950
4353.80 18.7929
4353.85 18.7908
4353.90 18.7887
4353.95 18.7866
4354.00 18.7845
4354.05 18.7824
4354.10 18.7803
4354.15 18.7782
4354.20 18.7761
4354.25 18.7740
4354.30 18.7719
4354.35 18.7697
4354.40 18.7676
4354.45 18.7655
4354.50 18.7634
4354.55 18.7613
4354.60 18.7591
4354.65 18.7570
4354.70 18.7549
4354.75 18.7527
4354.80 18.7506
4354.85 18.7485
4354.90 18.7463
4354.95 18.7442
4355.00 18.7420
4355.05 18.7399
4355.10 18.7377
4355.15 18.7356
4355.20 18.7334
4355.25 18.7313
4355.30 18.7291
4355.35 18.7270
4355.40 18.7248
4355.45 18.7226
4355.50 18.7205
4355.55 18.7183
4355.60 18.7161
4355.65 18.7139
4355.70 18.7118
4355.75 18.7096
4355.80 18.7074
4355.85 18.7052
4355.90 18.7030
4355.95 18.7008
4356.00 18.6986
4356.05 18.6964
4356.10 18.6942
4356.15 18.6920
4356.20 18.6898
4356.25 18.6876
4356.30 18.6854
4356.35 18.6832
4356.40 18.6810
4356.45 18.6788
4356.50 18.6766
4356.55 18.6744
4356.60 18.6721
4356.65 18.6699
4356.70 18.6677
4356.75 18.6655
4356.80 18.6632
4356.85 18.6610
4356.90 18.6588
4356.95 18.6565
4357.00 18.6543
4357.05 18.6520
4357.10 18.6498
4357.15 18.6476
4357.20 18.6453
4357.25 18.6431
4357.30 18.6408
4357.35 18.6386
4357.40 18.6363
4357.45 18.6340
4357.50 18.6318
4357.55 18.6295
4357.60 18.6272
4357.65 18.6250
4357.70 18.6227
4357.75 18.6204
4357.80 18.6182
4357.85 18.6159
4357.90 18.6136
4357.95 18.6113
4358.00 18.6090
4358.05 18.6067
4358.10 18.6045
4358.15 18.6022
4358.20 18.5999
4358.25 18.5976
4358.30 18.5953
4358.35 18.5930
4358.40 18.5907
4358.45 18.5884
4358.50 18.5861
4358.55 18.5838
4358.60 18.5814
4358.65 18.5791
4358.70 18.5768
4358.75 18.5745
4358.80 18.5722
4358.85 18.5699
4358.90 18.5675
4358.95 18.5652
4359.00 18.5629
4359.05 18.5606
4359.10 18.5582
4359.15 18.5559
4359.20 18.5535
4359.25 18.5512
4359.30 18.5489
4359.35 18.5465
4359.40 18.5442
4359.45 18.5418
4359.50 18.5395
4359.55 18.5371
4359.60 18.5348
4359.65 18.5324
4359.70 18.5301
4359.75 18.5277
4359.80 18.5253
4359.85 18.5230
4359.90 18.5206
4359.95 18.5182
4360.00 18.5159
4360.05 18.5135
4360.10 18.5111
4360.15 18.5087
4360.20 18.5063
4360.25 18.5040
4360.30 18.5016
4360.35 18.4992
4360.40 18.4968
4360.45 18.4944
4360.50 18.4920
4360.55 18.4896
4360.60 18.4872
4360.65 18.4848
4360.70 18.4824
4360.75 18.4800
4360.80 18.4776
4360.85 18.4752
4360.90 18.4728
4360.95 18.4704
4361.00 18.4680
4361.05 18.4656
4361.10 18.4631
4361.15 18.4607
4361.20 18.4583
4361.25 18.4559
4361.30 18.4534
4361.35 18.4510
4361.40 18.4486
4361.45 18.4461
4361.50 18.4437
4361.55 18.4413
4361.60 18.4388
4361.65 18.4364
4361.70 18.4340
4361.75 18.4315
4361.80 18.4291
4361.85 18.4266
4361.90 18.4242
4361.95 18.4217
4362.00 18.4192
4362.05 18.4168
4362.10 18.4143
4362.15 18.4119
4362.20 18.4094
4362.25 18.4069
4362.30 18.4045
4362.35 18.4020
4362.40 18.3995
4362.45 18.3971
4362.50 18.3946
4362.55 18.3921
4362.60 18.3896
4362.65 18.3871
4362.70 18.3847
4362.75 18.3822
4362.80 18.3797
4362.85 18.3772
4362.90 18.3747
4362.95 18.3722
4363.00 18.3697
4363.05 18.3672
4363.10 18.3647
4363.15 18.3622
4363.20 18.3597
4363.25 18.3572
4363.30 18.3547
4363.35 18.3522
4363.40 18.3497
4363.45 18.3472
4363.50 18.3447
4363.55 18.3421
4363.60 18.3396
4363.65 18.3371
4363.70 18.3346
4363.75 18.3321
4363.80 18.3295
4363.85 18.3270
4363.90 18.3245
4363.95 18.3219
4364.00 18.3194
4364.05 18.3169
4364.10 18.3143
4364.15 18.3118
4364.20 18.3093
4364.25 18.3067
4364.30 18.3042
4364.35 18.3016
4364.40 18.2991
4364.45 18.2965
4364.50 18.2940
4364.55 18.2914
4364.60 18.2889
4364.65 18.2863
4364.70 18.2837
4364.75 18.2812
4364.80 18.2786
4364.85 18.2761
4364.90 18.2735
4364.95 18.2709
4365.00 18.2683
4365.05 18.2658
4365.10 18.2632
4365.15 18.2606
4365.20 18.2580
4365.25 18.2555
4365.30 18.2529
4365.35 18.2503
4365.40 18.2477
4365.45 18.2451
4365.50 18.2425
4365.55 18.2399
4365.60 18.2374
4365.65 18.2348
4365.70 18.2322
4365.75 18.2296
4365.80 18.2270
4365.85 18.2244
4365.90 18.2218
4365.95 18.2192
4366.00 18.2166
4366.05 18.2139
4366.10 18.2113
4366.15 18.2087
4366.20 18.2061
4366.25 18.2035
4366.30 18.2009
4366.35 18.1983
4366.40 18.1956
4366.45 18.1930
4366.50 18.1904
4366.55 18.1878
4366.60 18.1851
4366.65 18.1825
4366.70 18.1799
4366.75 18.1772
4366.80 18.1746
4366.85 18.1720
4366.90 18.1693
4366.95 18.1667
4367.00 18.1641
4367.05 18.1614
4367.10 18.1588
4367.15 18.1561
4367.20 18.1535
4367.25 18.1508
4367.30 18.1482
4367.35 18.1455
4367.40 18.1429
4367.45 18.1402
4367.50 18.1376
4367.55 18.1349
4367.60 18.1322
4367.65 18.1296
4367.70 18.1269
4367.75 18.1242
4367.80 18.1216
4367.85 18.1189
4367.90 18.1162
4367.95 18.1136
4368.00 18.1109
4368.05 18.1082
4368.10 18.1055
4368.15 18.1029
4368.20 18.1002
4368.25 18.0975
4368.30 18.0948
4368.35 18.0921
4368.40 18.0894
4368.45 18.0868
4368.50 18.0841
4368.55 18.0814
4368.60 18.0787
4368.65 18.0760
4368.70 18.0733
4368.75 18.0706
4368.80 18.0679
4368.85 18.0652
4368.90 18.0625
4368.95 18.0598
4369.00 18.0571
4369.05 18.0544
4369.10 18.0517
4369.15 18.0490
4369.20 18.0463
4369.25 18.0435
4369.30 18.0408
4369.35 18.0381
4369.40 18.0354
4369.45 18.0327
