4201.50 18.1237
4201.55 18.1237
4201.60 18.1237
4201.65 18.1237
4201.70 18.1237
4201.75 18.1238
4201.80 18.1238
4201.85 18.1239
4201.90 18.1239
4201.95 18.1240
4202.00 18.1241
4202.05 18.1242
4202.10 18.1243
4202.15 18.1244
4202.20 18.1245
4202.25 18.1246
4202.30 18.1247
4202.35 18.1248
4202.40 18.1250
4202.45 18.1251
4202.50 18.1253
4202.55 18.1254
4202.60 18.1256
4202.65 18.1258
4202.70 18.1259
4202.75 18.1261
4202.80 18.1263
4202.85 18.1265
4202.90 18.1267
4202.95 18.1270
4203.00 18.1272
4203.05 18.1274
4203.10 18.1277
4203.15 18.1279
4203.20 18.1282
4203.25 18.1284
4203.30 18.1287
4203.35 18.1290
4203.40 18.1293
4203.45 18.1296
4203.50 18.1299
4203.55 18.1302
4203.60 18.1305
4203.65 18.1308
4203.70 18.1311
4203.75 18.1315
4203.80 18.1318
4203.85 18.1322
4203.90 18.1325
4203.95 18.1329
4204.00 18.1333
4204.05 18.1336
4204.10 18.1340
4204.15 18.1344
4204.20 18.1348
4204.25 18.1352
4204.30 18.1357
4204.35 18.1361
4204.40 18.1365
4204.45 18.1370
4204.50 18.1374
4204.55 18.1378
4204.60 18.1383
4204.65 18.1388
4204.70 18.1392
4204.75 18.1397
4204.80 18.1402
4204.85 18.1407
4204.90 18.1412
4204.95 18.1417
4205.00 18.1422
4205.05 18.1428
4205.10 18.1433
4205.15 18.1438
4205.20 18.1444
4205.25 18.1449
4205.30 18.1455
4205.35 18.1460
4205.40 18.1466
4205.45 18.1472
4205.50 18.1477
4205.55 18.1483
4205.60 18.1489
4205.65 18.1495
4205.70 18.1501
4205.75 18.1507
4205.80 18.1514
4205.85 18.1520
4205.90 18.1526
4205.95 18.1533
4206.00 18.1539
4206.05 18.1546
4206.10 18.1552
4206.15 18.1559
4206.20 18.1566
4206.25 18.1572
4206.30 18.1579
4206.35 18.1586
4206.40 18.1593
4206.45 18.1600
4206.50 18.1607
4206.55 18.1614
4206.60 18.1622
4206.65 18.1629
4206.70 18.1636
4206.75 18.1644
4206.80 18.1651
4206.85 18.1658
4206.90 18.1666
4206.95 18.1674
4207.00 18.1681
4207.05 18.1689
4207.10 18.1697
4207.15 18.1705
4207.20 18.1713
4207.25 18.1721
4207.30 18.1729
4207.35 18.1737
4207.40 18.1745
4207.45 18.1753
4207.50 18.1761
4207.55 18.1769
4207.60 18.1778
4207.65 18.1786
4207.70 18.1795
4207.75 18.1803
4207.80 18.1812
4207.85 18.1820
4207.90 18.1829
4207.95 18.1838
4208.00 18.1846
4208.05 18.1855
4208.10 18.1864
4208.15 18.1873
4208.20 18.1882
4208.25 18.1891
4208.30 18.1900
4208.35 18.1909
4208.40 18.1918
4208.45 18.1927
4208.50 18.1937
4208.55 18.1946
4208.60 18.1955
4208.65 18.1965
4208.70 18.1974
4208.75 18.1983
4208.80 18.1993
4208.85 18.2002
4208.90 18.2012
4208.95 18.2022
4209.00 18.2031
4209.05 18.2041
4209.10 18.2051
4209.15 18.2061
4209.20 18.2071
4209.25 18.2080
4209.30 18.2090
4209.35 18.2100
4209.40 18.2110
4209.45 18.2120
4209.50 18.2130
4209.55 18.2141
4209.60 18.2151
4209.65 18.2161
4209.70 18.2171
4209.75 18.2181
4209.80 18.2192
4209.85 18.2202
4209.90 18.2212
4209.95 18.2223
4210.00 18.2233
4210.05 18.2244
4210.10 18.2254
4210.15 18.2265
4210.20 18.2275
4210.25 18.2286
4210.30 18.2297
4210.35 18.2307
4210.40 18.2318
4210.45 18.2329
4210.50 18.2340
4210.55 18.2350
4210.60 18.2361
4210.65 18.2372
4210.70 18.2383
4210.75 18.2394
4210.80 18.2405
4210.85 18.2416
4210.90 18.2427
4210.95 18.2438
4211.00 18.2449
4211.05 18.2460
4211.10 18.2471
4211.15 18.2482
4211.20 18.2493
4211.25 18.2505
4211.30 18.2516
4211.35 18.2527
4211.40 18.2538
4211.45 18.2549
4211.50 18.2561
4211.55 18.2572
4211.60 18.2583
4211.65 18.2595
4211.70 18.2606
4211.75 18.2617
4211.80 18.2629
4211.85 18.2640
4211.90 18.2652
4211.95 18.2663
4212.00 18.2675
4212.05 18.2686
4212.10 18.2698
4212.15 18.2709
4212.20 18.2721
4212.25 18.2732
4212.30 18.2744
4212.35 18.2755
4212.40 18.2767
4212.45 18.2779
4212.50 18.2790
4212.55 18.2802
4212.60 18.2814
4212.65 18.2825
4212.70 18.2837
4212.75 18.2849
4212.80 18.2860
4212.85 18.2872
4212.90 18.2884
4212.95 18.2895
4213.00 18.2907
4213.05 18.2919
4213.10 18.2931
4213.15 18.2942
4213.20 18.2954
4213.25 18.2966
4213.30 18.2978
4213.35 18.2989
4213.40 18.3001
4213.45 18.3013
4213.50 18.3025
4213.55 18.3037
4213.60 18.3048
4213.65 18.3060
4213.70 18.3072
4213.75 18.3084
4213.80 18.3096
4213.85 18.3107
4213.90 18.3119
4213.95 18.3131
4214.00 18.3143
4214.05 18.3155
4214.10 18.3167
4214.15 18.3178
4214.20 18.3190
4214.25 18.3202
4214.30 18.3214
4214.35 18.3226
4214.40 18.3237
4214.45 18.3249
4214.50 18.3261
4214.55 18.3273
4214.60 18.3285
4214.65 18.3297
4214.70 18.3308
4214.75 18.3320
4214.80 18.3332
4214.85 18.3344
4214.90 18.3355
4214.95 18.3367
4215.00 18.3379
4215.05 18.3391
4215.10 18.3403
4215.15 18.3414
4215.20 18.3426
4215.25 18.3438
4215.30 18.3450
4215.35 18.3461
4215.40 18.3473
4215.45 18.3485
4215.50 18.3496
4215.55 18.3508
4215.60 18.3520
4215.65 18.3531
4215.70 18.3543
4215.75 18.3555
4215.80 18.3566
4215.85 18.3578
4215.90 18.3590
4215.95 18.3601
4216.00 18.3613
4216.05 18.3624
4216.10 18.3636
4216.15 18.3647
4216.20 18.3659
4216.25 18.3670
4216.30 18.3682
4216.35 18.3693
4216.40 18.3705
4216.45 18.3716
4216.50 18.3728
4216.55 18.3739
4216.60 18.3751
4216.65 18.3762
4216.70 18.3774
4216.75 18.3785
4216.80 18.3796
4216.85 18.3808
4216.90 18.3819
4216.95 18.3830
4217.00 18.3842
4217.05 18.3853
4217.10 18.3864
4217.15 18.3875
4217.20 18.3887
4217.25 18.3898
4217.30 18.3909
4217.35 18.3920
4217.40 18.3931
4217.45 18.3943
4217.50 18.3954
4217.55 18.3965
4217.60 18.3976
4217.65 18.3987
4217.70 18.3998
4217.75 18.4009
4217.80 18.4020
4217.85 18.4031
4217.90 18.4042
4217.95 18.4053
4218.00 18.4064
4218.05 18.4075
4218.10 18.4086
4218.15 18.4097
4218.20 18.4107
4218.25 18.4118
4218.30 18.4129
4218.35 18.4140
4218.40 18.4151
4218.45 18.4161
4218.50 18.4172
4218.55 18.4183
4218.60 18.4194
4218.65 18.4204
4218.70 18.4215
4218.75 18.4226
4218.80 18.4236
4218.85 18.4247
4218.90 18.4257
4218.95 18.4268
4219.00 18.4278
4219.05 18.4289
4219.10 18.4299
4219.15 18.4310
4219.20 18.4320
4219.25 18.4331
4219.30 18.4341
4219.35 18.4351
4219.40 18.4362
4219.45 18.4372
4219.50 18.4382
4219.55 18.4393
4219.60 18.4403
4219.65 18.4413
4219.70 18.4423
4219.75 18.4433
4219.80 18.4444
4219.85 18.4454
4219.90 18.4464
4219.95 18.4474
4220.00 18.4484
4220.05 18.4494
4220.10 18.4504
4220.15 18.4514
4220.20 18.4524
4220.25 18.4534
4220.30 18.4544
4220.35 18.4554
4220.40 18.4564
4220.45 18.4573
4220.50 18.4583
4220.55 18.4593
4220.60 18.4603
4220.65 18.4613
4220.70 18.4622
4220.75 18.4632
4220.80 18.4642
4220.85 18.4651
4220.90 18.4661
4220.95 18.4671
4221.00 18.4680
4221.05 18.4690
4221.10 18.4699
4221.15 18.4709
4221.20 18.4718
4221.25 18.4728
4221.30 18.4737
4221.35 18.4747
4221.40 18.4756
4221.45 18.4766
4221.50 18.4775
4221.55 18.4784
4221.60 18.4794
4221.65 18.4803
4221.70 18.4812
4221.75 18.4822
4221.80 18.4831
4221.85 18.4840
4221.90 18.4849
4221.95 18.4858
4222.00 18.4867
4222.05 18.4877
4222.10 18.4886
4222.15 18.4895
4222.20 18.4904
4222.25 18.4913
4222.30 18.4922
4222.35 18.4931
4222.40 18.4940
4222.45 18.4949
4222.50 18.4958
4222.55 18.4966
4222.60 18.4975
4222.65 18.4984
4222.70 18.4993
4222.75 18.5002
4222.80 18.5011
4222.85 18.5019
4222.90 18.5028
4222.95 18.5037
4223.00 18.5045
4223.05 18.5054
4223.10 18.5063
4223.15 18.5071
4223.20 18.5080
4223.25 18.5089
4223.30 18.5097
4223.35 18.5106
4223.40 18.5114
4223.45 18.5123
4223.50 18.5131
4223.55 18.5140
4223.60 18.5148
4223.65 18.5156
4223.70 18.5165
4223.75 18.5173
4223.80 18.5182
4223.85 18.5190
4223.90 18.5198
4223.95 18.5206
4224.00 18.5215
4224.05 18.5223
4224.10 18.5231
4224.15 18.5239
4224.20 18.5248
4224.25 18.5256
4224.30 18.5264
4224.35 18.5272
4224.40 18.5280
4224.45 18.5288
4224.50 18.5296
4224.55 18.5304
4224.60 18.5312
4224.65 18.5320
4224.70 18.5328
4224.75 18.5336
4224.80 18.5344
4224.85 18.5352
4224.90 18.5360
4224.95 18.5368
4225.00 18.5376
4225.05 18.5383
4225.10 18.5391
4225.15 18.5399
4225.20 18.5407
4225.25 18.5415
4225.30 18.5422
4225.35 18.5430
4225.40 18.5438
4225.45 18.5445
4225.50 18.5453
4225.55 18.5461
4225.60 18.5468
4225.65 18.5476
4225.70 18.5483
4225.75 18.5491
4225.80 18.5498
4225.85 18.5506
4225.90 18.5513
4225.95 18.5521
4226.00 18.5528
4226.05 18.5536
4226.10 18.5543
4226.15 18.5550
4226.20 18.5558
4226.25 18.5565
4226.30 18.5573
4226.35 18.5580
4226.40 18.5587
4226.45 18.5594
4226.50 18.5602
4226.55 18.5609
4226.60 18.5616
4226.65 18.5623
4226.70 18.5630
4226.75 18.5638
4226.80 18.5645
4226.85 18.5652
4226.90 18.5659
4226.95 18.5666
4227.00 18.5673
4227.05 18.5680
4227.10 18.5687
4227.15 18.5694
4227.20 18.5701
4227.25 18.5708
4227.30 18.5715
4227.35 18.5722
4227.40 18.5729
4227.45 18.5735
4227.50 18.5742
4227.55 18.5749
4227.60 18.5756
4227.65 18.5763
4227.70 18.5769
4227.75 18.5776
4227.80 18.5783
4227.85 18.5790
4227.90 18.5796
4227.95 18.5803
4228.00 18.5810
4228.05 18.5816
4228.10 18.5823
4228.15 18.5829
4228.20 18.5836
4228.25 18.5842
4228.30 18.5849
4228.35 18.5855
4228.40 18.5862
4228.45 18.5868
4228.50 18.5875
4228.55 18.5881
4228.60 18.5887
4228.65 18.5894
4228.70 18.5900
4228.75 18.5906
4228.80 18.5913
4228.85 18.5919
4228.90 18.5925
4228.95 18.5931
4229.00 18.5938
4229.05 18.5944
4229.10 18.5950
4229.15 18.5956
4229.20 18.5962
4229.25 18.5968
4229.30 18.5974
4229.35 18.5980
4229.40 18.5986
4229.45 18.5992
4229.50 18.5998
4229.55 18.6004
4229.60 18.6010
4229.65 18.6016
4229.70 18.6022
4229.75 18.6028
4229.80 18.6034
4229.85 18.6040
4229.90 18.6045
4229.95 18.6051
4230.00 18.6057
4230.05 18.6063
4230.10 18.6068
4230.15 18.6074
4230.20 18.6080
4230.25 18.6085
4230.30 18.6091
4230.35 18.6096
4230.40 18.6102
4230.45 18.6107
4230.50 18.6113
4230.55 18.6118
4230.60 18.6124
4230.65 18.6129
4230.70 18.6135
4230.75 18.6140
4230.80 18.6145
4230.85 18.6151
4230.90 18.6156
4230.95 18.6161
4231.00 18.6167
4231.05 18.6172
4231.10 18.6177
4231.15 18.6182
4231.20 18.6187
4231.25 18.6192
4231.30 18.6197
4231.35 18.6203
4231.40 18.6208
4231.45 18.6213
4231.50 18.6218
4231.55 18.6223
4231.60 18.6227
4231.65 18.6232
4231.70 18.6237
4231.75 18.6242
4231.80 18.6247
4231.85 18.6252
4231.90 18.6256
4231.95 18.6261
4232.00 18.6266
4232.05 18.6271
4232.10 18.6275
4232.15 18.6280
4232.20 18.6285
4232.25 18.6289
4232.30 18.6294
4232.35 18.6298
4232.40 18.6303
4232.45 18.6307
4232.50 18.6312
4232.55 18.6316
4232.60 18.6320
4232.65 18.6325
4232.70 18.6329
4232.75 18.6333
4232.80 18.6338
4232.85 18.6342
4232.90 18.6346
4232.95 18.6350
4233.00 18.6354
4233.05 18.6359
4233.10 18.6363
4233.15 18.6367
4233.20 18.6371
4233.25 18.6375
4233.30 18.6379
4233.35 18.6383
4233.40 18.6387
4233.45 18.6390
4233.50 18.6394
4233.55 18.6398
4233.60 18.6402
4233.65 18.6406
4233.70 18.6410
4233.75 18.6413
4233.80 18.6417
4233.85 18.6421
4233.90 18.6424
4233.95 18.6428
4234.00 18.6431
4234.05 18.6435
4234.10 18.6438
4234.15 18.6442
4234.20 18.6445
4234.25 18.6449
4234.30 18.6452
4234.35 18.6456
4234.40 18.6459
4234.45 18.6462
4234.50 18.6465
4234.55 18.6469
4234.60 18.6472
4234.65 18.6475
4234.70 18.6478
4234.75 18.6481
4234.80 18.6484
4234.85 18.6488
4234.90 18.6491
4234.95 18.6494
4235.00 18.6497
4235.05 18.6499
4235.10 18.6502
4235.15 18.6505
4235.20 18.6508
4235.25 18.6511
4235.30 18.6514
4235.35 18.6517
4235.40 18.6519
4235.45 18.6522
4235.50 18.6525
4235.55 18.6527
4235.60 18.6530
4235.65 18.6533
4235.70 18.6535
4235.75 18.6538
4235.80 18.6540
4235.85 18.6543
4235.90 18.6545
4235.95 18.6547
4236.00 18.6550
4236.05 18.6552
4236.10 18.6555
4236.15 18.6557
4236.20 18.6559
4236.25 18.6561
4236.30 18.6564
4236.35 18.6566
4236.40 18.6568
4236.45 18.6570
4236.50 18.6572
4236.55 18.6574
4236.60 18.6576
4236.65 18.6578
4236.70 18.6580
4236.75 18.6582
4236.80 18.6584
4236.85 18.6586
4236.90 18.6588
4236.95 18.6590
4237.00 18.6592
4237.05 18.6593
4237.10 18.6595
4237.15 18.6597
4237.20 18.6599
4237.25 18.6600
4237.30 18.6602
4237.35 18.6604
4237.40 18.6605
4237.45 18.6607
4237.50 18.6608
4237.55 18.6610
4237.60 18.6611
4237.65 18.6613
4237.70 18.6614
4237.75 18.6616
4237.80 18.6617
4237.85 18.6619
4237.90 18.6620
4237.95 18.6621
4238.00 18.6623
4238.05 18.6624
4238.10 18.6625
4238.15 18.6626
4238.20 18.6628
4238.25 18.6629
4238.30 18.6630
4238.35 18.6631
4238.40 18.6632
4238.45 18.6633
4238.50 18.6634
4238.55 18.6635
4238.60 18.6636
4238.65 18.6637
4238.70 18.6638
4238.75 18.6639
4238.80 18.6640
4238.85 18.6641
4238.90 18.6642
4238.95 18.6643
4239.00 18.6644
4239.05 18.6644
4239.10 18.6645
4239.15 18.6646
4239.20 18.6647
4239.25 18.6647
4239.30 18.6648
4239.35 18.6649
4239.40 18.6650
4239.45 18.6650
4239.50 18.6651
4239.55 18.6651
4239.60 18.6652
4239.65 18.6653
4239.70 18.6653
4239.75 18.6654
4239.80 18.6654
4239.85 18.6655
4239.90 18.6655
4239.95 18.6656
4240.00 18.6656
4240.05 18.6656
4240.10 18.6657
4240.15 18.6657
4240.20 18.6658
4240.25 18.6658
4240.30 18.6658
4240.35 18.6659
4240.40 18.6659
4240.45 18.6659
4240.50 18.6660
4240.55 18.6660
4240.60 18.6660
4240.65 18.6660
4240.70 18.6660
4240.75 18.6661
4240.80 18.6661
4240.85 18.6661
4240.90 18.6661
4240.95 18.6661
4241.00 18.6661
4241.05 18.6662
4241.10 18.6662
4241.15 18.6662
4241.20 18.6662
4241.25 18.6662
4241.30 18.6662
4241.35 18.6662
4241.40 18.6662
4241.45 18.6662
4241.50 18.6662
4241.55 18.6662
4241.60 18.6662
4241.65 18.6662
4241.70 18.6662
4241.75 18.6662
4241.80 18.6662
4241.85 18.6662
4241.90 18.6662
4241.95 18.6662
4242.00 18.6661
4242.05 18.6661
4242.10 18.6661
4242.15 18.6661
4242.20 18.6661
4242.25 18.6661
4242.30 18.6661
4242.35 18.6660
4242.40 18.6660
4242.45 18.6660
4242.50 18.6660
4242.55 18.6660
4242.60 18.6660
4242.65 18.6659
4242.70 18.6659
4242.75 18.6659
4242.80 18.6659
4242.85 18.6658
4242.90 18.6658
4242.95 18.6658
4243.00 18.6658
4243.05 18.6657
4243.10 18.6657
4243.15 18.6657
4243.20 18.6657
4243.25 18.6656
4243.30 18.6656
4243.35 18.6656
4243.40 18.6655
4243.45 18.6655
4243.50 18.6655
4243.55 18.6654
4243.60 18.6654
4243.65 18.6654
4243.70 18.6654
4243.75 18.6653
4243.80 18.6653
4243.85 18.6653
4243.90 18.6652
4243.95 18.6652
4244.00 18.6652
4244.05 18.6651
4244.10 18.6651
4244.15 18.6650
4244.20 18.6650
4244.25 18.6650
4244.30 18.6649
4244.35 18.6649
4244.40 18.6649
4244.45 18.6648
4244.50 18.6648
4244.55 18.6648
4244.60 18.6647
4244.65 18.6647
4244.70 18.6647
4244.75 18.6646
4244.80 18.6646
4244.85 18.6645
4244.90 18.6645
4244.95 18.6645
4245.00 18.6644
4245.05 18.6644
4245.10 18.6644
4245.15 18.6643
4245.20 18.6643
4245.25 18.6642
4245.30 18.6642
4245.35 18.6642
4245.40 18.6641
4245.45 18.6641
4245.50 18.6641
4245.55 18.6640
4245.60 18.6640
4245.65 18.6640
4245.70 18.6639
4245.75 18.6639
4245.80 18.6638
4245.85 18.6638
4245.90 18.6638
4245.95 18.6637
4246.00 18.6637
4246.05 18.6637
4246.10 18.6636
4246.15 18.6636
4246.20 18.6636
4246.25 18.6635
4246.30 18.6635
4246.35 18.6635
4246.40 18.6634
4246.45 18.6634
4246.50 18.6634
4246.55 18.6633
4246.60 18.6633
4246.65 18.6632
4246.70 18.6632
4246.75 18.6632
4246.80 18.6631
4246.85 18.6631
4246.90 18.6631
4246.95 18.6630
4247.00 18.6630
4247.05 18.6630
4247.10 18.6630
4247.15 18.6629
4247.20 18.6629
4247.25 18.6629
4247.30 18.6628
4247.35 18.6628
4247.40 18.6628
4247.45 18.6627
4247.50 18.6627
4247.55 18.6627
4247.60 18.6626
4247.65 18.6626
4247.70 18.6626
4247.75 18.6625
4247.80 18.6625
4247.85 18.6625
4247.90 18.6625
4247.95 18.6624
4248.00 18.6624
4248.05 18.6624
4248.10 18.6623
4248.15 18.6623
4248.20 18.6623
4248.25 18.6622
4248.30 18.6622
4248.35 18.6622
4248.40 18.6622
4248.45 18.6621
4248.50 18.6621
4248.55 18.6621
4248.60 18.6620
4248.65 18.6620
4248.70 18.6620
4248.75 18.6620
4248.80 18.6619
4248.85 18.6619
4248.90 18.6619
4248.95 18.6618
4249.00 18.6618
4249.05 18.6618
4249.10 18.6617
4249.15 18.6617
4249.20 18.6617
4249.25 18.6617
4249.30 18.6616
4249.35 18.6616
4249.40 18.6616
4249.45 18.6615
4249.50 18.6615
4249.55 18.6615
4249.60 18.6614
4249.65 18.6614
4249.70 18.6614
4249.75 18.6613
4249.80 18.6613
4249.85 18.6613
4249.90 18.6612
4249.95 18.6612
4250.00 18.6612
4250.05 18.6611
4250.10 18.6611
4250.15 18.6611
4250.20 18.6610
4250.25 18.6610
4250.30 18.6610
4250.35 18.6609
4250.40 18.6609
4250.45 18.6609
4250.50 18.6608
4250.55 18.6608
4250.60 18.6607
4250.65 18.6607
4250.70 18.6607
4250.75 18.6606
4250.80 18.6606
4250.85 18.6605
4250.90 18.6605
4250.95 18.6605
4251.00 18.6604
4251.05 18.6604
4251.10 18.6603
4251.15 18.6603
4251.20 18.6602
4251.25 18.6602
4251.30 18.6601
4251.35 18.6601
4251.40 18.6600
4251.45 18.6600
4251.50 18.6599
4251.55 18.6599
4251.60 18.6598
4251.65 18.6598
4251.70 18.6597
4251.75 18.6597
4251.80 18.6596
4251.85 18.6596
4251.90 18.6595
4251.95 18.6594
4252.00 18.6594
4252.05 18.6593
4252.10 18.6593
4252.15 18.6592
4252.20 18.6591
4252.25 18.6591
4252.30 18.6590
4252.35 18.6589
4252.40 18.6589
4252.45 18.6588
4252.50 18.6587
4252.55 18.6586
4252.60 18.6586
4252.65 18.6585
4252.70 18.6584
4252.75 18.6583
4252.80 18.6583
4252.85 18.6582
4252.90 18.6581
4252.95 18.6580
4253.00 18.6579
4253.05 18.6578
4253.10 18.6577
4253.15 18.6577
4253.20 18.6576
4253.25 18.6575
4253.30 18.6574
4253.35 18.6573
4253.40 18.6572
4253.45 18.6571
4253.50 18.6570
4253.55 18.6569
4253.60 18.6568
4253.65 18.6567
4253.70 18.6566
4253.75 18.6565
4253.80 18.6563
4253.85 18.6562
4253.90 18.6561
4253.95 18.6560
4254.00 18.6559
4254.05 18.6558
4254.10 18.6556
4254.15 18.6555
4254.20 18.6554
4254.25 18.6553
4254.30 18.6551
4254.35 18.6550
4254.40 18.6549
4254.45 18.6547
4254.50 18.6546
4254.55 18.6544
4254.60 18.6543
4254.65 18.6542
4254.70 18.6540
4254.75 18.6539
4254.80 18.6537
4254.85 18.6535
4254.90 18.6534
4254.95 18.6532
4255.00 18.6531
4255.05 18.6529
4255.10 18.6527
4255.15 18.6526
4255.20 18.6524
4255.25 18.6522
4255.30 18.6521
4255.35 18.6519
4255.40 18.6517
4255.45 18.6515
4255.50 18.6513
4255.55 18.6511
4255.60 18.6510
4255.65 18.6508
4255.70 18.6506
4255.75 18.6504
4255.80 18.6502
4255.85 18.6500
4255.90 18.6498
4255.95 18.6496
4256.00 18.6493
4256.05 18.6491
4256.10 18.6489
4256.15 18.6487
4256.20 18.6485
4256.25 18.6482
4256.30 18.6480
4256.35 18.6478
4256.40 18.6476
4256.45 18.6473
4256.50 18.6471
4256.55 18.6468
4256.60 18.6466
4256.65 18.6463
4256.70 18.6461
4256.75 18.6458
4256.80 18.6456
4256.85 18.6453
4256.90 18.6451
4256.95 18.6448
4257.00 18.6445
4257.05 18.6443
4257.10 18.6440
4257.15 18.6437
4257.20 18.6434
4257.25 18.6431
4257.30 18.6429
4257.35 18.6426
4257.40 18.6423
4257.45 18.6420
4257.50 18.6417
4257.55 18.6414
4257.60 18.6411
4257.65 18.6408
4257.70 18.6405
4257.75 18.6401
4257.80 18.6398
4257.85 18.6395
4257.90 18.6392
4257.95 18.6388
4258.00 18.6385
4258.05 18.6382
4258.10 18.6378
4258.15 18.6375
4258.20 18.6372
4258.25 18.6368
4258.30 18.6364
4258.35 18.6361
4258.40 18.6357
4258.45 18.6354
4258.50 18.6350
4258.55 18.6346
4258.60 18.6343
4258.65 18.6339
4258.70 18.6335
4258.75 18.6331
4258.80 18.6327
4258.85 18.6323
4258.90 18.6320
4258.95 18.6316
4259.00 18.6312
4259.05 18.6308
4259.10 18.6303
4259.15 18.6299
4259.20 18.6295
4259.25 18.6291
4259.30 18.6287
4259.35 18.6282
4259.40 18.6278
4259.45 18.6274
4259.50 18.6269
4259.55 18.6265
4259.60 18.6261
4259.65 18.6256
4259.70 18.6252
4259.75 18.6247
4259.80 18.6242
4259.85 18.6238
4259.90 18.6233
4259.95 18.6228
4260.00 18.6224
4260.05 18.6219
4260.10 18.6214
4260.15 18.6209
4260.20 18.6204
4260.25 18.6199
4260.30 18.6195
4260.35 18.6190
4260.40 18.6184
4260.45 18.6179
4260.50 18.6174
4260.55 18.6169
4260.60 18.6164
4260.65 18.6159
4260.70 18.6153
4260.75 18.6148
4260.80 18.6143
4260.85 18.6137
4260.90 18.6132
4260.95 18.6127
4261.00 18.6121
4261.05 18.6116
4261.10 18.6110
4261.15 18.6104
4261.20 18.6099
4261.25 18.6093
4261.30 18.6087
4261.35 18.6082
4261.40 18.6076
4261.45 18.6070
4261.50 18.6064
4261.55 18.6058
4261.60 18.6052
4261.65 18.6046
4261.70 18.6040
4261.75 18.6034
4261.80 18.6028
4261.85 18.6022
4261.90 18.6016
4261.95 18.6009
4262.00 18.6003
4262.05 18.5997
4262.10 18.5991
4262.15 18.5984
4262.20 18.5978
4262.25 18.5971
4262.30 18.5965
4262.35 18.5958
4262.40 18.5952
4262.45 18.5945
4262.50 18.5939
4262.55 18.5932
4262.60 18.5925
4262.65 18.5918
4262.70 18.5912
4262.75 18.5905
4262.80 18.5898
4262.85 18.5891
4262.90 18.5884
4262.95 18.5877
4263.00 18.5870
4263.05 18.5863
4263.10 18.5856
4263.15 18.5849
4263.20 18.5842
4263.25 18.5835
4263.30 18.5827
4263.35 18.5820
4263.40 18.5813
4263.45 18.5805
4263.50 18.5798
4263.55 18.5791
4263.60 18.5783
4263.65 18.5776
4263.70 18.5768
4263.75 18.5761
4263.80 18.5753
4263.85 18.5745
4263.90 18.5738
4263.95 18.5730
4264.00 18.5722
4264.05 18.5714
4264.10 18.5707
4264.15 18.5699
4264.20 18.5691
4264.25 18.5683
4264.30 18.5675
4264.35 18.5667
4264.40 18.5659
4264.45 18.5651
4264.50 18.5643
4264.55 18.5635
4264.60 18.5627
4264.65 18.5618
4264.70 18.5610
4264.75 18.5602
4264.80 18.5594
4264.85 18.5585
4264.90 18.5577
4264.95 18.5568
4265.00 18.5560
4265.05 18.5552
4265.10 18.5543
4265.15 18.5535
4265.20 18.5526
4265.25 18.5517
4265.30 18.5509
4265.35 18.5500
4265.40 18.5491
4265.45 18.5483
4265.50 18.5474
4265.55 18.5465
4265.60 18.5456
4265.65 18.5447
4265.70 18.5439
4265.75 18.5430
4265.80 18.5421
4265.85 18.5412
4265.90 18.5403
4265.95 18.5394
4266.00 18.5385
4266.05 18.5376
4266.10 18.5366
4266.15 18.5357
4266.20 18.5348
4266.25 18.5339
4266.30 18.5330
4266.35 18.5320
4266.40 18.5311
4266.45 18.5302
4266.50 18.5292
4266.55 18.5283
4266.60 18.5274
4266.65 18.5264
4266.70 18.5255
4266.75 18.5245
4266.80 18.5236
4266.85 18.5226
4266.90 18.5217
4266.95 18.5207
4267.00 18.5197
4267.05 18.5188
4267.10 18.5178
4267.15 18.5168
4267.20 18.5159
4267.25 18.5149
4267.30 18.5139
4267.35 18.5129
4267.40 18.5119
4267.45 18.5110
4267.50 18.5100
4267.55 18.5090
4267.60 18.5080
4267.65 18.5070
4267.70 18.5060
4267.75 18.5050
4267.80 18.5040
4267.85 18.5030
4267.90 18.5020
4267.95 18.5010
4268.00 18.5000
4268.05 18.4990
4268.10 18.4980
4268.15 18.4969
4268.20 18.4959
4268.25 18.4949
4268.30 18.4939
4268.35 18.4929
4268.40 18.4918
4268.45 18.4908
4268.50 18.4898
4268.55 18.4887
4268.60 18.4877
4268.65 18.4867
4268.70 18.4856
4268.75 18.4846
4268.80 18.4836
4268.85 18.4825
4268.90 18.4815
4268.95 18.4804
4269.00 18.4794
4269.05 18.4783
4269.10 18.4773
4269.15 18.4762
4269.20 18.4752
4269.25 18.4741
4269.30 18.4731
4269.35 18.4720
4269.40 18.4710
4269.45 18.4699
4269.50 18.4689
4269.55 18.4678
4269.60 18.4667
4269.65 18.4657
4269.70 18.4646
4269.75 18.4635
4269.80 18.4625
4269.85 18.4614
4269.90 18.4603
4269.95 18.4593
4270.00 18.4582
4270.05 18.4571
4270.10 18.4561
4270.15 18.4550
4270.20 18.4539
4270.25 18.4528
4270.30 18.4518
4270.35 18.4507
4270.40 18.4496
4270.45 18.4485
4270.50 18.4474
4270.55 18.4464
4270.60 18.4453
4270.65 18.4442
4270.70 18.4431
4270.75 18.4420
4270.80 18.4410
4270.85 18.4399
4270.90 18.4388
4270.95 18.4377
4271.00 18.4366
4271.05 18.4355
4271.10 18.4345
4271.15 18.4334
4271.20 18.4323
4271.25 18.4312
4271.30 18.4301
4271.35 18.4290
4271.40 18.4280
4271.45 18.4269
4271.50 18.4258
4271.55 18.4247
4271.60 18.4236
4271.65 18.4225
4271.70 18.4215
4271.75 18.4204
4271.80 18.4193
4271.85 18.4182
4271.90 18.4171
4271.95 18.4160
4272.00 18.4150
4272.05 18.4139
4272.10 18.4128
4272.15 18.4117
4272.20 18.4106
4272.25 18.4096
4272.30 18.4085
4272.35 18.4074
4272.40 18.4063
4272.45 18.4052
4272.50 18.4042
4272.55 18.4031
4272.60 18.4020
4272.65 18.4009
4272.70 18.3999
4272.75 18.3988
4272.80 18.3977
4272.85 18.3966
4272.90 18.3956
4272.95 18.3945
4273.00 18.3934
4273.05 18.3924
4273.10 18.3913
4273.15 18.3902
4273.20 18.3892
4273.25 18.3881
4273.30 18.3871
4273.35 18.3860
4273.40 18.3849
4273.45 18.3839
4273.50 18.3828
4273.55 18.3818
4273.60 18.3807
4273.65 18.3797
4273.70 18.3786
4273.75 18.3776
4273.80 18.3765
4273.85 18.3755
4273.90 18.3744
4273.95 18.3734
4274.00 18.3724
4274.05 18.3713
4274.10 18.3703
4274.15 18.3693
4274.20 18.3682
4274.25 18.3672
4274.30 18.3662
4274.35 18.3651
4274.40 18.3641
4274.45 18.3631
4274.50 18.3621
4274.55 18.3611
4274.60 18.3600
4274.65 18.3590
4274.70 18.3580
4274.75 18.3570
4274.80 18.3560
4274.85 18.3550
4274.90 18.3540
4274.95 18.3530
4275.00 18.3520
4275.05 18.3510
4275.10 18.3500
4275.15 18.3490
4275.20 18.3480
4275.25 18.3471
4275.30 18.3461
4275.35 18.3451
4275.40 18.3441
4275.45 18.3431
4275.50 18.3422
4275.55 18.3412
4275.60 18.3402
4275.65 18.3393
4275.70 18.3383
4275.75 18.3374
4275.80 18.3364
4275.85 18.3354
4275.90 18.3345
4275.95 18.3336
4276.00 18.3326
4276.05 18.3317
4276.10 18.3307
4276.15 18.3298
4276.20 18.3289
4276.25 18.3279
4276.30 18.3270
4276.35 18.3261
4276.40 18.3252
4276.45 18.3243
4276.50 18.3234
4276.55 18.3225
4276.60 18.3215
4276.65 18.3206
4276.70 18.3198
4276.75 18.3189
4276.80 18.3180
4276.85 18.3171
4276.90 18.3162
4276.95 18.3153
4277.00 18.3144
4277.05 18.3136
4277.10 18.3127
4277.15 18.3118
4277.20 18.3110
4277.25 18.3101
4277.30 18.3093
4277.35 18.3084
4277.40 18.3076
4277.45 18.3067
4277.50 18.3059
4277.55 18.3051
4277.60 18.3042
4277.65 18.3034
4277.70 18.3026
4277.75 18.3018
4277.80 18.3009
4277.85 18.3001
4277.90 18.2993
4277.95 18.2985
4278.00 18.2977
4278.05 18.2969
4278.10 18.2961
4278.15 18.2954
4278.20 18.2946
4278.25 18.2938
4278.30 18.2930
4278.35 18.2923
4278.40 18.2915
4278.45 18.2907
4278.50 18.2900
4278.55 18.2892
4278.60 18.2885
4278.65 18.2877
4278.70 18.2870
4278.75 18.2863
4278.80 18.2855
4278.85 18.2848
4278.90 18.2841
4278.95 18.2834
4279.00 18.2827
4279.05 18.2820
4279.10 18.2813
4279.15 18.2806
4279.20 18.2799
4279.25 18.2792
4279.30 18.2785
4279.35 18.2778
4279.40 18.2772
4279.45 18.2765
4279.50 18.2758
4279.55 18.2752
4279.60 18.2745
4279.65 18.2739
4279.70 18.2732
4279.75 18.2726
4279.80 18.2719
4279.85 18.2713
4279.90 18.2707
4279.95 18.2701
4280.00 18.2695
4280.05 18.2689
4280.10 18.2682
4280.15 18.2676
4280.20 18.2671
4280.25 18.2665
4280.30 18.2659
4280.35 18.2653
4280.40 18.2647
4280.45 18.2642
4280.50 18.2636
4280.55 18.2630
4280.60 18.2625
4280.65 18.2619
4280.70 18.2614
4280.75 18.2609
4280.80 18.2603
4280.85 18.2598
4280.90 18.2593
4280.95 18.2588
4281.00 18.2582
4281.05 18.2577
4281.10 18.2572
4281.15 18.2567
4281.20 18.2562
4281.25 18.2558
4281.30 18.2553
4281.35 18.2548
4281.40 18.2543
4281.45 18.2539
4281.50 18.2534
4281.55 18.2530
4281.60 18.2525
4281.65 18.2521
4281.70 18.2516
4281.75 18.2512
4281.80 18.2508
4281.85 18.2504
4281.90 18.2499
4281.95 18.2495
4282.00 18.2491
4282.05 18.2487
4282.10 18.2483
4282.15 18.2480
4282.20 18.2476
4282.25 18.2472
4282.30 18.2468
4282.35 18.2465
4282.40 18.2461
4282.45 18.2457
4282.50 18.2454
4282.55 18.2451
4282.60 18.2447
4282.65 18.2444
4282.70 18.2441
4282.75 18.2437
4282.80 18.2434
4282.85 18.2431
4282.90 18.2428
4282.95 18.2425
4283.00 18.2422
4283.05 18.2419
4283.10 18.2417
4283.15 18.2414
4283.20 18.2411
4283.25 18.2409
4283.30 18.2406
4283.35 18.2404
4283.40 18.2401
4283.45 18.2399
4283.50 18.2396
4283.55 18.2394
4283.60 18.2392
4283.65 18.2390
4283.70 18.2388
4283.75 18.2385
4283.80 18.2384
4283.85 18.2382
4283.90 18.2380
4283.95 18.2378
4284.00 18.2376
4284.05 18.2374
4284.10 18.2373
4284.15 18.2371
4284.20 18.2370
4284.25 18.2368
4284.30 18.2367
4284.35 18.2365
4284.40 18.2364
4284.45 18.2363
4284.50 18.2362
4284.55 18.2361
4284.60 18.2360
4284.65 18.2359
4284.70 18.2358
4284.75 18.2357
4284.80 18.2356
4284.85 18.2355
4284.90 18.2354
4284.95 18.2354
4285.00 18.2353
4285.05 18.2353
4285.10 18.2352
4285.15 18.2352
4285.20 18.2351
4285.25 18.2351
4285.30 18.2351
4285.35 18.2351
4285.40 18.2351
4285.45 18.2351
