4939.50 9.7169
4939.55 9.7169
4939.60 9.7169
4939.65 9.7169
4939.70 9.7169
4939.75 9.7169
4939.80 9.7169
4939.85 9.7169
4939.90 9.7169
4939.95 9.7169
4940.00 9.7169
4940.05 9.7169
4940.10 9.7169
4940.15 9.7169
4940.20 9.7169
4940.25 9.7169
4940.30 9.7169
4940.35 9.7169
4940.40 9.7169
4940.45 9.7169
4940.50 9.7169
4940.55 9.7169
4940.60 9.7169
4940.65 9.7169
4940.70 9.7169
4940.75 9.7169
4940.80 9.7169
4940.85 9.7169
4940.90 9.7169
4940.95 9.7169
4941.00 9.7169
4941.05 9.7169
4941.10 9.7169
4941.15 9.7169
4941.20 9.7169
4941.25 9.7169
4941.30 9.7169
4941.35 9.7169
4941.40 9.7169
4941.45 9.7169
4941.50 9.7169
4941.55 9.7168
4941.60 9.7168
4941.65 9.7168
4941.70 9.7168
4941.75 9.7168
4941.80 9.7168
4941.85 9.7168
4941.90 9.7168
4941.95 9.7168
4942.00 9.7168
4942.05 9.7168
4942.10 9.7168
4942.15 9.7168
4942.20 9.7168
4942.25 9.7168
4942.30 9.7168
4942.35 9.7168
4942.40 9.7168
4942.45 9.7168
4942.50 9.7168
4942.55 9.7167
4942.60 9.7167
4942.65 9.7167
4942.70 9.7167
4942.75 9.7167
4942.80 9.7167
4942.85 9.7167
4942.90 9.7167
4942.95 9.7167
4943.00 9.7167
4943.05 9.7167
4943.10 9.7166
4943.15 9.7166
4943.20 9.7166
4943.25 9.7166
4943.30 9.7166
4943.35 9.7166
4943.40 9.7166
4943.45 9.7166
4943.50 9.7166
4943.55 9.7165
4943.60 9.7165
4943.65 9.7165
4943.70 9.7165
4943.75 9.7165
4943.80 9.7165
4943.85 9.7164
4943.90 9.7164
4943.95 9.7164
4944.00 9.7164
4944.05 9.7164
4944.10 9.7164
4944.15 9.7163
4944.20 9.7163
4944.25 9.7163
4944.30 9.7163
4944.35 9.7162
4944.40 9.7162
4944.45 9.7162
4944.50 9.7162
4944.55 9.7162
4944.60 9.7161
4944.65 9.7161
4944.70 9.7161
4944.75 9.7161
4944.80 9.7160
4944.85 9.7160
4944.90 9.7160
4944.95 9.7159
4945.00 9.7159
4945.05 9.7159
4945.10 9.7158
4945.15 9.7158
4945.20 9.7158
4945.25 9.7158
4945.30 9.7157
4945.35 9.7157
4945.40 9.7156
4945.45 9.7156
4945.50 9.7156
4945.55 9.7155
4945.60 9.7155
4945.65 9.7155
4945.70 9.7154
4945.75 9.7154
4945.80 9.7153
4945.85 9.7153
4945.90 9.7153
4945.95 9.7152
4946.00 9.7152
4946.05 9.7151
4946.10 9.7151
4946.15 9.7150
4946.20 9.7150
4946.25 9.7149
4946.30 9.7149
4946.35 9.7148
4946.40 9.7148
4946.45 9.7147
4946.50 9.7147
4946.55 9.7146
4946.60 9.7146
4946.65 9.7145
4946.70 9.7144
4946.75 9.7144
4946.80 9.7143
4946.85 9.7143
4946.90 9.7142
4946.95 9.7141
4947.00 9.7141
4947.05 9.7140
4947.10 9.7140
4947.15 9.7139
4947.20 9.7138
4947.25 9.7138
4947.30 9.7137
4947.35 9.7136
4947.40 9.7135
4947.45 9.7135
4947.50 9.7134
4947.55 9.7133
4947.60 9.7133
4947.65 9.7132
4947.70 9.7131
4947.75 9.7130
4947.80 9.7129
4947.85 9.7129
4947.90 9.7128
4947.95 9.7127
4948.00 9.7126
4948.05 9.7125
4948.10 9.7124
4948.15 9.7124
4948.20 9.7123
4948.25 9.7122
4948.30 9.7121
4948.35 9.7120
4948.40 9.7119
4948.45 9.7118
4948.50 9.7117
4948.55 9.7116
4948.60 9.7115
4948.65 9.7114
4948.70 9.7113
4948.75 9.7112
4948.80 9.7111
4948.85 9.7110
4948.90 9.7109
4948.95 9.7108
4949.00 9.7107
4949.05 9.7106
4949.10 9.7105
4949.15 9.7104
4949.20 9.7103
4949.25 9.7102
4949.30 9.7100
4949.35 9.7099
4949.40 9.7098
4949.45 9.7097
4949.50 9.7096
4949.55 9.7095
4949.60 9.7093
4949.65 9.7092
4949.70 9.7091
4949.75 9.7090
4949.80 9.7088
4949.85 9.7087
4949.90 9.7086
4949.95 9.7085
4950.00 9.7083
4950.05 9.7082
4950.10 9.7081
4950.15 9.7079
4950.20 9.7078
4950.25 9.7077
4950.30 9.7075
4950.35 9.7074
4950.40 9.7072
4950.45 9.7071
4950.50 9.7070
4950.55 9.7068
4950.60 9.7067
4950.65 9.7065
4950.70 9.7064
4950.75 9.7062
4950.80 9.7061
4950.85 9.7059
4950.90 9.7058
4950.95 9.7056
4951.00 9.7055
4951.05 9.7053
4951.10 9.7052
4951.15 9.7050
4951.20 9.7048
4951.25 9.7047
4951.30 9.7045
4951.35 9.7044
4951.40 9.7042
4951.45 9.7040
4951.50 9.7039
4951.55 9.7037
4951.60 9.7035
4951.65 9.7033
4951.70 9.7032
4951.75 9.7030
4951.80 9.7028
4951.85 9.7027
4951.90 9.7025
4951.95 9.7023
4952.00 9.7021
4952.05 9.7019
4952.10 9.7018
4952.15 9.7016
4952.20 9.7014
4952.25 9.7012
4952.30 9.7010
4952.35 9.7008
4952.40 9.7007
4952.45 9.7005
4952.50 9.7003
4952.55 9.7001
4952.60 9.6999
4952.65 9.6997
4952.70 9.6995
4952.75 9.6993
4952.80 9.6991
4952.85 9.6989
4952.90 9.6987
4952.95 9.6985
4953.00 9.6983
4953.05 9.6981
4953.10 9.6979
4953.15 9.6977
4953.20 9.6975
4953.25 9.6973
4953.30 9.6971
4953.35 9.6969
4953.40 9.6967
4953.45 9.6965
4953.50 9.6962
4953.55 9.6960
4953.60 9.6958
4953.65 9.6956
4953.70 9.6954
4953.75 9.6952
4953.80 9.6950
4953.85 9.6947
4953.90 9.6945
4953.95 9.6943
4954.00 9.6941
4954.05 9.6939
4954.10 9.6936
4954.15 9.6934
4954.20 9.6932
4954.25 9.6930
4954.30 9.6927
4954.35 9.6925
4954.40 9.6923
4954.45 9.6920
4954.50 9.6918
4954.55 9.6916
4954.60 9.6913
4954.65 9.6911
4954.70 9.6909
4954.75 9.6906
4954.80 9.6904
4954.85 9.6902
4954.90 9.6899
4954.95 9.6897
4955.00 9.6894
4955.05 9.6892
4955.10 9.6890
4955.15 9.6887
4955.20 9.6885
4955.25 9.6882
4955.30 9.6880
4955.35 9.6877
4955.40 9.6875
4955.45 9.6872
4955.50 9.6870
4955.55 9.6867
4955.60 9.6865
4955.65 9.6862
4955.70 9.6860
4955.75 9.6857
4955.80 9.6855
4955.85 9.6852
4955.90 9.6850
4955.95 9.6847
4956.00 9.6844
4956.05 9.6842
4956.10 9.6839
4956.15 9.6837
4956.20 9.6834
4956.25 9.6831
4956.30 9.6829
4956.35 9.6826
4956.40 9.6824
4956.45 9.6821
4956.50 9.6818
4956.55 9.6816
4956.60 9.6813
4956.65 9.6810
4956.70 9.6808
4956.75 9.6805
4956.80 9.6802
4956.85 9.6800
4956.90 9.6797
4956.95 9.6794
4957.00 9.6791
4957.05 9.6789
4957.10 9.6786
4957.15 9.6783
4957.20 9.6780
4957.25 9.6778
4957.30 9.6775
4957.35 9.6772
4957.40 9.6769
4957.45 9.6767
4957.50 9.6764
4957.55 9.6761
4957.60 9.6758
4957.65 9.6755
4957.70 9.6753
4957.75 9.6750
4957.80 9.6747
4957.85 9.6744
4957.90 9.6741
4957.95 9.6738
4958.00 9.6736
4958.05 9.6733
4958.10 9.6730
4958.15 9.6727
4958.20 9.6724
4958.25 9.6721
4958.30 9.6718
4958.35 9.6715
4958.40 9.6712
4958.45 9.6710
4958.50 9.6707
4958.55 9.6704
4958.60 9.6701
4958.65 9.6698
4958.70 9.6695
4958.75 9.6692
4958.80 9.6689
4958.85 9.6686
4958.90 9.6683
4958.95 9.6680
4959.00 9.6677
4959.05 9.6674
4959.10 9.6671
4959.15 9.6668
4959.20 9.6665
4959.25 9.6662
4959.30 9.6659
4959.35 9.6656
4959.40 9.6653
4959.45 9.6650
4959.50 9.6647
4959.55 9.6644
4959.60 9.6641
4959.65 9.6638
4959.70 9.6635
4959.75 9.6632
4959.80 9.6629
4959.85 9.6626
4959.90 9.6622
4959.95 9.6619
4960.00 9.6616
4960.05 9.6613
4960.10 9.6610
4960.15 9.6607
4960.20 9.6604
4960.25 9.6601
4960.30 9.6598
4960.35 9.6594
4960.40 9.6591
4960.45 9.6588
4960.50 9.6585
4960.55 9.6582
4960.60 9.6579
4960.65 9.6575
4960.70 9.6572
4960.75 9.6569
4960.80 9.6566
4960.85 9.6563
4960.90 9.6560
4960.95 9.6556
4961.00 9.6553
4961.05 9.6550
4961.10 9.6547
4961.15 9.6543
4961.20 9.6540
4961.25 9.6537
4961.30 9.6534
4961.35 9.6530
4961.40 9.6527
4961.45 9.6524
4961.50 9.6521
4961.55 9.6517
4961.60 9.6514
4961.65 9.6511
4961.70 9.6507
4961.75 9.6504
4961.80 9.6501
4961.85 9.6497
4961.90 9.6494
4961.95 9.6491
4962.00 9.6487
4962.05 9.6484
4962.10 9.6481
4962.15 9.6477
4962.20 9.6474
4962.25 9.6471
4962.30 9.6467
4962.35 9.6464
4962.40 9.6460
4962.45 9.6457
4962.50 9.6454
4962.55 9.6450
4962.60 9.6447
4962.65 9.6443
4962.70 9.6440
4962.75 9.6436
4962.80 9.6433
4962.85 9.6430
4962.90 9.6426
4962.95 9.6423
4963.00 9.6419
4963.05 9.6416
4963.10 9.6412
4963.15 9.6409
4963.20 9.6405
4963.25 9.6402
4963.30 9.6398
4963.35 9.6395
4963.40 9.6391
4963.45 9.6388
4963.50 9.6384
4963.55 9.6380
4963.60 9.6377
4963.65 9.6373
4963.70 9.6370
4963.75 9.6366
4963.80 9.6363
4963.85 9.6359
4963.90 9.6355
4963.95 9.6352
4964.00 9.6348
4964.05 9.6344
4964.10 9.6341
4964.15 9.6337
4964.20 9.6333
4964.25 9.6330
4964.30 9.6326
4964.35 9.6322
4964.40 9.6319
4964.45 9.6315
4964.50 9.6311
4964.55 9.6308
4964.60 9.6304
4964.65 9.6300
4964.70 9.6296
4964.75 9.6293
4964.80 9.6289
4964.85 9.6285
4964.90 9.6281
4964.95 9.6278
4965.00 9.6274
4965.05 9.6270
4965.10 9.6266
4965.15 9.6262
4965.20 9.6258
4965.25 9.6255
4965.30 9.6251
4965.35 9.6247
4965.40 9.6243
4965.45 9.6239
4965.50 9.6235
4965.55 9.6231
4965.60 9.6228
4965.65 9.6224
4965.70 9.6220
4965.75 9.6216
4965.80 9.6212
4965.85 9.6208
4965.90 9.6204
4965.95 9.6200
4966.00 9.6196
4966.05 9.6192
4966.10 9.6188
4966.15 9.6184
4966.20 9.6180
4966.25 9.6176
4966.30 9.6172
4966.35 9.6168
4966.40 9.6164
4966.45 9.6160
4966.50 9.6156
4966.55 9.6152
4966.60 9.6147
4966.65 9.6143
4966.70 9.6139
4966.75 9.6135
4966.80 9.6131
4966.85 9.6127
4966.90 9.6123
4966.95 9.6119
4967.00 9.6114
4967.05 9.6110
4967.10 9.6106
4967.15 9.6102
4967.20 9.6098
4967.25 9.6093
4967.30 9.6089
4967.35 9.6085
4967.40 9.6081
4967.45 9.6076
4967.50 9.6072
4967.55 9.6068
4967.60 9.6063
4967.65 9.6059
4967.70 9.6055
4967.75 9.6050
4967.80 9.6046
4967.85 9.6042
4967.90 9.6037
4967.95 9.6033
4968.00 9.6029
4968.05 9.6024
4968.10 9.6020
4968.15 9.6015
4968.20 9.6011
4968.25 9.6006
4968.30 9.6002
4968.35 9.5998
4968.40 9.5993
4968.45 9.5989
4968.50 9.5984
4968.55 9.5980
4968.60 9.5975
4968.65 9.5971
4968.70 9.5966
4968.75 9.5961
4968.80 9.5957
4968.85 9.5952
4968.90 9.5948
4968.95 9.5943
4969.00 9.5938
4969.05 9.5934
4969.10 9.5929
4969.15 9.5925
4969.20 9.5920
4969.25 9.5915
4969.30 9.5911
4969.35 9.5906
4969.40 9.5901
4969.45 9.5896
4969.50 9.5892
4969.55 9.5887
4969.60 9.5882
4969.65 9.5877
4969.70 9.5873
4969.75 9.5868
4969.80 9.5863
4969.85 9.5858
4969.90 9.5854
4969.95 9.5849
4970.00 9.5844
4970.05 9.5839
4970.10 9.5834
4970.15 9.5829
4970.20 9.5824
4970.25 9.5819
4970.30 9.5815
4970.35 9.5810
4970.40 9.5805
4970.45 9.5800
4970.50 9.5795
4970.55 9.5790
4970.60 9.5785
4970.65 9.5780
4970.70 9.5775
4970.75 9.5770
4970.80 9.5765
4970.85 9.5760
4970.90 9.5755
4970.95 9.5750
4971.00 9.5745
4971.05 9.5740
4971.10 9.5734
4971.15 9.5729
4971.20 9.5724
4971.25 9.5719
4971.30 9.5714
4971.35 9.5709
4971.40 9.5704
4971.45 9.5699
4971.50 9.5693
4971.55 9.5688
4971.60 9.5683
4971.65 9.5678
4971.70 9.5673
4971.75 9.5667
4971.80 9.5662
4971.85 9.5657
4971.90 9.5652
4971.95 9.5646
4972.00 9.5641
4972.05 9.5636
4972.10 9.5630
4972.15 9.5625
4972.20 9.5620
4972.25 9.5615
4972.30 9.5609
4972.35 9.5604
4972.40 9.5598
4972.45 9.5593
4972.50 9.5588
4972.55 9.5582
4972.60 9.5577
4972.65 9.5572
4972.70 9.5566
4972.75 9.5561
4972.80 9.5555
4972.85 9.5550
4972.90 9.5544
4972.95 9.5539
4973.00 9.5533
4973.05 9.5528
4973.10 9.5522
4973.15 9.5517
4973.20 9.5511
4973.25 9.5506
4973.30 9.5500
4973.35 9.5495
4973.40 9.5489
4973.45 9.5484
4973.50 9.5478
4973.55 9.5473
4973.60 9.5467
4973.65 9.5462
4973.70 9.5456
4973.75 9.5450
4973.80 9.5445
4973.85 9.5439
4973.90 9.5434
4973.95 9.5428
4974.00 9.5422
4974.05 9.5417
4974.10 9.5411
4974.15 9.5405
4974.20 9.5400
4974.25 9.5394
4974.30 9.5388
4974.35 9.5383
4974.40 9.5377
4974.45 9.5371
4974.50 9.5366
4974.55 9.5360
4974.60 9.5354
4974.65 9.5348
4974.70 9.5343
4974.75 9.5337
4974.80 9.5331
4974.85 9.5326
4974.90 9.5320
4974.95 9.5314
4975.00 9.5308
4975.05 9.5303
4975.10 9.5297
4975.15 9.5291
4975.20 9.5285
4975.25 9.5279
4975.30 9.5274
4975.35 9.5268
4975.40 9.5262
4975.45 9.5256
4975.50 9.5251
4975.55 9.5245
4975.60 9.5239
4975.65 9.5233
4975.70 9.5227
4975.75 9.5221
4975.80 9.5216
4975.85 9.5210
4975.90 9.5204
4975.95 9.5198
4976.00 9.5192
4976.05 9.5186
4976.10 9.5181
4976.15 9.5175
4976.20 9.5169
4976.25 9.5163
4976.30 9.5157
4976.35 9.5151
4976.40 9.5145
4976.45 9.5140
4976.50 9.5134
4976.55 9.5128
4976.60 9.5122
4976.65 9.5116
4976.70 9.5110
4976.75 9.5104
4976.80 9.5099
4976.85 9.5093
4976.90 9.5087
4976.95 9.5081
4977.00 9.5075
4977.05 9.5069
4977.10 9.5063
4977.15 9.5057
4977.20 9.5051
4977.25 9.5046
4977.30 9.5040
4977.35 9.5034
4977.40 9.5028
4977.45 9.5022
4977.50 9.5016
4977.55 9.5010
4977.60 9.5004
4977.65 9.4998
4977.70 9.4993
4977.75 9.4987
4977.80 9.4981
4977.85 9.4975
4977.90 9.4969
4977.95 9.4963
4978.00 9.4957
4978.05 9.4951
4978.10 9.4945
4978.15 9.4939
4978.20 9.4934
4978.25 9.4928
4978.30 9.4922
4978.35 9.4916
4978.40 9.4910
4978.45 9.4904
4978.50 9.4898
4978.55 9.4892
4978.60 9.4886
4978.65 9.4881
4978.70 9.4875
4978.75 9.4869
4978.80 9.4863
4978.85 9.4857
4978.90 9.4851
4978.95 9.4845
4979.00 9.4839
4979.05 9.4834
4979.10 9.4828
4979.15 9.4822
4979.20 9.4816
4979.25 9.4810
4979.30 9.4804
4979.35 9.4798
4979.40 9.4792
4979.45 9.4787
4979.50 9.4781
4979.55 9.4775
4979.60 9.4769
4979.65 9.4763
4979.70 9.4757
4979.75 9.4751
4979.80 9.4745
4979.85 9.4740
4979.90 9.4734
4979.95 9.4728
4980.00 9.4722
4980.05 9.4716
4980.10 9.4710
4980.15 9.4704
4980.20 9.4699
4980.25 9.4693
4980.30 9.4687
4980.35 9.4681
4980.40 9.4675
4980.45 9.4669
4980.50 9.4664
4980.55 9.4658
4980.60 9.4652
4980.65 9.4646
4980.70 9.4640
4980.75 9.4634
4980.80 9.4629
4980.85 9.4623
4980.90 9.4617
4980.95 9.4611
4981.00 9.4605
4981.05 9.4599
4981.10 9.4594
4981.15 9.4588
4981.20 9.4582
4981.25 9.4576
4981.30 9.4570
4981.35 9.4564
4981.40 9.4559
4981.45 9.4553
4981.50 9.4547
4981.55 9.4541
4981.60 9.4535
4981.65 9.4529
4981.70 9.4524
4981.75 9.4518
4981.80 9.4512
4981.85 9.4506
4981.90 9.4500
4981.95 9.4495
4982.00 9.4489
4982.05 9.4483
4982.10 9.4477
4982.15 9.4471
4982.20 9.4465
4982.25 9.4460
4982.30 9.4454
4982.35 9.4448
4982.40 9.4442
4982.45 9.4436
4982.50 9.4431
4982.55 9.4425
4982.60 9.4419
4982.65 9.4413
4982.70 9.4407
4982.75 9.4401
4982.80 9.4396
4982.85 9.4390
4982.90 9.4384
4982.95 9.4378
4983.00 9.4372
4983.05 9.4366
4983.10 9.4361
4983.15 9.4355
4983.20 9.4349
4983.25 9.4343
4983.30 9.4337
4983.35 9.4331
4983.40 9.4326
4983.45 9.4320
4983.50 9.4314
4983.55 9.4308
4983.60 9.4302
4983.65 9.4296
4983.70 9.4291
4983.75 9.4285
4983.80 9.4279
4983.85 9.4273
4983.90 9.4267
4983.95 9.4261
4984.00 9.4256
4984.05 9.4250
4984.10 9.4244
4984.15 9.4238
4984.20 9.4232
4984.25 9.4226
4984.30 9.4220
4984.35 9.4214
4984.40 9.4209
4984.45 9.4203
4984.50 9.4197
4984.55 9.4191
4984.60 9.4185
4984.65 9.4179
4984.70 9.4173
4984.75 9.4167
4984.80 9.4161
4984.85 9.4156
4984.90 9.4150
4984.95 9.4144
4985.00 9.4138
4985.05 9.4132
4985.10 9.4126
4985.15 9.4120
4985.20 9.4114
4985.25 9.4108
4985.30 9.4102
4985.35 9.4096
4985.40 9.4090
4985.45 9.4084
4985.50 9.4078
4985.55 9.4073
4985.60 9.4067
4985.65 9.4061
4985.70 9.4055
4985.75 9.4049
4985.80 9.4043
4985.85 9.4037
4985.90 9.4031
4985.95 9.4025
4986.00 9.4019
4986.05 9.4013
4986.10 9.4007
4986.15 9.4001
4986.20 9.3995
4986.25 9.3989
4986.30 9.3983
4986.35 9.3977
4986.40 9.3971
4986.45 9.3965
4986.50 9.3959
4986.55 9.3953
4986.60 9.3947
4986.65 9.3941
4986.70 9.3935
4986.75 9.3929
4986.80 9.3922
4986.85 9.3916
4986.90 9.3910
4986.95 9.3904
4987.00 9.3898
4987.05 9.3892
4987.10 9.3886
4987.15 9.3880
4987.20 9.3874
4987.25 9.3868
4987.30 9.3862
4987.35 9.3856
4987.40 9.3849
4987.45 9.3843
4987.50 9.3837
4987.55 9.3831
4987.60 9.3825
4987.65 9.3819
4987.70 9.3813
4987.75 9.3807
4987.80 9.3800
4987.85 9.3794
4987.90 9.3788
4987.95 9.3782
4988.00 9.3776
4988.05 9.3770
4988.10 9.3764
4988.15 9.3757
4988.20 9.3751
4988.25 9.3745
4988.30 9.3739
4988.35 9.3733
4988.40 9.3726
4988.45 9.3720
4988.50 9.3714
4988.55 9.3708
4988.60 9.3702
4988.65 9.3696
4988.70 9.3689
4988.75 9.3683
4988.80 9.3677
4988.85 9.3671
4988.90 9.3664
4988.95 9.3658
4989.00 9.3652
4989.05 9.3646
4989.10 9.3640
4989.15 9.3633
4989.20 9.3627
4989.25 9.3621
4989.30 9.3615
4989.35 9.3608
4989.40 9.3602
4989.45 9.3596
4989.50 9.3590
4989.55 9.3583
4989.60 9.3577
4989.65 9.3571
4989.70 9.3564
4989.75 9.3558
4989.80 9.3552
4989.85 9.3546
4989.90 9.3539
4989.95 9.3533
4990.00 9.3527
4990.05 9.3520
4990.10 9.3514
4990.15 9.3508
4990.20 9.3502
4990.25 9.3495
4990.30 9.3489
4990.35 9.3483
4990.40 9.3476
4990.45 9.3470
4990.50 9.3464
4990.55 9.3457
4990.60 9.3451
4990.65 9.3445
4990.70 9.3439
4990.75 9.3432
4990.80 9.3426
4990.85 9.3420
4990.90 9.3413
4990.95 9.3407
4991.00 9.3401
4991.05 9.3394
4991.10 9.3388
4991.15 9.3382
4991.20 9.3375
4991.25 9.3369
4991.30 9.3363
4991.35 9.3356
4991.40 9.3350
4991.45 9.3344
4991.50 9.3337
4991.55 9.3331
4991.60 9.3325
4991.65 9.3319
4991.70 9.3312
4991.75 9.3306
4991.80 9.3300
4991.85 9.3293
4991.90 9.3287
4991.95 9.3281
4992.00 9.3274
4992.05 9.3268
4992.10 9.3262
4992.15 9.3255
4992.20 9.3249
4992.25 9.3243
4992.30 9.3236
4992.35 9.3230
4992.40 9.3224
4992.45 9.3217
4992.50 9.3211
4992.55 9.3205
4992.60 9.3198
4992.65 9.3192
4992.70 9.3186
4992.75 9.3179
4992.80 9.3173
4992.85 9.3167
4992.90 9.3161
4992.95 9.3154
4993.00 9.3148
4993.05 9.3142
4993.10 9.3135
4993.15 9.3129
4993.20 9.3123
4993.25 9.3116
4993.30 9.3110
4993.35 9.3104
4993.40 9.3098
4993.45 9.3091
4993.50 9.3085
4993.55 9.3079
4993.60 9.3072
4993.65 9.3066
4993.70 9.3060
4993.75 9.3054
4993.80 9.3047
4993.85 9.3041
4993.90 9.3035
4993.95 9.3029
4994.00 9.3022
4994.05 9.3016
4994.10 9.3010
4994.15 9.3004
4994.20 9.2997
4994.25 9.2991
4994.30 9.2985
4994.35 9.2979
4994.40 9.2972
4994.45 9.2966
4994.50 9.2960
4994.55 9.2954
4994.60 9.2947
4994.65 9.2941
4994.70 9.2935
4994.75 9.2929
4994.80 9.2922
4994.85 9.2916
4994.90 9.2910
4994.95 9.2904
4995.00 9.2898
4995.05 9.2891
4995.10 9.2885
4995.15 9.2879
4995.20 9.2873
4995.25 9.2867
4995.30 9.2860
4995.35 9.2854
4995.40 9.2848
4995.45 9.2842
4995.50 9.2836
4995.55 9.2830
4995.60 9.2823
4995.65 9.2817
4995.70 9.2811
4995.75 9.2805
4995.80 9.2799
4995.85 9.2793
4995.90 9.2786
4995.95 9.2780
4996.00 9.2774
4996.05 9.2768
4996.10 9.2762
4996.15 9.2756
4996.20 9.2750
4996.25 9.2744
4996.30 9.2737
4996.35 9.2731
4996.40 9.2725
4996.45 9.2719
4996.50 9.2713
4996.55 9.2707
4996.60 9.2701
4996.65 9.2695
4996.70 9.2689
4996.75 9.2683
4996.80 9.2677
4996.85 9.2671
4996.90 9.2664
4996.95 9.2658
4997.00 9.2652
4997.05 9.2646
4997.10 9.2640
4997.15 9.2634
4997.20 9.2628
4997.25 9.2622
4997.30 9.2616
4997.35 9.2610
4997.40 9.2604
4997.45 9.2598
4997.50 9.2592
4997.55 9.2586
4997.60 9.2580
4997.65 9.2574
4997.70 9.2568
4997.75 9.2562
4997.80 9.2556
4997.85 9.2550
4997.90 9.2544
4997.95 9.2538
4998.00 9.2532
4998.05 9.2526
4998.10 9.2520
4998.15 9.2514
4998.20 9.2508
4998.25 9.2502
4998.30 9.2496
4998.35 9.2490
4998.40 9.2484
4998.45 9.2479
4998.50 9.2473
4998.55 9.2467
4998.60 9.2461
4998.65 9.2455
4998.70 9.2449
4998.75 9.2443
4998.80 9.2437
4998.85 9.2431
4998.90 9.2425
4998.95 9.2419
4999.00 9.2414
4999.05 9.2408
4999.10 9.2402
4999.15 9.2396
4999.20 9.2390
4999.25 9.2384
4999.30 9.2378
4999.35 9.2372
4999.40 9.2367
4999.45 9.2361
4999.50 9.2355
4999.55 9.2349
4999.60 9.2343
4999.65 9.2337
4999.70 9.2332
4999.75 9.2326
4999.80 9.2320
4999.85 9.2314
4999.90 9.2308
4999.95 9.2302
5000.00 9.2297
5000.05 9.2291
5000.10 9.2285
5000.15 9.2279
5000.20 9.2274
5000.25 9.2268
5000.30 9.2262
5000.35 9.2256
5000.40 9.2250
5000.45 9.2245
5000.50 9.2239
5000.55 9.2233
5000.60 9.2227
5000.65 9.2222
5000.70 9.2216
5000.75 9.2210
5000.80 9.2204
5000.85 9.2199
5000.90 9.2193
5000.95 9.2187
5001.00 9.2181
5001.05 9.2176
5001.10 9.2170
5001.15 9.2164
5001.20 9.2159
5001.25 9.2153
5001.30 9.2147
5001.35 9.2142
5001.40 9.2136
5001.45 9.2130
5001.50 9.2124
5001.55 9.2119
5001.60 9.2113
5001.65 9.2107
5001.70 9.2102
5001.75 9.2096
5001.80 9.2090
5001.85 9.2085
5001.90 9.2079
5001.95 9.2073
5002.00 9.2068
5002.05 9.2062
5002.10 9.2056
5002.15 9.2051
5002.20 9.2045
5002.25 9.2040
5002.30 9.2034
5002.35 9.2028
5002.40 9.2023
5002.45 9.2017
5002.50 9.2011
5002.55 9.2006
5002.60 9.2000
5002.65 9.1995
5002.70 9.1989
5002.75 9.1983
5002.80 9.1978
5002.85 9.1972
5002.90 9.1967
5002.95 9.1961
5003.00 9.1955
5003.05 9.1950
5003.10 9.1944
5003.15 9.1939
5003.20 9.1933
5003.25 9.1927
5003.30 9.1922
5003.35 9.1916
5003.40 9.1911
5003.45 9.1905
5003.50 9.1899
5003.55 9.1894
5003.60 9.1888
5003.65 9.1883
5003.70 9.1877
5003.75 9.1872
5003.80 9.1866
5003.85 9.1860
5003.90 9.1855
5003.95 9.1849
5004.00 9.1844
5004.05 9.1838
5004.10 9.1832
5004.15 9.1827
5004.20 9.1821
5004.25 9.1816
5004.30 9.1810
5004.35 9.1805
5004.40 9.1799
5004.45 9.1794
5004.50 9.1788
5004.55 9.1782
5004.60 9.1777
5004.65 9.1771
5004.70 9.1766
5004.75 9.1760
5004.80 9.1755
5004.85 9.1749
5004.90 9.1743
5004.95 9.1738
5005.00 9.1732
5005.05 9.1727
5005.10 9.1721
5005.15 9.1716
5005.20 9.1710
5005.25 9.1704
5005.30 9.1699
5005.35 9.1693
5005.40 9.1688
5005.45 9.1682
5005.50 9.1676
5005.55 9.1671
5005.60 9.1665
5005.65 9.1660
5005.70 9.1654
5005.75 9.1648
5005.80 9.1643
5005.85 9.1637
5005.90 9.1632
5005.95 9.1626
5006.00 9.1620
5006.05 9.1615
5006.10 9.1609
5006.15 9.1604
5006.20 9.1598
5006.25 9.1592
5006.30 9.1587
5006.35 9.1581
5006.40 9.1575
5006.45 9.1570
5006.50 9.1564
5006.55 9.1559
5006.60 9.1553
5006.65 9.1547
5006.70 9.1542
5006.75 9.1536
5006.80 9.1530
5006.85 9.1525
5006.90 9.1519
5006.95 9.1513
5007.00 9.1508
5007.05 9.1502
5007.10 9.1496
5007.15 9.1491
5007.20 9.1485
5007.25 9.1479
5007.30 9.1473
5007.35 9.1468
5007.40 9.1462
5007.45 9.1456
5007.50 9.1451
5007.55 9.1445
5007.60 9.1439
5007.65 9.1433
5007.70 9.1428
5007.75 9.1422
5007.80 9.1416
5007.85 9.1410
5007.90 9.1405
5007.95 9.1399
5008.00 9.1393
5008.05 9.1387
5008.10 9.1382
5008.15 9.1376
5008.20 9.1370
5008.25 9.1364
5008.30 9.1358
5008.35 9.1352
5008.40 9.1347
5008.45 9.1341
5008.50 9.1335
5008.55 9.1329
5008.60 9.1323
5008.65 9.1317
5008.70 9.1312
5008.75 9.1306
5008.80 9.1300
5008.85 9.1294
5008.90 9.1288
5008.95 9.1282
5009.00 9.1276
5009.05 9.1270
5009.10 9.1265
5009.15 9.1259
5009.20 9.1253
5009.25 9.1247
5009.30 9.1241
5009.35 9.1235
5009.40 9.1229
5009.45 9.1223
5009.50 9.1217
5009.55 9.1211
5009.60 9.1205
5009.65 9.1199
5009.70 9.1193
5009.75 9.1187
5009.80 9.1181
5009.85 9.1175
5009.90 9.1169
5009.95 9.1163
5010.00 9.1157
5010.05 9.1151
5010.10 9.1145
5010.15 9.1139
5010.20 9.1133
5010.25 9.1127
5010.30 9.1121
5010.35 9.1115
5010.40 9.1109
5010.45 9.1103
5010.50 9.1097
5010.55 9.1091
5010.60 9.1085
5010.65 9.1078
5010.70 9.1072
5010.75 9.1066
5010.80 9.1060
5010.85 9.1054
5010.90 9.1048
5010.95 9.1042
5011.00 9.1036
5011.05 9.1030
5011.10 9.1023
5011.15 9.1017
5011.20 9.1011
5011.25 9.1005
5011.30 9.0999
5011.35 9.0993
5011.40 9.0987
5011.45 9.0980
5011.50 9.0974
5011.55 9.0968
5011.60 9.0962
5011.65 9.0956
5011.70 9.0950
5011.75 9.0943
5011.80 9.0937
5011.85 9.0931
5011.90 9.0925
5011.95 9.0919
5012.00 9.0912
5012.05 9.0906
5012.10 9.0900
5012.15 9.0894
5012.20 9.0888
5012.25 9.0881
5012.30 9.0875
5012.35 9.0869
5012.40 9.0863
5012.45 9.0857
5012.50 9.0850
5012.55 9.0844
5012.60 9.0838
5012.65 9.0832
5012.70 9.0826
5012.75 9.0819
5012.80 9.0813
5012.85 9.0807
5012.90 9.0801
5012.95 9.0795
5013.00 9.0788
5013.05 9.0782
5013.10 9.0776
5013.15 9.0770
5013.20 9.0763
5013.25 9.0757
5013.30 9.0751
5013.35 9.0745
5013.40 9.0739
5013.45 9.0732
5013.50 9.0726
5013.55 9.0720
5013.60 9.0714
5013.65 9.0708
5013.70 9.0702
5013.75 9.0695
5013.80 9.0689
5013.85 9.0683
5013.90 9.0677
5013.95 9.0671
5014.00 9.0665
5014.05 9.0658
5014.10 9.0652
5014.15 9.0646
5014.20 9.0640
5014.25 9.0634
5014.30 9.0628
5014.35 9.0622
5014.40 9.0615
5014.45 9.0609
5014.50 9.0603
5014.55 9.0597
5014.60 9.0591
5014.65 9.0585
5014.70 9.0579
5014.75 9.0573
5014.80 9.0567
5014.85 9.0561
5014.90 9.0555
5014.95 9.0549
5015.00 9.0543
5015.05 9.0536
5015.10 9.0530
5015.15 9.0524
5015.20 9.0518
5015.25 9.0512
5015.30 9.0506
5015.35 9.0500
5015.40 9.0495
5015.45 9.0489
5015.50 9.0483
5015.55 9.0477
5015.60 9.0471
5015.65 9.0465
5015.70 9.0459
5015.75 9.0453
5015.80 9.0447
5015.85 9.0441
5015.90 9.0435
5015.95 9.0430
5016.00 9.0424
5016.05 9.0418
5016.10 9.0412
5016.15 9.0406
5016.20 9.0400
5016.25 9.0395
5016.30 9.0389
5016.35 9.0383
5016.40 9.0377
5016.45 9.0372
5016.50 9.0366
5016.55 9.0360
5016.60 9.0354
5016.65 9.0349
5016.70 9.0343
5016.75 9.0337
5016.80 9.0332
5016.85 9.0326
5016.90 9.0320
5016.95 9.0315
5017.00 9.0309
5017.05 9.0304
5017.10 9.0298
5017.15 9.0292
5017.20 9.0287
5017.25 9.0281
5017.30 9.0276
5017.35 9.0270
5017.40 9.0265
5017.45 9.0259
5017.50 9.0254
5017.55 9.0248
5017.60 9.0243
5017.65 9.0237
5017.70 9.0232
5017.75 9.0227
5017.80 9.0221
5017.85 9.0216
5017.90 9.0211
5017.95 9.0205
5018.00 9.0200
5018.05 9.0195
5018.10 9.0189
5018.15 9.0184
5018.20 9.0179
5018.25 9.0173
5018.30 9.0168
5018.35 9.0163
5018.40 9.0158
5018.45 9.0152
5018.50 9.0147
5018.55 9.0142
5018.60 9.0137
5018.65 9.0132
5018.70 9.0127
5018.75 9.0121
5018.80 9.0116
5018.85 9.0111
5018.90 9.0106
5018.95 9.0101
5019.00 9.0096
5019.05 9.0091
5019.10 9.0086
5019.15 9.0081
5019.20 9.0076
5019.25 9.0071
5019.30 9.0066
5019.35 9.0061
5019.40 9.0056
5019.45 9.0051
5019.50 9.0046
5019.55 9.0041
5019.60 9.0036
5019.65 9.0031
5019.70 9.0026
5019.75 9.0022
5019.80 9.0017
5019.85 9.0012
5019.90 9.0007
5019.95 9.0002
5020.00 8.9997
5020.05 8.9992
5020.10 8.9988
5020.15 8.9983
5020.20 8.9978
5020.25 8.9973
5020.30 8.9969
5020.35 8.9964
5020.40 8.9959
5020.45 8.9954
5020.50 8.9950
5020.55 8.9945
5020.60 8.9940
5020.65 8.9935
5020.70 8.9931
5020.75 8.9926
5020.80 8.9921
5020.85 8.9917
5020.90 8.9912
5020.95 8.9907
5021.00 8.9903
5021.05 8.9898
5021.10 8.9894
5021.15 8.9889
5021.20 8.9884
5021.25 8.9880
5021.30 8.9875
5021.35 8.9870
5021.40 8.9866
5021.45 8.9861
5021.50 8.9857
5021.55 8.9852
5021.60 8.9847
5021.65 8.9843
5021.70 8.9838
5021.75 8.9834
5021.80 8.9829
5021.85 8.9825
5021.90 8.9820
5021.95 8.9816
5022.00 8.9811
5022.05 8.9806
5022.10 8.9802
5022.15 8.9797
5022.20 8.9793
5022.25 8.9788
5022.30 8.9784
5022.35 8.9779
5022.40 8.9775
5022.45 8.9770
5022.50 8.9765
5022.55 8.9761
5022.60 8.9756
5022.65 8.9752
5022.70 8.9747
5022.75 8.9743
5022.80 8.9738
5022.85 8.9734
5022.90 8.9729
5022.95 8.9724
5023.00 8.9720
5023.05 8.9715
5023.10 8.9711
5023.15 8.9706
5023.20 8.9702
5023.25 8.9697
5023.30 8.9692
5023.35 8.9688
5023.40 8.9683
5023.45 8.9679
5023.50 8.9674
5023.55 8.9669
5023.60 8.9665
5023.65 8.9660
5023.70 8.9655
5023.75 8.9651
5023.80 8.9646
5023.85 8.9641
5023.90 8.9637
5023.95 8.9632
5024.00 8.9627
5024.05 8.9623
5024.10 8.9618
5024.15 8.9613
5024.20 8.9609
5024.25 8.9604
5024.30 8.9599
5024.35 8.9594
5024.40 8.9589
5024.45 8.9585
5024.50 8.9580
5024.55 8.9575
5024.60 8.9570
5024.65 8.9565
5024.70 8.9561
5024.75 8.9556
5024.80 8.9551
5024.85 8.9546
5024.90 8.9541
5024.95 8.9536
5025.00 8.9531
5025.05 8.9526
5025.10 8.9521
5025.15 8.9516
5025.20 8.9511
5025.25 8.9506
5025.30 8.9501
5025.35 8.9496
5025.40 8.9491
5025.45 8.9486
5025.50 8.9481
5025.55 8.9476
5025.60 8.9471
5025.65 8.9466
5025.70 8.9461
5025.75 8.9456
5025.80 8.9450
5025.85 8.9445
5025.90 8.9440
5025.95 8.9435
5026.00 8.9430
5026.05 8.9424
5026.10 8.9419
5026.15 8.9414
5026.20 8.9408
5026.25 8.9403
5026.30 8.9398
5026.35 8.9392
5026.40 8.9387
5026.45 8.9382
5026.50 8.9376
5026.55 8.9371
5026.60 8.9365
5026.65 8.9360
5026.70 8.9354
5026.75 8.9349
5026.80 8.9343
5026.85 8.9337
5026.90 8.9332
5026.95 8.9326
5027.00 8.9321
5027.05 8.9315
5027.10 8.9309
5027.15 8.9304
5027.20 8.9298
5027.25 8.9292
5027.30 8.9286
5027.35 8.9280
5027.40 8.9275
5027.45 8.9269
5027.50 8.9263
5027.55 8.9257
5027.60 8.9251
5027.65 8.9245
5027.70 8.9239
5027.75 8.9233
5027.80 8.9227
5027.85 8.9221
5027.90 8.9215
5027.95 8.9209
5028.00 8.9203
5028.05 8.9197
5028.10 8.9191
5028.15 8.9185
5028.20 8.9178
5028.25 8.9172
5028.30 8.9166
5028.35 8.9160
5028.40 8.9153
5028.45 8.9147
5028.50 8.9141
5028.55 8.9134
5028.60 8.9128
5028.65 8.9122
5028.70 8.9115
5028.75 8.9109
5028.80 8.9102
5028.85 8.9096
5028.90 8.9089
5028.95 8.9083
5029.00 8.9076
5029.05 8.9069
5029.10 8.9063
5029.15 8.9056
5029.20 8.9049
5029.25 8.9043
5029.30 8.9036
5029.35 8.9029
5029.40 8.9023
5029.45 8.9016
5029.50 8.9009
5029.55 8.9002
5029.60 8.8995
5029.65 8.8988
5029.70 8.8981
5029.75 8.8974
5029.80 8.8967
5029.85 8.8960
5029.90 8.8953
5029.95 8.8946
5030.00 8.8939
5030.05 8.8932
5030.10 8.8925
5030.15 8.8918
5030.20 8.8911
5030.25 8.8904
5030.30 8.8896
5030.35 8.8889
5030.40 8.8882
5030.45 8.8875
5030.50 8.8867
5030.55 8.8860
5030.60 8.8853
5030.65 8.8845
5030.70 8.8838
5030.75 8.8830
5030.80 8.8823
5030.85 8.8815
5030.90 8.8808
5030.95 8.8800
5031.00 8.8793
5031.05 8.8785
5031.10 8.8778
5031.15 8.8770
5031.20 8.8762
5031.25 8.8755
5031.30 8.8747
5031.35 8.8739
5031.40 8.8731
5031.45 8.8724
5031.50 8.8716
5031.55 8.8708
5031.60 8.8700
5031.65 8.8692
5031.70 8.8685
5031.75 8.8677
5031.80 8.8669
5031.85 8.8661
5031.90 8.8653
5031.95 8.8645
5032.00 8.8637
5032.05 8.8629
5032.10 8.8621
5032.15 8.8613
5032.20 8.8605
5032.25 8.8596
5032.30 8.8588
5032.35 8.8580
5032.40 8.8572
5032.45 8.8564
5032.50 8.8555
5032.55 8.8547
5032.60 8.8539
5032.65 8.8531
5032.70 8.8522
5032.75 8.8514
5032.80 8.8506
5032.85 8.8497
5032.90 8.8489
5032.95 8.8480
5033.00 8.8472
5033.05 8.8463
5033.10 8.8455
5033.15 8.8446
5033.20 8.8438
5033.25 8.8429
5033.30 8.8421
5033.35 8.8412
5033.40 8.8404
5033.45 8.8395
5033.50 8.8386
5033.55 8.8378
5033.60 8.8369
5033.65 8.8360
5033.70 8.8352
5033.75 8.8343
5033.80 8.8334
5033.85 8.8325
5033.90 8.8317
5033.95 8.8308
5034.00 8.8299
5034.05 8.8290
5034.10 8.8281
5034.15 8.8272
5034.20 8.8263
5034.25 8.8254
5034.30 8.8245
5034.35 8.8236
5034.40 8.8227
5034.45 8.8218
5034.50 8.8209
5034.55 8.8200
5034.60 8.8191
5034.65 8.8182
5034.70 8.8173
5034.75 8.8164
5034.80 8.8155
5034.85 8.8146
5034.90 8.8137
5034.95 8.8127
5035.00 8.8118
5035.05 8.8109
5035.10 8.8100
5035.15 8.8091
5035.20 8.8081
5035.25 8.8072
5035.30 8.8063
5035.35 8.8053
5035.40 8.8044
5035.45 8.8035
5035.50 8.8025
5035.55 8.8016
5035.60 8.8007
5035.65 8.7997
5035.70 8.7988
5035.75 8.7978
5035.80 8.7969
5035.85 8.7959
5035.90 8.7950
5035.95 8.7940
5036.00 8.7931
5036.05 8.7921
5036.10 8.7912
5036.15 8.7902
5036.20 8.7892
5036.25 8.7883
5036.30 8.7873
5036.35 8.7864
5036.40 8.7854
5036.45 8.7844
5036.50 8.7834
5036.55 8.7825
5036.60 8.7815
5036.65 8.7805
5036.70 8.7796
5036.75 8.7786
5036.80 8.7776
5036.85 8.7766
5036.90 8.7756
5036.95 8.7747
5037.00 8.7737
5037.05 8.7727
5037.10 8.7717
5037.15 8.7707
5037.20 8.7697
5037.25 8.7687
5037.30 8.7677
5037.35 8.7667
5037.40 8.7657
5037.45 8.7647
5037.50 8.7637
5037.55 8.7627
5037.60 8.7617
5037.65 8.7607
5037.70 8.7597
5037.75 8.7587
5037.80 8.7577
5037.85 8.7567
5037.90 8.7557
5037.95 8.7547
5038.00 8.7536
5038.05 8.7526
5038.10 8.7516
5038.15 8.7506
5038.20 8.7496
5038.25 8.7485
5038.30 8.7475
5038.35 8.7465
5038.40 8.7455
5038.45 8.7444
5038.50 8.7434
5038.55 8.7424
5038.60 8.7413
5038.65 8.7403
5038.70 8.7393
5038.75 8.7382
5038.80 8.7372
5038.85 8.7361
5038.90 8.7351
5038.95 8.7341
5039.00 8.7330
5039.05 8.7320
5039.10 8.7309
5039.15 8.7299
5039.20 8.7288
5039.25 8.7278
5039.30 8.7267
5039.35 8.7256
5039.40 8.7246
5039.45 8.7235
5039.50 8.7225
5039.55 8.7214
5039.60 8.7203
5039.65 8.7193
5039.70 8.7182
5039.75 8.7171
5039.80 8.7161
5039.85 8.7150
5039.90 8.7139
5039.95 8.7128
5040.00 8.7118
5040.05 8.7107
5040.10 8.7096
5040.15 8.7085
5040.20 8.7074
5040.25 8.7063
5040.30 8.7053
5040.35 8.7042
5040.40 8.7031
5040.45 8.7020
5040.50 8.7009
5040.55 8.6998
5040.60 8.6987
5040.65 8.6976
5040.70 8.6965
5040.75 8.6954
5040.80 8.6943
5040.85 8.6932
5040.90 8.6921
5040.95 8.6910
5041.00 8.6899
5041.05 8.6888
5041.10 8.6876
5041.15 8.6865
5041.20 8.6854
5041.25 8.6843
5041.30 8.6832
5041.35 8.6821
5041.40 8.6809
5041.45 8.6798
5041.50 8.6787
5041.55 8.6776
5041.60 8.6764
5041.65 8.6753
5041.70 8.6742
5041.75 8.6730
5041.80 8.6719
5041.85 8.6708
5041.90 8.6696
5041.95 8.6685
5042.00 8.6673
5042.05 8.6662
5042.10 8.6650
5042.15 8.6639
5042.20 8.6627
5042.25 8.6616
5042.30 8.6604
5042.35 8.6593
5042.40 8.6581
5042.45 8.6570
5042.50 8.6558
5042.55 8.6546
5042.60 8.6535
5042.65 8.6523
5042.70 8.6512
5042.75 8.6500
5042.80 8.6488
5042.85 8.6476
5042.90 8.6465
5042.95 8.6453
5043.00 8.6441
5043.05 8.6429
5043.10 8.6418
5043.15 8.6406
5043.20 8.6394
5043.25 8.6382
5043.30 8.6370
5043.35 8.6358
5043.40 8.6347
5043.45 8.6335
5043.50 8.6323
5043.55 8.6311
5043.60 8.6299
5043.65 8.6287
5043.70 8.6275
5043.75 8.6263
5043.80 8.6251
5043.85 8.6239
5043.90 8.6227
5043.95 8.6215
5044.00 8.6203
5044.05 8.6191
5044.10 8.6179
5044.15 8.6166
5044.20 8.6154
5044.25 8.6142
5044.30 8.6130
5044.35 8.6118
5044.40 8.6106
5044.45 8.6093
5044.50 8.6081
5044.55 8.6069
5044.60 8.6057
5044.65 8.6045
5044.70 8.6032
5044.75 8.6020
5044.80 8.6008
5044.85 8.5995
5044.90 8.5983
5044.95 8.5971
5045.00 8.5958
5045.05 8.5946
5045.10 8.5934
5045.15 8.5921
5045.20 8.5909
5045.25 8.5897
5045.30 8.5884
5045.35 8.5872
5045.40 8.5859
5045.45 8.5847
5045.50 8.5834
5045.55 8.5822
5045.60 8.5810
5045.65 8.5797
5045.70 8.5785
5045.75 8.5772
5045.80 8.5760
5045.85 8.5747
5045.90 8.5735
5045.95 8.5722
5046.00 8.5710
5046.05 8.5697
5046.10 8.5685
5046.15 8.5672
5046.20 8.5659
5046.25 8.5647
5046.30 8.5634
5046.35 8.5622
5046.40 8.5609
5046.45 8.5597
5046.50 8.5584
5046.55 8.5572
5046.60 8.5559
5046.65 8.5546
5046.70 8.5534
5046.75 8.5521
5046.80 8.5509
5046.85 8.5496
5046.90 8.5484
5046.95 8.5471
5047.00 8.5458
5047.05 8.5446
5047.10 8.5433
5047.15 8.5421
5047.20 8.5408
5047.25 8.5396
5047.30 8.5383
5047.35 8.5371
5047.40 8.5358
5047.45 8.5345
5047.50 8.5333
5047.55 8.5320
5047.60 8.5308
5047.65 8.5295
5047.70 8.5283
5047.75 8.5270
5047.80 8.5258
5047.85 8.5245
5047.90 8.5233
5047.95 8.5221
5048.00 8.5208
5048.05 8.5196
5048.10 8.5183
5048.15 8.5171
5048.20 8.5159
5048.25 8.5146
5048.30 8.5134
5048.35 8.5121
5048.40 8.5109
5048.45 8.5097
5048.50 8.5085
5048.55 8.5072
5048.60 8.5060
5048.65 8.5048
5048.70 8.5036
5048.75 8.5023
5048.80 8.5011
5048.85 8.4999
5048.90 8.4987
5048.95 8.4975
5049.00 8.4963
5049.05 8.4951
5049.10 8.4939
5049.15 8.4927
5049.20 8.4915
5049.25 8.4903
5049.30 8.4891
5049.35 8.4879
5049.40 8.4867
5049.45 8.4856
5049.50 8.4844
5049.55 8.4832
5049.60 8.4820
5049.65 8.4809
5049.70 8.4797
5049.75 8.4785
5049.80 8.4774
5049.85 8.4762
5049.90 8.4751
5049.95 8.4739
5050.00 8.4728
5050.05 8.4716
5050.10 8.4705
5050.15 8.4694
5050.20 8.4683
5050.25 8.4671
5050.30 8.4660
5050.35 8.4649
5050.40 8.4638
5050.45 8.4627
5050.50 8.4616
5050.55 8.4605
5050.60 8.4594
5050.65 8.4583
5050.70 8.4573
5050.75 8.4562
5050.80 8.4551
5050.85 8.4541
5050.90 8.4530
5050.95 8.4520
5051.00 8.4509
5051.05 8.4499
5051.10 8.4488
5051.15 8.4478
5051.20 8.4468
5051.25 8.4458
5051.30 8.4448
5051.35 8.4438
5051.40 8.4428
5051.45 8.4418
5051.50 8.4408
5051.55 8.4398
5051.60 8.4388
5051.65 8.4379
5051.70 8.4369
5051.75 8.4360
5051.80 8.4350
5051.85 8.4341
5051.90 8.4332
5051.95 8.4322
5052.00 8.4313
5052.05 8.4304
5052.10 8.4295
5052.15 8.4286
5052.20 8.4277
5052.25 8.4269
5052.30 8.4260
5052.35 8.4251
5052.40 8.4243
5052.45 8.4234
5052.50 8.4226
5052.55 8.4218
5052.60 8.4209
5052.65 8.4201
5052.70 8.4193
5052.75 8.4185
5052.80 8.4177
5052.85 8.4170
5052.90 8.4162
5052.95 8.4154
5053.00 8.4147
5053.05 8.4139
5053.10 8.4132
5053.15 8.4125
5053.20 8.4118
5053.25 8.4110
5053.30 8.4104
5053.35 8.4097
5053.40 8.4090
5053.45 8.4083
5053.50 8.4077
5053.55 8.4070
5053.60 8.4064
5053.65 8.4057
5053.70 8.4051
5053.75 8.4045
5053.80 8.4039
5053.85 8.4033
5053.90 8.4027
5053.95 8.4022
5054.00 8.4016
5054.05 8.4010
5054.10 8.4005
5054.15 8.4000
5054.20 8.3995
5054.25 8.3989
5054.30 8.3984
5054.35 8.3980
5054.40 8.3975
5054.45 8.3970
5054.50 8.3966
5054.55 8.3961
5054.60 8.3957
5054.65 8.3952
5054.70 8.3948
5054.75 8.3944
5054.80 8.3940
5054.85 8.3937
5054.90 8.3933
5054.95 8.3929
5055.00 8.3926
5055.05 8.3923
5055.10 8.3919
5055.15 8.3916
5055.20 8.3913
5055.25 8.3910
5055.30 8.3907
5055.35 8.3905
5055.40 8.3902
5055.45 8.3900
5055.50 8.3897
5055.55 8.3895
5055.60 8.3893
5055.65 8.3891
5055.70 8.3889
5055.75 8.3888
5055.80 8.3886
5055.85 8.3884
5055.90 8.3883
5055.95 8.3882
5056.00 8.3881
5056.05 8.3879
5056.10 8.3879
5056.15 8.3878
5056.20 8.3877
5056.25 8.3876
5056.30 8.3876
5056.35 8.3876
5056.40 8.3875
5056.45 8.3875
