5835.50 3.9668
5835.55 3.9669
5835.60 3.9669
5835.65 3.9669
5835.70 3.9669
5835.75 3.9669
5835.80 3.9670
5835.85 3.9670
5835.90 3.9671
5835.95 3.9672
5836.00 3.9672
5836.05 3.9673
5836.10 3.9674
5836.15 3.9675
5836.20 3.9676
5836.25 3.9677
5836.30 3.9678
5836.35 3.9679
5836.40 3.9680
5836.45 3.9682
5836.50 3.9683
5836.55 3.9684
5836.60 3.9686
5836.65 3.9687
5836.70 3.9689
5836.75 3.9691
5836.80 3.9693
5836.85 3.9694
5836.90 3.9696
5836.95 3.9698
5837.00 3.9700
5837.05 3.9703
5837.10 3.9705
5837.15 3.9707
5837.20 3.9709
5837.25 3.9712
5837.30 3.9714
5837.35 3.9717
5837.40 3.9719
5837.45 3.9722
5837.50 3.9725
5837.55 3.9727
5837.60 3.9730
5837.65 3.9733
5837.70 3.9736
5837.75 3.9739
5837.80 3.9742
5837.85 3.9745
5837.90 3.9749
5837.95 3.9752
5838.00 3.9755
5838.05 3.9759
5838.10 3.9762
5838.15 3.9766
5838.20 3.9769
5838.25 3.9773
5838.30 3.9777
5838.35 3.9780
5838.40 3.9784
5838.45 3.9788
5838.50 3.9792
5838.55 3.9796
5838.60 3.9800
5838.65 3.9804
5838.70 3.9809
5838.75 3.9813
5838.80 3.9817
5838.85 3.9822
5838.90 3.9826
5838.95 3.9831
5839.00 3.9835
5839.05 3.9840
5839.10 3.9845
5839.15 3.9849
5839.20 3.9854
5839.25 3.9859
5839.30 3.9864
5839.35 3.9869
5839.40 3.9874
5839.45 3.9879
5839.50 3.9884
5839.55 3.9889
5839.60 3.9894
5839.65 3.9900
5839.70 3.9905
5839.75 3.9910
5839.80 3.9916
5839.85 3.9921
5839.90 3.9927
5839.95 3.9932
5840.00 3.9938
5840.05 3.9944
5840.10 3.9950
5840.15 3.9955
5840.20 3.9961
5840.25 3.9967
5840.30 3.9973
5840.35 3.9979
5840.40 3.9985
5840.45 3.9991
5840.50 3.9997
5840.55 4.0004
5840.60 4.0010
5840.65 4.0016
5840.70 4.0022
5840.75 4.0029
5840.80 4.0035
5840.85 4.0042
5840.90 4.0048
5840.95 4.0055
5841.00 4.0061
5841.05 4.0068
5841.10 4.0075
5841.15 4.0081
5841.20 4.0088
5841.25 4.0095
5841.30 4.0102
5841.35 4.0109
5841.40 4.0115
5841.45 4.0122
5841.50 4.0129
5841.55 4.0136
5841.60 4.0144
5841.65 4.0151
5841.70 4.0158
5841.75 4.0165
5841.80 4.0172
5841.85 4.0180
5841.90 4.0187
5841.95 4.0194
5842.00 4.0202
5842.05 4.0209
5842.10 4.0216
5842.15 4.0224
5842.20 4.0231
5842.25 4.0239
5842.30 4.0246
5842.35 4.0254
5842.40 4.0262
5842.45 4.0269
5842.50 4.0277
5842.55 4.0285
5842.60 4.0292
5842.65 4.0300
5842.70 4.0308
5842.75 4.0316
5842.80 4.0324
5842.85 4.0332
5842.90 4.0340
5842.95 4.0348
5843.00 4.0355
5843.05 4.0363
5843.10 4.0371
5843.15 4.0380
5843.20 4.0388
5843.25 4.0396
5843.30 4.0404
5843.35 4.0412
5843.40 4.0420
5843.45 4.0428
5843.50 4.0437
5843.55 4.0445
5843.60 4.0453
5843.65 4.0461
5843.70 4.0470
5843.75 4.0478
5843.80 4.0486
5843.85 4.0495
5843.90 4.0503
5843.95 4.0511
5844.00 4.0520
5844.05 4.0528
5844.10 4.0537
5844.15 4.0545
5844.20 4.0553
5844.25 4.0562
5844.30 4.0570
5844.35 4.0579
5844.40 4.0587
5844.45 4.0596
5844.50 4.0604
5844.55 4.0613
5844.60 4.0622
5844.65 4.0630
5844.70 4.0639
5844.75 4.0647
5844.80 4.0656
5844.85 4.0665
5844.90 4.0673
5844.95 4.0682
5845.00 4.0691
5845.05 4.0699
5845.10 4.0708
5845.15 4.0717
5845.20 4.0725
5845.25 4.0734
5845.30 4.0743
5845.35 4.0751
5845.40 4.0760
5845.45 4.0769
5845.50 4.0778
5845.55 4.0786
5845.60 4.0795
5845.65 4.0804
5845.70 4.0812
5845.75 4.0821
5845.80 4.0830
5845.85 4.0839
5845.90 4.0847
5845.95 4.0856
5846.00 4.0865
5846.05 4.0874
5846.10 4.0882
5846.15 4.0891
5846.20 4.0900
5846.25 4.0909
5846.30 4.0917
5846.35 4.0926
5846.40 4.0935
5846.45 4.0944
5846.50 4.0952
5846.55 4.0961
5846.60 4.0970
5846.65 4.0979
5846.70 4.0987
5846.75 4.0996
5846.80 4.1005
5846.85 4.1013
5846.90 4.1022
5846.95 4.1031
5847.00 4.1039
5847.05 4.1048
5847.10 4.1057
5847.15 4.1065
5847.20 4.1074
5847.25 4.1083
5847.30 4.1091
5847.35 4.1100
5847.40 4.1109
5847.45 4.1117
5847.50 4.1126
5847.55 4.1135
5847.60 4.1143
5847.65 4.1152
5847.70 4.1160
5847.75 4.1169
5847.80 4.1177
5847.85 4.1186
5847.90 4.1194
5847.95 4.1203
5848.00 4.1211
5848.05 4.1220
5848.10 4.1228
5848.15 4.1237
5848.20 4.1245
5848.25 4.1254
5848.30 4.1262
5848.35 4.1271
5848.40 4.1279
5848.45 4.1287
5848.50 4.1296
5848.55 4.1304
5848.60 4.1312
5848.65 4.1321
5848.70 4.1329
5848.75 4.1337
5848.80 4.1346
5848.85 4.1354
5848.90 4.1362
5848.95 4.1370
5849.00 4.1378
5849.05 4.1387
5849.10 4.1395
5849.15 4.1403
5849.20 4.1411
5849.25 4.1419
5849.30 4.1427
5849.35 4.1435
5849.40 4.1443
5849.45 4.1451
5849.50 4.1459
5849.55 4.1467
5849.60 4.1475
5849.65 4.1483
5849.70 4.1491
5849.75 4.1499
5849.80 4.1507
5849.85 4.1515
5849.90 4.1523
5849.95 4.1531
5850.00 4.1538
5850.05 4.1546
5850.10 4.1554
5850.15 4.1562
5850.20 4.1569
5850.25 4.1577
5850.30 4.1585
5850.35 4.1592
5850.40 4.1600
5850.45 4.1608
5850.50 4.1615
5850.55 4.1623
5850.60 4.1630
5850.65 4.1638
5850.70 4.1645
5850.75 4.1653
5850.80 4.1660
5850.85 4.1668
5850.90 4.1675
5850.95 4.1682
5851.00 4.1690
5851.05 4.1697
5851.10 4.1704
5851.15 4.1711
5851.20 4.1719
5851.25 4.1726
5851.30 4.1733
5851.35 4.1740
5851.40 4.1747
5851.45 4.1754
5851.50 4.1762
5851.55 4.1769
5851.60 4.1776
5851.65 4.1783
5851.70 4.1790
5851.75 4.1797
5851.80 4.1803
5851.85 4.1810
5851.90 4.1817
5851.95 4.1824
5852.00 4.1831
5852.05 4.1838
5852.10 4.1844
5852.15 4.1851
5852.20 4.1858
5852.25 4.1865
5852.30 4.1871
5852.35 4.1878
5852.40 4.1884
5852.45 4.1891
5852.50 4.1898
5852.55 4.1904
5852.60 4.1911
5852.65 4.1917
5852.70 4.1923
5852.75 4.1930
5852.80 4.1936
5852.85 4.1943
5852.90 4.1949
5852.95 4.1955
5853.00 4.1961
5853.05 4.1968
5853.10 4.1974
5853.15 4.1980
5853.20 4.1986
5853.25 4.1992
5853.30 4.1998
5853.35 4.2005
5853.40 4.2011
5853.45 4.2017
5853.50 4.2023
5853.55 4.2029
5853.60 4.2034
5853.65 4.2040
5853.70 4.2046
5853.75 4.2052
5853.80 4.2058
5853.85 4.2064
5853.90 4.2069
5853.95 4.2075
5854.00 4.2081
5854.05 4.2087
5854.10 4.2092
5854.15 4.2098
5854.20 4.2103
5854.25 4.2109
5854.30 4.2114
5854.35 4.2120
5854.40 4.2125
5854.45 4.2131
5854.50 4.2136
5854.55 4.2142
5854.60 4.2147
5854.65 4.2152
5854.70 4.2158
5854.75 4.2163
5854.80 4.2168
5854.85 4.2173
5854.90 4.2179
5854.95 4.2184
5855.00 4.2189
5855.05 4.2194
5855.10 4.2199
5855.15 4.2204
5855.20 4.2209
5855.25 4.2214
5855.30 4.2219
5855.35 4.2224
5855.40 4.2229
5855.45 4.2234
5855.50 4.2239
5855.55 4.2244
5855.60 4.2248
5855.65 4.2253
5855.70 4.2258
5855.75 4.2263
5855.80 4.2267
5855.85 4.2272
5855.90 4.2277
5855.95 4.2281
5856.00 4.2286
5856.05 4.2290
5856.10 4.2295
5856.15 4.2299
5856.20 4.2304
5856.25 4.2308
5856.30 4.2313
5856.35 4.2317
5856.40 4.2322
5856.45 4.2326
5856.50 4.2330
5856.55 4.2334
5856.60 4.2339
5856.65 4.2343
5856.70 4.2347
5856.75 4.2351
5856.80 4.2355
5856.85 4.2360
5856.90 4.2364
5856.95 4.2368
5857.00 4.2372
5857.05 4.2376
5857.10 4.2380
5857.15 4.2384
5857.20 4.2388
5857.25 4.2392
5857.30 4.2396
5857.35 4.2399
5857.40 4.2403
5857.45 4.2407
5857.50 4.2411
5857.55 4.2415
5857.60 4.2418
5857.65 4.2422
5857.70 4.2426
5857.75 4.2429
5857.80 4.2433
5857.85 4.2437
5857.90 4.2440
5857.95 4.2444
5858.00 4.2447
5858.05 4.2451
5858.10 4.2454
5858.15 4.2458
5858.20 4.2461
5858.25 4.2465
5858.30 4.2468
5858.35 4.2471
5858.40 4.2475
5858.45 4.2478
5858.50 4.2481
5858.55 4.2484
5858.60 4.2488
5858.65 4.2491
5858.70 4.2494
5858.75 4.2497
5858.80 4.2500
5858.85 4.2504
5858.90 4.2507
5858.95 4.2510
5859.00 4.2513
5859.05 4.2516
5859.10 4.2519
5859.15 4.2522
5859.20 4.2525
5859.25 4.2528
5859.30 4.2530
5859.35 4.2533
5859.40 4.2536
5859.45 4.2539
5859.50 4.2542
5859.55 4.2545
5859.60 4.2547
5859.65 4.2550
5859.70 4.2553
5859.75 4.2555
5859.80 4.2558
5859.85 4.2561
5859.90 4.2563
5859.95 4.2566
5860.00 4.2569
5860.05 4.2571
5860.10 4.2574
5860.15 4.2576
5860.20 4.2579
5860.25 4.2581
5860.30 4.2583
5860.35 4.2586
5860.40 4.2588
5860.45 4.2591
5860.50 4.2593
5860.55 4.2595
5860.60 4.2598
5860.65 4.2600
5860.70 4.2602
5860.75 4.2604
5860.80 4.2607
5860.85 4.2609
5860.90 4.2611
5860.95 4.2613
5861.00 4.2615
5861.05 4.2617
5861.10 4.2619
5861.15 4.2621
5861.20 4.2623
5861.25 4.2625
5861.30 4.2627
5861.35 4.2629
5861.40 4.2631
5861.45 4.2633
5861.50 4.2635
5861.55 4.2637
5861.60 4.2639
5861.65 4.2641
5861.70 4.2642
5861.75 4.2644
5861.80 4.2646
5861.85 4.2648
5861.90 4.2649
5861.95 4.2651
5862.00 4.2653
5862.05 4.2655
5862.10 4.2656
5862.15 4.2658
5862.20 4.2659
5862.25 4.2661
5862.30 4.2663
5862.35 4.2664
5862.40 4.2666
5862.45 4.2667
5862.50 4.2669
5862.55 4.2670
5862.60 4.2671
5862.65 4.2673
5862.70 4.2674
5862.75 4.2676
5862.80 4.2677
5862.85 4.2678
5862.90 4.2680
5862.95 4.2681
5863.00 4.2682
5863.05 4.2683
5863.10 4.2685
5863.15 4.2686
5863.20 4.2687
5863.25 4.2688
5863.30 4.2689
5863.35 4.2690
5863.40 4.2691
5863.45 4.2693
5863.50 4.2694
5863.55 4.2695
5863.60 4.2696
5863.65 4.2697
5863.70 4.2698
5863.75 4.2699
5863.80 4.2700
5863.85 4.2700
5863.90 4.2701
5863.95 4.2702
5864.00 4.2703
5864.05 4.2704
5864.10 4.2705
5864.15 4.2705
5864.20 4.2706
5864.25 4.2707
5864.30 4.2708
5864.35 4.2708
5864.40 4.2709
5864.45 4.2710
5864.50 4.2710
5864.55 4.2711
5864.60 4.2712
5864.65 4.2712
5864.70 4.2713
5864.75 4.2713
5864.80 4.2714
5864.85 4.2714
5864.90 4.2715
5864.95 4.2715
5865.00 4.2716
5865.05 4.2716
5865.10 4.2717
5865.15 4.2717
5865.20 4.2718
5865.25 4.2718
5865.30 4.2718
5865.35 4.2719
5865.40 4.2719
5865.45 4.2719
5865.50 4.2719
5865.55 4.2720
5865.60 4.2720
5865.65 4.2720
5865.70 4.2720
5865.75 4.2720
5865.80 4.2720
5865.85 4.2721
5865.90 4.2721
5865.95 4.2721
5866.00 4.2721
5866.05 4.2721
5866.10 4.2721
5866.15 4.2721
5866.20 4.2721
5866.25 4.2721
5866.30 4.2721
5866.35 4.2721
5866.40 4.2721
5866.45 4.2721
5866.50 4.2720
5866.55 4.2720
5866.60 4.2720
5866.65 4.2720
5866.70 4.2720
5866.75 4.2719
5866.80 4.2719
5866.85 4.2719
5866.90 4.2719
5866.95 4.2718
5867.00 4.2718
5867.05 4.2718
5867.10 4.2717
5867.15 4.2717
5867.20 4.2717
5867.25 4.2716
5867.30 4.2716
5867.35 4.2715
5867.40 4.2715
5867.45 4.2714
5867.50 4.2714
5867.55 4.2713
5867.60 4.2713
5867.65 4.2712
5867.70 4.2712
5867.75 4.2711
5867.80 4.2711
5867.85 4.2710
5867.90 4.2709
5867.95 4.2709
5868.00 4.2708
5868.05 4.2707
5868.10 4.2707
5868.15 4.2706
5868.20 4.2705
5868.25 4.2704
5868.30 4.2703
5868.35 4.2703
5868.40 4.2702
5868.45 4.2701
5868.50 4.2700
5868.55 4.2699
5868.60 4.2698
5868.65 4.2698
5868.70 4.2697
5868.75 4.2696
5868.80 4.2695
5868.85 4.2694
5868.90 4.2693
5868.95 4.2692
5869.00 4.2691
5869.05 4.2690
5869.10 4.2689
5869.15 4.2688
5869.20 4.2687
5869.25 4.2685
5869.30 4.2684
5869.35 4.2683
5869.40 4.2682
5869.45 4.2681
5869.50 4.2680
5869.55 4.2678
5869.60 4.2677
5869.65 4.2676
5869.70 4.2675
5869.75 4.2674
5869.80 4.2672
5869.85 4.2671
5869.90 4.2670
5869.95 4.2668
5870.00 4.2667
5870.05 4.2666
5870.10 4.2664
5870.15 4.2663
5870.20 4.2662
5870.25 4.2660
5870.30 4.2659
5870.35 4.2657
5870.40 4.2656
5870.45 4.2654
5870.50 4.2653
5870.55 4.2651
5870.60 4.2650
5870.65 4.2648
5870.70 4.2647
5870.75 4.2645
5870.80 4.2644
5870.85 4.2642
5870.90 4.2640
5870.95 4.2639
5871.00 4.2637
5871.05 4.2636
5871.10 4.2634
5871.15 4.2632
5871.20 4.2631
5871.25 4.2629
5871.30 4.2627
5871.35 4.2625
5871.40 4.2624
5871.45 4.2622
5871.50 4.2620
5871.55 4.2618
5871.60 4.2617
5871.65 4.2615
5871.70 4.2613
5871.75 4.2611
5871.80 4.2609
5871.85 4.2608
5871.90 4.2606
5871.95 4.2604
5872.00 4.2602
5872.05 4.2600
5872.10 4.2598
5872.15 4.2596
5872.20 4.2594
5872.25 4.2592
5872.30 4.2590
5872.35 4.2588
5872.40 4.2586
5872.45 4.2584
5872.50 4.2582
5872.55 4.2580
5872.60 4.2578
5872.65 4.2576
5872.70 4.2574
5872.75 4.2572
5872.80 4.2570
5872.85 4.2568
5872.90 4.2566
5872.95 4.2564
5873.00 4.2562
5873.05 4.2560
5873.10 4.2558
5873.15 4.2555
5873.20 4.2553
5873.25 4.2551
5873.30 4.2549
5873.35 4.2547
5873.40 4.2545
5873.45 4.2542
5873.50 4.2540
5873.55 4.2538
5873.60 4.2536
5873.65 4.2533
5873.70 4.2531
5873.75 4.2529
5873.80 4.2527
5873.85 4.2524
5873.90 4.2522
5873.95 4.2520
5874.00 4.2517
5874.05 4.2515
5874.10 4.2513
5874.15 4.2510
5874.20 4.2508
5874.25 4.2506
5874.30 4.2503
5874.35 4.2501
5874.40 4.2499
5874.45 4.2496
5874.50 4.2494
5874.55 4.2491
5874.60 4.2489
5874.65 4.2487
5874.70 4.2484
5874.75 4.2482
5874.80 4.2479
5874.85 4.2477
5874.90 4.2474
5874.95 4.2472
5875.00 4.2469
5875.05 4.2467
5875.10 4.2464
5875.15 4.2462
5875.20 4.2459
5875.25 4.2457
5875.30 4.2454
5875.35 4.2452
5875.40 4.2449
5875.45 4.2447
5875.50 4.2444
5875.55 4.2442
5875.60 4.2439
5875.65 4.2437
5875.70 4.2434
5875.75 4.2431
5875.80 4.2429
5875.85 4.2426
5875.90 4.2424
5875.95 4.2421
5876.00 4.2418
5876.05 4.2416
5876.10 4.2413
5876.15 4.2410
5876.20 4.2408
5876.25 4.2405
5876.30 4.2402
5876.35 4.2400
5876.40 4.2397
5876.45 4.2394
5876.50 4.2392
5876.55 4.2389
5876.60 4.2386
5876.65 4.2384
5876.70 4.2381
5876.75 4.2378
5876.80 4.2375
5876.85 4.2373
5876.90 4.2370
5876.95 4.2367
5877.00 4.2364
5877.05 4.2362
5877.10 4.2359
5877.15 4.2356
5877.20 4.2353
5877.25 4.2351
5877.30 4.2348
5877.35 4.2345
5877.40 4.2342
5877.45 4.2339
5877.50 4.2337
5877.55 4.2334
5877.60 4.2331
5877.65 4.2328
5877.70 4.2325
5877.75 4.2322
5877.80 4.2320
5877.85 4.2317
5877.90 4.2314
5877.95 4.2311
5878.00 4.2308
5878.05 4.2305
5878.10 4.2302
5878.15 4.2300
5878.20 4.2297
5878.25 4.2294
5878.30 4.2291
5878.35 4.2288
5878.40 4.2285
5878.45 4.2282
5878.50 4.2279
5878.55 4.2276
5878.60 4.2273
5878.65 4.2270
5878.70 4.2268
5878.75 4.2265
5878.80 4.2262
5878.85 4.2259
5878.90 4.2256
5878.95 4.2253
5879.00 4.2250
5879.05 4.2247
5879.10 4.2244
5879.15 4.2241
5879.20 4.2238
5879.25 4.2235
5879.30 4.2232
5879.35 4.2229
5879.40 4.2226
5879.45 4.2223
5879.50 4.2220
5879.55 4.2217
5879.60 4.2214
5879.65 4.2211
5879.70 4.2208
5879.75 4.2205
5879.80 4.2202
5879.85 4.2199
5879.90 4.2196
5879.95 4.2193
5880.00 4.2190
5880.05 4.2187
5880.10 4.2184
5880.15 4.2180
5880.20 4.2177
5880.25 4.2174
5880.30 4.2171
5880.35 4.2168
5880.40 4.2165
5880.45 4.2162
5880.50 4.2159
5880.55 4.2156
5880.60 4.2153
5880.65 4.2150
5880.70 4.2147
5880.75 4.2143
5880.80 4.2140
5880.85 4.2137
5880.90 4.2134
5880.95 4.2131
5881.00 4.2128
5881.05 4.2125
5881.10 4.2122
5881.15 4.2118
5881.20 4.2115
5881.25 4.2112
5881.30 4.2109
5881.35 4.2106
5881.40 4.2103
5881.45 4.2100
5881.50 4.2096
5881.55 4.2093
5881.60 4.2090
5881.65 4.2087
5881.70 4.2084
5881.75 4.2081
5881.80 4.2078
5881.85 4.2074
5881.90 4.2071
5881.95 4.2068
5882.00 4.2065
5882.05 4.2062
5882.10 4.2058
5882.15 4.2055
5882.20 4.2052
5882.25 4.2049
5882.30 4.2046
5882.35 4.2043
5882.40 4.2039
5882.45 4.2036
5882.50 4.2033
5882.55 4.2030
5882.60 4.2027
5882.65 4.2023
5882.70 4.2020
5882.75 4.2017
5882.80 4.2014
5882.85 4.2011
5882.90 4.2007
5882.95 4.2004
5883.00 4.2001
5883.05 4.1998
5883.10 4.1995
5883.15 4.1991
5883.20 4.1988
5883.25 4.1985
5883.30 4.1982
5883.35 4.1979
5883.40 4.1975
5883.45 4.1972
5883.50 4.1969
5883.55 4.1966
5883.60 4.1963
5883.65 4.1959
5883.70 4.1956
5883.75 4.1953
5883.80 4.1950
5883.85 4.1947
5883.90 4.1943
5883.95 4.1940
5884.00 4.1937
5884.05 4.1934
5884.10 4.1931
5884.15 4.1927
5884.20 4.1924
5884.25 4.1921
5884.30 4.1918
5884.35 4.1915
5884.40 4.1911
5884.45 4.1908
5884.50 4.1905
5884.55 4.1902
5884.60 4.1899
5884.65 4.1896
5884.70 4.1892
5884.75 4.1889
5884.80 4.1886
5884.85 4.1883
5884.90 4.1880
5884.95 4.1877
5885.00 4.1873
5885.05 4.1870
5885.10 4.1867
5885.15 4.1864
5885.20 4.1861
5885.25 4.1858
5885.30 4.1855
5885.35 4.1851
5885.40 4.1848
5885.45 4.1845
5885.50 4.1842
5885.55 4.1839
5885.60 4.1836
5885.65 4.1833
5885.70 4.1830
5885.75 4.1827
5885.80 4.1824
5885.85 4.1820
5885.90 4.1817
5885.95 4.1814
5886.00 4.1811
5886.05 4.1808
5886.10 4.1805
5886.15 4.1802
5886.20 4.1799
5886.25 4.1796
5886.30 4.1793
5886.35 4.1790
5886.40 4.1787
5886.45 4.1784
5886.50 4.1781
5886.55 4.1778
5886.60 4.1775
5886.65 4.1772
5886.70 4.1769
5886.75 4.1766
5886.80 4.1763
5886.85 4.1760
5886.90 4.1757
5886.95 4.1754
5887.00 4.1751
5887.05 4.1748
5887.10 4.1746
5887.15 4.1743
5887.20 4.1740
5887.25 4.1737
5887.30 4.1734
5887.35 4.1731
5887.40 4.1728
5887.45 4.1725
5887.50 4.1723
5887.55 4.1720
5887.60 4.1717
5887.65 4.1714
5887.70 4.1711
5887.75 4.1709
5887.80 4.1706
5887.85 4.1703
5887.90 4.1700
5887.95 4.1698
5888.00 4.1695
5888.05 4.1692
5888.10 4.1689
5888.15 4.1687
5888.20 4.1684
5888.25 4.1681
5888.30 4.1679
5888.35 4.1676
5888.40 4.1673
5888.45 4.1671
5888.50 4.1668
5888.55 4.1665
5888.60 4.1663
5888.65 4.1660
5888.70 4.1658
5888.75 4.1655
5888.80 4.1653
5888.85 4.1650
5888.90 4.1648
5888.95 4.1645
5889.00 4.1643
5889.05 4.1640
5889.10 4.1638
5889.15 4.1635
5889.20 4.1633
5889.25 4.1630
5889.30 4.1628
5889.35 4.1626
5889.40 4.1623
5889.45 4.1621
5889.50 4.1618
5889.55 4.1616
5889.60 4.1614
5889.65 4.1611
5889.70 4.1609
5889.75 4.1607
5889.80 4.1605
5889.85 4.1602
5889.90 4.1600
5889.95 4.1598
5890.00 4.1596
5890.05 4.1593
5890.10 4.1591
5890.15 4.1589
5890.20 4.1587
5890.25 4.1585
5890.30 4.1583
5890.35 4.1581
5890.40 4.1579
5890.45 4.1577
5890.50 4.1575
5890.55 4.1572
5890.60 4.1570
5890.65 4.1568
5890.70 4.1566
5890.75 4.1565
5890.80 4.1563
5890.85 4.1561
5890.90 4.1559
5890.95 4.1557
5891.00 4.1555
5891.05 4.1553
5891.10 4.1551
5891.15 4.1549
5891.20 4.1548
5891.25 4.1546
5891.30 4.1544
5891.35 4.1542
5891.40 4.1541
5891.45 4.1539
5891.50 4.1537
5891.55 4.1536
5891.60 4.1534
5891.65 4.1532
5891.70 4.1531
5891.75 4.1529
5891.80 4.1527
5891.85 4.1526
5891.90 4.1524
5891.95 4.1523
5892.00 4.1521
5892.05 4.1520
5892.10 4.1518
5892.15 4.1517
5892.20 4.1515
5892.25 4.1514
5892.30 4.1513
5892.35 4.1511
5892.40 4.1510
5892.45 4.1508
5892.50 4.1507
5892.55 4.1506
5892.60 4.1505
5892.65 4.1503
5892.70 4.1502
5892.75 4.1501
5892.80 4.1500
5892.85 4.1498
5892.90 4.1497
5892.95 4.1496
5893.00 4.1495
5893.05 4.1494
5893.10 4.1493
5893.15 4.1492
5893.20 4.1491
5893.25 4.1490
5893.30 4.1489
5893.35 4.1488
5893.40 4.1487
5893.45 4.1486
5893.50 4.1485
5893.55 4.1484
5893.60 4.1483
5893.65 4.1482
5893.70 4.1481
5893.75 4.1481
5893.80 4.1480
5893.85 4.1479
5893.90 4.1478
5893.95 4.1478
5894.00 4.1477
5894.05 4.1476
5894.10 4.1475
5894.15 4.1475
5894.20 4.1474
5894.25 4.1473
5894.30 4.1473
5894.35 4.1472
5894.40 4.1472
5894.45 4.1471
5894.50 4.1471
5894.55 4.1470
5894.60 4.1470
5894.65 4.1469
5894.70 4.1469
5894.75 4.1468
5894.80 4.1468
5894.85 4.1468
5894.90 4.1467
5894.95 4.1467
5895.00 4.1467
5895.05 4.1466
5895.10 4.1466
5895.15 4.1466
5895.20 4.1466
5895.25 4.1465
5895.30 4.1465
5895.35 4.1465
5895.40 4.1465
5895.45 4.1465
5895.50 4.1465
5895.55 4.1465
5895.60 4.1464
5895.65 4.1464
5895.70 4.1464
5895.75 4.1464
5895.80 4.1464
5895.85 4.1464
5895.90 4.1464
5895.95 4.1464
5896.00 4.1465
5896.05 4.1465
5896.10 4.1465
5896.15 4.1465
5896.20 4.1465
5896.25 4.1465
5896.30 4.1465
5896.35 4.1466
5896.40 4.1466
5896.45 4.1466
5896.50 4.1466
5896.55 4.1467
5896.60 4.1467
5896.65 4.1467
5896.70 4.1468
5896.75 4.1468
5896.80 4.1468
5896.85 4.1469
5896.90 4.1469
5896.95 4.1470
5897.00 4.1470
5897.05 4.1471
5897.10 4.1471
5897.15 4.1472
5897.20 4.1472
5897.25 4.1473
5897.30 4.1473
5897.35 4.1474
5897.40 4.1474
5897.45 4.1475
5897.50 4.1476
5897.55 4.1476
5897.60 4.1477
5897.65 4.1477
5897.70 4.1478
5897.75 4.1479
5897.80 4.1480
5897.85 4.1480
5897.90 4.1481
5897.95 4.1482
5898.00 4.1483
5898.05 4.1483
5898.10 4.1484
5898.15 4.1485
5898.20 4.1486
5898.25 4.1487
5898.30 4.1488
5898.35 4.1488
5898.40 4.1489
5898.45 4.1490
5898.50 4.1491
5898.55 4.1492
5898.60 4.1493
5898.65 4.1494
5898.70 4.1495
5898.75 4.1496
5898.80 4.1497
5898.85 4.1498
5898.90 4.1499
5898.95 4.1500
5899.00 4.1501
5899.05 4.1502
5899.10 4.1503
5899.15 4.1504
5899.20 4.1505
5899.25 4.1506
5899.30 4.1507
5899.35 4.1509
5899.40 4.1510
5899.45 4.1511
5899.50 4.1512
5899.55 4.1513
5899.60 4.1514
5899.65 4.1515
5899.70 4.1517
5899.75 4.1518
5899.80 4.1519
5899.85 4.1520
5899.90 4.1522
5899.95 4.1523
5900.00 4.1524
5900.05 4.1525
5900.10 4.1526
5900.15 4.1528
5900.20 4.1529
5900.25 4.1530
5900.30 4.1532
5900.35 4.1533
5900.40 4.1534
5900.45 4.1535
5900.50 4.1537
5900.55 4.1538
5900.60 4.1539
5900.65 4.1541
5900.70 4.1542
5900.75 4.1543
5900.80 4.1545
5900.85 4.1546
5900.90 4.1547
5900.95 4.1549
5901.00 4.1550
5901.05 4.1551
5901.10 4.1553
5901.15 4.1554
5901.20 4.1555
5901.25 4.1557
5901.30 4.1558
5901.35 4.1559
5901.40 4.1561
5901.45 4.1562
5901.50 4.1563
5901.55 4.1565
5901.60 4.1566
5901.65 4.1567
5901.70 4.1569
5901.75 4.1570
5901.80 4.1571
5901.85 4.1573
5901.90 4.1574
5901.95 4.1575
5902.00 4.1577
5902.05 4.1578
5902.10 4.1579
5902.15 4.1581
5902.20 4.1582
5902.25 4.1583
5902.30 4.1585
5902.35 4.1586
5902.40 4.1587
5902.45 4.1589
5902.50 4.1590
5902.55 4.1591
5902.60 4.1593
5902.65 4.1594
5902.70 4.1595
5902.75 4.1596
5902.80 4.1598
5902.85 4.1599
5902.90 4.1600
5902.95 4.1602
5903.00 4.1603
5903.05 4.1604
5903.10 4.1605
5903.15 4.1606
5903.20 4.1608
5903.25 4.1609
5903.30 4.1610
5903.35 4.1611
5903.40 4.1612
5903.45 4.1614
5903.50 4.1615
5903.55 4.1616
5903.60 4.1617
5903.65 4.1618
5903.70 4.1619
5903.75 4.1620
5903.80 4.1622
5903.85 4.1623
5903.90 4.1624
5903.95 4.1625
5904.00 4.1626
5904.05 4.1627
5904.10 4.1628
5904.15 4.1629
5904.20 4.1630
5904.25 4.1631
5904.30 4.1632
5904.35 4.1633
5904.40 4.1634
5904.45 4.1635
5904.50 4.1636
5904.55 4.1637
5904.60 4.1638
5904.65 4.1638
5904.70 4.1639
5904.75 4.1640
5904.80 4.1641
5904.85 4.1642
5904.90 4.1643
5904.95 4.1643
5905.00 4.1644
5905.05 4.1645
5905.10 4.1646
5905.15 4.1646
5905.20 4.1647
5905.25 4.1648
5905.30 4.1649
5905.35 4.1649
5905.40 4.1650
5905.45 4.1651
5905.50 4.1651
5905.55 4.1652
5905.60 4.1652
5905.65 4.1653
5905.70 4.1653
5905.75 4.1654
5905.80 4.1654
5905.85 4.1655
5905.90 4.1655
5905.95 4.1656
5906.00 4.1656
5906.05 4.1657
5906.10 4.1657
5906.15 4.1658
5906.20 4.1658
5906.25 4.1658
5906.30 4.1659
5906.35 4.1659
5906.40 4.1659
5906.45 4.1659
5906.50 4.1660
5906.55 4.1660
5906.60 4.1660
5906.65 4.1660
5906.70 4.1660
5906.75 4.1661
5906.80 4.1661
5906.85 4.1661
5906.90 4.1661
5906.95 4.1661
5907.00 4.1661
5907.05 4.1661
5907.10 4.1661
5907.15 4.1661
5907.20 4.1661
5907.25 4.1661
5907.30 4.1661
5907.35 4.1661
5907.40 4.1661
5907.45 4.1660
5907.50 4.1660
5907.55 4.1660
5907.60 4.1660
5907.65 4.1660
5907.70 4.1659
5907.75 4.1659
5907.80 4.1659
5907.85 4.1658
5907.90 4.1658
5907.95 4.1658
5908.00 4.1657
5908.05 4.1657
5908.10 4.1656
5908.15 4.1656
5908.20 4.1656
5908.25 4.1655
5908.30 4.1655
5908.35 4.1654
5908.40 4.1653
5908.45 4.1653
5908.50 4.1652
5908.55 4.1652
5908.60 4.1651
5908.65 4.1650
5908.70 4.1650
5908.75 4.1649
5908.80 4.1648
5908.85 4.1648
5908.90 4.1647
5908.95 4.1646
5909.00 4.1645
5909.05 4.1644
5909.10 4.1644
5909.15 4.1643
5909.20 4.1642
5909.25 4.1641
5909.30 4.1640
5909.35 4.1639
5909.40 4.1638
5909.45 4.1637
5909.50 4.1636
5909.55 4.1635
5909.60 4.1634
5909.65 4.1633
5909.70 4.1632
5909.75 4.1631
5909.80 4.1629
5909.85 4.1628
5909.90 4.1627
5909.95 4.1626
5910.00 4.1625
5910.05 4.1624
5910.10 4.1622
5910.15 4.1621
5910.20 4.1620
5910.25 4.1618
5910.30 4.1617
5910.35 4.1616
5910.40 4.1614
5910.45 4.1613
5910.50 4.1612
5910.55 4.1610
5910.60 4.1609
5910.65 4.1607
5910.70 4.1606
5910.75 4.1604
5910.80 4.1603
5910.85 4.1601
5910.90 4.1600
5910.95 4.1598
5911.00 4.1597
5911.05 4.1595
5911.10 4.1594
5911.15 4.1592
5911.20 4.1590
5911.25 4.1589
5911.30 4.1587
5911.35 4.1586
5911.40 4.1584
5911.45 4.1582
5911.50 4.1580
5911.55 4.1579
5911.60 4.1577
5911.65 4.1575
5911.70 4.1573
5911.75 4.1572
5911.80 4.1570
5911.85 4.1568
5911.90 4.1566
5911.95 4.1564
5912.00 4.1563
5912.05 4.1561
5912.10 4.1559
5912.15 4.1557
5912.20 4.1555
5912.25 4.1553
5912.30 4.1551
5912.35 4.1549
5912.40 4.1548
5912.45 4.1546
5912.50 4.1544
5912.55 4.1542
5912.60 4.1540
5912.65 4.1538
5912.70 4.1536
5912.75 4.1534
5912.80 4.1532
5912.85 4.1530
5912.90 4.1528
5912.95 4.1526
5913.00 4.1524
5913.05 4.1522
5913.10 4.1520
5913.15 4.1518
5913.20 4.1516
5913.25 4.1514
5913.30 4.1512
5913.35 4.1509
5913.40 4.1507
5913.45 4.1505
5913.50 4.1503
5913.55 4.1501
5913.60 4.1499
5913.65 4.1497
5913.70 4.1495
5913.75 4.1493
5913.80 4.1491
5913.85 4.1489
5913.90 4.1487
5913.95 4.1484
5914.00 4.1482
5914.05 4.1480
5914.10 4.1478
5914.15 4.1476
5914.20 4.1474
5914.25 4.1472
5914.30 4.1470
5914.35 4.1468
5914.40 4.1465
5914.45 4.1463
5914.50 4.1461
5914.55 4.1459
5914.60 4.1457
5914.65 4.1455
5914.70 4.1453
5914.75 4.1451
5914.80 4.1449
5914.85 4.1447
5914.90 4.1445
5914.95 4.1443
5915.00 4.1440
5915.05 4.1438
5915.10 4.1436
5915.15 4.1434
5915.20 4.1432
5915.25 4.1430
5915.30 4.1428
5915.35 4.1426
5915.40 4.1424
5915.45 4.1422
5915.50 4.1420
5915.55 4.1418
5915.60 4.1416
5915.65 4.1414
5915.70 4.1412
5915.75 4.1410
5915.80 4.1408
5915.85 4.1406
5915.90 4.1404
5915.95 4.1403
5916.00 4.1401
5916.05 4.1399
5916.10 4.1397
5916.15 4.1395
5916.20 4.1393
5916.25 4.1391
5916.30 4.1389
5916.35 4.1388
5916.40 4.1386
5916.45 4.1384
5916.50 4.1382
5916.55 4.1381
5916.60 4.1379
5916.65 4.1377
5916.70 4.1375
5916.75 4.1374
5916.80 4.1372
5916.85 4.1370
5916.90 4.1369
5916.95 4.1367
5917.00 4.1365
5917.05 4.1364
5917.10 4.1362
5917.15 4.1361
5917.20 4.1359
5917.25 4.1358
5917.30 4.1356
5917.35 4.1355
5917.40 4.1353
5917.45 4.1352
5917.50 4.1350
5917.55 4.1349
5917.60 4.1347
5917.65 4.1346
5917.70 4.1345
5917.75 4.1343
5917.80 4.1342
5917.85 4.1341
5917.90 4.1339
5917.95 4.1338
5918.00 4.1337
5918.05 4.1336
5918.10 4.1335
5918.15 4.1333
5918.20 4.1332
5918.25 4.1331
5918.30 4.1330
5918.35 4.1329
5918.40 4.1328
5918.45 4.1327
5918.50 4.1326
5918.55 4.1325
5918.60 4.1324
5918.65 4.1323
5918.70 4.1322
5918.75 4.1321
5918.80 4.1321
5918.85 4.1320
5918.90 4.1319
5918.95 4.1318
5919.00 4.1317
5919.05 4.1317
5919.10 4.1316
5919.15 4.1315
5919.20 4.1315
5919.25 4.1314
5919.30 4.1313
5919.35 4.1313
5919.40 4.1312
5919.45 4.1312
5919.50 4.1311
5919.55 4.1311
5919.60 4.1311
5919.65 4.1310
5919.70 4.1310
5919.75 4.1309
5919.80 4.1309
5919.85 4.1309
5919.90 4.1309
5919.95 4.1308
5920.00 4.1308
5920.05 4.1308
5920.10 4.1308
5920.15 4.1308
5920.20 4.1308
5920.25 4.1308
5920.30 4.1308
5920.35 4.1308
5920.40 4.1308
5920.45 4.1308
5920.50 4.1308
5920.55 4.1308
5920.60 4.1308
5920.65 4.1308
5920.70 4.1308
5920.75 4.1309
5920.80 4.1309
5920.85 4.1309
5920.90 4.1309
5920.95 4.1310
5921.00 4.1310
5921.05 4.1311
5921.10 4.1311
5921.15 4.1311
5921.20 4.1312
5921.25 4.1312
5921.30 4.1313
5921.35 4.1314
5921.40 4.1314
5921.45 4.1315
5921.50 4.1316
5921.55 4.1316
5921.60 4.1317
5921.65 4.1318
5921.70 4.1318
5921.75 4.1319
5921.80 4.1320
5921.85 4.1321
5921.90 4.1322
5921.95 4.1323
5922.00 4.1324
5922.05 4.1325
5922.10 4.1326
5922.15 4.1327
5922.20 4.1328
5922.25 4.1329
5922.30 4.1330
5922.35 4.1331
5922.40 4.1332
5922.45 4.1333
5922.50 4.1335
5922.55 4.1336
5922.60 4.1337
5922.65 4.1338
5922.70 4.1340
5922.75 4.1341
5922.80 4.1342
5922.85 4.1344
5922.90 4.1345
5922.95 4.1347
5923.00 4.1348
5923.05 4.1349
5923.10 4.1351
5923.15 4.1353
5923.20 4.1354
5923.25 4.1356
5923.30 4.1357
5923.35 4.1359
5923.40 4.1360
5923.45 4.1362
5923.50 4.1364
5923.55 4.1366
5923.60 4.1367
5923.65 4.1369
5923.70 4.1371
5923.75 4.1373
5923.80 4.1374
5923.85 4.1376
5923.90 4.1378
5923.95 4.1380
5924.00 4.1382
5924.05 4.1384
5924.10 4.1386
5924.15 4.1388
5924.20 4.1390
5924.25 4.1392
5924.30 4.1394
5924.35 4.1396
5924.40 4.1398
5924.45 4.1400
5924.50 4.1402
5924.55 4.1404
5924.60 4.1406
5924.65 4.1408
5924.70 4.1410
5924.75 4.1412
5924.80 4.1415
5924.85 4.1417
5924.90 4.1419
5924.95 4.1421
5925.00 4.1423
5925.05 4.1426
5925.10 4.1428
5925.15 4.1430
5925.20 4.1432
5925.25 4.1435
5925.30 4.1437
5925.35 4.1439
5925.40 4.1441
5925.45 4.1444
5925.50 4.1446
5925.55 4.1448
5925.60 4.1451
5925.65 4.1453
5925.70 4.1455
5925.75 4.1458
5925.80 4.1460
5925.85 4.1463
5925.90 4.1465
5925.95 4.1467
5926.00 4.1470
5926.05 4.1472
5926.10 4.1475
5926.15 4.1477
5926.20 4.1479
5926.25 4.1482
5926.30 4.1484
5926.35 4.1487
5926.40 4.1489
5926.45 4.1492
5926.50 4.1494
5926.55 4.1496
5926.60 4.1499
5926.65 4.1501
5926.70 4.1504
5926.75 4.1506
5926.80 4.1509
5926.85 4.1511
5926.90 4.1513
5926.95 4.1516
5927.00 4.1518
5927.05 4.1521
5927.10 4.1523
5927.15 4.1526
5927.20 4.1528
5927.25 4.1531
5927.30 4.1533
5927.35 4.1535
5927.40 4.1538
5927.45 4.1540
5927.50 4.1543
5927.55 4.1545
5927.60 4.1547
5927.65 4.1550
5927.70 4.1552
5927.75 4.1554
5927.80 4.1557
5927.85 4.1559
5927.90 4.1562
5927.95 4.1564
5928.00 4.1566
5928.05 4.1568
5928.10 4.1571
5928.15 4.1573
5928.20 4.1575
5928.25 4.1578
5928.30 4.1580
5928.35 4.1582
5928.40 4.1584
5928.45 4.1587
5928.50 4.1589
5928.55 4.1591
5928.60 4.1593
5928.65 4.1595
5928.70 4.1597
5928.75 4.1600
5928.80 4.1602
5928.85 4.1604
5928.90 4.1606
5928.95 4.1608
5929.00 4.1610
5929.05 4.1612
5929.10 4.1614
5929.15 4.1616
5929.20 4.1618
5929.25 4.1620
5929.30 4.1622
5929.35 4.1624
5929.40 4.1626
5929.45 4.1628
5929.50 4.1630
5929.55 4.1632
5929.60 4.1633
5929.65 4.1635
5929.70 4.1637
5929.75 4.1639
5929.80 4.1641
5929.85 4.1642
5929.90 4.1644
5929.95 4.1646
5930.00 4.1647
5930.05 4.1649
5930.10 4.1651
5930.15 4.1652
5930.20 4.1654
5930.25 4.1655
5930.30 4.1657
5930.35 4.1658
5930.40 4.1660
5930.45 4.1661
5930.50 4.1663
5930.55 4.1664
5930.60 4.1666
5930.65 4.1667
5930.70 4.1668
5930.75 4.1669
5930.80 4.1671
5930.85 4.1672
5930.90 4.1673
5930.95 4.1674
5931.00 4.1676
5931.05 4.1677
5931.10 4.1678
5931.15 4.1679
5931.20 4.1680
5931.25 4.1681
5931.30 4.1682
5931.35 4.1683
5931.40 4.1684
5931.45 4.1685
5931.50 4.1686
5931.55 4.1686
5931.60 4.1687
5931.65 4.1688
5931.70 4.1689
5931.75 4.1690
5931.80 4.1690
5931.85 4.1691
5931.90 4.1692
5931.95 4.1692
5932.00 4.1693
5932.05 4.1693
5932.10 4.1694
5932.15 4.1694
5932.20 4.1695
5932.25 4.1695
5932.30 4.1695
5932.35 4.1696
5932.40 4.1696
5932.45 4.1696
5932.50 4.1697
5932.55 4.1697
5932.60 4.1697
5932.65 4.1697
5932.70 4.1697
5932.75 4.1697
5932.80 4.1698
5932.85 4.1698
5932.90 4.1698
5932.95 4.1697
5933.00 4.1697
5933.05 4.1697
5933.10 4.1697
5933.15 4.1697
5933.20 4.1697
5933.25 4.1697
5933.30 4.1696
5933.35 4.1696
5933.40 4.1696
5933.45 4.1695
5933.50 4.1695
5933.55 4.1694
5933.60 4.1694
5933.65 4.1693
5933.70 4.1693
5933.75 4.1692
5933.80 4.1692
5933.85 4.1691
5933.90 4.1690
5933.95 4.1690
5934.00 4.1689
5934.05 4.1688
5934.10 4.1687
5934.15 4.1687
5934.20 4.1686
5934.25 4.1685
5934.30 4.1684
5934.35 4.1683
5934.40 4.1682
5934.45 4.1681
5934.50 4.1680
5934.55 4.1679
5934.60 4.1678
5934.65 4.1676
5934.70 4.1675
5934.75 4.1674
5934.80 4.1673
5934.85 4.1671
5934.90 4.1670
5934.95 4.1669
5935.00 4.1667
5935.05 4.1666
5935.10 4.1665
5935.15 4.1663
5935.20 4.1662
5935.25 4.1660
5935.30 4.1659
5935.35 4.1657
5935.40 4.1655
5935.45 4.1654
5935.50 4.1652
5935.55 4.1650
5935.60 4.1649
5935.65 4.1647
5935.70 4.1645
5935.75 4.1643
5935.80 4.1641
5935.85 4.1639
5935.90 4.1637
5935.95 4.1636
5936.00 4.1634
5936.05 4.1632
5936.10 4.1630
5936.15 4.1628
5936.20 4.1625
5936.25 4.1623
5936.30 4.1621
5936.35 4.1619
5936.40 4.1617
5936.45 4.1615
5936.50 4.1612
5936.55 4.1610
5936.60 4.1608
5936.65 4.1606
5936.70 4.1603
5936.75 4.1601
5936.80 4.1599
5936.85 4.1596
5936.90 4.1594
5936.95 4.1591
5937.00 4.1589
5937.05 4.1586
5937.10 4.1584
5937.15 4.1581
5937.20 4.1579
5937.25 4.1576
5937.30 4.1574
5937.35 4.1571
5937.40 4.1568
5937.45 4.1566
5937.50 4.1563
5937.55 4.1560
5937.60 4.1558
5937.65 4.1555
5937.70 4.1552
5937.75 4.1550
5937.80 4.1547
5937.85 4.1544
5937.90 4.1541
5937.95 4.1538
5938.00 4.1536
5938.05 4.1533
5938.10 4.1530
5938.15 4.1527
5938.20 4.1524
5938.25 4.1521
5938.30 4.1518
5938.35 4.1515
5938.40 4.1512
5938.45 4.1509
5938.50 4.1506
5938.55 4.1504
5938.60 4.1501
5938.65 4.1498
5938.70 4.1495
5938.75 4.1492
5938.80 4.1489
5938.85 4.1485
5938.90 4.1482
5938.95 4.1479
5939.00 4.1476
5939.05 4.1473
5939.10 4.1470
5939.15 4.1467
5939.20 4.1464
5939.25 4.1461
5939.30 4.1458
5939.35 4.1455
5939.40 4.1452
5939.45 4.1449
5939.50 4.1446
5939.55 4.1442
5939.60 4.1439
5939.65 4.1436
5939.70 4.1433
5939.75 4.1430
5939.80 4.1427
5939.85 4.1424
5939.90 4.1421
5939.95 4.1418
5940.00 4.1414
5940.05 4.1411
5940.10 4.1408
5940.15 4.1405
5940.20 4.1402
5940.25 4.1399
5940.30 4.1396
5940.35 4.1393
5940.40 4.1390
5940.45 4.1387
5940.50 4.1384
5940.55 4.1381
5940.60 4.1377
5940.65 4.1374
5940.70 4.1371
5940.75 4.1368
5940.80 4.1365
5940.85 4.1362
5940.90 4.1359
5940.95 4.1356
5941.00 4.1353
5941.05 4.1350
5941.10 4.1347
5941.15 4.1344
5941.20 4.1341
5941.25 4.1338
5941.30 4.1336
5941.35 4.1333
5941.40 4.1330
5941.45 4.1327
5941.50 4.1324
5941.55 4.1321
5941.60 4.1318
5941.65 4.1315
5941.70 4.1313
5941.75 4.1310
5941.80 4.1307
5941.85 4.1304
5941.90 4.1301
5941.95 4.1299
5942.00 4.1296
5942.05 4.1293
5942.10 4.1291
5942.15 4.1288
5942.20 4.1285
5942.25 4.1283
5942.30 4.1280
5942.35 4.1277
5942.40 4.1275
5942.45 4.1272
5942.50 4.1270
5942.55 4.1267
5942.60 4.1265
5942.65 4.1262
5942.70 4.1260
5942.75 4.1257
5942.80 4.1255
5942.85 4.1252
5942.90 4.1250
5942.95 4.1248
5943.00 4.1245
5943.05 4.1243
5943.10 4.1241
5943.15 4.1239
5943.20 4.1236
5943.25 4.1234
5943.30 4.1232
5943.35 4.1230
5943.40 4.1228
5943.45 4.1225
5943.50 4.1223
5943.55 4.1221
5943.60 4.1219
5943.65 4.1217
5943.70 4.1215
5943.75 4.1213
5943.80 4.1211
5943.85 4.1209
5943.90 4.1208
5943.95 4.1206
5944.00 4.1204
5944.05 4.1202
5944.10 4.1200
5944.15 4.1198
5944.20 4.1197
5944.25 4.1195
5944.30 4.1193
5944.35 4.1192
5944.40 4.1190
5944.45 4.1188
5944.50 4.1187
5944.55 4.1185
5944.60 4.1184
5944.65 4.1182
5944.70 4.1181
5944.75 4.1179
5944.80 4.1178
5944.85 4.1177
5944.90 4.1175
5944.95 4.1174
5945.00 4.1173
5945.05 4.1171
5945.10 4.1170
5945.15 4.1169
5945.20 4.1168
5945.25 4.1167
5945.30 4.1165
5945.35 4.1164
5945.40 4.1163
5945.45 4.1162
5945.50 4.1161
5945.55 4.1160
5945.60 4.1159
5945.65 4.1158
5945.70 4.1157
5945.75 4.1156
5945.80 4.1155
5945.85 4.1155
5945.90 4.1154
5945.95 4.1153
5946.00 4.1152
5946.05 4.1152
5946.10 4.1151
5946.15 4.1150
5946.20 4.1149
5946.25 4.1149
5946.30 4.1148
5946.35 4.1148
5946.40 4.1147
5946.45 4.1147
5946.50 4.1146
5946.55 4.1146
5946.60 4.1145
5946.65 4.1145
5946.70 4.1144
5946.75 4.1144
5946.80 4.1143
5946.85 4.1143
5946.90 4.1143
5946.95 4.1143
5947.00 4.1142
5947.05 4.1142
5947.10 4.1142
5947.15 4.1142
5947.20 4.1141
5947.25 4.1141
5947.30 4.1141
5947.35 4.1141
5947.40 4.1141
5947.45 4.1141
5947.50 4.1141
5947.55 4.1141
5947.60 4.1141
5947.65 4.1141
5947.70 4.1141
5947.75 4.1141
5947.80 4.1141
5947.85 4.1141
5947.90 4.1141
5947.95 4.1141
5948.00 4.1141
5948.05 4.1141
5948.10 4.1142
5948.15 4.1142
5948.20 4.1142
5948.25 4.1142
5948.30 4.1142
5948.35 4.1143
5948.40 4.1143
5948.45 4.1143
5948.50 4.1144
5948.55 4.1144
5948.60 4.1144
5948.65 4.1145
5948.70 4.1145
5948.75 4.1145
5948.80 4.1146
5948.85 4.1146
5948.90 4.1146
5948.95 4.1147
5949.00 4.1147
5949.05 4.1148
5949.10 4.1148
5949.15 4.1149
5949.20 4.1149
5949.25 4.1150
5949.30 4.1150
5949.35 4.1151
5949.40 4.1151
5949.45 4.1152
5949.50 4.1152
5949.55 4.1153
5949.60 4.1153
5949.65 4.1154
5949.70 4.1154
5949.75 4.1155
5949.80 4.1156
5949.85 4.1156
5949.90 4.1157
5949.95 4.1157
5950.00 4.1158
5950.05 4.1159
5950.10 4.1159
5950.15 4.1160
5950.20 4.1160
5950.25 4.1161
5950.30 4.1162
5950.35 4.1162
5950.40 4.1163
5950.45 4.1163
5950.50 4.1164
5950.55 4.1165
5950.60 4.1165
5950.65 4.1166
5950.70 4.1167
5950.75 4.1167
5950.80 4.1168
5950.85 4.1169
5950.90 4.1169
5950.95 4.1170
5951.00 4.1171
5951.05 4.1171
5951.10 4.1172
5951.15 4.1172
5951.20 4.1173
5951.25 4.1174
5951.30 4.1174
5951.35 4.1175
5951.40 4.1176
5951.45 4.1176
5951.50 4.1177
5951.55 4.1178
5951.60 4.1178
5951.65 4.1179
5951.70 4.1179
5951.75 4.1180
5951.80 4.1181
5951.85 4.1181
5951.90 4.1182
5951.95 4.1182
5952.00 4.1183
5952.05 4.1183
5952.10 4.1184
5952.15 4.1185
5952.20 4.1185
5952.25 4.1186
5952.30 4.1186
5952.35 4.1187
5952.40 4.1187
5952.45 4.1188
5952.50 4.1188
5952.55 4.1189
5952.60 4.1189
5952.65 4.1190
5952.70 4.1190
5952.75 4.1191
5952.80 4.1191
5952.85 4.1191
5952.90 4.1192
5952.95 4.1192
5953.00 4.1193
5953.05 4.1193
5953.10 4.1193
5953.15 4.1194
5953.20 4.1194
5953.25 4.1195
5953.30 4.1195
5953.35 4.1195
5953.40 4.1196
5953.45 4.1196
5953.50 4.1196
5953.55 4.1196
5953.60 4.1197
5953.65 4.1197
5953.70 4.1197
5953.75 4.1197
5953.80 4.1198
5953.85 4.1198
5953.90 4.1198
5953.95 4.1198
5954.00 4.1198
5954.05 4.1199
5954.10 4.1199
5954.15 4.1199
5954.20 4.1199
5954.25 4.1199
5954.30 4.1199
5954.35 4.1199
5954.40 4.1199
5954.45 4.1199
5954.50 4.1199
5954.55 4.1199
5954.60 4.1199
5954.65 4.1199
5954.70 4.1199
5954.75 4.1199
5954.80 4.1199
5954.85 4.1199
5954.90 4.1199
5954.95 4.1199
5955.00 4.1199
5955.05 4.1199
5955.10 4.1199
5955.15 4.1199
5955.20 4.1198
5955.25 4.1198
5955.30 4.1198
5955.35 4.1198
5955.40 4.1198
5955.45 4.1197
5955.50 4.1197
5955.55 4.1197
5955.60 4.1197
5955.65 4.1196
5955.70 4.1196
5955.75 4.1196
5955.80 4.1195
5955.85 4.1195
5955.90 4.1195
5955.95 4.1194
5956.00 4.1194
5956.05 4.1193
5956.10 4.1193
5956.15 4.1192
5956.20 4.1192
5956.25 4.1192
5956.30 4.1191
5956.35 4.1191
5956.40 4.1190
5956.45 4.1190
5956.50 4.1189
5956.55 4.1188
5956.60 4.1188
5956.65 4.1187
5956.70 4.1187
5956.75 4.1186
5956.80 4.1185
5956.85 4.1185
5956.90 4.1184
5956.95 4.1183
5957.00 4.1183
5957.05 4.1182
5957.10 4.1181
5957.15 4.1181
5957.20 4.1180
5957.25 4.1179
5957.30 4.1178
5957.35 4.1177
5957.40 4.1177
5957.45 4.1176
5957.50 4.1175
5957.55 4.1174
5957.60 4.1173
5957.65 4.1172
5957.70 4.1171
5957.75 4.1171
5957.80 4.1170
5957.85 4.1169
5957.90 4.1168
5957.95 4.1167
5958.00 4.1166
5958.05 4.1165
5958.10 4.1164
5958.15 4.1163
5958.20 4.1162
5958.25 4.1161
5958.30 4.1160
5958.35 4.1159
5958.40 4.1158
5958.45 4.1156
5958.50 4.1155
5958.55 4.1154
5958.60 4.1153
5958.65 4.1152
5958.70 4.1151
5958.75 4.1150
5958.80 4.1148
5958.85 4.1147
5958.90 4.1146
5958.95 4.1145
5959.00 4.1144
5959.05 4.1142
5959.10 4.1141
5959.15 4.1140
5959.20 4.1138
5959.25 4.1137
5959.30 4.1136
5959.35 4.1135
5959.40 4.1133
5959.45 4.1132
5959.50 4.1131
5959.55 4.1129
5959.60 4.1128
5959.65 4.1126
5959.70 4.1125
5959.75 4.1124
5959.80 4.1122
5959.85 4.1121
5959.90 4.1119
5959.95 4.1118
5960.00 4.1116
5960.05 4.1115
5960.10 4.1113
5960.15 4.1112
5960.20 4.1110
5960.25 4.1109
5960.30 4.1107
5960.35 4.1106
5960.40 4.1104
5960.45 4.1102
5960.50 4.1101
5960.55 4.1099
5960.60 4.1098
5960.65 4.1096
5960.70 4.1094
5960.75 4.1093
5960.80 4.1091
5960.85 4.1089
5960.90 4.1088
5960.95 4.1086
5961.00 4.1084
5961.05 4.1083
5961.10 4.1081
5961.15 4.1079
5961.20 4.1077
5961.25 4.1076
5961.30 4.1074
5961.35 4.1072
5961.40 4.1070
5961.45 4.1069
5961.50 4.1067
5961.55 4.1065
5961.60 4.1063
5961.65 4.1061
5961.70 4.1060
5961.75 4.1058
5961.80 4.1056
5961.85 4.1054
5961.90 4.1052
5961.95 4.1050
5962.00 4.1048
5962.05 4.1046
5962.10 4.1044
5962.15 4.1042
5962.20 4.1041
5962.25 4.1039
5962.30 4.1037
5962.35 4.1035
5962.40 4.1033
5962.45 4.1031
5962.50 4.1029
5962.55 4.1027
5962.60 4.1025
5962.65 4.1023
5962.70 4.1021
5962.75 4.1018
5962.80 4.1016
5962.85 4.1014
5962.90 4.1012
5962.95 4.1010
5963.00 4.1008
5963.05 4.1006
5963.10 4.1004
5963.15 4.1002
5963.20 4.1000
5963.25 4.0997
5963.30 4.0995
5963.35 4.0993
5963.40 4.0991
5963.45 4.0989
5963.50 4.0987
5963.55 4.0984
5963.60 4.0982
5963.65 4.0980
5963.70 4.0978
5963.75 4.0975
5963.80 4.0973
5963.85 4.0971
5963.90 4.0969
5963.95 4.0966
5964.00 4.0964
5964.05 4.0962
5964.10 4.0960
5964.15 4.0957
5964.20 4.0955
5964.25 4.0953
5964.30 4.0950
5964.35 4.0948
5964.40 4.0945
5964.45 4.0943
5964.50 4.0941
5964.55 4.0938
5964.60 4.0936
5964.65 4.0934
5964.70 4.0931
5964.75 4.0929
5964.80 4.0926
5964.85 4.0924
5964.90 4.0921
5964.95 4.0919
5965.00 4.0916
5965.05 4.0914
5965.10 4.0911
5965.15 4.0909
5965.20 4.0906
5965.25 4.0904
5965.30 4.0901
5965.35 4.0899
5965.40 4.0896
5965.45 4.0894
5965.50 4.0891
5965.55 4.0889
5965.60 4.0886
5965.65 4.0884
5965.70 4.0881
5965.75 4.0878
5965.80 4.0876
5965.85 4.0873
5965.90 4.0870
5965.95 4.0868
5966.00 4.0865
5966.05 4.0862
5966.10 4.0860
5966.15 4.0857
5966.20 4.0854
5966.25 4.0852
5966.30 4.0849
5966.35 4.0846
5966.40 4.0844
5966.45 4.0841
5966.50 4.0838
5966.55 4.0835
5966.60 4.0833
5966.65 4.0830
5966.70 4.0827
5966.75 4.0824
5966.80 4.0821
5966.85 4.0819
5966.90 4.0816
5966.95 4.0813
5967.00 4.0810
5967.05 4.0807
5967.10 4.0804
5967.15 4.0801
5967.20 4.0799
5967.25 4.0796
5967.30 4.0793
5967.35 4.0790
5967.40 4.0787
5967.45 4.0784
5967.50 4.0781
5967.55 4.0778
5967.60 4.0775
5967.65 4.0772
5967.70 4.0769
5967.75 4.0766
5967.80 4.0763
5967.85 4.0760
5967.90 4.0757
5967.95 4.0754
5968.00 4.0751
5968.05 4.0748
5968.10 4.0745
5968.15 4.0742
5968.20 4.0739
5968.25 4.0736
5968.30 4.0733
5968.35 4.0730
5968.40 4.0726
5968.45 4.0723
5968.50 4.0720
5968.55 4.0717
5968.60 4.0714
5968.65 4.0711
5968.70 4.0708
5968.75 4.0704
5968.80 4.0701
5968.85 4.0698
5968.90 4.0695
5968.95 4.0691
5969.00 4.0688
5969.05 4.0685
5969.10 4.0682
5969.15 4.0678
5969.20 4.0675
5969.25 4.0672
5969.30 4.0669
5969.35 4.0665
5969.40 4.0662
5969.45 4.0659
5969.50 4.0655
5969.55 4.0652
5969.60 4.0649
5969.65 4.0645
5969.70 4.0642
5969.75 4.0638
5969.80 4.0635
5969.85 4.0632
5969.90 4.0628
5969.95 4.0625
5970.00 4.0621
5970.05 4.0618
5970.10 4.0614
5970.15 4.0611
5970.20 4.0607
5970.25 4.0604
5970.30 4.0600
5970.35 4.0597
5970.40 4.0593
5970.45 4.0590
5970.50 4.0586
5970.55 4.0582
5970.60 4.0579
5970.65 4.0575
5970.70 4.0572
5970.75 4.0568
5970.80 4.0564
5970.85 4.0561
5970.90 4.0557
5970.95 4.0553
5971.00 4.0550
5971.05 4.0546
5971.10 4.0542
5971.15 4.0539
5971.20 4.0535
5971.25 4.0531
5971.30 4.0528
5971.35 4.0524
5971.40 4.0520
5971.45 4.0516
5971.50 4.0513
5971.55 4.0509
5971.60 4.0505
5971.65 4.0501
5971.70 4.0497
5971.75 4.0493
5971.80 4.0490
5971.85 4.0486
5971.90 4.0482
5971.95 4.0478
5972.00 4.0474
5972.05 4.0470
5972.10 4.0466
5972.15 4.0462
5972.20 4.0458
5972.25 4.0454
5972.30 4.0451
5972.35 4.0447
5972.40 4.0443
5972.45 4.0439
5972.50 4.0435
5972.55 4.0431
5972.60 4.0427
5972.65 4.0423
5972.70 4.0419
5972.75 4.0414
5972.80 4.0410
5972.85 4.0406
5972.90 4.0402
5972.95 4.0398
5973.00 4.0394
5973.05 4.0390
5973.10 4.0386
5973.15 4.0382
5973.20 4.0378
5973.25 4.0373
5973.30 4.0369
5973.35 4.0365
5973.40 4.0361
5973.45 4.0357
5973.50 4.0353
5973.55 4.0348
5973.60 4.0344
5973.65 4.0340
5973.70 4.0336
5973.75 4.0331
5973.80 4.0327
5973.85 4.0323
5973.90 4.0319
5973.95 4.0314
5974.00 4.0310
5974.05 4.0306
5974.10 4.0301
5974.15 4.0297
5974.20 4.0293
5974.25 4.0288
5974.30 4.0284
5974.35 4.0280
5974.40 4.0275
5974.45 4.0271
5974.50 4.0267
5974.55 4.0262
5974.60 4.0258
5974.65 4.0253
5974.70 4.0249
5974.75 4.0245
5974.80 4.0240
5974.85 4.0236
5974.90 4.0231
5974.95 4.0227
5975.00 4.0222
5975.05 4.0218
5975.10 4.0213
5975.15 4.0209
5975.20 4.0204
5975.25 4.0200
5975.30 4.0195
5975.35 4.0191
5975.40 4.0186
5975.45 4.0182
5975.50 4.0177
5975.55 4.0173
5975.60 4.0168
5975.65 4.0164
5975.70 4.0159
5975.75 4.0154
5975.80 4.0150
5975.85 4.0145
5975.90 4.0141
5975.95 4.0136
5976.00 4.0132
5976.05 4.0127
5976.10 4.0122
5976.15 4.0118
5976.20 4.0113
5976.25 4.0108
5976.30 4.0104
5976.35 4.0099
5976.40 4.0095
5976.45 4.0090
5976.50 4.0085
5976.55 4.0081
5976.60 4.0076
5976.65 4.0071
5976.70 4.0067
5976.75 4.0062
5976.80 4.0057
5976.85 4.0053
5976.90 4.0048
5976.95 4.0043
5977.00 4.0039
5977.05 4.0034
5977.10 4.0029
5977.15 4.0024
5977.20 4.0020
5977.25 4.0015
5977.30 4.0010
5977.35 4.0006
5977.40 4.0001
5977.45 3.9996
5977.50 3.9992
5977.55 3.9987
5977.60 3.9982
5977.65 3.9977
5977.70 3.9973
5977.75 3.9968
5977.80 3.9963
5977.85 3.9958
5977.90 3.9954
5977.95 3.9949
5978.00 3.9944
5978.05 3.9939
5978.10 3.9935
5978.15 3.9930
5978.20 3.9925
5978.25 3.9920
5978.30 3.9916
5978.35 3.9911
5978.40 3.9906
5978.45 3.9901
5978.50 3.9897
5978.55 3.9892
5978.60 3.9887
5978.65 3.9883
5978.70 3.9878
5978.75 3.9873
5978.80 3.9868
5978.85 3.9864
5978.90 3.9859
5978.95 3.9854
5979.00 3.9849
5979.05 3.9845
5979.10 3.9840
5979.15 3.9835
5979.20 3.9830
5979.25 3.9826
5979.30 3.9821
5979.35 3.9816
5979.40 3.9811
5979.45 3.9807
5979.50 3.9802
5979.55 3.9797
5979.60 3.9792
5979.65 3.9788
5979.70 3.9783
5979.75 3.9778
5979.80 3.9773
5979.85 3.9769
5979.90 3.9764
5979.95 3.9759
5980.00 3.9755
5980.05 3.9750
5980.10 3.9745
5980.15 3.9740
5980.20 3.9736
5980.25 3.9731
5980.30 3.9726
5980.35 3.9722
5980.40 3.9717
5980.45 3.9712
5980.50 3.9708
5980.55 3.9703
5980.60 3.9698
5980.65 3.9694
5980.70 3.9689
5980.75 3.9684
5980.80 3.9680
5980.85 3.9675
5980.90 3.9670
5980.95 3.9666
5981.00 3.9661
5981.05 3.9656
5981.10 3.9652
5981.15 3.9647
5981.20 3.9642
5981.25 3.9638
5981.30 3.9633
5981.35 3.9629
5981.40 3.9624
5981.45 3.9619
5981.50 3.9615
5981.55 3.9610
5981.60 3.9606
5981.65 3.9601
5981.70 3.9596
5981.75 3.9592
5981.80 3.9587
5981.85 3.9583
5981.90 3.9578
5981.95 3.9574
5982.00 3.9569
5982.05 3.9565
5982.10 3.9560
5982.15 3.9555
5982.20 3.9551
5982.25 3.9546
5982.30 3.9542
5982.35 3.9537
5982.40 3.9533
5982.45 3.9528
5982.50 3.9524
5982.55 3.9520
5982.60 3.9515
5982.65 3.9511
5982.70 3.9506
5982.75 3.9502
5982.80 3.9497
5982.85 3.9493
5982.90 3.9488
5982.95 3.9484
5983.00 3.9480
5983.05 3.9475
5983.10 3.9471
5983.15 3.9466
5983.20 3.9462
5983.25 3.9458
5983.30 3.9453
5983.35 3.9449
5983.40 3.9444
5983.45 3.9440
5983.50 3.9436
5983.55 3.9431
5983.60 3.9427
5983.65 3.9423
5983.70 3.9419
5983.75 3.9414
5983.80 3.9410
5983.85 3.9406
5983.90 3.9401
5983.95 3.9397
5984.00 3.9393
5984.05 3.9389
5984.10 3.9384
5984.15 3.9380
5984.20 3.9376
5984.25 3.9372
5984.30 3.9367
5984.35 3.9363
5984.40 3.9359
5984.45 3.9355
5984.50 3.9351
5984.55 3.9347
5984.60 3.9342
5984.65 3.9338
5984.70 3.9334
5984.75 3.9330
5984.80 3.9326
5984.85 3.9322
5984.90 3.9318
5984.95 3.9314
5985.00 3.9310
5985.05 3.9306
5985.10 3.9301
5985.15 3.9297
5985.20 3.9293
5985.25 3.9289
5985.30 3.9285
5985.35 3.9281
5985.40 3.9277
5985.45 3.9273
5985.50 3.9269
5985.55 3.9265
5985.60 3.9262
5985.65 3.9258
5985.70 3.9254
5985.75 3.9250
5985.80 3.9246
5985.85 3.9242
5985.90 3.9238
5985.95 3.9234
5986.00 3.9230
5986.05 3.9227
5986.10 3.9223
5986.15 3.9219
5986.20 3.9215
5986.25 3.9211
5986.30 3.9207
5986.35 3.9204
5986.40 3.9200
5986.45 3.9196
5986.50 3.9192
5986.55 3.9189
5986.60 3.9185
5986.65 3.9181
5986.70 3.9178
5986.75 3.9174
5986.80 3.9170
5986.85 3.9167
5986.90 3.9163
5986.95 3.9159
5987.00 3.9156
5987.05 3.9152
5987.10 3.9148
5987.15 3.9145
5987.20 3.9141
5987.25 3.9138
5987.30 3.9134
5987.35 3.9131
5987.40 3.9127
5987.45 3.9124
5987.50 3.9120
5987.55 3.9117
5987.60 3.9113
5987.65 3.9110
5987.70 3.9106
5987.75 3.9103
5987.80 3.9100
5987.85 3.9096
5987.90 3.9093
5987.95 3.9089
5988.00 3.9086
5988.05 3.9083
5988.10 3.9079
5988.15 3.9076
5988.20 3.9073
5988.25 3.9069
5988.30 3.9066
5988.35 3.9063
5988.40 3.9060
5988.45 3.9057
5988.50 3.9053
5988.55 3.9050
5988.60 3.9047
5988.65 3.9044
5988.70 3.9041
5988.75 3.9037
5988.80 3.9034
5988.85 3.9031
5988.90 3.9028
5988.95 3.9025
5989.00 3.9022
5989.05 3.9019
5989.10 3.9016
5989.15 3.9013
5989.20 3.9010
5989.25 3.9007
5989.30 3.9004
5989.35 3.9001
5989.40 3.8998
5989.45 3.8995
5989.50 3.8992
5989.55 3.8989
5989.60 3.8986
5989.65 3.8984
5989.70 3.8981
5989.75 3.8978
5989.80 3.8975
5989.85 3.8972
5989.90 3.8970
5989.95 3.8967
5990.00 3.8964
5990.05 3.8961
5990.10 3.8959
5990.15 3.8956
5990.20 3.8953
5990.25 3.8950
5990.30 3.8948
5990.35 3.8945
5990.40 3.8943
5990.45 3.8940
5990.50 3.8937
5990.55 3.8935
5990.60 3.8932
5990.65 3.8930
5990.70 3.8927
5990.75 3.8925
5990.80 3.8922
5990.85 3.8920
5990.90 3.8917
5990.95 3.8915
5991.00 3.8912
5991.05 3.8910
5991.10 3.8907
5991.15 3.8905
5991.20 3.8903
5991.25 3.8900
5991.30 3.8898
5991.35 3.8896
5991.40 3.8893
5991.45 3.8891
5991.50 3.8889
5991.55 3.8887
5991.60 3.8884
5991.65 3.8882
5991.70 3.8880
5991.75 3.8878
5991.80 3.8876
5991.85 3.8873
5991.90 3.8871
5991.95 3.8869
5992.00 3.8867
5992.05 3.8865
5992.10 3.8863
5992.15 3.8861
5992.20 3.8859
5992.25 3.8857
5992.30 3.8855
5992.35 3.8853
5992.40 3.8851
5992.45 3.8849
5992.50 3.8847
5992.55 3.8845
5992.60 3.8843
5992.65 3.8841
5992.70 3.8839
5992.75 3.8837
5992.80 3.8835
5992.85 3.8833
5992.90 3.8832
5992.95 3.8830
5993.00 3.8828
5993.05 3.8826
5993.10 3.8824
5993.15 3.8823
5993.20 3.8821
5993.25 3.8819
5993.30 3.8818
5993.35 3.8816
5993.40 3.8814
5993.45 3.8812
5993.50 3.8811
5993.55 3.8809
5993.60 3.8808
5993.65 3.8806
5993.70 3.8804
5993.75 3.8803
5993.80 3.8801
5993.85 3.8800
5993.90 3.8798
5993.95 3.8797
5994.00 3.8795
5994.05 3.8794
5994.10 3.8792
5994.15 3.8791
5994.20 3.8789
5994.25 3.8788
5994.30 3.8786
5994.35 3.8785
5994.40 3.8784
5994.45 3.8782
5994.50 3.8781
5994.55 3.8780
5994.60 3.8778
5994.65 3.8777
5994.70 3.8776
5994.75 3.8774
5994.80 3.8773
5994.85 3.8772
5994.90 3.8770
5994.95 3.8769
5995.00 3.8768
5995.05 3.8767
5995.10 3.8766
5995.15 3.8764
5995.20 3.8763
5995.25 3.8762
5995.30 3.8761
5995.35 3.8760
5995.40 3.8759
5995.45 3.8757
5995.50 3.8756
5995.55 3.8755
5995.60 3.8754
5995.65 3.8753
5995.70 3.8752
5995.75 3.8751
5995.80 3.8750
5995.85 3.8749
5995.90 3.8748
5995.95 3.8747
5996.00 3.8746
5996.05 3.8745
5996.10 3.8744
5996.15 3.8743
5996.20 3.8742
5996.25 3.8741
5996.30 3.8740
5996.35 3.8739
5996.40 3.8738
5996.45 3.8738
5996.50 3.8737
5996.55 3.8736
5996.60 3.8735
5996.65 3.8734
5996.70 3.8733
5996.75 3.8733
5996.80 3.8732
5996.85 3.8731
5996.90 3.8730
5996.95 3.8729
5997.00 3.8729
5997.05 3.8728
5997.10 3.8727
5997.15 3.8726
5997.20 3.8726
5997.25 3.8725
5997.30 3.8724
5997.35 3.8724
5997.40 3.8723
5997.45 3.8722
5997.50 3.8722
5997.55 3.8721
5997.60 3.8720
5997.65 3.8720
5997.70 3.8719
5997.75 3.8718
5997.80 3.8718
5997.85 3.8717
5997.90 3.8717
5997.95 3.8716
5998.00 3.8716
5998.05 3.8715
5998.10 3.8714
5998.15 3.8714
5998.20 3.8713
5998.25 3.8713
5998.30 3.8712
5998.35 3.8712
5998.40 3.8711
5998.45 3.8711
5998.50 3.8710
5998.55 3.8710
5998.60 3.8709
5998.65 3.8709
5998.70 3.8709
5998.75 3.8708
5998.80 3.8708
5998.85 3.8707
5998.90 3.8707
5998.95 3.8707
5999.00 3.8706
5999.05 3.8706
5999.10 3.8705
5999.15 3.8705
5999.20 3.8705
5999.25 3.8704
5999.30 3.8704
5999.35 3.8704
5999.40 3.8703
5999.45 3.8703
5999.50 3.8703
5999.55 3.8702
5999.60 3.8702
5999.65 3.8702
5999.70 3.8702
5999.75 3.8701
5999.80 3.8701
5999.85 3.8701
5999.90 3.8701
5999.95 3.8700
6000.00 3.8700
6000.05 3.8700
6000.10 3.8700
6000.15 3.8700
6000.20 3.8699
6000.25 3.8699
6000.30 3.8699
6000.35 3.8699
6000.40 3.8699
6000.45 3.8698
6000.50 3.8698
6000.55 3.8698
6000.60 3.8698
6000.65 3.8698
6000.70 3.8698
6000.75 3.8698
6000.80 3.8698
6000.85 3.8697
6000.90 3.8697
6000.95 3.8697
6001.00 3.8697
6001.05 3.8697
6001.10 3.8697
6001.15 3.8697
6001.20 3.8697
6001.25 3.8697
6001.30 3.8697
6001.35 3.8697
6001.40 3.8697
6001.45 3.8697
