7130.50 4.9764
7130.55 4.9775
7130.60 4.9786
7130.65 4.9796
7130.70 4.9807
7130.75 4.9818
7130.80 4.9829
7130.85 4.9840
7130.90 4.9851
7130.95 4.9862
7131.00 4.9873
7131.05 4.9884
7131.10 4.9895
7131.15 4.9906
7131.20 4.9917
7131.25 4.9928
7131.30 4.9939
7131.35 4.9950
7131.40 4.9961
7131.45 4.9972
7131.50 4.9984
7131.55 4.9995
7131.60 5.0006
7131.65 5.0017
7131.70 5.0029
7131.75 5.0040
7131.80 5.0051
7131.85 5.0063
7131.90 5.0074
7131.95 5.0085
7132.00 5.0097
7132.05 5.0108
7132.10 5.0120
7132.15 5.0131
7132.20 5.0143
7132.25 5.0154
7132.30 5.0166
7132.35 5.0177
7132.40 5.0189
7132.45 5.0201
7132.50 5.0212
7132.55 5.0224
7132.60 5.0236
7132.65 5.0247
7132.70 5.0259
7132.75 5.0271
7132.80 5.0283
7132.85 5.0295
7132.90 5.0306
7132.95 5.0318
7133.00 5.0330
7133.05 5.0342
7133.10 5.0354
7133.15 5.0366
7133.20 5.0378
7133.25 5.0390
7133.30 5.0402
7133.35 5.0414
7133.40 5.0426
7133.45 5.0438
7133.50 5.0450
7133.55 5.0462
7133.60 5.0474
7133.65 5.0486
7133.70 5.0499
7133.75 5.0511
7133.80 5.0523
7133.85 5.0535
7133.90 5.0548
7133.95 5.0560
7134.00 5.0572
7134.05 5.0585
7134.10 5.0597
7134.15 5.0609
7134.20 5.0622
7134.25 5.0634
7134.30 5.0646
7134.35 5.0659
7134.40 5.0671
7134.45 5.0684
7134.50 5.0696
7134.55 5.0709
7134.60 5.0722
7134.65 5.0734
7134.70 5.0747
7134.75 5.0759
7134.80 5.0772
7134.85 5.0785
7134.90 5.0797
7134.95 5.0810
7135.00 5.0823
7135.05 5.0836
7135.10 5.0848
7135.15 5.0861
7135.20 5.0874
7135.25 5.0887
7135.30 5.0900
7135.35 5.0912
7135.40 5.0925
7135.45 5.0938
7135.50 5.0951
7135.55 5.0964
7135.60 5.0977
7135.65 5.0990
7135.70 5.1003
7135.75 5.1016
7135.80 5.1029
7135.85 5.1042
7135.90 5.1055
7135.95 5.1068
7136.00 5.1082
7136.05 5.1095
7136.10 5.1108
7136.15 5.1121
7136.20 5.1134
7136.25 5.1148
7136.30 5.1161
7136.35 5.1174
7136.40 5.1187
7136.45 5.1201
7136.50 5.1214
7136.55 5.1227
7136.60 5.1241
7136.65 5.1254
7136.70 5.1268
7136.75 5.1281
7136.80 5.1294
7136.85 5.1308
7136.90 5.1321
7136.95 5.1335
7137.00 5.1348
7137.05 5.1362
7137.10 5.1376
7137.15 5.1389
7137.20 5.1403
7137.25 5.1416
7137.30 5.1430
7137.35 5.1444
7137.40 5.1457
7137.45 5.1471
7137.50 5.1485
7137.55 5.1498
7137.60 5.1512
7137.65 5.1526
7137.70 5.1540
7137.75 5.1554
7137.80 5.1567
7137.85 5.1581
7137.90 5.1595
7137.95 5.1609
7138.00 5.1623
7138.05 5.1637
7138.10 5.1651
7138.15 5.1665
7138.20 5.1679
7138.25 5.1693
7138.30 5.1707
7138.35 5.1721
7138.40 5.1735
7138.45 5.1749
7138.50 5.1763
7138.55 5.1777
7138.60 5.1791
7138.65 5.1805
7138.70 5.1820
7138.75 5.1834
7138.80 5.1848
7138.85 5.1862
7138.90 5.1876
7138.95 5.1891
7139.00 5.1905
7139.05 5.1919
7139.10 5.1933
7139.15 5.1948
7139.20 5.1962
7139.25 5.1976
7139.30 5.1991
7139.35 5.2005
7139.40 5.2020
7139.45 5.2034
7139.50 5.2049
7139.55 5.2063
7139.60 5.2077
7139.65 5.2092
7139.70 5.2107
7139.75 5.2121
7139.80 5.2136
7139.85 5.2150
7139.90 5.2165
7139.95 5.2179
7140.00 5.2194
7140.05 5.2209
7140.10 5.2223
7140.15 5.2238
7140.20 5.2253
7140.25 5.2267
7140.30 5.2282
7140.35 5.2297
7140.40 5.2312
7140.45 5.2326
7140.50 5.2341
7140.55 5.2356
7140.60 5.2371
7140.65 5.2386
7140.70 5.2400
7140.75 5.2415
7140.80 5.2430
7140.85 5.2445
7140.90 5.2460
7140.95 5.2475
7141.00 5.2490
7141.05 5.2505
7141.10 5.2520
7141.15 5.2535
7141.20 5.2550
7141.25 5.2565
7141.30 5.2580
7141.35 5.2595
7141.40 5.2610
7141.45 5.2625
7141.50 5.2641
7141.55 5.2656
7141.60 5.2671
7141.65 5.2686
7141.70 5.2701
7141.75 5.2716
7141.80 5.2732
7141.85 5.2747
7141.90 5.2762
7141.95 5.2777
7142.00 5.2793
7142.05 5.2808
7142.10 5.2823
7142.15 5.2839
7142.20 5.2854
7142.25 5.2869
7142.30 5.2885
7142.35 5.2900
7142.40 5.2916
7142.45 5.2931
7142.50 5.2946
7142.55 5.2962
7142.60 5.2977
7142.65 5.2993
7142.70 5.3008
7142.75 5.3024
7142.80 5.3039
7142.85 5.3055
7142.90 5.3071
7142.95 5.3086
7143.00 5.3102
7143.05 5.3117
7143.10 5.3133
7143.15 5.3149
7143.20 5.3164
7143.25 5.3180
7143.30 5.3196
7143.35 5.3211
7143.40 5.3227
7143.45 5.3243
7143.50 5.3259
7143.55 5.3274
7143.60 5.3290
7143.65 5.3306
7143.70 5.3322
7143.75 5.3338
7143.80 5.3354
7143.85 5.3369
7143.90 5.3385
7143.95 5.3401
7144.00 5.3417
7144.05 5.3433
7144.10 5.3449
7144.15 5.3465
7144.20 5.3481
7144.25 5.3497
7144.30 5.3513
7144.35 5.3529
7144.40 5.3545
7144.45 5.3561
7144.50 5.3577
7144.55 5.3593
7144.60 5.3609
7144.65 5.3625
7144.70 5.3641
7144.75 5.3657
7144.80 5.3673
7144.85 5.3690
7144.90 5.3706
7144.95 5.3722
7145.00 5.3738
7145.05 5.3754
7145.10 5.3771
7145.15 5.3787
7145.20 5.3803
7145.25 5.3819
7145.30 5.3836
7145.35 5.3852
7145.40 5.3868
7145.45 5.3885
7145.50 5.3901
7145.55 5.3917
7145.60 5.3934
7145.65 5.3950
7145.70 5.3966
7145.75 5.3983
7145.80 5.3999
7145.85 5.4016
7145.90 5.4032
7145.95 5.4049
7146.00 5.4065
7146.05 5.4081
7146.10 5.4098
7146.15 5.4114
7146.20 5.4131
7146.25 5.4148
7146.30 5.4164
7146.35 5.4181
7146.40 5.4197
7146.45 5.4214
7146.50 5.4230
7146.55 5.4247
7146.60 5.4264
7146.65 5.4280
7146.70 5.4297
7146.75 5.4314
7146.80 5.4330
7146.85 5.4347
7146.90 5.4364
7146.95 5.4380
7147.00 5.4397
7147.05 5.4414
7147.10 5.4431
7147.15 5.4447
7147.20 5.4464
7147.25 5.4481
7147.30 5.4498
7147.35 5.4515
7147.40 5.4532
7147.45 5.4548
7147.50 5.4565
7147.55 5.4582
7147.60 5.4599
7147.65 5.4616
7147.70 5.4633
7147.75 5.4650
7147.80 5.4667
7147.85 5.4684
7147.90 5.4701
7147.95 5.4718
7148.00 5.4735
7148.05 5.4752
7148.10 5.4769
7148.15 5.4786
7148.20 5.4803
7148.25 5.4820
7148.30 5.4837
7148.35 5.4854
7148.40 5.4871
7148.45 5.4888
7148.50 5.4905
7148.55 5.4922
7148.60 5.4939
7148.65 5.4957
7148.70 5.4974
7148.75 5.4991
7148.80 5.5008
7148.85 5.5025
7148.90 5.5042
7148.95 5.5060
7149.00 5.5077
7149.05 5.5094
7149.10 5.5111
7149.15 5.5129
7149.20 5.5146
7149.25 5.5163
7149.30 5.5180
7149.35 5.5198
7149.40 5.5215
7149.45 5.5232
7149.50 5.5250
7149.55 5.5267
7149.60 5.5284
7149.65 5.5302
7149.70 5.5319
7149.75 5.5337
7149.80 5.5354
7149.85 5.5372
7149.90 5.5389
7149.95 5.5406
7150.00 5.5424
7150.05 5.5441
7150.10 5.5459
7150.15 5.5476
7150.20 5.5494
7150.25 5.5511
7150.30 5.5529
7150.35 5.5546
7150.40 5.5564
7150.45 5.5581
7150.50 5.5599
7150.55 5.5617
7150.60 5.5634
7150.65 5.5652
7150.70 5.5669
7150.75 5.5687
7150.80 5.5705
7150.85 5.5722
7150.90 5.5740
7150.95 5.5758
7151.00 5.5775
7151.05 5.5793
7151.10 5.5811
7151.15 5.5828
7151.20 5.5846
7151.25 5.5864
7151.30 5.5882
7151.35 5.5899
7151.40 5.5917
7151.45 5.5935
7151.50 5.5953
7151.55 5.5970
7151.60 5.5988
7151.65 5.6006
7151.70 5.6024
7151.75 5.6042
7151.80 5.6060
7151.85 5.6077
7151.90 5.6095
7151.95 5.6113
7152.00 5.6131
7152.05 5.6149
7152.10 5.6167
7152.15 5.6185
7152.20 5.6203
7152.25 5.6221
7152.30 5.6238
7152.35 5.6256
7152.40 5.6274
7152.45 5.6292
7152.50 5.6310
7152.55 5.6328
7152.60 5.6346
7152.65 5.6364
7152.70 5.6382
7152.75 5.6400
7152.80 5.6418
7152.85 5.6436
7152.90 5.6455
7152.95 5.6473
7153.00 5.6491
7153.05 5.6509
7153.10 5.6527
7153.15 5.6545
7153.20 5.6563
7153.25 5.6581
7153.30 5.6599
7153.35 5.6617
7153.40 5.6636
7153.45 5.6654
7153.50 5.6672
7153.55 5.6690
7153.60 5.6708
7153.65 5.6726
7153.70 5.6745
7153.75 5.6763
7153.80 5.6781
7153.85 5.6799
7153.90 5.6818
7153.95 5.6836
7154.00 5.6854
7154.05 5.6872
7154.10 5.6891
7154.15 5.6909
7154.20 5.6927
7154.25 5.6946
7154.30 5.6964
7154.35 5.6982
7154.40 5.7000
7154.45 5.7019
7154.50 5.7037
7154.55 5.7056
7154.60 5.7074
7154.65 5.7092
7154.70 5.7111
7154.75 5.7129
7154.80 5.7147
7154.85 5.7166
7154.90 5.7184
7154.95 5.7203
7155.00 5.7221
7155.05 5.7240
7155.10 5.7258
7155.15 5.7276
7155.20 5.7295
7155.25 5.7313
7155.30 5.7332
7155.35 5.7350
7155.40 5.7369
7155.45 5.7387
7155.50 5.7406
7155.55 5.7424
7155.60 5.7443
7155.65 5.7461
7155.70 5.7480
7155.75 5.7499
7155.80 5.7517
7155.85 5.7536
7155.90 5.7554
7155.95 5.7573
7156.00 5.7591
7156.05 5.7610
7156.10 5.7629
7156.15 5.7647
7156.20 5.7666
7156.25 5.7685
7156.30 5.7703
7156.35 5.7722
7156.40 5.7740
7156.45 5.7759
7156.50 5.7778
7156.55 5.7796
7156.60 5.7815
7156.65 5.7834
7156.70 5.7853
7156.75 5.7871
7156.80 5.7890
7156.85 5.7909
7156.90 5.7927
7156.95 5.7946
7157.00 5.7965
7157.05 5.7984
7157.10 5.8002
7157.15 5.8021
7157.20 5.8040
7157.25 5.8059
7157.30 5.8078
7157.35 5.8096
7157.40 5.8115
7157.45 5.8134
7157.50 5.8153
7157.55 5.8172
7157.60 5.8190
7157.65 5.8209
7157.70 5.8228
7157.75 5.8247
7157.80 5.8266
7157.85 5.8285
7157.90 5.8303
7157.95 5.8322
7158.00 5.8341
7158.05 5.8360
7158.10 5.8379
7158.15 5.8398
7158.20 5.8417
7158.25 5.8436
7158.30 5.8455
7158.35 5.8474
7158.40 5.8493
7158.45 5.8511
7158.50 5.8530
7158.55 5.8549
7158.60 5.8568
7158.65 5.8587
7158.70 5.8606
7158.75 5.8625
7158.80 5.8644
7158.85 5.8663
7158.90 5.8682
7158.95 5.8701
7159.00 5.8720
7159.05 5.8739
7159.10 5.8758
7159.15 5.8777
7159.20 5.8796
7159.25 5.8815
7159.30 5.8834
7159.35 5.8854
7159.40 5.8873
7159.45 5.8892
7159.50 5.8911
7159.55 5.8930
7159.60 5.8949
7159.65 5.8968
7159.70 5.8987
7159.75 5.9006
7159.80 5.9025
7159.85 5.9044
7159.90 5.9064
7159.95 5.9083
7160.00 5.9102
7160.05 5.9121
7160.10 5.9140
7160.15 5.9159
7160.20 5.9178
7160.25 5.9198
7160.30 5.9217
7160.35 5.9236
7160.40 5.9255
7160.45 5.9274
7160.50 5.9293
7160.55 5.9313
7160.60 5.9332
7160.65 5.9351
7160.70 5.9370
7160.75 5.9389
7160.80 5.9409
7160.85 5.9428
7160.90 5.9447
7160.95 5.9466
7161.00 5.9486
7161.05 5.9505
7161.10 5.9524
7161.15 5.9543
7161.20 5.9563
7161.25 5.9582
7161.30 5.9601
7161.35 5.9620
7161.40 5.9640
7161.45 5.9659
7161.50 5.9678
7161.55 5.9698
7161.60 5.9717
7161.65 5.9736
7161.70 5.9755
7161.75 5.9775
7161.80 5.9794
7161.85 5.9813
7161.90 5.9833
7161.95 5.9852
7162.00 5.9871
7162.05 5.9891
7162.10 5.9910
7162.15 5.9929
7162.20 5.9949
7162.25 5.9968
7162.30 5.9988
7162.35 6.0007
7162.40 6.0026
7162.45 6.0046
7162.50 6.0065
7162.55 6.0084
7162.60 6.0104
7162.65 6.0123
7162.70 6.0143
7162.75 6.0162
7162.80 6.0181
7162.85 6.0201
7162.90 6.0220
7162.95 6.0240
7163.00 6.0259
7163.05 6.0279
7163.10 6.0298
7163.15 6.0317
7163.20 6.0337
7163.25 6.0356
7163.30 6.0376
7163.35 6.0395
7163.40 6.0415
7163.45 6.0434
7163.50 6.0454
7163.55 6.0473
7163.60 6.0493
7163.65 6.0512
7163.70 6.0532
7163.75 6.0551
7163.80 6.0571
7163.85 6.0590
7163.90 6.0610
7163.95 6.0629
7164.00 6.0649
7164.05 6.0668
7164.10 6.0688
7164.15 6.0707
7164.20 6.0727
7164.25 6.0746
7164.30 6.0766
7164.35 6.0785
7164.40 6.0805
7164.45 6.0824
7164.50 6.0844
7164.55 6.0863
7164.60 6.0883
7164.65 6.0902
7164.70 6.0922
7164.75 6.0942
7164.80 6.0961
7164.85 6.0981
7164.90 6.1000
7164.95 6.1020
7165.00 6.1039
7165.05 6.1059
7165.10 6.1079
7165.15 6.1098
7165.20 6.1118
7165.25 6.1137
7165.30 6.1157
7165.35 6.1177
7165.40 6.1196
7165.45 6.1216
7165.50 6.1235
7165.55 6.1255
7165.60 6.1275
7165.65 6.1294
7165.70 6.1314
7165.75 6.1333
7165.80 6.1353
7165.85 6.1373
7165.90 6.1392
7165.95 6.1412
7166.00 6.1432
7166.05 6.1451
7166.10 6.1471
7166.15 6.1491
7166.20 6.1510
7166.25 6.1530
7166.30 6.1549
7166.35 6.1569
7166.40 6.1589
7166.45 6.1608
7166.50 6.1628
7166.55 6.1648
7166.60 6.1667
7166.65 6.1687
7166.70 6.1707
7166.75 6.1726
7166.80 6.1746
7166.85 6.1766
7166.90 6.1785
7166.95 6.1805
7167.00 6.1825
7167.05 6.1845
7167.10 6.1864
7167.15 6.1884
7167.20 6.1904
7167.25 6.1923
7167.30 6.1943
7167.35 6.1963
7167.40 6.1982
7167.45 6.2002
7167.50 6.2022
7167.55 6.2041
7167.60 6.2061
7167.65 6.2081
7167.70 6.2101
7167.75 6.2120
7167.80 6.2140
7167.85 6.2160
7167.90 6.2180
7167.95 6.2199
7168.00 6.2219
7168.05 6.2239
7168.10 6.2258
7168.15 6.2278
7168.20 6.2298
7168.25 6.2318
7168.30 6.2337
7168.35 6.2357
7168.40 6.2377
7168.45 6.2397
7168.50 6.2416
7168.55 6.2436
7168.60 6.2456
7168.65 6.2476
7168.70 6.2495
7168.75 6.2515
7168.80 6.2535
7168.85 6.2555
7168.90 6.2574
7168.95 6.2594
7169.00 6.2614
7169.05 6.2634
7169.10 6.2653
7169.15 6.2673
7169.20 6.2693
7169.25 6.2713
7169.30 6.2732
7169.35 6.2752
7169.40 6.2772
7169.45 6.2792
7169.50 6.2811
7169.55 6.2831
7169.60 6.2851
7169.65 6.2871
7169.70 6.2891
7169.75 6.2910
7169.80 6.2930
7169.85 6.2950
7169.90 6.2970
7169.95 6.2989
7170.00 6.3009
7170.05 6.3029
7170.10 6.3049
7170.15 6.3069
7170.20 6.3088
7170.25 6.3108
7170.30 6.3128
7170.35 6.3148
7170.40 6.3167
7170.45 6.3187
7170.50 6.3207
7170.55 6.3227
7170.60 6.3247
7170.65 6.3266
7170.70 6.3286
7170.75 6.3306
7170.80 6.3326
7170.85 6.3346
7170.90 6.3365
7170.95 6.3385
7171.00 6.3405
7171.05 6.3425
7171.10 6.3445
7171.15 6.3464
7171.20 6.3484
7171.25 6.3504
7171.30 6.3524
7171.35 6.3543
7171.40 6.3563
7171.45 6.3583
7171.50 6.3603
7171.55 6.3623
7171.60 6.3642
7171.65 6.3662
7171.70 6.3682
7171.75 6.3702
7171.80 6.3722
7171.85 6.3741
7171.90 6.3761
7171.95 6.3781
7172.00 6.3801
7172.05 6.3821
7172.10 6.3840
7172.15 6.3860
7172.20 6.3880
7172.25 6.3900
7172.30 6.3920
7172.35 6.3939
7172.40 6.3959
7172.45 6.3979
7172.50 6.3999
7172.55 6.4019
7172.60 6.4038
7172.65 6.4058
7172.70 6.4078
7172.75 6.4098
7172.80 6.4118
7172.85 6.4137
7172.90 6.4157
7172.95 6.4177
7173.00 6.4197
7173.05 6.4217
7173.10 6.4236
7173.15 6.4256
7173.20 6.4276
7173.25 6.4296
7173.30 6.4315
7173.35 6.4335
7173.40 6.4355
7173.45 6.4375
7173.50 6.4395
7173.55 6.4414
7173.60 6.4434
7173.65 6.4454
7173.70 6.4474
7173.75 6.4494
7173.80 6.4513
7173.85 6.4533
7173.90 6.4553
7173.95 6.4573
7174.00 6.4592
7174.05 6.4612
7174.10 6.4632
7174.15 6.4652
7174.20 6.4672
7174.25 6.4691
7174.30 6.4711
7174.35 6.4731
7174.40 6.4751
7174.45 6.4770
7174.50 6.4790
7174.55 6.4810
7174.60 6.4830
7174.65 6.4850
7174.70 6.4869
7174.75 6.4889
7174.80 6.4909
7174.85 6.4929
7174.90 6.4948
7174.95 6.4968
7175.00 6.4988
7175.05 6.5008
7175.10 6.5027
7175.15 6.5047
7175.20 6.5067
7175.25 6.5087
7175.30 6.5106
7175.35 6.5126
7175.40 6.5146
7175.45 6.5166
7175.50 6.5185
7175.55 6.5205
7175.60 6.5225
7175.65 6.5245
7175.70 6.5264
7175.75 6.5284
7175.80 6.5304
7175.85 6.5324
7175.90 6.5343
7175.95 6.5363
7176.00 6.5383
7176.05 6.5403
7176.10 6.5422
7176.15 6.5442
7176.20 6.5462
7176.25 6.5481
7176.30 6.5501
7176.35 6.5521
7176.40 6.5541
7176.45 6.5560
7176.50 6.5580
7176.55 6.5600
7176.60 6.5619
7176.65 6.5639
7176.70 6.5659
7176.75 6.5679
7176.80 6.5698
7176.85 6.5718
7176.90 6.5738
7176.95 6.5757
7177.00 6.5777
7177.05 6.5797
7177.10 6.5816
7177.15 6.5836
7177.20 6.5856
7177.25 6.5875
7177.30 6.5895
7177.35 6.5915
7177.40 6.5935
7177.45 6.5954
7177.50 6.5974
7177.55 6.5994
7177.60 6.6013
7177.65 6.6033
7177.70 6.6053
7177.75 6.6072
7177.80 6.6092
7177.85 6.6111
7177.90 6.6131
7177.95 6.6151
7178.00 6.6170
7178.05 6.6190
7178.10 6.6210
7178.15 6.6229
7178.20 6.6249
7178.25 6.6269
7178.30 6.6288
7178.35 6.6308
7178.40 6.6328
7178.45 6.6347
7178.50 6.6367
7178.55 6.6386
7178.60 6.6406
7178.65 6.6426
7178.70 6.6445
7178.75 6.6465
7178.80 6.6484
7178.85 6.6504
7178.90 6.6524
7178.95 6.6543
7179.00 6.6563
7179.05 6.6582
7179.10 6.6602
7179.15 6.6622
7179.20 6.6641
7179.25 6.6661
7179.30 6.6680
7179.35 6.6700
7179.40 6.6720
7179.45 6.6739
7179.50 6.6759
7179.55 6.6778
7179.60 6.6798
7179.65 6.6817
7179.70 6.6837
7179.75 6.6856
7179.80 6.6876
7179.85 6.6896
7179.90 6.6915
7179.95 6.6935
7180.00 6.6954
7180.05 6.6974
7180.10 6.6993
7180.15 6.7013
7180.20 6.7032
7180.25 6.7052
7180.30 6.7071
7180.35 6.7091
7180.40 6.7110
7180.45 6.7130
7180.50 6.7149
7180.55 6.7169
7180.60 6.7188
7180.65 6.7208
7180.70 6.7227
7180.75 6.7247
7180.80 6.7266
7180.85 6.7286
7180.90 6.7305
7180.95 6.7325
7181.00 6.7344
7181.05 6.7364
7181.10 6.7383
7181.15 6.7402
7181.20 6.7422
7181.25 6.7441
7181.30 6.7461
7181.35 6.7480
7181.40 6.7500
7181.45 6.7519
7181.50 6.7539
7181.55 6.7558
7181.60 6.7577
7181.65 6.7597
7181.70 6.7616
7181.75 6.7636
7181.80 6.7655
7181.85 6.7674
7181.90 6.7694
7181.95 6.7713
7182.00 6.7733
7182.05 6.7752
7182.10 6.7771
7182.15 6.7791
7182.20 6.7810
7182.25 6.7830
7182.30 6.7849
7182.35 6.7868
7182.40 6.7888
7182.45 6.7907
7182.50 6.7926
7182.55 6.7946
7182.60 6.7965
7182.65 6.7984
7182.70 6.8004
7182.75 6.8023
7182.80 6.8042
7182.85 6.8062
7182.90 6.8081
7182.95 6.8100
7183.00 6.8120
7183.05 6.8139
7183.10 6.8158
7183.15 6.8177
7183.20 6.8197
7183.25 6.8216
7183.30 6.8235
7183.35 6.8255
7183.40 6.8274
7183.45 6.8293
7183.50 6.8312
7183.55 6.8332
7183.60 6.8351
7183.65 6.8370
7183.70 6.8389
7183.75 6.8409
7183.80 6.8428
7183.85 6.8447
7183.90 6.8466
7183.95 6.8486
7184.00 6.8505
7184.05 6.8524
7184.10 6.8543
7184.15 6.8562
7184.20 6.8582
7184.25 6.8601
7184.30 6.8620
7184.35 6.8639
7184.40 6.8658
7184.45 6.8677
7184.50 6.8697
7184.55 6.8716
7184.60 6.8735
7184.65 6.8754
7184.70 6.8773
7184.75 6.8792
7184.80 6.8812
7184.85 6.8831
7184.90 6.8850
7184.95 6.8869
7185.00 6.8888
7185.05 6.8907
7185.10 6.8926
7185.15 6.8945
7185.20 6.8964
7185.25 6.8984
7185.30 6.9003
7185.35 6.9022
7185.40 6.9041
7185.45 6.9060
7185.50 6.9079
7185.55 6.9098
7185.60 6.9117
7185.65 6.9136
7185.70 6.9155
7185.75 6.9174
7185.80 6.9193
7185.85 6.9212
7185.90 6.9231
7185.95 6.9250
7186.00 6.9269
7186.05 6.9288
7186.10 6.9307
7186.15 6.9326
7186.20 6.9345
7186.25 6.9364
7186.30 6.9383
7186.35 6.9402
7186.40 6.9421
7186.45 6.9440
7186.50 6.9459
7186.55 6.9478
7186.60 6.9497
7186.65 6.9516
7186.70 6.9535
7186.75 6.9554
7186.80 6.9573
7186.85 6.9592
7186.90 6.9611
7186.95 6.9630
7187.00 6.9649
7187.05 6.9667
7187.10 6.9686
7187.15 6.9705
7187.20 6.9724
7187.25 6.9743
7187.30 6.9762
7187.35 6.9781
7187.40 6.9800
7187.45 6.9818
7187.50 6.9837
7187.55 6.9856
7187.60 6.9875
7187.65 6.9894
7187.70 6.9913
7187.75 6.9931
7187.80 6.9950
7187.85 6.9969
7187.90 6.9988
7187.95 7.0007
7188.00 7.0025
7188.05 7.0044
7188.10 7.0063
7188.15 7.0082
7188.20 7.0100
7188.25 7.0119
7188.30 7.0138
7188.35 7.0157
7188.40 7.0175
7188.45 7.0194
7188.50 7.0213
7188.55 7.0232
7188.60 7.0250
7188.65 7.0269
7188.70 7.0288
7188.75 7.0306
7188.80 7.0325
7188.85 7.0344
7188.90 7.0362
7188.95 7.0381
7189.00 7.0400
7189.05 7.0418
7189.10 7.0437
7189.15 7.0456
7189.20 7.0474
7189.25 7.0493
7189.30 7.0512
7189.35 7.0530
7189.40 7.0549
7189.45 7.0567
7189.50 7.0586
7189.55 7.0605
7189.60 7.0623
7189.65 7.0642
7189.70 7.0660
7189.75 7.0679
7189.80 7.0697
7189.85 7.0716
7189.90 7.0735
7189.95 7.0753
7190.00 7.0772
7190.05 7.0790
7190.10 7.0809
7190.15 7.0827
7190.20 7.0846
7190.25 7.0864
7190.30 7.0883
7190.35 7.0901
7190.40 7.0920
7190.45 7.0938
7190.50 7.0957
7190.55 7.0975
7190.60 7.0993
7190.65 7.1012
7190.70 7.1030
7190.75 7.1049
7190.80 7.1067
7190.85 7.1086
7190.90 7.1104
7190.95 7.1122
7191.00 7.1141
7191.05 7.1159
7191.10 7.1178
7191.15 7.1196
7191.20 7.1214
7191.25 7.1233
7191.30 7.1251
7191.35 7.1269
7191.40 7.1288
7191.45 7.1306
7191.50 7.1324
7191.55 7.1343
7191.60 7.1361
7191.65 7.1379
7191.70 7.1398
7191.75 7.1416
7191.80 7.1434
7191.85 7.1452
7191.90 7.1471
7191.95 7.1489
7192.00 7.1507
7192.05 7.1525
7192.10 7.1544
7192.15 7.1562
7192.20 7.1580
7192.25 7.1598
7192.30 7.1617
7192.35 7.1635
7192.40 7.1653
7192.45 7.1671
7192.50 7.1689
7192.55 7.1708
7192.60 7.1726
7192.65 7.1744
7192.70 7.1762
7192.75 7.1780
7192.80 7.1798
7192.85 7.1816
7192.90 7.1834
7192.95 7.1853
7193.00 7.1871
7193.05 7.1889
7193.10 7.1907
7193.15 7.1925
7193.20 7.1943
7193.25 7.1961
7193.30 7.1979
7193.35 7.1997
7193.40 7.2015
7193.45 7.2033
7193.50 7.2051
7193.55 7.2069
7193.60 7.2087
7193.65 7.2105
7193.70 7.2123
7193.75 7.2141
7193.80 7.2159
7193.85 7.2177
7193.90 7.2195
7193.95 7.2213
7194.00 7.2231
7194.05 7.2249
7194.10 7.2267
7194.15 7.2285
7194.20 7.2303
7194.25 7.2321
7194.30 7.2339
7194.35 7.2357
7194.40 7.2374
7194.45 7.2392
7194.50 7.2410
7194.55 7.2428
7194.60 7.2446
7194.65 7.2464
7194.70 7.2482
7194.75 7.2499
7194.80 7.2517
7194.85 7.2535
7194.90 7.2553
7194.95 7.2571
7195.00 7.2588
7195.05 7.2606
7195.10 7.2624
7195.15 7.2642
7195.20 7.2659
7195.25 7.2677
7195.30 7.2695
7195.35 7.2713
7195.40 7.2730
7195.45 7.2748
7195.50 7.2766
7195.55 7.2784
7195.60 7.2801
7195.65 7.2819
7195.70 7.2837
7195.75 7.2854
7195.80 7.2872
7195.85 7.2890
7195.90 7.2907
7195.95 7.2925
7196.00 7.2942
7196.05 7.2960
7196.10 7.2978
7196.15 7.2995
7196.20 7.3013
7196.25 7.3030
7196.30 7.3048
7196.35 7.3066
7196.40 7.3083
7196.45 7.3101
7196.50 7.3118
7196.55 7.3136
7196.60 7.3153
7196.65 7.3171
7196.70 7.3188
7196.75 7.3206
7196.80 7.3223
7196.85 7.3241
7196.90 7.3258
7196.95 7.3276
7197.00 7.3293
7197.05 7.3310
7197.10 7.3328
7197.15 7.3345
7197.20 7.3363
7197.25 7.3380
7197.30 7.3398
7197.35 7.3415
7197.40 7.3432
7197.45 7.3450
7197.50 7.3467
7197.55 7.3484
7197.60 7.3502
7197.65 7.3519
7197.70 7.3536
7197.75 7.3554
7197.80 7.3571
7197.85 7.3588
7197.90 7.3606
7197.95 7.3623
7198.00 7.3640
7198.05 7.3657
7198.10 7.3675
7198.15 7.3692
7198.20 7.3709
7198.25 7.3726
7198.30 7.3744
7198.35 7.3761
7198.40 7.3778
7198.45 7.3795
7198.50 7.3812
7198.55 7.3830
7198.60 7.3847
7198.65 7.3864
7198.70 7.3881
7198.75 7.3898
7198.80 7.3915
7198.85 7.3932
7198.90 7.3950
7198.95 7.3967
7199.00 7.3984
7199.05 7.4001
7199.10 7.4018
7199.15 7.4035
7199.20 7.4052
7199.25 7.4069
7199.30 7.4086
7199.35 7.4103
7199.40 7.4120
7199.45 7.4137
7199.50 7.4154
7199.55 7.4171
7199.60 7.4188
7199.65 7.4205
7199.70 7.4222
7199.75 7.4239
7199.80 7.4256
7199.85 7.4273
7199.90 7.4290
7199.95 7.4307
7200.00 7.4324
7200.05 7.4340
7200.10 7.4357
7200.15 7.4374
7200.20 7.4391
7200.25 7.4408
7200.30 7.4425
7200.35 7.4442
7200.40 7.4458
7200.45 7.4475
7200.50 7.4492
7200.55 7.4509
7200.60 7.4526
7200.65 7.4542
7200.70 7.4559
7200.75 7.4576
7200.80 7.4593
7200.85 7.4609
7200.90 7.4626
7200.95 7.4643
7201.00 7.4660
7201.05 7.4676
7201.10 7.4693
7201.15 7.4710
7201.20 7.4726
7201.25 7.4743
7201.30 7.4760
7201.35 7.4776
7201.40 7.4793
7201.45 7.4810
7201.50 7.4826
7201.55 7.4843
7201.60 7.4859
7201.65 7.4876
7201.70 7.4893
7201.75 7.4909
7201.80 7.4926
7201.85 7.4942
7201.90 7.4959
7201.95 7.4975
7202.00 7.4992
7202.05 7.5008
7202.10 7.5025
7202.15 7.5041
7202.20 7.5058
7202.25 7.5074
7202.30 7.5091
7202.35 7.5107
7202.40 7.5124
7202.45 7.5140
7202.50 7.5156
7202.55 7.5173
7202.60 7.5189
7202.65 7.5206
7202.70 7.5222
7202.75 7.5238
7202.80 7.5255
7202.85 7.5271
7202.90 7.5287
7202.95 7.5304
7203.00 7.5320
7203.05 7.5336
7203.10 7.5353
7203.15 7.5369
7203.20 7.5385
7203.25 7.5401
7203.30 7.5418
7203.35 7.5434
7203.40 7.5450
7203.45 7.5466
7203.50 7.5483
7203.55 7.5499
7203.60 7.5515
7203.65 7.5531
7203.70 7.5547
7203.75 7.5564
7203.80 7.5580
7203.85 7.5596
7203.90 7.5612
7203.95 7.5628
7204.00 7.5644
7204.05 7.5660
7204.10 7.5676
7204.15 7.5692
7204.20 7.5709
7204.25 7.5725
7204.30 7.5741
7204.35 7.5757
7204.40 7.5773
7204.45 7.5789
7204.50 7.5805
7204.55 7.5821
7204.60 7.5837
7204.65 7.5853
7204.70 7.5869
7204.75 7.5885
7204.80 7.5900
7204.85 7.5916
7204.90 7.5932
7204.95 7.5948
7205.00 7.5964
7205.05 7.5980
7205.10 7.5996
7205.15 7.6012
7205.20 7.6028
7205.25 7.6043
7205.30 7.6059
7205.35 7.6075
7205.40 7.6091
7205.45 7.6107
7205.50 7.6123
7205.55 7.6138
7205.60 7.6154
7205.65 7.6170
7205.70 7.6186
7205.75 7.6201
7205.80 7.6217
7205.85 7.6233
7205.90 7.6248
7205.95 7.6264
7206.00 7.6280
7206.05 7.6296
7206.10 7.6311
7206.15 7.6327
7206.20 7.6342
7206.25 7.6358
7206.30 7.6374
7206.35 7.6389
7206.40 7.6405
7206.45 7.6421
7206.50 7.6436
7206.55 7.6452
7206.60 7.6467
7206.65 7.6483
7206.70 7.6498
7206.75 7.6514
7206.80 7.6529
7206.85 7.6545
7206.90 7.6560
7206.95 7.6576
7207.00 7.6591
7207.05 7.6607
7207.10 7.6622
7207.15 7.6638
7207.20 7.6653
7207.25 7.6668
7207.30 7.6684
7207.35 7.6699
7207.40 7.6715
7207.45 7.6730
7207.50 7.6745
7207.55 7.6761
7207.60 7.6776
7207.65 7.6791
7207.70 7.6807
7207.75 7.6822
7207.80 7.6837
7207.85 7.6852
7207.90 7.6868
7207.95 7.6883
7208.00 7.6898
7208.05 7.6913
7208.10 7.6929
7208.15 7.6944
7208.20 7.6959
7208.25 7.6974
7208.30 7.6989
7208.35 7.7005
7208.40 7.7020
7208.45 7.7035
7208.50 7.7050
7208.55 7.7065
7208.60 7.7080
7208.65 7.7095
7208.70 7.7110
7208.75 7.7126
7208.80 7.7141
7208.85 7.7156
7208.90 7.7171
7208.95 7.7186
7209.00 7.7201
7209.05 7.7216
7209.10 7.7231
7209.15 7.7246
7209.20 7.7261
7209.25 7.7276
7209.30 7.7291
7209.35 7.7306
7209.40 7.7320
7209.45 7.7335
7209.50 7.7350
7209.55 7.7365
7209.60 7.7380
7209.65 7.7395
7209.70 7.7410
7209.75 7.7425
7209.80 7.7439
7209.85 7.7454
7209.90 7.7469
7209.95 7.7484
7210.00 7.7499
7210.05 7.7513
7210.10 7.7528
7210.15 7.7543
7210.20 7.7558
7210.25 7.7572
7210.30 7.7587
7210.35 7.7602
7210.40 7.7617
7210.45 7.7631
7210.50 7.7646
7210.55 7.7661
7210.60 7.7675
7210.65 7.7690
7210.70 7.7704
7210.75 7.7719
7210.80 7.7734
7210.85 7.7748
7210.90 7.7763
7210.95 7.7777
7211.00 7.7792
7211.05 7.7807
7211.10 7.7821
7211.15 7.7836
7211.20 7.7850
7211.25 7.7865
7211.30 7.7879
7211.35 7.7894
7211.40 7.7908
7211.45 7.7922
7211.50 7.7937
7211.55 7.7951
7211.60 7.7966
7211.65 7.7980
7211.70 7.7994
7211.75 7.8009
7211.80 7.8023
7211.85 7.8038
7211.90 7.8052
7211.95 7.8066
7212.00 7.8081
7212.05 7.8095
7212.10 7.8109
7212.15 7.8123
7212.20 7.8138
7212.25 7.8152
7212.30 7.8166
7212.35 7.8180
7212.40 7.8195
7212.45 7.8209
7212.50 7.8223
7212.55 7.8237
7212.60 7.8251
7212.65 7.8266
7212.70 7.8280
7212.75 7.8294
7212.80 7.8308
7212.85 7.8322
7212.90 7.8336
7212.95 7.8350
7213.00 7.8364
7213.05 7.8378
7213.10 7.8392
7213.15 7.8407
7213.20 7.8421
7213.25 7.8435
7213.30 7.8449
7213.35 7.8463
7213.40 7.8477
7213.45 7.8491
7213.50 7.8504
7213.55 7.8518
7213.60 7.8532
7213.65 7.8546
7213.70 7.8560
7213.75 7.8574
7213.80 7.8588
7213.85 7.8602
7213.90 7.8616
7213.95 7.8630
7214.00 7.8643
7214.05 7.8657
7214.10 7.8671
7214.15 7.8685
7214.20 7.8699
7214.25 7.8712
7214.30 7.8726
7214.35 7.8740
7214.40 7.8754
7214.45 7.8767
7214.50 7.8781
7214.55 7.8795
7214.60 7.8808
7214.65 7.8822
7214.70 7.8836
7214.75 7.8849
7214.80 7.8863
7214.85 7.8877
7214.90 7.8890
7214.95 7.8904
7215.00 7.8917
7215.05 7.8931
7215.10 7.8945
7215.15 7.8958
7215.20 7.8972
7215.25 7.8985
7215.30 7.8999
7215.35 7.9012
7215.40 7.9026
7215.45 7.9039
7215.50 7.9053
7215.55 7.9066
7215.60 7.9080
7215.65 7.9093
7215.70 7.9106
7215.75 7.9120
7215.80 7.9133
7215.85 7.9147
7215.90 7.9160
7215.95 7.9173
7216.00 7.9187
7216.05 7.9200
7216.10 7.9213
7216.15 7.9227
7216.20 7.9240
7216.25 7.9253
7216.30 7.9266
7216.35 7.9280
7216.40 7.9293
7216.45 7.9306
7216.50 7.9319
7216.55 7.9332
7216.60 7.9346
7216.65 7.9359
7216.70 7.9372
7216.75 7.9385
7216.80 7.9398
7216.85 7.9411
7216.90 7.9425
7216.95 7.9438
7217.00 7.9451
7217.05 7.9464
7217.10 7.9477
7217.15 7.9490
7217.20 7.9503
7217.25 7.9516
7217.30 7.9529
7217.35 7.9542
7217.40 7.9555
7217.45 7.9568
7217.50 7.9581
7217.55 7.9594
7217.60 7.9607
7217.65 7.9620
7217.70 7.9633
7217.75 7.9645
7217.80 7.9658
7217.85 7.9671
7217.90 7.9684
7217.95 7.9697
7218.00 7.9710
7218.05 7.9723
7218.10 7.9735
7218.15 7.9748
7218.20 7.9761
7218.25 7.9774
7218.30 7.9786
7218.35 7.9799
7218.40 7.9812
7218.45 7.9825
7218.50 7.9837
7218.55 7.9850
7218.60 7.9863
7218.65 7.9875
7218.70 7.9888
7218.75 7.9901
7218.80 7.9913
7218.85 7.9926
7218.90 7.9939
7218.95 7.9951
7219.00 7.9964
7219.05 7.9976
7219.10 7.9989
7219.15 8.0001
7219.20 8.0014
7219.25 8.0026
7219.30 8.0039
7219.35 8.0051
7219.40 8.0064
7219.45 8.0076
7219.50 8.0089
7219.55 8.0101
7219.60 8.0114
7219.65 8.0126
7219.70 8.0138
7219.75 8.0151
7219.80 8.0163
7219.85 8.0175
7219.90 8.0188
7219.95 8.0200
7220.00 8.0212
7220.05 8.0225
7220.10 8.0237
7220.15 8.0249
7220.20 8.0262
7220.25 8.0274
7220.30 8.0286
7220.35 8.0298
7220.40 8.0310
7220.45 8.0323
7220.50 8.0335
7220.55 8.0347
7220.60 8.0359
7220.65 8.0371
7220.70 8.0383
7220.75 8.0396
7220.80 8.0408
7220.85 8.0420
7220.90 8.0432
7220.95 8.0444
7221.00 8.0456
7221.05 8.0468
7221.10 8.0480
7221.15 8.0492
7221.20 8.0504
7221.25 8.0516
7221.30 8.0528
7221.35 8.0540
7221.40 8.0552
7221.45 8.0564
7221.50 8.0576
7221.55 8.0588
7221.60 8.0600
7221.65 8.0611
7221.70 8.0623
7221.75 8.0635
7221.80 8.0647
7221.85 8.0659
7221.90 8.0671
7221.95 8.0683
7222.00 8.0694
7222.05 8.0706
7222.10 8.0718
7222.15 8.0730
7222.20 8.0741
7222.25 8.0753
7222.30 8.0765
7222.35 8.0776
7222.40 8.0788
7222.45 8.0800
7222.50 8.0811
7222.55 8.0823
7222.60 8.0835
7222.65 8.0846
7222.70 8.0858
7222.75 8.0870
7222.80 8.0881
7222.85 8.0893
7222.90 8.0904
7222.95 8.0916
7223.00 8.0927
7223.05 8.0939
7223.10 8.0950
7223.15 8.0962
7223.20 8.0973
7223.25 8.0985
7223.30 8.0996
7223.35 8.1008
7223.40 8.1019
7223.45 8.1030
7223.50 8.1042
7223.55 8.1053
7223.60 8.1065
7223.65 8.1076
7223.70 8.1087
7223.75 8.1099
7223.80 8.1110
7223.85 8.1121
7223.90 8.1132
7223.95 8.1144
7224.00 8.1155
7224.05 8.1166
7224.10 8.1177
7224.15 8.1189
7224.20 8.1200
7224.25 8.1211
7224.30 8.1222
7224.35 8.1233
7224.40 8.1245
7224.45 8.1256
7224.50 8.1267
7224.55 8.1278
7224.60 8.1289
7224.65 8.1300
7224.70 8.1311
7224.75 8.1322
7224.80 8.1333
7224.85 8.1344
7224.90 8.1355
7224.95 8.1366
7225.00 8.1377
7225.05 8.1388
7225.10 8.1399
7225.15 8.1410
7225.20 8.1421
7225.25 8.1432
7225.30 8.1443
7225.35 8.1454
7225.40 8.1465
7225.45 8.1476
7225.50 8.1486
7225.55 8.1497
7225.60 8.1508
7225.65 8.1519
7225.70 8.1530
7225.75 8.1540
7225.80 8.1551
7225.85 8.1562
7225.90 8.1573
7225.95 8.1583
7226.00 8.1594
7226.05 8.1605
7226.10 8.1616
7226.15 8.1626
7226.20 8.1637
7226.25 8.1648
7226.30 8.1658
7226.35 8.1669
7226.40 8.1679
7226.45 8.1690
7226.50 8.1701
7226.55 8.1711
7226.60 8.1722
7226.65 8.1732
7226.70 8.1743
7226.75 8.1753
7226.80 8.1764
7226.85 8.1774
7226.90 8.1785
7226.95 8.1795
7227.00 8.1806
7227.05 8.1816
7227.10 8.1827
7227.15 8.1837
7227.20 8.1847
7227.25 8.1858
7227.30 8.1868
7227.35 8.1878
7227.40 8.1889
7227.45 8.1899
7227.50 8.1909
7227.55 8.1920
7227.60 8.1930
7227.65 8.1940
7227.70 8.1950
7227.75 8.1961
7227.80 8.1971
7227.85 8.1981
7227.90 8.1991
7227.95 8.2002
7228.00 8.2012
7228.05 8.2022
7228.10 8.2032
7228.15 8.2042
7228.20 8.2052
7228.25 8.2062
7228.30 8.2072
7228.35 8.2083
7228.40 8.2093
7228.45 8.2103
7228.50 8.2113
7228.55 8.2123
7228.60 8.2133
7228.65 8.2143
7228.70 8.2153
7228.75 8.2163
7228.80 8.2173
7228.85 8.2183
7228.90 8.2192
7228.95 8.2202
7229.00 8.2212
7229.05 8.2222
7229.10 8.2232
7229.15 8.2242
7229.20 8.2252
7229.25 8.2262
7229.30 8.2271
7229.35 8.2281
7229.40 8.2291
7229.45 8.2301
7229.50 8.2310
7229.55 8.2320
7229.60 8.2330
7229.65 8.2340
7229.70 8.2349
7229.75 8.2359
7229.80 8.2369
7229.85 8.2378
7229.90 8.2388
7229.95 8.2398
7230.00 8.2407
7230.05 8.2417
7230.10 8.2427
7230.15 8.2436
7230.20 8.2446
7230.25 8.2455
7230.30 8.2465
7230.35 8.2474
7230.40 8.2484
7230.45 8.2493
7230.50 8.2503
7230.55 8.2512
7230.60 8.2522
7230.65 8.2531
7230.70 8.2541
7230.75 8.2550
7230.80 8.2559
7230.85 8.2569
7230.90 8.2578
7230.95 8.2587
7231.00 8.2597
7231.05 8.2606
7231.10 8.2615
7231.15 8.2625
7231.20 8.2634
7231.25 8.2643
7231.30 8.2653
7231.35 8.2662
7231.40 8.2671
7231.45 8.2680
7231.50 8.2690
7231.55 8.2699
7231.60 8.2708
7231.65 8.2717
7231.70 8.2726
7231.75 8.2735
7231.80 8.2744
7231.85 8.2754
7231.90 8.2763
7231.95 8.2772
7232.00 8.2781
7232.05 8.2790
7232.10 8.2799
7232.15 8.2808
7232.20 8.2817
7232.25 8.2826
7232.30 8.2835
7232.35 8.2844
7232.40 8.2853
7232.45 8.2862
7232.50 8.2871
7232.55 8.2880
7232.60 8.2889
7232.65 8.2897
7232.70 8.2906
7232.75 8.2915
7232.80 8.2924
7232.85 8.2933
7232.90 8.2942
7232.95 8.2950
7233.00 8.2959
7233.05 8.2968
7233.10 8.2977
7233.15 8.2986
7233.20 8.2994
7233.25 8.3003
7233.30 8.3012
7233.35 8.3020
7233.40 8.3029
7233.45 8.3038
7233.50 8.3046
7233.55 8.3055
7233.60 8.3064
7233.65 8.3072
7233.70 8.3081
7233.75 8.3089
7233.80 8.3098
7233.85 8.3107
7233.90 8.3115
7233.95 8.3124
7234.00 8.3132
7234.05 8.3141
7234.10 8.3149
7234.15 8.3158
7234.20 8.3166
7234.25 8.3175
7234.30 8.3183
7234.35 8.3191
7234.40 8.3200
7234.45 8.3208
7234.50 8.3217
7234.55 8.3225
7234.60 8.3233
7234.65 8.3242
7234.70 8.3250
7234.75 8.3258
7234.80 8.3266
7234.85 8.3275
7234.90 8.3283
7234.95 8.3291
7235.00 8.3299
7235.05 8.3308
7235.10 8.3316
7235.15 8.3324
7235.20 8.3332
7235.25 8.3340
7235.30 8.3349
7235.35 8.3357
7235.40 8.3365
7235.45 8.3373
7235.50 8.3381
7235.55 8.3389
7235.60 8.3397
7235.65 8.3405
7235.70 8.3413
7235.75 8.3421
7235.80 8.3429
7235.85 8.3437
7235.90 8.3445
7235.95 8.3453
7236.00 8.3461
7236.05 8.3469
7236.10 8.3477
7236.15 8.3485
7236.20 8.3493
7236.25 8.3501
7236.30 8.3509
7236.35 8.3517
7236.40 8.3524
7236.45 8.3532
7236.50 8.3540
7236.55 8.3548
7236.60 8.3556
7236.65 8.3563
7236.70 8.3571
7236.75 8.3579
7236.80 8.3587
7236.85 8.3594
7236.90 8.3602
7236.95 8.3610
7237.00 8.3617
7237.05 8.3625
7237.10 8.3633
7237.15 8.3640
7237.20 8.3648
7237.25 8.3656
7237.30 8.3663
7237.35 8.3671
7237.40 8.3678
7237.45 8.3686
7237.50 8.3693
7237.55 8.3701
7237.60 8.3708
7237.65 8.3716
7237.70 8.3723
7237.75 8.3731
7237.80 8.3738
7237.85 8.3746
7237.90 8.3753
7237.95 8.3761
7238.00 8.3768
7238.05 8.3775
7238.10 8.3783
7238.15 8.3790
7238.20 8.3797
7238.25 8.3805
7238.30 8.3812
7238.35 8.3819
7238.40 8.3827
7238.45 8.3834
7238.50 8.3841
7238.55 8.3848
7238.60 8.3856
7238.65 8.3863
7238.70 8.3870
7238.75 8.3877
7238.80 8.3884
7238.85 8.3892
7238.90 8.3899
7238.95 8.3906
7239.00 8.3913
7239.05 8.3920
7239.10 8.3927
7239.15 8.3934
7239.20 8.3941
7239.25 8.3948
7239.30 8.3955
7239.35 8.3963
7239.40 8.3970
7239.45 8.3977
7239.50 8.3983
7239.55 8.3990
7239.60 8.3997
7239.65 8.4004
7239.70 8.4011
7239.75 8.4018
7239.80 8.4025
7239.85 8.4032
7239.90 8.4039
7239.95 8.4046
7240.00 8.4053
7240.05 8.4059
7240.10 8.4066
7240.15 8.4073
7240.20 8.4080
7240.25 8.4087
7240.30 8.4093
7240.35 8.4100
7240.40 8.4107
7240.45 8.4113
7240.50 8.4120
7240.55 8.4127
7240.60 8.4134
7240.65 8.4140
7240.70 8.4147
7240.75 8.4153
7240.80 8.4160
7240.85 8.4167
7240.90 8.4173
7240.95 8.4180
7241.00 8.4186
7241.05 8.4193
7241.10 8.4200
7241.15 8.4206
7241.20 8.4213
7241.25 8.4219
7241.30 8.4226
7241.35 8.4232
7241.40 8.4238
7241.45 8.4245
7241.50 8.4251
7241.55 8.4258
7241.60 8.4264
7241.65 8.4270
7241.70 8.4277
7241.75 8.4283
7241.80 8.4290
7241.85 8.4296
7241.90 8.4302
7241.95 8.4309
7242.00 8.4315
7242.05 8.4321
7242.10 8.4327
7242.15 8.4334
7242.20 8.4340
7242.25 8.4346
7242.30 8.4352
7242.35 8.4358
7242.40 8.4365
7242.45 8.4371
7242.50 8.4377
7242.55 8.4383
7242.60 8.4389
7242.65 8.4395
7242.70 8.4401
7242.75 8.4407
7242.80 8.4413
7242.85 8.4420
7242.90 8.4426
7242.95 8.4432
7243.00 8.4438
7243.05 8.4444
7243.10 8.4450
7243.15 8.4456
7243.20 8.4462
7243.25 8.4467
7243.30 8.4473
7243.35 8.4479
7243.40 8.4485
7243.45 8.4491
7243.50 8.4497
7243.55 8.4503
7243.60 8.4509
7243.65 8.4514
7243.70 8.4520
7243.75 8.4526
7243.80 8.4532
7243.85 8.4538
7243.90 8.4543
7243.95 8.4549
7244.00 8.4555
7244.05 8.4561
7244.10 8.4566
7244.15 8.4572
7244.20 8.4578
7244.25 8.4583
7244.30 8.4589
7244.35 8.4595
7244.40 8.4600
7244.45 8.4606
7244.50 8.4612
7244.55 8.4617
7244.60 8.4623
7244.65 8.4628
7244.70 8.4634
7244.75 8.4639
7244.80 8.4645
7244.85 8.4650
7244.90 8.4656
7244.95 8.4661
7245.00 8.4667
7245.05 8.4672
7245.10 8.4678
7245.15 8.4683
7245.20 8.4688
7245.25 8.4694
7245.30 8.4699
7245.35 8.4705
7245.40 8.4710
7245.45 8.4715
7245.50 8.4721
7245.55 8.4726
7245.60 8.4731
7245.65 8.4736
7245.70 8.4742
7245.75 8.4747
7245.80 8.4752
7245.85 8.4757
7245.90 8.4763
7245.95 8.4768
7246.00 8.4773
7246.05 8.4778
7246.10 8.4783
7246.15 8.4789
7246.20 8.4794
7246.25 8.4799
7246.30 8.4804
7246.35 8.4809
7246.40 8.4814
7246.45 8.4819
7246.50 8.4824
7246.55 8.4829
7246.60 8.4834
7246.65 8.4839
7246.70 8.4844
7246.75 8.4849
7246.80 8.4854
7246.85 8.4859
7246.90 8.4864
7246.95 8.4869
7247.00 8.4874
7247.05 8.4879
7247.10 8.4884
7247.15 8.4889
7247.20 8.4893
7247.25 8.4898
7247.30 8.4903
7247.35 8.4908
7247.40 8.4913
7247.45 8.4918
7247.50 8.4922
7247.55 8.4927
7247.60 8.4932
7247.65 8.4937
7247.70 8.4941
7247.75 8.4946
7247.80 8.4951
7247.85 8.4955
7247.90 8.4960
7247.95 8.4965
7248.00 8.4969
7248.05 8.4974
7248.10 8.4979
7248.15 8.4983
7248.20 8.4988
7248.25 8.4992
7248.30 8.4997
7248.35 8.5002
7248.40 8.5006
7248.45 8.5011
7248.50 8.5015
7248.55 8.5020
7248.60 8.5024
7248.65 8.5029
7248.70 8.5033
7248.75 8.5037
7248.80 8.5042
7248.85 8.5046
7248.90 8.5051
7248.95 8.5055
7249.00 8.5059
7249.05 8.5064
7249.10 8.5068
7249.15 8.5073
7249.20 8.5077
7249.25 8.5081
7249.30 8.5085
7249.35 8.5090
7249.40 8.5094
7249.45 8.5098
7249.50 8.5103
7249.55 8.5107
7249.60 8.5111
7249.65 8.5115
7249.70 8.5119
7249.75 8.5124
7249.80 8.5128
7249.85 8.5132
7249.90 8.5136
7249.95 8.5140
7250.00 8.5144
7250.05 8.5148
7250.10 8.5152
7250.15 8.5156
7250.20 8.5160
7250.25 8.5165
7250.30 8.5169
7250.35 8.5173
7250.40 8.5177
7250.45 8.5181
7250.50 8.5185
7250.55 8.5189
7250.60 8.5192
7250.65 8.5196
7250.70 8.5200
7250.75 8.5204
7250.80 8.5208
7250.85 8.5212
7250.90 8.5216
7250.95 8.5220
7251.00 8.5224
7251.05 8.5227
7251.10 8.5231
7251.15 8.5235
7251.20 8.5239
7251.25 8.5243
7251.30 8.5246
7251.35 8.5250
7251.40 8.5254
7251.45 8.5258
7251.50 8.5261
7251.55 8.5265
7251.60 8.5269
7251.65 8.5272
7251.70 8.5276
7251.75 8.5280
7251.80 8.5283
7251.85 8.5287
7251.90 8.5290
7251.95 8.5294
7252.00 8.5298
7252.05 8.5301
7252.10 8.5305
7252.15 8.5308
7252.20 8.5312
7252.25 8.5315
7252.30 8.5319
7252.35 8.5322
7252.40 8.5326
7252.45 8.5329
7252.50 8.5333
7252.55 8.5336
7252.60 8.5340
7252.65 8.5343
7252.70 8.5346
7252.75 8.5350
7252.80 8.5353
7252.85 8.5356
7252.90 8.5360
7252.95 8.5363
7253.00 8.5366
7253.05 8.5370
7253.10 8.5373
7253.15 8.5376
7253.20 8.5380
7253.25 8.5383
7253.30 8.5386
7253.35 8.5389
7253.40 8.5393
7253.45 8.5396
7253.50 8.5399
7253.55 8.5402
7253.60 8.5405
7253.65 8.5408
7253.70 8.5412
7253.75 8.5415
7253.80 8.5418
7253.85 8.5421
7253.90 8.5424
7253.95 8.5427
7254.00 8.5430
7254.05 8.5433
7254.10 8.5436
7254.15 8.5439
7254.20 8.5442
7254.25 8.5445
7254.30 8.5448
7254.35 8.5451
7254.40 8.5454
7254.45 8.5457
7254.50 8.5460
7254.55 8.5463
7254.60 8.5466
7254.65 8.5469
7254.70 8.5472
7254.75 8.5474
7254.80 8.5477
7254.85 8.5480
7254.90 8.5483
7254.95 8.5486
7255.00 8.5489
7255.05 8.5491
7255.10 8.5494
7255.15 8.5497
7255.20 8.5500
7255.25 8.5502
7255.30 8.5505
7255.35 8.5508
7255.40 8.5511
7255.45 8.5513
7255.50 8.5516
7255.55 8.5519
7255.60 8.5521
7255.65 8.5524
7255.70 8.5526
7255.75 8.5529
7255.80 8.5532
7255.85 8.5534
7255.90 8.5537
7255.95 8.5539
7256.00 8.5542
7256.05 8.5544
7256.10 8.5547
7256.15 8.5549
7256.20 8.5552
7256.25 8.5554
7256.30 8.5557
7256.35 8.5559
7256.40 8.5562
7256.45 8.5564
7256.50 8.5567
7256.55 8.5569
7256.60 8.5572
7256.65 8.5574
7256.70 8.5576
7256.75 8.5579
7256.80 8.5581
7256.85 8.5583
7256.90 8.5586
7256.95 8.5588
7257.00 8.5590
7257.05 8.5593
7257.10 8.5595
7257.15 8.5597
7257.20 8.5599
7257.25 8.5602
7257.30 8.5604
7257.35 8.5606
7257.40 8.5608
7257.45 8.5610
7257.50 8.5612
7257.55 8.5615
7257.60 8.5617
7257.65 8.5619
7257.70 8.5621
7257.75 8.5623
7257.80 8.5625
7257.85 8.5627
7257.90 8.5629
7257.95 8.5631
7258.00 8.5634
7258.05 8.5636
7258.10 8.5638
7258.15 8.5640
7258.20 8.5642
7258.25 8.5644
7258.30 8.5646
7258.35 8.5647
7258.40 8.5649
7258.45 8.5651
7258.50 8.5653
7258.55 8.5655
7258.60 8.5657
7258.65 8.5659
7258.70 8.5661
7258.75 8.5663
7258.80 8.5665
7258.85 8.5666
7258.90 8.5668
7258.95 8.5670
7259.00 8.5672
7259.05 8.5674
7259.10 8.5675
7259.15 8.5677
7259.20 8.5679
7259.25 8.5681
7259.30 8.5682
7259.35 8.5684
7259.40 8.5686
7259.45 8.5687
7259.50 8.5689
7259.55 8.5691
7259.60 8.5692
7259.65 8.5694
7259.70 8.5696
7259.75 8.5697
7259.80 8.5699
7259.85 8.5701
7259.90 8.5702
7259.95 8.5704
7260.00 8.5705
7260.05 8.5707
7260.10 8.5708
7260.15 8.5710
7260.20 8.5711
7260.25 8.5713
7260.30 8.5714
7260.35 8.5716
7260.40 8.5717
7260.45 8.5719
7260.50 8.5720
7260.55 8.5722
7260.60 8.5723
7260.65 8.5724
7260.70 8.5726
7260.75 8.5727
7260.80 8.5729
7260.85 8.5730
7260.90 8.5731
7260.95 8.5733
7261.00 8.5734
7261.05 8.5735
7261.10 8.5736
7261.15 8.5738
7261.20 8.5739
7261.25 8.5740
7261.30 8.5742
7261.35 8.5743
7261.40 8.5744
7261.45 8.5745
7261.50 8.5746
7261.55 8.5748
7261.60 8.5749
7261.65 8.5750
7261.70 8.5751
7261.75 8.5752
7261.80 8.5753
7261.85 8.5754
7261.90 8.5756
7261.95 8.5757
7262.00 8.5758
7262.05 8.5759
7262.10 8.5760
7262.15 8.5761
7262.20 8.5762
7262.25 8.5763
7262.30 8.5764
7262.35 8.5765
7262.40 8.5766
7262.45 8.5767
7262.50 8.5768
7262.55 8.5769
7262.60 8.5770
7262.65 8.5771
7262.70 8.5772
7262.75 8.5773
7262.80 8.5773
7262.85 8.5774
7262.90 8.5775
7262.95 8.5776
7263.00 8.5777
7263.05 8.5778
7263.10 8.5779
7263.15 8.5779
7263.20 8.5780
7263.25 8.5781
7263.30 8.5782
7263.35 8.5782
7263.40 8.5783
7263.45 8.5784
7263.50 8.5785
7263.55 8.5785
7263.60 8.5786
7263.65 8.5787
7263.70 8.5788
7263.75 8.5788
7263.80 8.5789
7263.85 8.5790
7263.90 8.5790
7263.95 8.5791
7264.00 8.5791
7264.05 8.5792
7264.10 8.5793
7264.15 8.5793
7264.20 8.5794
7264.25 8.5794
7264.30 8.5795
7264.35 8.5795
7264.40 8.5796
7264.45 8.5796
7264.50 8.5797
7264.55 8.5797
7264.60 8.5798
7264.65 8.5798
7264.70 8.5799
7264.75 8.5799
7264.80 8.5800
7264.85 8.5800
7264.90 8.5801
7264.95 8.5801
7265.00 8.5801
7265.05 8.5802
7265.10 8.5802
7265.15 8.5802
7265.20 8.5803
7265.25 8.5803
7265.30 8.5803
7265.35 8.5804
7265.40 8.5804
7265.45 8.5804
7265.50 8.5805
7265.55 8.5805
7265.60 8.5805
7265.65 8.5805
7265.70 8.5806
7265.75 8.5806
7265.80 8.5806
7265.85 8.5806
7265.90 8.5807
7265.95 8.5807
7266.00 8.5807
7266.05 8.5807
7266.10 8.5807
7266.15 8.5807
7266.20 8.5807
7266.25 8.5808
7266.30 8.5808
7266.35 8.5808
7266.40 8.5808
7266.45 8.5808
7266.50 8.5808
7266.55 8.5808
7266.60 8.5808
7266.65 8.5808
7266.70 8.5808
7266.75 8.5808
7266.80 8.5808
7266.85 8.5808
7266.90 8.5808
7266.95 8.5808
7267.00 8.5808
7267.05 8.5808
7267.10 8.5808
7267.15 8.5808
7267.20 8.5808
7267.25 8.5808
7267.30 8.5807
7267.35 8.5807
7267.40 8.5807
7267.45 8.5807
7267.50 8.5807
7267.55 8.5807
7267.60 8.5807
7267.65 8.5806
7267.70 8.5806
7267.75 8.5806
7267.80 8.5806
7267.85 8.5805
7267.90 8.5805
7267.95 8.5805
7268.00 8.5805
7268.05 8.5804
7268.10 8.5804
7268.15 8.5804
7268.20 8.5804
7268.25 8.5803
7268.30 8.5803
7268.35 8.5803
7268.40 8.5802
7268.45 8.5802
7268.50 8.5801
7268.55 8.5801
7268.60 8.5801
7268.65 8.5800
7268.70 8.5800
7268.75 8.5799
7268.80 8.5799
7268.85 8.5799
7268.90 8.5798
7268.95 8.5798
7269.00 8.5797
7269.05 8.5797
7269.10 8.5796
7269.15 8.5796
7269.20 8.5795
7269.25 8.5795
7269.30 8.5794
7269.35 8.5794
7269.40 8.5793
7269.45 8.5792
7269.50 8.5792
7269.55 8.5791
7269.60 8.5791
7269.65 8.5790
7269.70 8.5790
7269.75 8.5789
7269.80 8.5788
7269.85 8.5788
7269.90 8.5787
7269.95 8.5786
7270.00 8.5786
7270.05 8.5785
7270.10 8.5784
7270.15 8.5783
7270.20 8.5783
7270.25 8.5782
7270.30 8.5781
7270.35 8.5781
7270.40 8.5780
7270.45 8.5779
7270.50 8.5778
7270.55 8.5777
7270.60 8.5777
7270.65 8.5776
7270.70 8.5775
7270.75 8.5774
7270.80 8.5773
7270.85 8.5772
7270.90 8.5772
7270.95 8.5771
7271.00 8.5770
7271.05 8.5769
7271.10 8.5768
7271.15 8.5767
7271.20 8.5766
7271.25 8.5765
7271.30 8.5764
7271.35 8.5763
7271.40 8.5762
7271.45 8.5762
7271.50 8.5761
7271.55 8.5760
7271.60 8.5759
7271.65 8.5758
7271.70 8.5757
7271.75 8.5756
7271.80 8.5754
7271.85 8.5753
7271.90 8.5752
7271.95 8.5751
7272.00 8.5750
7272.05 8.5749
7272.10 8.5748
7272.15 8.5747
7272.20 8.5746
7272.25 8.5745
7272.30 8.5744
7272.35 8.5742
7272.40 8.5741
7272.45 8.5740
7272.50 8.5739
7272.55 8.5738
7272.60 8.5737
7272.65 8.5735
7272.70 8.5734
7272.75 8.5733
7272.80 8.5732
7272.85 8.5730
7272.90 8.5729
7272.95 8.5728
7273.00 8.5727
7273.05 8.5725
7273.10 8.5724
7273.15 8.5723
7273.20 8.5722
7273.25 8.5720
7273.30 8.5719
7273.35 8.5718
7273.40 8.5716
7273.45 8.5715
7273.50 8.5713
7273.55 8.5712
7273.60 8.5711
7273.65 8.5709
7273.70 8.5708
7273.75 8.5707
7273.80 8.5705
7273.85 8.5704
7273.90 8.5702
7273.95 8.5701
7274.00 8.5699
7274.05 8.5698
7274.10 8.5696
7274.15 8.5695
7274.20 8.5693
7274.25 8.5692
7274.30 8.5690
7274.35 8.5689
7274.40 8.5687
7274.45 8.5686
7274.50 8.5684
7274.55 8.5683
7274.60 8.5681
7274.65 8.5680
7274.70 8.5678
7274.75 8.5676
7274.80 8.5675
7274.85 8.5673
7274.90 8.5672
7274.95 8.5670
7275.00 8.5668
7275.05 8.5667
7275.10 8.5665
7275.15 8.5663
7275.20 8.5662
7275.25 8.5660
7275.30 8.5658
7275.35 8.5657
7275.40 8.5655
7275.45 8.5653
7275.50 8.5651
7275.55 8.5650
7275.60 8.5648
7275.65 8.5646
7275.70 8.5645
7275.75 8.5643
7275.80 8.5641
7275.85 8.5639
7275.90 8.5637
7275.95 8.5636
7276.00 8.5634
7276.05 8.5632
7276.10 8.5630
7276.15 8.5628
7276.20 8.5626
7276.25 8.5625
7276.30 8.5623
7276.35 8.5621
7276.40 8.5619
7276.45 8.5617
7276.50 8.5615
7276.55 8.5613
7276.60 8.5611
7276.65 8.5609
7276.70 8.5607
7276.75 8.5606
7276.80 8.5604
7276.85 8.5602
7276.90 8.5600
7276.95 8.5598
7277.00 8.5596
7277.05 8.5594
7277.10 8.5592
7277.15 8.5590
7277.20 8.5588
7277.25 8.5586
7277.30 8.5584
7277.35 8.5582
7277.40 8.5580
7277.45 8.5577
7277.50 8.5575
7277.55 8.5573
7277.60 8.5571
7277.65 8.5569
7277.70 8.5567
7277.75 8.5565
7277.80 8.5563
7277.85 8.5561
7277.90 8.5559
7277.95 8.5556
7278.00 8.5554
7278.05 8.5552
7278.10 8.5550
7278.15 8.5548
7278.20 8.5546
7278.25 8.5543
7278.30 8.5541
7278.35 8.5539
7278.40 8.5537
7278.45 8.5535
7278.50 8.5532
7278.55 8.5530
7278.60 8.5528
7278.65 8.5526
7278.70 8.5523
7278.75 8.5521
7278.80 8.5519
7278.85 8.5516
7278.90 8.5514
7278.95 8.5512
7279.00 8.5510
7279.05 8.5507
7279.10 8.5505
7279.15 8.5503
7279.20 8.5500
7279.25 8.5498
7279.30 8.5496
7279.35 8.5493
7279.40 8.5491
7279.45 8.5488
7279.50 8.5486
7279.55 8.5484
7279.60 8.5481
7279.65 8.5479
7279.70 8.5476
7279.75 8.5474
7279.80 8.5472
7279.85 8.5469
7279.90 8.5467
7279.95 8.5464
7280.00 8.5462
7280.05 8.5459
7280.10 8.5457
7280.15 8.5454
7280.20 8.5452
7280.25 8.5449
7280.30 8.5447
7280.35 8.5444
7280.40 8.5442
7280.45 8.5439
7280.50 8.5437
7280.55 8.5434
7280.60 8.5432
7280.65 8.5429
7280.70 8.5426
7280.75 8.5424
7280.80 8.5421
7280.85 8.5419
7280.90 8.5416
7280.95 8.5414
7281.00 8.5411
7281.05 8.5408
7281.10 8.5406
7281.15 8.5403
7281.20 8.5400
7281.25 8.5398
7281.30 8.5395
7281.35 8.5392
7281.40 8.5390
7281.45 8.5387
7281.50 8.5384
7281.55 8.5382
7281.60 8.5379
7281.65 8.5376
7281.70 8.5374
7281.75 8.5371
7281.80 8.5368
7281.85 8.5365
7281.90 8.5363
7281.95 8.5360
7282.00 8.5357
7282.05 8.5354
7282.10 8.5352
7282.15 8.5349
7282.20 8.5346
7282.25 8.5343
7282.30 8.5340
7282.35 8.5338
7282.40 8.5335
7282.45 8.5332
7282.50 8.5329
7282.55 8.5326
7282.60 8.5324
7282.65 8.5321
7282.70 8.5318
7282.75 8.5315
7282.80 8.5312
7282.85 8.5309
7282.90 8.5306
7282.95 8.5303
7283.00 8.5301
7283.05 8.5298
7283.10 8.5295
7283.15 8.5292
7283.20 8.5289
7283.25 8.5286
7283.30 8.5283
7283.35 8.5280
7283.40 8.5277
7283.45 8.5274
7283.50 8.5271
7283.55 8.5268
7283.60 8.5265
7283.65 8.5262
7283.70 8.5259
7283.75 8.5256
7283.80 8.5253
7283.85 8.5250
7283.90 8.5247
7283.95 8.5244
7284.00 8.5241
7284.05 8.5238
7284.10 8.5235
7284.15 8.5232
7284.20 8.5229
7284.25 8.5226
7284.30 8.5223
7284.35 8.5220
7284.40 8.5217
7284.45 8.5214
7284.50 8.5211
7284.55 8.5208
7284.60 8.5205
7284.65 8.5201
7284.70 8.5198
7284.75 8.5195
7284.80 8.5192
7284.85 8.5189
7284.90 8.5186
7284.95 8.5183
7285.00 8.5180
7285.05 8.5176
7285.10 8.5173
7285.15 8.5170
7285.20 8.5167
7285.25 8.5164
7285.30 8.5161
7285.35 8.5157
7285.40 8.5154
7285.45 8.5151
7285.50 8.5148
7285.55 8.5145
7285.60 8.5141
7285.65 8.5138
7285.70 8.5135
7285.75 8.5132
7285.80 8.5128
7285.85 8.5125
7285.90 8.5122
7285.95 8.5119
7286.00 8.5115
7286.05 8.5112
7286.10 8.5109
7286.15 8.5106
7286.20 8.5102
7286.25 8.5099
7286.30 8.5096
7286.35 8.5092
7286.40 8.5089
7286.45 8.5086
7286.50 8.5082
7286.55 8.5079
7286.60 8.5076
7286.65 8.5072
7286.70 8.5069
7286.75 8.5066
7286.80 8.5062
7286.85 8.5059
7286.90 8.5056
7286.95 8.5052
7287.00 8.5049
7287.05 8.5046
7287.10 8.5042
7287.15 8.5039
7287.20 8.5035
7287.25 8.5032
7287.30 8.5029
7287.35 8.5025
7287.40 8.5022
7287.45 8.5018
7287.50 8.5015
7287.55 8.5012
7287.60 8.5008
7287.65 8.5005
7287.70 8.5001
7287.75 8.4998
7287.80 8.4994
7287.85 8.4991
7287.90 8.4987
7287.95 8.4984
7288.00 8.4980
7288.05 8.4977
7288.10 8.4973
7288.15 8.4970
7288.20 8.4966
7288.25 8.4963
7288.30 8.4959
7288.35 8.4956
7288.40 8.4952
7288.45 8.4949
7288.50 8.4945
7288.55 8.4942
7288.60 8.4938
7288.65 8.4935
7288.70 8.4931
7288.75 8.4928
7288.80 8.4924
7288.85 8.4920
7288.90 8.4917
7288.95 8.4913
7289.00 8.4910
7289.05 8.4906
7289.10 8.4903
7289.15 8.4899
7289.20 8.4895
7289.25 8.4892
7289.30 8.4888
7289.35 8.4885
7289.40 8.4881
7289.45 8.4877
7289.50 8.4874
7289.55 8.4870
7289.60 8.4867
7289.65 8.4863
7289.70 8.4859
7289.75 8.4856
7289.80 8.4852
7289.85 8.4848
7289.90 8.4845
7289.95 8.4841
7290.00 8.4837
7290.05 8.4834
7290.10 8.4830
7290.15 8.4826
7290.20 8.4823
7290.25 8.4819
7290.30 8.4815
7290.35 8.4812
7290.40 8.4808
7290.45 8.4804
7290.50 8.4800
7290.55 8.4797
7290.60 8.4793
7290.65 8.4789
7290.70 8.4786
7290.75 8.4782
7290.80 8.4778
7290.85 8.4774
7290.90 8.4771
7290.95 8.4767
7291.00 8.4763
7291.05 8.4759
7291.10 8.4756
7291.15 8.4752
7291.20 8.4748
7291.25 8.4744
7291.30 8.4741
7291.35 8.4737
7291.40 8.4733
7291.45 8.4729
7291.50 8.4725
7291.55 8.4722
7291.60 8.4718
7291.65 8.4714
7291.70 8.4710
7291.75 8.4706
7291.80 8.4703
7291.85 8.4699
7291.90 8.4695
7291.95 8.4691
7292.00 8.4687
7292.05 8.4684
7292.10 8.4680
7292.15 8.4676
7292.20 8.4672
7292.25 8.4668
7292.30 8.4664
7292.35 8.4660
7292.40 8.4657
7292.45 8.4653
7292.50 8.4649
7292.55 8.4645
7292.60 8.4641
7292.65 8.4637
7292.70 8.4633
7292.75 8.4630
7292.80 8.4626
7292.85 8.4622
7292.90 8.4618
7292.95 8.4614
7293.00 8.4610
7293.05 8.4606
7293.10 8.4602
7293.15 8.4598
7293.20 8.4595
7293.25 8.4591
7293.30 8.4587
7293.35 8.4583
7293.40 8.4579
7293.45 8.4575
7293.50 8.4571
7293.55 8.4567
7293.60 8.4563
7293.65 8.4559
7293.70 8.4555
7293.75 8.4551
7293.80 8.4547
7293.85 8.4544
7293.90 8.4540
7293.95 8.4536
7294.00 8.4532
7294.05 8.4528
7294.10 8.4524
7294.15 8.4520
7294.20 8.4516
7294.25 8.4512
7294.30 8.4508
7294.35 8.4504
7294.40 8.4500
7294.45 8.4496
7294.50 8.4492
7294.55 8.4488
7294.60 8.4484
7294.65 8.4480
7294.70 8.4476
7294.75 8.4472
7294.80 8.4468
7294.85 8.4464
7294.90 8.4460
7294.95 8.4456
7295.00 8.4452
7295.05 8.4448
7295.10 8.4444
7295.15 8.4440
7295.20 8.4436
7295.25 8.4432
7295.30 8.4428
7295.35 8.4424
7295.40 8.4420
7295.45 8.4416
7295.50 8.4412
7295.55 8.4408
7295.60 8.4404
7295.65 8.4400
7295.70 8.4396
7295.75 8.4392
7295.80 8.4388
7295.85 8.4384
7295.90 8.4380
7295.95 8.4376
7296.00 8.4371
7296.05 8.4367
7296.10 8.4363
7296.15 8.4359
7296.20 8.4355
7296.25 8.4351
7296.30 8.4347
7296.35 8.4343
7296.40 8.4339
7296.45 8.4335
7296.50 8.4331
7296.55 8.4327
7296.60 8.4323
7296.65 8.4319
7296.70 8.4315
7296.75 8.4310
7296.80 8.4306
7296.85 8.4302
7296.90 8.4298
7296.95 8.4294
7297.00 8.4290
7297.05 8.4286
7297.10 8.4282
7297.15 8.4278
7297.20 8.4274
7297.25 8.4270
7297.30 8.4265
7297.35 8.4261
7297.40 8.4257
7297.45 8.4253
7297.50 8.4249
7297.55 8.4245
7297.60 8.4241
7297.65 8.4237
7297.70 8.4233
7297.75 8.4229
7297.80 8.4224
7297.85 8.4220
7297.90 8.4216
7297.95 8.4212
7298.00 8.4208
7298.05 8.4204
7298.10 8.4200
7298.15 8.4196
7298.20 8.4192
7298.25 8.4187
7298.30 8.4183
7298.35 8.4179
7298.40 8.4175
7298.45 8.4171
7298.50 8.4167
7298.55 8.4163
7298.60 8.4159
7298.65 8.4154
7298.70 8.4150
7298.75 8.4146
7298.80 8.4142
7298.85 8.4138
7298.90 8.4134
7298.95 8.4130
7299.00 8.4125
7299.05 8.4121
7299.10 8.4117
7299.15 8.4113
7299.20 8.4109
7299.25 8.4105
7299.30 8.4101
7299.35 8.4096
7299.40 8.4092
7299.45 8.4088
7299.50 8.4084
7299.55 8.4080
7299.60 8.4076
7299.65 8.4072
7299.70 8.4067
7299.75 8.4063
7299.80 8.4059
7299.85 8.4055
7299.90 8.4051
7299.95 8.4047
7300.00 8.4043
7300.05 8.4038
7300.10 8.4034
7300.15 8.4030
7300.20 8.4026
7300.25 8.4022
7300.30 8.4018
7300.35 8.4014
7300.40 8.4009
7300.45 8.4005
7300.50 8.4001
7300.55 8.3997
7300.60 8.3993
7300.65 8.3989
7300.70 8.3984
7300.75 8.3980
7300.80 8.3976
7300.85 8.3972
7300.90 8.3968
7300.95 8.3964
7301.00 8.3960
7301.05 8.3955
7301.10 8.3951
7301.15 8.3947
7301.20 8.3943
7301.25 8.3939
7301.30 8.3935
7301.35 8.3931
7301.40 8.3926
7301.45 8.3922
7301.50 8.3918
7301.55 8.3914
7301.60 8.3910
7301.65 8.3906
7301.70 8.3901
7301.75 8.3897
7301.80 8.3893
7301.85 8.3889
7301.90 8.3885
7301.95 8.3881
7302.00 8.3877
7302.05 8.3872
7302.10 8.3868
7302.15 8.3864
7302.20 8.3860
7302.25 8.3856
7302.30 8.3852
7302.35 8.3848
7302.40 8.3843
7302.45 8.3839
7302.50 8.3835
7302.55 8.3831
7302.60 8.3827
7302.65 8.3823
7302.70 8.3819
7302.75 8.3814
7302.80 8.3810
7302.85 8.3806
7302.90 8.3802
7302.95 8.3798
7303.00 8.3794
7303.05 8.3790
7303.10 8.3786
7303.15 8.3781
7303.20 8.3777
7303.25 8.3773
7303.30 8.3769
7303.35 8.3765
7303.40 8.3761
7303.45 8.3757
7303.50 8.3753
7303.55 8.3748
7303.60 8.3744
7303.65 8.3740
7303.70 8.3736
7303.75 8.3732
7303.80 8.3728
7303.85 8.3724
7303.90 8.3720
7303.95 8.3715
7304.00 8.3711
7304.05 8.3707
7304.10 8.3703
7304.15 8.3699
7304.20 8.3695
7304.25 8.3691
7304.30 8.3687
7304.35 8.3683
7304.40 8.3679
7304.45 8.3674
7304.50 8.3670
7304.55 8.3666
7304.60 8.3662
7304.65 8.3658
7304.70 8.3654
7304.75 8.3650
7304.80 8.3646
7304.85 8.3642
7304.90 8.3638
7304.95 8.3634
7305.00 8.3629
7305.05 8.3625
7305.10 8.3621
7305.15 8.3617
7305.20 8.3613
7305.25 8.3609
7305.30 8.3605
7305.35 8.3601
7305.40 8.3597
7305.45 8.3593
7305.50 8.3589
7305.55 8.3585
7305.60 8.3581
7305.65 8.3577
7305.70 8.3573
7305.75 8.3569
7305.80 8.3564
7305.85 8.3560
7305.90 8.3556
7305.95 8.3552
7306.00 8.3548
7306.05 8.3544
7306.10 8.3540
7306.15 8.3536
7306.20 8.3532
7306.25 8.3528
7306.30 8.3524
7306.35 8.3520
7306.40 8.3516
7306.45 8.3512
7306.50 8.3508
7306.55 8.3504
7306.60 8.3500
7306.65 8.3496
7306.70 8.3492
7306.75 8.3488
7306.80 8.3484
7306.85 8.3480
7306.90 8.3476
7306.95 8.3472
7307.00 8.3468
7307.05 8.3464
7307.10 8.3460
7307.15 8.3456
7307.20 8.3452
7307.25 8.3448
7307.30 8.3444
7307.35 8.3440
7307.40 8.3436
7307.45 8.3432
7307.50 8.3428
7307.55 8.3424
7307.60 8.3420
7307.65 8.3417
7307.70 8.3413
7307.75 8.3409
7307.80 8.3405
7307.85 8.3401
7307.90 8.3397
7307.95 8.3393
7308.00 8.3389
7308.05 8.3385
7308.10 8.3381
7308.15 8.3377
7308.20 8.3373
7308.25 8.3369
7308.30 8.3365
7308.35 8.3362
7308.40 8.3358
7308.45 8.3354
7308.50 8.3350
7308.55 8.3346
7308.60 8.3342
7308.65 8.3338
7308.70 8.3334
7308.75 8.3330
7308.80 8.3327
7308.85 8.3323
7308.90 8.3319
7308.95 8.3315
7309.00 8.3311
7309.05 8.3307
7309.10 8.3303
7309.15 8.3300
7309.20 8.3296
7309.25 8.3292
7309.30 8.3288
7309.35 8.3284
7309.40 8.3280
7309.45 8.3277
7309.50 8.3273
7309.55 8.3269
7309.60 8.3265
7309.65 8.3261
7309.70 8.3258
7309.75 8.3254
7309.80 8.3250
7309.85 8.3246
7309.90 8.3242
7309.95 8.3239
7310.00 8.3235
7310.05 8.3231
7310.10 8.3227
7310.15 8.3224
7310.20 8.3220
7310.25 8.3216
7310.30 8.3212
7310.35 8.3208
7310.40 8.3205
7310.45 8.3201
7310.50 8.3197
7310.55 8.3194
7310.60 8.3190
7310.65 8.3186
7310.70 8.3182
7310.75 8.3179
7310.80 8.3175
7310.85 8.3171
7310.90 8.3168
7310.95 8.3164
7311.00 8.3160
7311.05 8.3156
7311.10 8.3153
7311.15 8.3149
7311.20 8.3145
7311.25 8.3142
7311.30 8.3138
7311.35 8.3134
7311.40 8.3131
7311.45 8.3127
7311.50 8.3124
7311.55 8.3120
7311.60 8.3116
7311.65 8.3113
7311.70 8.3109
7311.75 8.3105
7311.80 8.3102
7311.85 8.3098
7311.90 8.3095
7311.95 8.3091
7312.00 8.3087
7312.05 8.3084
7312.10 8.3080
7312.15 8.3077
7312.20 8.3073
7312.25 8.3070
7312.30 8.3066
7312.35 8.3062
7312.40 8.3059
7312.45 8.3055
7312.50 8.3052
7312.55 8.3048
7312.60 8.3045
7312.65 8.3041
7312.70 8.3038
7312.75 8.3034
7312.80 8.3031
7312.85 8.3027
7312.90 8.3024
7312.95 8.3020
7313.00 8.3017
7313.05 8.3013
7313.10 8.3010
7313.15 8.3006
7313.20 8.3003
7313.25 8.2999
7313.30 8.2996
7313.35 8.2993
7313.40 8.2989
7313.45 8.2986
7313.50 8.2982
7313.55 8.2979
7313.60 8.2975
7313.65 8.2972
7313.70 8.2969
7313.75 8.2965
7313.80 8.2962
7313.85 8.2958
7313.90 8.2955
7313.95 8.2952
7314.00 8.2948
7314.05 8.2945
7314.10 8.2942
7314.15 8.2938
7314.20 8.2935
7314.25 8.2932
7314.30 8.2928
7314.35 8.2925
7314.40 8.2922
7314.45 8.2918
7314.50 8.2915
7314.55 8.2912
7314.60 8.2909
7314.65 8.2905
7314.70 8.2902
7314.75 8.2899
7314.80 8.2895
7314.85 8.2892
7314.90 8.2889
7314.95 8.2886
7315.00 8.2883
7315.05 8.2879
7315.10 8.2876
7315.15 8.2873
7315.20 8.2870
7315.25 8.2866
7315.30 8.2863
7315.35 8.2860
7315.40 8.2857
7315.45 8.2854
7315.50 8.2851
7315.55 8.2847
7315.60 8.2844
7315.65 8.2841
7315.70 8.2838
7315.75 8.2835
7315.80 8.2832
7315.85 8.2829
7315.90 8.2826
7315.95 8.2822
7316.00 8.2819
7316.05 8.2816
7316.10 8.2813
7316.15 8.2810
7316.20 8.2807
7316.25 8.2804
7316.30 8.2801
7316.35 8.2798
7316.40 8.2795
7316.45 8.2792
7316.50 8.2789
7316.55 8.2786
7316.60 8.2783
7316.65 8.2780
7316.70 8.2777
7316.75 8.2774
7316.80 8.2771
7316.85 8.2768
7316.90 8.2765
7316.95 8.2762
7317.00 8.2759
7317.05 8.2756
7317.10 8.2753
7317.15 8.2750
7317.20 8.2747
7317.25 8.2745
7317.30 8.2742
7317.35 8.2739
7317.40 8.2736
7317.45 8.2733
7317.50 8.2730
7317.55 8.2727
7317.60 8.2724
7317.65 8.2722
7317.70 8.2719
7317.75 8.2716
7317.80 8.2713
7317.85 8.2710
7317.90 8.2708
7317.95 8.2705
7318.00 8.2702
7318.05 8.2699
7318.10 8.2696
7318.15 8.2694
7318.20 8.2691
7318.25 8.2688
7318.30 8.2685
7318.35 8.2683
7318.40 8.2680
7318.45 8.2677
7318.50 8.2675
7318.55 8.2672
7318.60 8.2669
7318.65 8.2667
7318.70 8.2664
7318.75 8.2661
7318.80 8.2659
7318.85 8.2656
7318.90 8.2653
7318.95 8.2651
7319.00 8.2648
7319.05 8.2646
7319.10 8.2643
7319.15 8.2640
7319.20 8.2638
7319.25 8.2635
7319.30 8.2633
7319.35 8.2630
7319.40 8.2628
7319.45 8.2625
7319.50 8.2623
7319.55 8.2620
7319.60 8.2618
7319.65 8.2615
7319.70 8.2613
7319.75 8.2610
7319.80 8.2608
7319.85 8.2605
7319.90 8.2603
7319.95 8.2600
7320.00 8.2598
7320.05 8.2596
7320.10 8.2593
7320.15 8.2591
7320.20 8.2588
7320.25 8.2586
7320.30 8.2584
7320.35 8.2581
7320.40 8.2579
7320.45 8.2577
7320.50 8.2574
7320.55 8.2572
7320.60 8.2570
7320.65 8.2567
7320.70 8.2565
7320.75 8.2563
7320.80 8.2561
7320.85 8.2558
7320.90 8.2556
7320.95 8.2554
7321.00 8.2552
7321.05 8.2549
7321.10 8.2547
7321.15 8.2545
7321.20 8.2543
7321.25 8.2541
7321.30 8.2539
7321.35 8.2536
7321.40 8.2534
7321.45 8.2532
7321.50 8.2530
7321.55 8.2528
7321.60 8.2526
7321.65 8.2524
7321.70 8.2522
7321.75 8.2519
7321.80 8.2517
7321.85 8.2515
7321.90 8.2513
7321.95 8.2511
7322.00 8.2509
7322.05 8.2507
7322.10 8.2505
7322.15 8.2503
7322.20 8.2501
7322.25 8.2499
7322.30 8.2497
7322.35 8.2495
7322.40 8.2494
7322.45 8.2492
7322.50 8.2490
7322.55 8.2488
7322.60 8.2486
7322.65 8.2484
7322.70 8.2482
7322.75 8.2480
7322.80 8.2478
7322.85 8.2477
7322.90 8.2475
7322.95 8.2473
7323.00 8.2471
7323.05 8.2469
7323.10 8.2468
7323.15 8.2466
7323.20 8.2464
7323.25 8.2462
7323.30 8.2461
7323.35 8.2459
7323.40 8.2457
7323.45 8.2455
7323.50 8.2454
7323.55 8.2452
7323.60 8.2450
7323.65 8.2449
7323.70 8.2447
7323.75 8.2446
7323.80 8.2444
7323.85 8.2442
7323.90 8.2441
7323.95 8.2439
7324.00 8.2438
7324.05 8.2436
7324.10 8.2434
7324.15 8.2433
7324.20 8.2431
7324.25 8.2430
7324.30 8.2428
7324.35 8.2427
7324.40 8.2425
7324.45 8.2424
7324.50 8.2422
7324.55 8.2421
7324.60 8.2420
7324.65 8.2418
7324.70 8.2417
7324.75 8.2415
7324.80 8.2414
7324.85 8.2413
7324.90 8.2411
7324.95 8.2410
7325.00 8.2409
7325.05 8.2407
7325.10 8.2406
7325.15 8.2405
7325.20 8.2403
7325.25 8.2402
7325.30 8.2401
7325.35 8.2400
7325.40 8.2398
7325.45 8.2397
7325.50 8.2396
7325.55 8.2395
7325.60 8.2394
7325.65 8.2392
7325.70 8.2391
7325.75 8.2390
7325.80 8.2389
7325.85 8.2388
7325.90 8.2387
7325.95 8.2386
7326.00 8.2385
7326.05 8.2384
7326.10 8.2383
7326.15 8.2382
7326.20 8.2380
7326.25 8.2379
7326.30 8.2378
7326.35 8.2377
7326.40 8.2377
7326.45 8.2376
7326.50 8.2375
7326.55 8.2374
7326.60 8.2373
7326.65 8.2372
7326.70 8.2371
7326.75 8.2370
7326.80 8.2369
7326.85 8.2368
7326.90 8.2368
7326.95 8.2367
7327.00 8.2366
7327.05 8.2365
7327.10 8.2364
7327.15 8.2364
7327.20 8.2363
7327.25 8.2362
7327.30 8.2361
7327.35 8.2361
7327.40 8.2360
7327.45 8.2359
7327.50 8.2359
7327.55 8.2358
7327.60 8.2357
7327.65 8.2357
7327.70 8.2356
7327.75 8.2355
7327.80 8.2355
7327.85 8.2354
7327.90 8.2354
7327.95 8.2353
7328.00 8.2353
7328.05 8.2352
7328.10 8.2352
7328.15 8.2351
7328.20 8.2351
7328.25 8.2350
7328.30 8.2350
7328.35 8.2349
7328.40 8.2349
7328.45 8.2348
7328.50 8.2348
7328.55 8.2348
7328.60 8.2347
7328.65 8.2347
7328.70 8.2347
7328.75 8.2346
7328.80 8.2346
7328.85 8.2346
7328.90 8.2345
7328.95 8.2345
7329.00 8.2345
7329.05 8.2345
7329.10 8.2344
7329.15 8.2344
7329.20 8.2344
7329.25 8.2344
7329.30 8.2344
7329.35 8.2344
7329.40 8.2343
7329.45 8.2343
7329.50 8.2343
7329.55 8.2343
7329.60 8.2343
7329.65 8.2343
7329.70 8.2343
7329.75 8.2343
7329.80 8.2343
7329.85 8.2343
7329.90 8.2343
7329.95 8.2343
7330.00 8.2343
7330.05 8.2343
7330.10 8.2343
7330.15 8.2343
7330.20 8.2344
7330.25 8.2344
7330.30 8.2344
7330.35 8.2344
7330.40 8.2344
7330.45 8.2344
7330.50 8.2345
7330.55 8.2345
7330.60 8.2345
7330.65 8.2345
7330.70 8.2346
7330.75 8.2346
7330.80 8.2346
7330.85 8.2347
7330.90 8.2347
7330.95 8.2347
7331.00 8.2348
7331.05 8.2348
7331.10 8.2348
7331.15 8.2349
7331.20 8.2349
7331.25 8.2350
7331.30 8.2350
7331.35 8.2351
7331.40 8.2351
7331.45 8.2352
7331.50 8.2352
7331.55 8.2353
7331.60 8.2353
7331.65 8.2354
7331.70 8.2355
7331.75 8.2355
7331.80 8.2356
7331.85 8.2356
7331.90 8.2357
7331.95 8.2358
7332.00 8.2358
7332.05 8.2359
7332.10 8.2360
7332.15 8.2361
7332.20 8.2361
7332.25 8.2362
7332.30 8.2363
7332.35 8.2364
7332.40 8.2365
7332.45 8.2366
7332.50 8.2366
7332.55 8.2367
7332.60 8.2368
7332.65 8.2369
7332.70 8.2370
7332.75 8.2371
7332.80 8.2372
7332.85 8.2373
7332.90 8.2374
7332.95 8.2375
7333.00 8.2376
7333.05 8.2377
7333.10 8.2378
7333.15 8.2379
7333.20 8.2380
7333.25 8.2381
7333.30 8.2383
7333.35 8.2384
7333.40 8.2385
7333.45 8.2386
7333.50 8.2387
7333.55 8.2389
7333.60 8.2390
7333.65 8.2391
7333.70 8.2392
7333.75 8.2394
7333.80 8.2395
7333.85 8.2396
7333.90 8.2398
7333.95 8.2399
7334.00 8.2400
7334.05 8.2402
7334.10 8.2403
7334.15 8.2405
7334.20 8.2406
7334.25 8.2408
7334.30 8.2409
7334.35 8.2411
7334.40 8.2412
7334.45 8.2414
7334.50 8.2415
7334.55 8.2417
7334.60 8.2419
7334.65 8.2420
7334.70 8.2422
7334.75 8.2424
7334.80 8.2425
7334.85 8.2427
7334.90 8.2429
7334.95 8.2430
7335.00 8.2432
7335.05 8.2434
7335.10 8.2436
7335.15 8.2438
7335.20 8.2439
7335.25 8.2441
7335.30 8.2443
7335.35 8.2445
7335.40 8.2447
7335.45 8.2449
7335.50 8.2451
7335.55 8.2453
7335.60 8.2455
7335.65 8.2457
7335.70 8.2459
7335.75 8.2461
7335.80 8.2463
7335.85 8.2465
7335.90 8.2467
7335.95 8.2469
7336.00 8.2471
7336.05 8.2473
7336.10 8.2476
7336.15 8.2478
7336.20 8.2480
7336.25 8.2482
7336.30 8.2485
7336.35 8.2487
7336.40 8.2489
7336.45 8.2491
7336.50 8.2494
7336.55 8.2496
7336.60 8.2499
7336.65 8.2501
7336.70 8.2503
7336.75 8.2506
7336.80 8.2508
7336.85 8.2511
7336.90 8.2513
7336.95 8.2516
7337.00 8.2518
7337.05 8.2521
7337.10 8.2523
7337.15 8.2526
7337.20 8.2529
7337.25 8.2531
7337.30 8.2534
7337.35 8.2536
7337.40 8.2539
7337.45 8.2542
7337.50 8.2545
7337.55 8.2547
7337.60 8.2550
7337.65 8.2553
7337.70 8.2556
7337.75 8.2559
7337.80 8.2561
7337.85 8.2564
7337.90 8.2567
7337.95 8.2570
7338.00 8.2573
7338.05 8.2576
7338.10 8.2579
7338.15 8.2582
7338.20 8.2585
7338.25 8.2588
7338.30 8.2591
7338.35 8.2594
7338.40 8.2597
7338.45 8.2600
7338.50 8.2604
7338.55 8.2607
7338.60 8.2610
7338.65 8.2613
7338.70 8.2616
7338.75 8.2620
7338.80 8.2623
7338.85 8.2626
7338.90 8.2630
7338.95 8.2633
7339.00 8.2636
7339.05 8.2640
7339.10 8.2643
7339.15 8.2646
7339.20 8.2650
7339.25 8.2653
7339.30 8.2657
7339.35 8.2660
7339.40 8.2664
7339.45 8.2667
7339.50 8.2671
7339.55 8.2675
7339.60 8.2678
7339.65 8.2682
7339.70 8.2685
7339.75 8.2689
7339.80 8.2693
7339.85 8.2697
7339.90 8.2700
7339.95 8.2704
7340.00 8.2708
7340.05 8.2712
7340.10 8.2716
7340.15 8.2719
7340.20 8.2723
7340.25 8.2727
7340.30 8.2731
7340.35 8.2735
7340.40 8.2739
7340.45 8.2743
7340.50 8.2747
7340.55 8.2751
7340.60 8.2755
7340.65 8.2759
7340.70 8.2763
7340.75 8.2767
7340.80 8.2772
7340.85 8.2776
7340.90 8.2780
7340.95 8.2784
7341.00 8.2788
7341.05 8.2793
7341.10 8.2797
7341.15 8.2801
7341.20 8.2806
7341.25 8.2810
7341.30 8.2814
7341.35 8.2819
7341.40 8.2823
7341.45 8.2828
7341.50 8.2832
7341.55 8.2837
7341.60 8.2841
7341.65 8.2846
7341.70 8.2850
7341.75 8.2855
7341.80 8.2859
7341.85 8.2864
7341.90 8.2869
7341.95 8.2873
7342.00 8.2878
7342.05 8.2883
7342.10 8.2888
7342.15 8.2892
7342.20 8.2897
7342.25 8.2902
7342.30 8.2907
7342.35 8.2912
7342.40 8.2916
7342.45 8.2921
7342.50 8.2926
7342.55 8.2931
7342.60 8.2936
7342.65 8.2941
7342.70 8.2946
7342.75 8.2951
7342.80 8.2956
7342.85 8.2962
7342.90 8.2967
7342.95 8.2972
7343.00 8.2977
7343.05 8.2982
7343.10 8.2987
7343.15 8.2993
7343.20 8.2998
7343.25 8.3003
7343.30 8.3009
7343.35 8.3014
7343.40 8.3019
7343.45 8.3025
7343.50 8.3030
7343.55 8.3036
7343.60 8.3041
7343.65 8.3047
7343.70 8.3052
7343.75 8.3058
7343.80 8.3063
7343.85 8.3069
7343.90 8.3074
7343.95 8.3080
7344.00 8.3086
7344.05 8.3091
7344.10 8.3097
7344.15 8.3103
7344.20 8.3109
7344.25 8.3114
7344.30 8.3120
7344.35 8.3126
7344.40 8.3132
7344.45 8.3138
7344.50 8.3144
7344.55 8.3150
7344.60 8.3156
7344.65 8.3162
7344.70 8.3168
7344.75 8.3174
7344.80 8.3180
7344.85 8.3186
7344.90 8.3192
7344.95 8.3198
7345.00 8.3204
7345.05 8.3211
7345.10 8.3217
7345.15 8.3223
7345.20 8.3229
7345.25 8.3236
7345.30 8.3242
7345.35 8.3248
7345.40 8.3255
7345.45 8.3261
7345.50 8.3267
7345.55 8.3274
7345.60 8.3280
7345.65 8.3287
7345.70 8.3293
7345.75 8.3300
7345.80 8.3307
7345.85 8.3313
7345.90 8.3320
7345.95 8.3326
7346.00 8.3333
7346.05 8.3340
7346.10 8.3347
7346.15 8.3353
7346.20 8.3360
7346.25 8.3367
7346.30 8.3374
7346.35 8.3381
7346.40 8.3388
7346.45 8.3395
7346.50 8.3402
7346.55 8.3409
7346.60 8.3416
7346.65 8.3423
7346.70 8.3430
7346.75 8.3437
7346.80 8.3444
7346.85 8.3451
7346.90 8.3458
7346.95 8.3465
7347.00 8.3473
7347.05 8.3480
7347.10 8.3487
7347.15 8.3494
7347.20 8.3502
7347.25 8.3509
7347.30 8.3516
7347.35 8.3524
7347.40 8.3531
7347.45 8.3539
7347.50 8.3546
7347.55 8.3554
7347.60 8.3561
7347.65 8.3569
7347.70 8.3577
7347.75 8.3584
7347.80 8.3592
7347.85 8.3600
7347.90 8.3607
7347.95 8.3615
7348.00 8.3623
7348.05 8.3631
7348.10 8.3638
7348.15 8.3646
7348.20 8.3654
7348.25 8.3662
7348.30 8.3670
7348.35 8.3678
7348.40 8.3686
7348.45 8.3694
7348.50 8.3702
7348.55 8.3710
7348.60 8.3718
7348.65 8.3726
7348.70 8.3735
7348.75 8.3743
7348.80 8.3751
7348.85 8.3759
7348.90 8.3768
7348.95 8.3776
7349.00 8.3784
7349.05 8.3793
7349.10 8.3801
7349.15 8.3809
7349.20 8.3818
7349.25 8.3826
7349.30 8.3835
7349.35 8.3843
7349.40 8.3852
7349.45 8.3860
7349.50 8.3869
7349.55 8.3878
7349.60 8.3886
7349.65 8.3895
7349.70 8.3904
7349.75 8.3913
7349.80 8.3921
7349.85 8.3930
7349.90 8.3939
7349.95 8.3948
7350.00 8.3957
7350.05 8.3966
7350.10 8.3975
7350.15 8.3984
7350.20 8.3993
7350.25 8.4002
7350.30 8.4011
7350.35 8.4020
7350.40 8.4029
7350.45 8.4039
7350.50 8.4048
7350.55 8.4057
7350.60 8.4066
7350.65 8.4076
7350.70 8.4085
7350.75 8.4094
7350.80 8.4104
7350.85 8.4113
7350.90 8.4122
7350.95 8.4132
7351.00 8.4141
7351.05 8.4151
7351.10 8.4161
7351.15 8.4170
7351.20 8.4180
7351.25 8.4189
7351.30 8.4199
7351.35 8.4209
7351.40 8.4219
7351.45 8.4228
7351.50 8.4238
7351.55 8.4248
7351.60 8.4258
7351.65 8.4268
7351.70 8.4278
7351.75 8.4288
7351.80 8.4298
7351.85 8.4308
7351.90 8.4318
7351.95 8.4328
7352.00 8.4338
7352.05 8.4348
7352.10 8.4358
7352.15 8.4369
7352.20 8.4379
7352.25 8.4389
7352.30 8.4399
7352.35 8.4410
7352.40 8.4420
7352.45 8.4430
7352.50 8.4441
7352.55 8.4451
7352.60 8.4462
7352.65 8.4472
7352.70 8.4483
7352.75 8.4494
7352.80 8.4504
7352.85 8.4515
7352.90 8.4525
7352.95 8.4536
7353.00 8.4547
7353.05 8.4558
7353.10 8.4569
7353.15 8.4579
7353.20 8.4590
7353.25 8.4601
7353.30 8.4612
7353.35 8.4623
7353.40 8.4634
7353.45 8.4645
7353.50 8.4656
7353.55 8.4667
7353.60 8.4678
7353.65 8.4690
7353.70 8.4701
7353.75 8.4712
7353.80 8.4723
7353.85 8.4734
7353.90 8.4746
7353.95 8.4757
7354.00 8.4769
7354.05 8.4780
7354.10 8.4791
7354.15 8.4803
7354.20 8.4814
7354.25 8.4826
7354.30 8.4838
7354.35 8.4849
7354.40 8.4861
7354.45 8.4872
7354.50 8.4884
7354.55 8.4896
7354.60 8.4908
7354.65 8.4919
7354.70 8.4931
7354.75 8.4943
7354.80 8.4955
7354.85 8.4967
7354.90 8.4979
7354.95 8.4991
7355.00 8.5003
7355.05 8.5015
7355.10 8.5027
7355.15 8.5039
7355.20 8.5052
7355.25 8.5064
7355.30 8.5076
7355.35 8.5088
7355.40 8.5101
7355.45 8.5113
7355.50 8.5125
7355.55 8.5138
7355.60 8.5150
7355.65 8.5163
7355.70 8.5175
7355.75 8.5188
7355.80 8.5200
7355.85 8.5213
7355.90 8.5226
7355.95 8.5238
7356.00 8.5251
7356.05 8.5264
7356.10 8.5276
7356.15 8.5289
7356.20 8.5302
7356.25 8.5315
7356.30 8.5328
7356.35 8.5341
7356.40 8.5354
7356.45 8.5367
7356.50 8.5380
7356.55 8.5393
7356.60 8.5406
7356.65 8.5419
7356.70 8.5433
7356.75 8.5446
7356.80 8.5459
7356.85 8.5472
7356.90 8.5486
7356.95 8.5499
7357.00 8.5512
7357.05 8.5526
7357.10 8.5539
7357.15 8.5553
7357.20 8.5566
7357.25 8.5580
7357.30 8.5594
7357.35 8.5607
7357.40 8.5621
7357.45 8.5635
7357.50 8.5648
7357.55 8.5662
7357.60 8.5676
7357.65 8.5690
7357.70 8.5704
7357.75 8.5718
7357.80 8.5732
7357.85 8.5746
7357.90 8.5760
7357.95 8.5774
7358.00 8.5788
7358.05 8.5802
7358.10 8.5816
7358.15 8.5830
7358.20 8.5845
7358.25 8.5859
7358.30 8.5873
7358.35 8.5888
7358.40 8.5902
7358.45 8.5916
7358.50 8.5931
7358.55 8.5945
7358.60 8.5960
7358.65 8.5974
7358.70 8.5989
7358.75 8.6004
7358.80 8.6018
7358.85 8.6033
7358.90 8.6048
7358.95 8.6063
7359.00 8.6077
7359.05 8.6092
7359.10 8.6107
7359.15 8.6122
7359.20 8.6137
7359.25 8.6152
7359.30 8.6167
7359.35 8.6182
7359.40 8.6197
7359.45 8.6213
7359.50 8.6228
7359.55 8.6243
7359.60 8.6258
7359.65 8.6274
7359.70 8.6289
7359.75 8.6304
7359.80 8.6320
7359.85 8.6335
7359.90 8.6351
7359.95 8.6366
7360.00 8.6382
7360.05 8.6397
7360.10 8.6413
7360.15 8.6429
7360.20 8.6444
7360.25 8.6460
7360.30 8.6476
7360.35 8.6492
7360.40 8.6508
7360.45 8.6523
7360.50 8.6539
7360.55 8.6555
7360.60 8.6571
7360.65 8.6587
7360.70 8.6604
7360.75 8.6620
7360.80 8.6636
7360.85 8.6652
7360.90 8.6668
7360.95 8.6685
7361.00 8.6701
7361.05 8.6717
7361.10 8.6734
7361.15 8.6750
7361.20 8.6766
7361.25 8.6783
7361.30 8.6800
7361.35 8.6816
7361.40 8.6833
7361.45 8.6849
7361.50 8.6866
7361.55 8.6883
7361.60 8.6900
7361.65 8.6916
7361.70 8.6933
7361.75 8.6950
7361.80 8.6967
7361.85 8.6984
7361.90 8.7001
7361.95 8.7018
7362.00 8.7035
7362.05 8.7052
7362.10 8.7070
7362.15 8.7087
7362.20 8.7104
7362.25 8.7121
7362.30 8.7139
7362.35 8.7156
7362.40 8.7173
7362.45 8.7191
7362.50 8.7208
7362.55 8.7226
7362.60 8.7243
7362.65 8.7261
7362.70 8.7279
7362.75 8.7296
7362.80 8.7314
7362.85 8.7332
7362.90 8.7350
7362.95 8.7367
7363.00 8.7385
7363.05 8.7403
7363.10 8.7421
7363.15 8.7439
7363.20 8.7457
7363.25 8.7475
7363.30 8.7493
7363.35 8.7511
7363.40 8.7530
7363.45 8.7548
7363.50 8.7566
7363.55 8.7585
7363.60 8.7603
7363.65 8.7621
7363.70 8.7640
7363.75 8.7658
7363.80 8.7677
7363.85 8.7695
7363.90 8.7714
7363.95 8.7732
7364.00 8.7751
7364.05 8.7770
7364.10 8.7789
7364.15 8.7807
7364.20 8.7826
7364.25 8.7845
7364.30 8.7864
7364.35 8.7883
7364.40 8.7902
7364.45 8.7921
7364.50 8.7940
7364.55 8.7959
7364.60 8.7979
7364.65 8.7998
7364.70 8.8017
7364.75 8.8036
7364.80 8.8056
7364.85 8.8075
7364.90 8.8094
7364.95 8.8114
7365.00 8.8133
7365.05 8.8153
7365.10 8.8172
7365.15 8.8192
7365.20 8.8212
7365.25 8.8231
7365.30 8.8251
7365.35 8.8271
7365.40 8.8291
7365.45 8.8311
7365.50 8.8331
7365.55 8.8351
7365.60 8.8371
7365.65 8.8391
7365.70 8.8411
7365.75 8.8431
7365.80 8.8451
7365.85 8.8471
7365.90 8.8492
7365.95 8.8512
7366.00 8.8532
7366.05 8.8553
7366.10 8.8573
7366.15 8.8593
7366.20 8.8614
7366.25 8.8634
7366.30 8.8655
7366.35 8.8676
7366.40 8.8696
7366.45 8.8717
7366.50 8.8738
7366.55 8.8759
7366.60 8.8780
7366.65 8.8800
7366.70 8.8821
7366.75 8.8842
7366.80 8.8863
7366.85 8.8884
7366.90 8.8906
7366.95 8.8927
7367.00 8.8948
7367.05 8.8969
7367.10 8.8990
7367.15 8.9012
7367.20 8.9033
7367.25 8.9055
7367.30 8.9076
7367.35 8.9098
7367.40 8.9119
7367.45 8.9141
7367.50 8.9162
7367.55 8.9184
7367.60 8.9206
7367.65 8.9227
7367.70 8.9249
7367.75 8.9271
7367.80 8.9293
7367.85 8.9315
7367.90 8.9337
7367.95 8.9359
7368.00 8.9381
7368.05 8.9403
7368.10 8.9425
7368.15 8.9447
7368.20 8.9470
7368.25 8.9492
7368.30 8.9514
7368.35 8.9537
7368.40 8.9559
7368.45 8.9582
7368.50 8.9604
7368.55 8.9627
7368.60 8.9649
7368.65 8.9672
7368.70 8.9695
7368.75 8.9717
7368.80 8.9740
7368.85 8.9763
7368.90 8.9786
7368.95 8.9809
7369.00 8.9832
7369.05 8.9855
7369.10 8.9878
7369.15 8.9901
7369.20 8.9924
7369.25 8.9947
7369.30 8.9970
7369.35 8.9994
7369.40 9.0017
7369.45 9.0040
7369.50 9.0064
7369.55 9.0087
7369.60 9.0111
7369.65 9.0134
7369.70 9.0158
7369.75 9.0182
7369.80 9.0205
7369.85 9.0229
7369.90 9.0253
7369.95 9.0277
7370.00 9.0300
7370.05 9.0324
7370.10 9.0348
7370.15 9.0372
7370.20 9.0396
7370.25 9.0420
7370.30 9.0445
7370.35 9.0469
7370.40 9.0493
7370.45 9.0517
7370.50 9.0542
7370.55 9.0566
7370.60 9.0590
7370.65 9.0615
7370.70 9.0639
7370.75 9.0664
7370.80 9.0689
7370.85 9.0713
7370.90 9.0738
7370.95 9.0763
7371.00 9.0788
7371.05 9.0812
7371.10 9.0837
7371.15 9.0862
7371.20 9.0887
7371.25 9.0912
7371.30 9.0937
7371.35 9.0962
7371.40 9.0988
7371.45 9.1013
7371.50 9.1038
7371.55 9.1063
7371.60 9.1089
7371.65 9.1114
7371.70 9.1140
7371.75 9.1165
7371.80 9.1191
7371.85 9.1216
7371.90 9.1242
7371.95 9.1268
7372.00 9.1293
7372.05 9.1319
7372.10 9.1345
7372.15 9.1371
7372.20 9.1397
7372.25 9.1423
7372.30 9.1449
7372.35 9.1475
7372.40 9.1501
7372.45 9.1527
7372.50 9.1553
7372.55 9.1580
7372.60 9.1606
7372.65 9.1632
7372.70 9.1659
7372.75 9.1685
7372.80 9.1712
7372.85 9.1738
7372.90 9.1765
7372.95 9.1792
7373.00 9.1818
7373.05 9.1845
7373.10 9.1872
7373.15 9.1899
7373.20 9.1926
7373.25 9.1953
7373.30 9.1980
7373.35 9.2007
7373.40 9.2034
7373.45 9.2061
7373.50 9.2088
7373.55 9.2115
7373.60 9.2143
7373.65 9.2170
7373.70 9.2197
7373.75 9.2225
7373.80 9.2252
7373.85 9.2280
7373.90 9.2307
7373.95 9.2335
7374.00 9.2363
7374.05 9.2390
7374.10 9.2418
7374.15 9.2446
7374.20 9.2474
7374.25 9.2502
7374.30 9.2530
7374.35 9.2558
7374.40 9.2586
7374.45 9.2614
7374.50 9.2642
7374.55 9.2671
7374.60 9.2699
7374.65 9.2727
7374.70 9.2756
7374.75 9.2784
7374.80 9.2812
7374.85 9.2841
7374.90 9.2870
7374.95 9.2898
7375.00 9.2927
7375.05 9.2956
7375.10 9.2984
7375.15 9.3013
7375.20 9.3042
7375.25 9.3071
7375.30 9.3100
7375.35 9.3129
