5548.50 5.1624
5548.55 5.1624
5548.60 5.1624
5548.65 5.1625
5548.70 5.1625
5548.75 5.1625
5548.80 5.1626
5548.85 5.1626
5548.90 5.1627
5548.95 5.1628
5549.00 5.1628
5549.05 5.1629
5549.10 5.1630
5549.15 5.1631
5549.20 5.1632
5549.25 5.1633
5549.30 5.1634
5549.35 5.1636
5549.40 5.1637
5549.45 5.1639
5549.50 5.1640
5549.55 5.1642
5549.60 5.1643
5549.65 5.1645
5549.70 5.1647
5549.75 5.1649
5549.80 5.1651
5549.85 5.1653
5549.90 5.1655
5549.95 5.1657
5550.00 5.1659
5550.05 5.1662
5550.10 5.1664
5550.15 5.1666
5550.20 5.1669
5550.25 5.1671
5550.30 5.1674
5550.35 5.1677
5550.40 5.1680
5550.45 5.1683
5550.50 5.1685
5550.55 5.1688
5550.60 5.1692
5550.65 5.1695
5550.70 5.1698
5550.75 5.1701
5550.80 5.1704
5550.85 5.1708
5550.90 5.1711
5550.95 5.1715
5551.00 5.1718
5551.05 5.1722
5551.10 5.1726
5551.15 5.1730
5551.20 5.1733
5551.25 5.1737
5551.30 5.1741
5551.35 5.1745
5551.40 5.1749
5551.45 5.1753
5551.50 5.1758
5551.55 5.1762
5551.60 5.1766
5551.65 5.1771
5551.70 5.1775
5551.75 5.1779
5551.80 5.1784
5551.85 5.1789
5551.90 5.1793
5551.95 5.1798
5552.00 5.1803
5552.05 5.1807
5552.10 5.1812
5552.15 5.1817
5552.20 5.1822
5552.25 5.1827
5552.30 5.1832
5552.35 5.1837
5552.40 5.1842
5552.45 5.1847
5552.50 5.1853
5552.55 5.1858
5552.60 5.1863
5552.65 5.1869
5552.70 5.1874
5552.75 5.1879
5552.80 5.1885
5552.85 5.1890
5552.90 5.1896
5552.95 5.1901
5553.00 5.1907
5553.05 5.1913
5553.10 5.1918
5553.15 5.1924
5553.20 5.1930
5553.25 5.1936
5553.30 5.1942
5553.35 5.1948
5553.40 5.1953
5553.45 5.1959
5553.50 5.1965
5553.55 5.1971
5553.60 5.1977
5553.65 5.1983
5553.70 5.1990
5553.75 5.1996
5553.80 5.2002
5553.85 5.2008
5553.90 5.2014
5553.95 5.2020
5554.00 5.2027
5554.05 5.2033
5554.10 5.2039
5554.15 5.2045
5554.20 5.2052
5554.25 5.2058
5554.30 5.2065
5554.35 5.2071
5554.40 5.2077
5554.45 5.2084
5554.50 5.2090
5554.55 5.2097
5554.60 5.2103
5554.65 5.2110
5554.70 5.2116
5554.75 5.2123
5554.80 5.2129
5554.85 5.2136
5554.90 5.2142
5554.95 5.2149
5555.00 5.2156
5555.05 5.2162
5555.10 5.2169
5555.15 5.2175
5555.20 5.2182
5555.25 5.2189
5555.30 5.2195
5555.35 5.2202
5555.40 5.2208
5555.45 5.2215
5555.50 5.2222
5555.55 5.2228
5555.60 5.2235
5555.65 5.2242
5555.70 5.2248
5555.75 5.2255
5555.80 5.2262
5555.85 5.2268
5555.90 5.2275
5555.95 5.2282
5556.00 5.2288
5556.05 5.2295
5556.10 5.2302
5556.15 5.2308
5556.20 5.2315
5556.25 5.2322
5556.30 5.2328
5556.35 5.2335
5556.40 5.2342
5556.45 5.2348
5556.50 5.2355
5556.55 5.2362
5556.60 5.2368
5556.65 5.2375
5556.70 5.2381
5556.75 5.2388
5556.80 5.2395
5556.85 5.2401
5556.90 5.2408
5556.95 5.2414
5557.00 5.2421
5557.05 5.2427
5557.10 5.2434
5557.15 5.2440
5557.20 5.2447
5557.25 5.2453
5557.30 5.2460
5557.35 5.2466
5557.40 5.2473
5557.45 5.2479
5557.50 5.2485
5557.55 5.2492
5557.60 5.2498
5557.65 5.2504
5557.70 5.2511
5557.75 5.2517
5557.80 5.2523
5557.85 5.2530
5557.90 5.2536
5557.95 5.2542
5558.00 5.2548
5558.05 5.2555
5558.10 5.2561
5558.15 5.2567
5558.20 5.2573
5558.25 5.2579
5558.30 5.2585
5558.35 5.2591
5558.40 5.2597
5558.45 5.2603
5558.50 5.2609
5558.55 5.2615
5558.60 5.2621
5558.65 5.2627
5558.70 5.2633
5558.75 5.2639
5558.80 5.2645
5558.85 5.2651
5558.90 5.2657
5558.95 5.2663
5559.00 5.2668
5559.05 5.2674
5559.10 5.2680
5559.15 5.2686
5559.20 5.2691
5559.25 5.2697
5559.30 5.2703
5559.35 5.2708
5559.40 5.2714
5559.45 5.2719
5559.50 5.2725
5559.55 5.2730
5559.60 5.2736
5559.65 5.2741
5559.70 5.2747
5559.75 5.2752
5559.80 5.2758
5559.85 5.2763
5559.90 5.2768
5559.95 5.2774
5560.00 5.2779
5560.05 5.2784
5560.10 5.2789
5560.15 5.2795
5560.20 5.2800
5560.25 5.2805
5560.30 5.2810
5560.35 5.2815
5560.40 5.2820
5560.45 5.2825
5560.50 5.2830
5560.55 5.2835
5560.60 5.2840
5560.65 5.2845
5560.70 5.2850
5560.75 5.2855
5560.80 5.2860
5560.85 5.2865
5560.90 5.2869
5560.95 5.2874
5561.00 5.2879
5561.05 5.2884
5561.10 5.2888
5561.15 5.2893
5561.20 5.2898
5561.25 5.2902
5561.30 5.2907
5561.35 5.2911
5561.40 5.2916
5561.45 5.2920
5561.50 5.2925
5561.55 5.2929
5561.60 5.2934
5561.65 5.2938
5561.70 5.2942
5561.75 5.2947
5561.80 5.2951
5561.85 5.2955
5561.90 5.2960
5561.95 5.2964
5562.00 5.2968
5562.05 5.2972
5562.10 5.2976
5562.15 5.2980
5562.20 5.2985
5562.25 5.2989
5562.30 5.2993
5562.35 5.2997
5562.40 5.3001
5562.45 5.3005
5562.50 5.3009
5562.55 5.3012
5562.60 5.3016
5562.65 5.3020
5562.70 5.3024
5562.75 5.3028
5562.80 5.3031
5562.85 5.3035
5562.90 5.3039
5562.95 5.3043
5563.00 5.3046
5563.05 5.3050
5563.10 5.3054
5563.15 5.3057
5563.20 5.3061
5563.25 5.3064
5563.30 5.3068
5563.35 5.3071
5563.40 5.3075
5563.45 5.3078
5563.50 5.3081
5563.55 5.3085
5563.60 5.3088
5563.65 5.3091
5563.70 5.3095
5563.75 5.3098
5563.80 5.3101
5563.85 5.3104
5563.90 5.3108
5563.95 5.3111
5564.00 5.3114
5564.05 5.3117
5564.10 5.3120
5564.15 5.3123
5564.20 5.3126
5564.25 5.3129
5564.30 5.3132
5564.35 5.3135
5564.40 5.3138
5564.45 5.3141
5564.50 5.3144
5564.55 5.3147
5564.60 5.3150
5564.65 5.3152
5564.70 5.3155
5564.75 5.3158
5564.80 5.3161
5564.85 5.3163
5564.90 5.3166
5564.95 5.3169
5565.00 5.3171
5565.05 5.3174
5565.10 5.3177
5565.15 5.3179
5565.20 5.3182
5565.25 5.3184
5565.30 5.3187
5565.35 5.3189
5565.40 5.3192
5565.45 5.3194
5565.50 5.3196
5565.55 5.3199
5565.60 5.3201
5565.65 5.3203
5565.70 5.3206
5565.75 5.3208
5565.80 5.3210
5565.85 5.3212
5565.90 5.3214
5565.95 5.3217
5566.00 5.3219
5566.05 5.3221
5566.10 5.3223
5566.15 5.3225
5566.20 5.3227
5566.25 5.3229
5566.30 5.3231
5566.35 5.3233
5566.40 5.3235
5566.45 5.3237
5566.50 5.3239
5566.55 5.3241
5566.60 5.3243
5566.65 5.3244
5566.70 5.3246
5566.75 5.3248
5566.80 5.3250
5566.85 5.3251
5566.90 5.3253
5566.95 5.3255
5567.00 5.3256
5567.05 5.3258
5567.10 5.3260
5567.15 5.3261
5567.20 5.3263
5567.25 5.3264
5567.30 5.3266
5567.35 5.3267
5567.40 5.3269
5567.45 5.3270
5567.50 5.3272
5567.55 5.3273
5567.60 5.3274
5567.65 5.3276
5567.70 5.3277
5567.75 5.3278
5567.80 5.3279
5567.85 5.3281
5567.90 5.3282
5567.95 5.3283
5568.00 5.3284
5568.05 5.3285
5568.10 5.3286
5568.15 5.3288
5568.20 5.3289
5568.25 5.3290
5568.30 5.3291
5568.35 5.3292
5568.40 5.3293
5568.45 5.3294
5568.50 5.3295
5568.55 5.3295
5568.60 5.3296
5568.65 5.3297
5568.70 5.3298
5568.75 5.3299
5568.80 5.3300
5568.85 5.3300
5568.90 5.3301
5568.95 5.3302
5569.00 5.3303
5569.05 5.3303
5569.10 5.3304
5569.15 5.3305
5569.20 5.3305
5569.25 5.3306
5569.30 5.3306
5569.35 5.3307
5569.40 5.3307
5569.45 5.3308
5569.50 5.3308
5569.55 5.3309
5569.60 5.3309
5569.65 5.3310
5569.70 5.3310
5569.75 5.3310
5569.80 5.3311
5569.85 5.3311
5569.90 5.3311
5569.95 5.3312
5570.00 5.3312
5570.05 5.3312
5570.10 5.3313
5570.15 5.3313
5570.20 5.3313
5570.25 5.3313
5570.30 5.3313
5570.35 5.3313
5570.40 5.3314
5570.45 5.3314
5570.50 5.3314
5570.55 5.3314
5570.60 5.3314
5570.65 5.3314
5570.70 5.3314
5570.75 5.3314
5570.80 5.3314
5570.85 5.3314
5570.90 5.3314
5570.95 5.3314
5571.00 5.3313
5571.05 5.3313
5571.10 5.3313
5571.15 5.3313
5571.20 5.3313
5571.25 5.3313
5571.30 5.3312
5571.35 5.3312
5571.40 5.3312
5571.45 5.3312
5571.50 5.3311
5571.55 5.3311
5571.60 5.3311
5571.65 5.3311
5571.70 5.3310
5571.75 5.3310
5571.80 5.3310
5571.85 5.3309
5571.90 5.3309
5571.95 5.3308
5572.00 5.3308
5572.05 5.3308
5572.10 5.3307
5572.15 5.3307
5572.20 5.3306
5572.25 5.3306
5572.30 5.3305
5572.35 5.3305
5572.40 5.3304
5572.45 5.3304
5572.50 5.3303
5572.55 5.3303
5572.60 5.3302
5572.65 5.3301
5572.70 5.3301
5572.75 5.3300
5572.80 5.3300
5572.85 5.3299
5572.90 5.3298
5572.95 5.3298
5573.00 5.3297
5573.05 5.3296
5573.10 5.3296
5573.15 5.3295
5573.20 5.3294
5573.25 5.3294
5573.30 5.3293
5573.35 5.3292
5573.40 5.3292
5573.45 5.3291
5573.50 5.3290
5573.55 5.3289
5573.60 5.3289
5573.65 5.3288
5573.70 5.3287
5573.75 5.3286
5573.80 5.3286
5573.85 5.3285
5573.90 5.3284
5573.95 5.3283
5574.00 5.3282
5574.05 5.3282
5574.10 5.3281
5574.15 5.3280
5574.20 5.3279
5574.25 5.3278
5574.30 5.3277
5574.35 5.3277
5574.40 5.3276
5574.45 5.3275
5574.50 5.3274
5574.55 5.3273
5574.60 5.3272
5574.65 5.3271
5574.70 5.3271
5574.75 5.3270
5574.80 5.3269
5574.85 5.3268
5574.90 5.3267
5574.95 5.3266
5575.00 5.3265
5575.05 5.3264
5575.10 5.3263
5575.15 5.3263
5575.20 5.3262
5575.25 5.3261
5575.30 5.3260
5575.35 5.3259
5575.40 5.3258
5575.45 5.3257
5575.50 5.3256
5575.55 5.3255
5575.60 5.3254
5575.65 5.3253
5575.70 5.3252
5575.75 5.3251
5575.80 5.3251
5575.85 5.3250
5575.90 5.3249
5575.95 5.3248
5576.00 5.3247
5576.05 5.3246
5576.10 5.3245
5576.15 5.3244
5576.20 5.3243
5576.25 5.3242
5576.30 5.3241
5576.35 5.3240
5576.40 5.3239
5576.45 5.3238
5576.50 5.3237
5576.55 5.3236
5576.60 5.3235
5576.65 5.3234
5576.70 5.3233
5576.75 5.3232
5576.80 5.3231
5576.85 5.3231
5576.90 5.3230
5576.95 5.3229
5577.00 5.3228
5577.05 5.3227
5577.10 5.3226
5577.15 5.3225
5577.20 5.3224
5577.25 5.3223
5577.30 5.3222
5577.35 5.3221
5577.40 5.3220
5577.45 5.3219
5577.50 5.3218
5577.55 5.3217
5577.60 5.3216
5577.65 5.3215
5577.70 5.3214
5577.75 5.3213
5577.80 5.3212
5577.85 5.3211
5577.90 5.3210
5577.95 5.3209
5578.00 5.3208
5578.05 5.3207
5578.10 5.3206
5578.15 5.3205
5578.20 5.3204
5578.25 5.3203
5578.30 5.3202
5578.35 5.3201
5578.40 5.3200
5578.45 5.3199
5578.50 5.3198
5578.55 5.3197
5578.60 5.3196
5578.65 5.3195
5578.70 5.3194
5578.75 5.3193
5578.80 5.3192
5578.85 5.3191
5578.90 5.3190
5578.95 5.3189
5579.00 5.3188
5579.05 5.3187
5579.10 5.3186
5579.15 5.3185
5579.20 5.3184
5579.25 5.3183
5579.30 5.3182
5579.35 5.3181
5579.40 5.3180
5579.45 5.3179
5579.50 5.3178
5579.55 5.3177
5579.60 5.3176
5579.65 5.3175
5579.70 5.3174
5579.75 5.3173
5579.80 5.3172
5579.85 5.3171
5579.90 5.3170
5579.95 5.3169
5580.00 5.3168
5580.05 5.3167
5580.10 5.3166
5580.15 5.3165
5580.20 5.3164
5580.25 5.3163
5580.30 5.3162
5580.35 5.3161
5580.40 5.3159
5580.45 5.3158
5580.50 5.3157
5580.55 5.3156
5580.60 5.3155
5580.65 5.3154
5580.70 5.3153
5580.75 5.3152
5580.80 5.3151
5580.85 5.3150
5580.90 5.3149
5580.95 5.3148
5581.00 5.3147
5581.05 5.3145
5581.10 5.3144
5581.15 5.3143
5581.20 5.3142
5581.25 5.3141
5581.30 5.3140
5581.35 5.3139
5581.40 5.3138
5581.45 5.3137
5581.50 5.3135
5581.55 5.3134
5581.60 5.3133
5581.65 5.3132
5581.70 5.3131
5581.75 5.3130
5581.80 5.3129
5581.85 5.3128
5581.90 5.3126
5581.95 5.3125
5582.00 5.3124
5582.05 5.3123
5582.10 5.3122
5582.15 5.3121
5582.20 5.3119
5582.25 5.3118
5582.30 5.3117
5582.35 5.3116
5582.40 5.3115
5582.45 5.3113
5582.50 5.3112
5582.55 5.3111
5582.60 5.3110
5582.65 5.3109
5582.70 5.3107
5582.75 5.3106
5582.80 5.3105
5582.85 5.3104
5582.90 5.3103
5582.95 5.3101
5583.00 5.3100
5583.05 5.3099
5583.10 5.3098
5583.15 5.3096
5583.20 5.3095
5583.25 5.3094
5583.30 5.3093
5583.35 5.3091
5583.40 5.3090
5583.45 5.3089
5583.50 5.3088
5583.55 5.3086
5583.60 5.3085
5583.65 5.3084
5583.70 5.3083
5583.75 5.3081
5583.80 5.3080
5583.85 5.3079
5583.90 5.3077
5583.95 5.3076
5584.00 5.3075
5584.05 5.3073
5584.10 5.3072
5584.15 5.3071
5584.20 5.3070
5584.25 5.3068
5584.30 5.3067
5584.35 5.3066
5584.40 5.3064
5584.45 5.3063
5584.50 5.3062
5584.55 5.3060
5584.60 5.3059
5584.65 5.3057
5584.70 5.3056
5584.75 5.3055
5584.80 5.3053
5584.85 5.3052
5584.90 5.3051
5584.95 5.3049
5585.00 5.3048
5585.05 5.3047
5585.10 5.3045
5585.15 5.3044
5585.20 5.3042
5585.25 5.3041
5585.30 5.3040
5585.35 5.3038
5585.40 5.3037
5585.45 5.3035
5585.50 5.3034
5585.55 5.3033
5585.60 5.3031
5585.65 5.3030
5585.70 5.3028
5585.75 5.3027
5585.80 5.3026
5585.85 5.3024
5585.90 5.3023
5585.95 5.3021
5586.00 5.3020
5586.05 5.3018
5586.10 5.3017
5586.15 5.3015
5586.20 5.3014
5586.25 5.3013
5586.30 5.3011
5586.35 5.3010
5586.40 5.3008
5586.45 5.3007
5586.50 5.3005
5586.55 5.3004
5586.60 5.3002
5586.65 5.3001
5586.70 5.2999
5586.75 5.2998
5586.80 5.2996
5586.85 5.2995
5586.90 5.2994
5586.95 5.2992
5587.00 5.2991
5587.05 5.2989
5587.10 5.2988
5587.15 5.2986
5587.20 5.2985
5587.25 5.2983
5587.30 5.2982
5587.35 5.2980
5587.40 5.2979
5587.45 5.2977
5587.50 5.2976
5587.55 5.2974
5587.60 5.2973
5587.65 5.2971
5587.70 5.2970
5587.75 5.2968
5587.80 5.2967
5587.85 5.2965
5587.90 5.2964
5587.95 5.2962
5588.00 5.2961
5588.05 5.2959
5588.10 5.2958
5588.15 5.2956
5588.20 5.2955
5588.25 5.2953
5588.30 5.2952
5588.35 5.2950
5588.40 5.2949
5588.45 5.2947
5588.50 5.2946
5588.55 5.2944
5588.60 5.2943
5588.65 5.2941
5588.70 5.2940
5588.75 5.2938
5588.80 5.2937
5588.85 5.2935
5588.90 5.2934
5588.95 5.2932
5589.00 5.2931
5589.05 5.2929
5589.10 5.2928
5589.15 5.2926
5589.20 5.2925
5589.25 5.2923
5589.30 5.2922
5589.35 5.2920
5589.40 5.2919
5589.45 5.2917
5589.50 5.2916
5589.55 5.2914
5589.60 5.2913
5589.65 5.2911
5589.70 5.2910
5589.75 5.2908
5589.80 5.2907
5589.85 5.2905
5589.90 5.2904
5589.95 5.2902
5590.00 5.2901
5590.05 5.2899
5590.10 5.2898
5590.15 5.2896
5590.20 5.2895
5590.25 5.2894
5590.30 5.2892
5590.35 5.2891
5590.40 5.2889
5590.45 5.2888
5590.50 5.2886
5590.55 5.2885
5590.60 5.2884
5590.65 5.2882
5590.70 5.2881
5590.75 5.2879
5590.80 5.2878
5590.85 5.2876
5590.90 5.2875
5590.95 5.2874
5591.00 5.2872
5591.05 5.2871
5591.10 5.2869
5591.15 5.2868
5591.20 5.2867
5591.25 5.2865
5591.30 5.2864
5591.35 5.2863
5591.40 5.2861
5591.45 5.2860
5591.50 5.2858
5591.55 5.2857
5591.60 5.2856
5591.65 5.2854
5591.70 5.2853
5591.75 5.2852
5591.80 5.2850
5591.85 5.2849
5591.90 5.2848
5591.95 5.2846
5592.00 5.2845
5592.05 5.2844
5592.10 5.2843
5592.15 5.2841
5592.20 5.2840
5592.25 5.2839
5592.30 5.2837
5592.35 5.2836
5592.40 5.2835
5592.45 5.2834
5592.50 5.2832
5592.55 5.2831
5592.60 5.2830
5592.65 5.2829
5592.70 5.2827
5592.75 5.2826
5592.80 5.2825
5592.85 5.2824
5592.90 5.2823
5592.95 5.2821
5593.00 5.2820
5593.05 5.2819
5593.10 5.2818
5593.15 5.2817
5593.20 5.2815
5593.25 5.2814
5593.30 5.2813
5593.35 5.2812
5593.40 5.2811
5593.45 5.2810
5593.50 5.2808
5593.55 5.2807
5593.60 5.2806
5593.65 5.2805
5593.70 5.2804
5593.75 5.2803
5593.80 5.2802
5593.85 5.2801
5593.90 5.2800
5593.95 5.2798
5594.00 5.2797
5594.05 5.2796
5594.10 5.2795
5594.15 5.2794
5594.20 5.2793
5594.25 5.2792
5594.30 5.2791
5594.35 5.2790
5594.40 5.2789
5594.45 5.2788
5594.50 5.2787
5594.55 5.2786
5594.60 5.2785
5594.65 5.2783
5594.70 5.2782
5594.75 5.2781
5594.80 5.2780
5594.85 5.2779
5594.90 5.2778
5594.95 5.2777
5595.00 5.2776
5595.05 5.2775
5595.10 5.2774
5595.15 5.2773
5595.20 5.2772
5595.25 5.2771
5595.30 5.2770
5595.35 5.2769
5595.40 5.2768
5595.45 5.2767
5595.50 5.2766
5595.55 5.2765
5595.60 5.2764
5595.65 5.2763
5595.70 5.2762
5595.75 5.2761
5595.80 5.2760
5595.85 5.2759
5595.90 5.2758
5595.95 5.2757
5596.00 5.2757
5596.05 5.2756
5596.10 5.2755
5596.15 5.2754
5596.20 5.2753
5596.25 5.2752
5596.30 5.2751
5596.35 5.2750
5596.40 5.2749
5596.45 5.2748
5596.50 5.2747
5596.55 5.2746
5596.60 5.2745
5596.65 5.2744
5596.70 5.2743
5596.75 5.2742
5596.80 5.2741
5596.85 5.2740
5596.90 5.2739
5596.95 5.2738
5597.00 5.2737
5597.05 5.2736
5597.10 5.2735
5597.15 5.2734
5597.20 5.2733
5597.25 5.2732
5597.30 5.2731
5597.35 5.2730
5597.40 5.2729
5597.45 5.2728
5597.50 5.2727
5597.55 5.2726
5597.60 5.2725
5597.65 5.2723
5597.70 5.2722
5597.75 5.2721
5597.80 5.2720
5597.85 5.2719
5597.90 5.2718
5597.95 5.2717
5598.00 5.2716
5598.05 5.2715
5598.10 5.2714
5598.15 5.2713
5598.20 5.2711
5598.25 5.2710
5598.30 5.2709
5598.35 5.2708
5598.40 5.2707
5598.45 5.2706
5598.50 5.2705
5598.55 5.2703
5598.60 5.2702
5598.65 5.2701
5598.70 5.2700
5598.75 5.2699
5598.80 5.2697
5598.85 5.2696
5598.90 5.2695
5598.95 5.2694
5599.00 5.2693
5599.05 5.2691
5599.10 5.2690
5599.15 5.2689
5599.20 5.2687
5599.25 5.2686
5599.30 5.2685
5599.35 5.2684
5599.40 5.2682
5599.45 5.2681
5599.50 5.2680
5599.55 5.2678
5599.60 5.2677
5599.65 5.2676
5599.70 5.2674
5599.75 5.2673
5599.80 5.2671
5599.85 5.2670
5599.90 5.2668
5599.95 5.2667
5600.00 5.2666
5600.05 5.2664
5600.10 5.2663
5600.15 5.2661
5600.20 5.2660
5600.25 5.2658
5600.30 5.2657
5600.35 5.2655
5600.40 5.2654
5600.45 5.2652
5600.50 5.2651
5600.55 5.2649
5600.60 5.2647
5600.65 5.2646
5600.70 5.2644
5600.75 5.2643
5600.80 5.2641
5600.85 5.2639
5600.90 5.2638
5600.95 5.2636
5601.00 5.2635
5601.05 5.2633
5601.10 5.2631
5601.15 5.2629
5601.20 5.2628
5601.25 5.2626
5601.30 5.2624
5601.35 5.2623
5601.40 5.2621
5601.45 5.2619
5601.50 5.2617
5601.55 5.2616
5601.60 5.2614
5601.65 5.2612
5601.70 5.2610
5601.75 5.2608
5601.80 5.2607
5601.85 5.2605
5601.90 5.2603
5601.95 5.2601
5602.00 5.2599
5602.05 5.2597
5602.10 5.2595
5602.15 5.2594
5602.20 5.2592
5602.25 5.2590
5602.30 5.2588
5602.35 5.2586
5602.40 5.2584
5602.45 5.2582
5602.50 5.2580
5602.55 5.2578
5602.60 5.2576
5602.65 5.2574
5602.70 5.2572
5602.75 5.2570
5602.80 5.2568
5602.85 5.2566
5602.90 5.2564
5602.95 5.2562
5603.00 5.2560
5603.05 5.2558
5603.10 5.2556
5603.15 5.2554
5603.20 5.2552
5603.25 5.2550
5603.30 5.2548
5603.35 5.2546
5603.40 5.2544
5603.45 5.2542
5603.50 5.2540
5603.55 5.2538
5603.60 5.2536
5603.65 5.2533
5603.70 5.2531
5603.75 5.2529
5603.80 5.2527
5603.85 5.2525
5603.90 5.2523
5603.95 5.2521
5604.00 5.2519
5604.05 5.2517
5604.10 5.2514
5604.15 5.2512
5604.20 5.2510
5604.25 5.2508
5604.30 5.2506
5604.35 5.2504
5604.40 5.2502
5604.45 5.2499
5604.50 5.2497
5604.55 5.2495
5604.60 5.2493
5604.65 5.2491
5604.70 5.2489
5604.75 5.2486
5604.80 5.2484
5604.85 5.2482
5604.90 5.2480
5604.95 5.2478
5605.00 5.2476
5605.05 5.2473
5605.10 5.2471
5605.15 5.2469
5605.20 5.2467
5605.25 5.2465
5605.30 5.2463
5605.35 5.2460
5605.40 5.2458
5605.45 5.2456
5605.50 5.2454
5605.55 5.2452
5605.60 5.2450
5605.65 5.2447
5605.70 5.2445
5605.75 5.2443
5605.80 5.2441
5605.85 5.2439
5605.90 5.2437
5605.95 5.2434
5606.00 5.2432
5606.05 5.2430
5606.10 5.2428
5606.15 5.2426
5606.20 5.2424
5606.25 5.2422
5606.30 5.2419
5606.35 5.2417
5606.40 5.2415
5606.45 5.2413
5606.50 5.2411
5606.55 5.2409
5606.60 5.2406
5606.65 5.2404
5606.70 5.2402
5606.75 5.2400
5606.80 5.2398
5606.85 5.2396
5606.90 5.2394
5606.95 5.2391
5607.00 5.2389
5607.05 5.2387
5607.10 5.2385
5607.15 5.2383
5607.20 5.2381
5607.25 5.2379
5607.30 5.2377
5607.35 5.2374
5607.40 5.2372
5607.45 5.2370
5607.50 5.2368
5607.55 5.2366
5607.60 5.2364
5607.65 5.2362
5607.70 5.2360
5607.75 5.2358
5607.80 5.2355
5607.85 5.2353
5607.90 5.2351
5607.95 5.2349
5608.00 5.2347
5608.05 5.2345
5608.10 5.2343
5608.15 5.2341
5608.20 5.2339
5608.25 5.2336
5608.30 5.2334
5608.35 5.2332
5608.40 5.2330
5608.45 5.2328
5608.50 5.2326
5608.55 5.2324
5608.60 5.2322
5608.65 5.2320
5608.70 5.2318
5608.75 5.2315
5608.80 5.2313
5608.85 5.2311
5608.90 5.2309
5608.95 5.2307
5609.00 5.2305
5609.05 5.2303
5609.10 5.2301
5609.15 5.2299
5609.20 5.2297
5609.25 5.2294
5609.30 5.2292
5609.35 5.2290
5609.40 5.2288
5609.45 5.2286
5609.50 5.2284
5609.55 5.2282
5609.60 5.2280
5609.65 5.2277
5609.70 5.2275
5609.75 5.2273
5609.80 5.2271
5609.85 5.2269
5609.90 5.2267
5609.95 5.2265
5610.00 5.2263
5610.05 5.2260
5610.10 5.2258
5610.15 5.2256
5610.20 5.2254
5610.25 5.2252
5610.30 5.2250
5610.35 5.2247
5610.40 5.2245
5610.45 5.2243
5610.50 5.2241
5610.55 5.2239
5610.60 5.2237
5610.65 5.2234
5610.70 5.2232
5610.75 5.2230
5610.80 5.2228
5610.85 5.2226
5610.90 5.2223
5610.95 5.2221
5611.00 5.2219
5611.05 5.2217
5611.10 5.2215
5611.15 5.2212
5611.20 5.2210
5611.25 5.2208
5611.30 5.2206
5611.35 5.2203
5611.40 5.2201
5611.45 5.2199
5611.50 5.2197
5611.55 5.2194
5611.60 5.2192
5611.65 5.2190
5611.70 5.2188
5611.75 5.2185
5611.80 5.2183
5611.85 5.2181
5611.90 5.2179
5611.95 5.2176
5612.00 5.2174
5612.05 5.2172
5612.10 5.2169
5612.15 5.2167
5612.20 5.2165
5612.25 5.2162
5612.30 5.2160
5612.35 5.2158
5612.40 5.2155
5612.45 5.2153
5612.50 5.2151
5612.55 5.2148
5612.60 5.2146
5612.65 5.2144
5612.70 5.2141
5612.75 5.2139
5612.80 5.2137
5612.85 5.2134
5612.90 5.2132
5612.95 5.2130
5613.00 5.2127
5613.05 5.2125
5613.10 5.2122
5613.15 5.2120
5613.20 5.2118
5613.25 5.2115
5613.30 5.2113
5613.35 5.2111
5613.40 5.2108
5613.45 5.2106
5613.50 5.2103
5613.55 5.2101
5613.60 5.2099
5613.65 5.2096
5613.70 5.2094
5613.75 5.2091
5613.80 5.2089
5613.85 5.2086
5613.90 5.2084
5613.95 5.2082
5614.00 5.2079
5614.05 5.2077
5614.10 5.2074
5614.15 5.2072
5614.20 5.2070
5614.25 5.2067
5614.30 5.2065
5614.35 5.2062
5614.40 5.2060
5614.45 5.2057
5614.50 5.2055
5614.55 5.2053
5614.60 5.2050
5614.65 5.2048
5614.70 5.2045
5614.75 5.2043
5614.80 5.2041
5614.85 5.2038
5614.90 5.2036
5614.95 5.2033
5615.00 5.2031
5615.05 5.2028
5615.10 5.2026
5615.15 5.2024
5615.20 5.2021
5615.25 5.2019
5615.30 5.2016
5615.35 5.2014
5615.40 5.2012
5615.45 5.2009
5615.50 5.2007
5615.55 5.2004
5615.60 5.2002
5615.65 5.2000
5615.70 5.1997
5615.75 5.1995
5615.80 5.1993
5615.85 5.1990
5615.90 5.1988
5615.95 5.1986
5616.00 5.1983
5616.05 5.1981
5616.10 5.1979
5616.15 5.1976
5616.20 5.1974
5616.25 5.1972
5616.30 5.1969
5616.35 5.1967
5616.40 5.1965
5616.45 5.1962
5616.50 5.1960
5616.55 5.1958
5616.60 5.1955
5616.65 5.1953
5616.70 5.1951
5616.75 5.1948
5616.80 5.1946
5616.85 5.1944
5616.90 5.1942
5616.95 5.1939
5617.00 5.1937
5617.05 5.1935
5617.10 5.1933
5617.15 5.1930
5617.20 5.1928
5617.25 5.1926
5617.30 5.1924
5617.35 5.1922
5617.40 5.1919
5617.45 5.1917
5617.50 5.1915
5617.55 5.1913
5617.60 5.1911
5617.65 5.1909
5617.70 5.1906
5617.75 5.1904
5617.80 5.1902
5617.85 5.1900
5617.90 5.1898
5617.95 5.1896
5618.00 5.1894
5618.05 5.1891
5618.10 5.1889
5618.15 5.1887
5618.20 5.1885
5618.25 5.1883
5618.30 5.1881
5618.35 5.1879
5618.40 5.1877
5618.45 5.1875
5618.50 5.1873
5618.55 5.1871
5618.60 5.1869
5618.65 5.1867
5618.70 5.1865
5618.75 5.1863
5618.80 5.1861
5618.85 5.1859
5618.90 5.1857
5618.95 5.1855
5619.00 5.1853
5619.05 5.1851
5619.10 5.1849
5619.15 5.1847
5619.20 5.1845
5619.25 5.1843
5619.30 5.1841
5619.35 5.1839
5619.40 5.1837
5619.45 5.1835
5619.50 5.1833
5619.55 5.1831
5619.60 5.1829
5619.65 5.1827
5619.70 5.1825
5619.75 5.1824
5619.80 5.1822
5619.85 5.1820
5619.90 5.1818
5619.95 5.1816
5620.00 5.1814
5620.05 5.1812
5620.10 5.1810
5620.15 5.1808
5620.20 5.1807
5620.25 5.1805
5620.30 5.1803
5620.35 5.1801
5620.40 5.1799
5620.45 5.1797
5620.50 5.1795
5620.55 5.1794
5620.60 5.1792
5620.65 5.1790
5620.70 5.1788
5620.75 5.1786
5620.80 5.1784
5620.85 5.1783
5620.90 5.1781
5620.95 5.1779
5621.00 5.1777
5621.05 5.1775
5621.10 5.1773
5621.15 5.1772
5621.20 5.1770
5621.25 5.1768
5621.30 5.1766
5621.35 5.1764
5621.40 5.1763
5621.45 5.1761
5621.50 5.1759
5621.55 5.1757
5621.60 5.1755
5621.65 5.1754
5621.70 5.1752
5621.75 5.1750
5621.80 5.1748
5621.85 5.1746
5621.90 5.1745
5621.95 5.1743
5622.00 5.1741
5622.05 5.1739
5622.10 5.1737
5622.15 5.1735
5622.20 5.1734
5622.25 5.1732
5622.30 5.1730
5622.35 5.1728
5622.40 5.1726
5622.45 5.1724
5622.50 5.1723
5622.55 5.1721
5622.60 5.1719
5622.65 5.1717
5622.70 5.1715
5622.75 5.1713
5622.80 5.1712
5622.85 5.1710
5622.90 5.1708
5622.95 5.1706
5623.00 5.1704
5623.05 5.1702
5623.10 5.1700
5623.15 5.1699
5623.20 5.1697
5623.25 5.1695
5623.30 5.1693
5623.35 5.1691
5623.40 5.1689
5623.45 5.1687
5623.50 5.1685
5623.55 5.1683
5623.60 5.1681
5623.65 5.1680
5623.70 5.1678
5623.75 5.1676
5623.80 5.1674
5623.85 5.1672
5623.90 5.1670
5623.95 5.1668
5624.00 5.1666
5624.05 5.1664
5624.10 5.1662
5624.15 5.1660
5624.20 5.1658
5624.25 5.1656
5624.30 5.1654
5624.35 5.1652
5624.40 5.1650
5624.45 5.1648
5624.50 5.1646
5624.55 5.1644
5624.60 5.1642
5624.65 5.1640
5624.70 5.1638
5624.75 5.1636
5624.80 5.1634
5624.85 5.1631
5624.90 5.1629
5624.95 5.1627
5625.00 5.1625
5625.05 5.1623
5625.10 5.1621
5625.15 5.1619
5625.20 5.1617
5625.25 5.1614
5625.30 5.1612
5625.35 5.1610
5625.40 5.1608
5625.45 5.1606
5625.50 5.1604
5625.55 5.1601
5625.60 5.1599
5625.65 5.1597
5625.70 5.1595
5625.75 5.1592
5625.80 5.1590
5625.85 5.1588
5625.90 5.1586
5625.95 5.1583
5626.00 5.1581
5626.05 5.1579
5626.10 5.1576
5626.15 5.1574
5626.20 5.1572
5626.25 5.1569
5626.30 5.1567
5626.35 5.1565
5626.40 5.1562
5626.45 5.1560
5626.50 5.1558
5626.55 5.1555
5626.60 5.1553
5626.65 5.1550
5626.70 5.1548
5626.75 5.1545
5626.80 5.1543
5626.85 5.1540
5626.90 5.1538
5626.95 5.1536
5627.00 5.1533
5627.05 5.1531
5627.10 5.1528
5627.15 5.1525
5627.20 5.1523
5627.25 5.1520
5627.30 5.1518
5627.35 5.1515
5627.40 5.1513
5627.45 5.1510
5627.50 5.1507
5627.55 5.1505
5627.60 5.1502
5627.65 5.1500
5627.70 5.1497
5627.75 5.1494
5627.80 5.1492
5627.85 5.1489
5627.90 5.1486
5627.95 5.1483
5628.00 5.1481
5628.05 5.1478
5628.10 5.1475
5628.15 5.1473
5628.20 5.1470
5628.25 5.1467
5628.30 5.1464
5628.35 5.1461
5628.40 5.1459
5628.45 5.1456
5628.50 5.1453
5628.55 5.1450
5628.60 5.1447
5628.65 5.1445
5628.70 5.1442
5628.75 5.1439
5628.80 5.1436
5628.85 5.1433
5628.90 5.1430
5628.95 5.1427
5629.00 5.1424
5629.05 5.1421
5629.10 5.1418
5629.15 5.1415
5629.20 5.1412
5629.25 5.1410
5629.30 5.1407
5629.35 5.1404
5629.40 5.1401
5629.45 5.1398
5629.50 5.1395
5629.55 5.1392
5629.60 5.1388
5629.65 5.1385
5629.70 5.1382
5629.75 5.1379
5629.80 5.1376
5629.85 5.1373
5629.90 5.1370
5629.95 5.1367
5630.00 5.1364
5630.05 5.1361
5630.10 5.1358
5630.15 5.1355
5630.20 5.1351
5630.25 5.1348
5630.30 5.1345
5630.35 5.1342
5630.40 5.1339
5630.45 5.1336
5630.50 5.1332
5630.55 5.1329
5630.60 5.1326
5630.65 5.1323
5630.70 5.1320
5630.75 5.1317
5630.80 5.1313
5630.85 5.1310
5630.90 5.1307
5630.95 5.1304
5631.00 5.1300
5631.05 5.1297
5631.10 5.1294
5631.15 5.1291
5631.20 5.1287
5631.25 5.1284
5631.30 5.1281
5631.35 5.1278
5631.40 5.1274
5631.45 5.1271
5631.50 5.1268
5631.55 5.1265
5631.60 5.1261
5631.65 5.1258
5631.70 5.1255
5631.75 5.1251
5631.80 5.1248
5631.85 5.1245
5631.90 5.1241
5631.95 5.1238
5632.00 5.1235
5632.05 5.1232
5632.10 5.1228
5632.15 5.1225
5632.20 5.1222
5632.25 5.1218
5632.30 5.1215
5632.35 5.1212
5632.40 5.1208
5632.45 5.1205
5632.50 5.1202
5632.55 5.1199
5632.60 5.1195
5632.65 5.1192
5632.70 5.1189
5632.75 5.1185
5632.80 5.1182
5632.85 5.1179
5632.90 5.1175
5632.95 5.1172
5633.00 5.1169
5633.05 5.1166
5633.10 5.1162
5633.15 5.1159
5633.20 5.1156
5633.25 5.1153
5633.30 5.1149
5633.35 5.1146
5633.40 5.1143
5633.45 5.1139
5633.50 5.1136
5633.55 5.1133
5633.60 5.1130
5633.65 5.1127
5633.70 5.1123
5633.75 5.1120
5633.80 5.1117
5633.85 5.1114
5633.90 5.1110
5633.95 5.1107
5634.00 5.1104
5634.05 5.1101
5634.10 5.1098
5634.15 5.1095
5634.20 5.1091
5634.25 5.1088
5634.30 5.1085
5634.35 5.1082
5634.40 5.1079
5634.45 5.1076
5634.50 5.1073
5634.55 5.1069
5634.60 5.1066
5634.65 5.1063
5634.70 5.1060
5634.75 5.1057
5634.80 5.1054
5634.85 5.1051
5634.90 5.1048
5634.95 5.1045
5635.00 5.1042
5635.05 5.1039
5635.10 5.1036
5635.15 5.1033
5635.20 5.1030
5635.25 5.1027
5635.30 5.1024
5635.35 5.1021
5635.40 5.1018
5635.45 5.1015
5635.50 5.1013
5635.55 5.1010
5635.60 5.1007
5635.65 5.1004
5635.70 5.1001
5635.75 5.0998
5635.80 5.0995
5635.85 5.0993
5635.90 5.0990
5635.95 5.0987
5636.00 5.0984
5636.05 5.0982
5636.10 5.0979
5636.15 5.0976
5636.20 5.0973
5636.25 5.0971
5636.30 5.0968
5636.35 5.0965
5636.40 5.0963
5636.45 5.0960
5636.50 5.0957
5636.55 5.0955
5636.60 5.0952
5636.65 5.0950
5636.70 5.0947
5636.75 5.0944
5636.80 5.0942
5636.85 5.0939
5636.90 5.0937
5636.95 5.0934
5637.00 5.0932
5637.05 5.0929
5637.10 5.0927
5637.15 5.0925
5637.20 5.0922
5637.25 5.0920
5637.30 5.0917
5637.35 5.0915
5637.40 5.0913
5637.45 5.0910
5637.50 5.0908
5637.55 5.0906
5637.60 5.0903
5637.65 5.0901
5637.70 5.0899
5637.75 5.0896
5637.80 5.0894
5637.85 5.0892
5637.90 5.0890
5637.95 5.0888
5638.00 5.0885
5638.05 5.0883
5638.10 5.0881
5638.15 5.0879
5638.20 5.0877
5638.25 5.0875
5638.30 5.0873
5638.35 5.0870
5638.40 5.0868
5638.45 5.0866
5638.50 5.0864
5638.55 5.0862
5638.60 5.0860
5638.65 5.0858
5638.70 5.0856
5638.75 5.0854
5638.80 5.0852
5638.85 5.0850
5638.90 5.0848
5638.95 5.0847
5639.00 5.0845
5639.05 5.0843
5639.10 5.0841
5639.15 5.0839
5639.20 5.0837
5639.25 5.0835
5639.30 5.0834
5639.35 5.0832
5639.40 5.0830
5639.45 5.0828
5639.50 5.0826
5639.55 5.0825
5639.60 5.0823
5639.65 5.0821
5639.70 5.0819
5639.75 5.0818
5639.80 5.0816
5639.85 5.0814
5639.90 5.0813
5639.95 5.0811
5640.00 5.0809
5640.05 5.0808
5640.10 5.0806
5640.15 5.0804
5640.20 5.0803
5640.25 5.0801
5640.30 5.0800
5640.35 5.0798
5640.40 5.0797
5640.45 5.0795
5640.50 5.0793
5640.55 5.0792
5640.60 5.0790
5640.65 5.0789
5640.70 5.0787
5640.75 5.0786
5640.80 5.0784
5640.85 5.0783
5640.90 5.0781
5640.95 5.0780
5641.00 5.0779
5641.05 5.0777
5641.10 5.0776
5641.15 5.0774
5641.20 5.0773
5641.25 5.0771
5641.30 5.0770
5641.35 5.0769
5641.40 5.0767
5641.45 5.0766
5641.50 5.0764
5641.55 5.0763
5641.60 5.0762
5641.65 5.0760
5641.70 5.0759
5641.75 5.0758
5641.80 5.0756
5641.85 5.0755
5641.90 5.0754
5641.95 5.0752
5642.00 5.0751
5642.05 5.0750
5642.10 5.0749
5642.15 5.0747
5642.20 5.0746
5642.25 5.0745
5642.30 5.0743
5642.35 5.0742
5642.40 5.0741
5642.45 5.0740
5642.50 5.0738
5642.55 5.0737
5642.60 5.0736
5642.65 5.0735
5642.70 5.0733
5642.75 5.0732
5642.80 5.0731
5642.85 5.0730
5642.90 5.0728
5642.95 5.0727
5643.00 5.0726
5643.05 5.0725
5643.10 5.0724
5643.15 5.0722
5643.20 5.0721
5643.25 5.0720
5643.30 5.0719
5643.35 5.0718
5643.40 5.0716
5643.45 5.0715
5643.50 5.0714
5643.55 5.0713
5643.60 5.0712
5643.65 5.0710
5643.70 5.0709
5643.75 5.0708
5643.80 5.0707
5643.85 5.0706
5643.90 5.0704
5643.95 5.0703
5644.00 5.0702
5644.05 5.0701
5644.10 5.0700
5644.15 5.0699
5644.20 5.0697
5644.25 5.0696
5644.30 5.0695
5644.35 5.0694
5644.40 5.0693
5644.45 5.0692
5644.50 5.0690
5644.55 5.0689
5644.60 5.0688
5644.65 5.0687
5644.70 5.0686
5644.75 5.0684
5644.80 5.0683
5644.85 5.0682
5644.90 5.0681
5644.95 5.0680
5645.00 5.0678
5645.05 5.0677
5645.10 5.0676
5645.15 5.0675
5645.20 5.0674
5645.25 5.0672
5645.30 5.0671
5645.35 5.0670
5645.40 5.0669
5645.45 5.0668
5645.50 5.0666
5645.55 5.0665
5645.60 5.0664
5645.65 5.0663
5645.70 5.0662
5645.75 5.0660
5645.80 5.0659
5645.85 5.0658
5645.90 5.0657
5645.95 5.0655
5646.00 5.0654
5646.05 5.0653
5646.10 5.0652
5646.15 5.0650
5646.20 5.0649
5646.25 5.0648
5646.30 5.0646
5646.35 5.0645
5646.40 5.0644
5646.45 5.0643
5646.50 5.0641
5646.55 5.0640
5646.60 5.0639
5646.65 5.0637
5646.70 5.0636
5646.75 5.0635
5646.80 5.0633
5646.85 5.0632
5646.90 5.0631
5646.95 5.0629
5647.00 5.0628
5647.05 5.0627
5647.10 5.0625
5647.15 5.0624
5647.20 5.0623
5647.25 5.0621
5647.30 5.0620
5647.35 5.0618
5647.40 5.0617
5647.45 5.0616
5647.50 5.0614
5647.55 5.0613
5647.60 5.0611
5647.65 5.0610
5647.70 5.0608
5647.75 5.0607
5647.80 5.0606
5647.85 5.0604
5647.90 5.0603
5647.95 5.0601
5648.00 5.0600
5648.05 5.0598
5648.10 5.0597
5648.15 5.0595
5648.20 5.0593
5648.25 5.0592
5648.30 5.0590
5648.35 5.0589
5648.40 5.0587
5648.45 5.0586
5648.50 5.0584
5648.55 5.0583
5648.60 5.0581
5648.65 5.0579
5648.70 5.0578
5648.75 5.0576
5648.80 5.0574
5648.85 5.0573
5648.90 5.0571
5648.95 5.0569
5649.00 5.0568
5649.05 5.0566
5649.10 5.0564
5649.15 5.0563
5649.20 5.0561
5649.25 5.0559
5649.30 5.0557
5649.35 5.0556
5649.40 5.0554
5649.45 5.0552
5649.50 5.0550
5649.55 5.0548
5649.60 5.0547
5649.65 5.0545
5649.70 5.0543
5649.75 5.0541
5649.80 5.0539
5649.85 5.0537
5649.90 5.0535
5649.95 5.0533
5650.00 5.0532
5650.05 5.0530
5650.10 5.0528
5650.15 5.0526
5650.20 5.0524
5650.25 5.0522
5650.30 5.0520
5650.35 5.0518
5650.40 5.0516
5650.45 5.0514
5650.50 5.0512
5650.55 5.0509
5650.60 5.0507
5650.65 5.0505
5650.70 5.0503
5650.75 5.0501
5650.80 5.0499
5650.85 5.0497
5650.90 5.0495
5650.95 5.0492
5651.00 5.0490
5651.05 5.0488
5651.10 5.0486
5651.15 5.0483
5651.20 5.0481
5651.25 5.0479
5651.30 5.0477
5651.35 5.0474
5651.40 5.0472
5651.45 5.0470
5651.50 5.0467
5651.55 5.0465
5651.60 5.0463
5651.65 5.0460
5651.70 5.0458
5651.75 5.0455
5651.80 5.0453
5651.85 5.0450
5651.90 5.0448
5651.95 5.0445
5652.00 5.0443
5652.05 5.0440
5652.10 5.0438
5652.15 5.0435
5652.20 5.0433
5652.25 5.0430
5652.30 5.0428
5652.35 5.0425
5652.40 5.0422
5652.45 5.0420
5652.50 5.0417
5652.55 5.0414
5652.60 5.0412
5652.65 5.0409
5652.70 5.0406
5652.75 5.0403
5652.80 5.0401
5652.85 5.0398
5652.90 5.0395
5652.95 5.0392
5653.00 5.0389
5653.05 5.0386
5653.10 5.0384
5653.15 5.0381
5653.20 5.0378
5653.25 5.0375
5653.30 5.0372
5653.35 5.0369
5653.40 5.0366
5653.45 5.0363
5653.50 5.0360
5653.55 5.0357
5653.60 5.0354
5653.65 5.0351
5653.70 5.0348
5653.75 5.0345
5653.80 5.0341
5653.85 5.0338
5653.90 5.0335
5653.95 5.0332
5654.00 5.0329
5654.05 5.0326
5654.10 5.0322
5654.15 5.0319
5654.20 5.0316
5654.25 5.0313
5654.30 5.0309
5654.35 5.0306
5654.40 5.0303
5654.45 5.0299
5654.50 5.0296
5654.55 5.0293
5654.60 5.0289
5654.65 5.0286
5654.70 5.0282
5654.75 5.0279
5654.80 5.0276
5654.85 5.0272
5654.90 5.0269
5654.95 5.0265
5655.00 5.0262
5655.05 5.0258
5655.10 5.0255
5655.15 5.0251
5655.20 5.0247
5655.25 5.0244
5655.30 5.0240
5655.35 5.0237
5655.40 5.0233
5655.45 5.0229
5655.50 5.0226
5655.55 5.0222
5655.60 5.0218
5655.65 5.0214
5655.70 5.0211
5655.75 5.0207
5655.80 5.0203
5655.85 5.0199
5655.90 5.0195
5655.95 5.0192
5656.00 5.0188
5656.05 5.0184
5656.10 5.0180
5656.15 5.0176
5656.20 5.0172
5656.25 5.0168
5656.30 5.0164
5656.35 5.0161
5656.40 5.0157
5656.45 5.0153
5656.50 5.0149
5656.55 5.0145
5656.60 5.0141
5656.65 5.0137
5656.70 5.0133
5656.75 5.0128
5656.80 5.0124
5656.85 5.0120
5656.90 5.0116
5656.95 5.0112
5657.00 5.0108
5657.05 5.0104
5657.10 5.0100
5657.15 5.0095
5657.20 5.0091
5657.25 5.0087
5657.30 5.0083
5657.35 5.0079
5657.40 5.0074
5657.45 5.0070
5657.50 5.0066
5657.55 5.0062
5657.60 5.0057
5657.65 5.0053
5657.70 5.0049
5657.75 5.0044
5657.80 5.0040
5657.85 5.0036
5657.90 5.0031
5657.95 5.0027
5658.00 5.0023
5658.05 5.0018
5658.10 5.0014
5658.15 5.0009
5658.20 5.0005
5658.25 5.0001
5658.30 4.9996
5658.35 4.9992
5658.40 4.9987
5658.45 4.9983
5658.50 4.9978
5658.55 4.9974
5658.60 4.9969
5658.65 4.9965
5658.70 4.9960
5658.75 4.9956
5658.80 4.9951
5658.85 4.9947
5658.90 4.9942
5658.95 4.9937
5659.00 4.9933
5659.05 4.9928
5659.10 4.9924
5659.15 4.9919
5659.20 4.9914
5659.25 4.9910
5659.30 4.9905
5659.35 4.9900
5659.40 4.9896
5659.45 4.9891
5659.50 4.9886
5659.55 4.9882
5659.60 4.9877
5659.65 4.9872
5659.70 4.9868
5659.75 4.9863
5659.80 4.9858
5659.85 4.9853
5659.90 4.9849
5659.95 4.9844
5660.00 4.9839
5660.05 4.9834
5660.10 4.9830
5660.15 4.9825
5660.20 4.9820
5660.25 4.9815
5660.30 4.9810
5660.35 4.9806
5660.40 4.9801
5660.45 4.9796
5660.50 4.9791
5660.55 4.9786
5660.60 4.9781
5660.65 4.9776
5660.70 4.9772
5660.75 4.9767
5660.80 4.9762
5660.85 4.9757
5660.90 4.9752
5660.95 4.9747
5661.00 4.9742
5661.05 4.9737
5661.10 4.9732
5661.15 4.9728
5661.20 4.9723
5661.25 4.9718
5661.30 4.9713
5661.35 4.9708
5661.40 4.9703
5661.45 4.9698
5661.50 4.9693
5661.55 4.9688
5661.60 4.9683
5661.65 4.9678
5661.70 4.9673
5661.75 4.9668
5661.80 4.9663
5661.85 4.9658
5661.90 4.9653
5661.95 4.9648
5662.00 4.9643
5662.05 4.9638
5662.10 4.9633
5662.15 4.9628
5662.20 4.9623
5662.25 4.9618
5662.30 4.9612
5662.35 4.9607
5662.40 4.9602
5662.45 4.9597
5662.50 4.9592
5662.55 4.9587
5662.60 4.9582
5662.65 4.9577
5662.70 4.9572
5662.75 4.9566
5662.80 4.9561
5662.85 4.9556
5662.90 4.9551
5662.95 4.9546
5663.00 4.9541
5663.05 4.9535
5663.10 4.9530
5663.15 4.9525
5663.20 4.9520
5663.25 4.9515
5663.30 4.9509
5663.35 4.9504
5663.40 4.9499
5663.45 4.9494
5663.50 4.9489
5663.55 4.9483
5663.60 4.9478
5663.65 4.9473
5663.70 4.9467
5663.75 4.9462
5663.80 4.9457
5663.85 4.9452
5663.90 4.9446
5663.95 4.9441
5664.00 4.9436
5664.05 4.9430
5664.10 4.9425
5664.15 4.9419
5664.20 4.9414
5664.25 4.9409
5664.30 4.9403
5664.35 4.9398
5664.40 4.9392
5664.45 4.9387
5664.50 4.9382
5664.55 4.9376
5664.60 4.9371
5664.65 4.9365
5664.70 4.9360
5664.75 4.9354
5664.80 4.9349
5664.85 4.9343
5664.90 4.9338
5664.95 4.9332
5665.00 4.9327
5665.05 4.9321
5665.10 4.9315
5665.15 4.9310
5665.20 4.9304
5665.25 4.9299
5665.30 4.9293
5665.35 4.9287
5665.40 4.9282
5665.45 4.9276
5665.50 4.9270
5665.55 4.9265
5665.60 4.9259
5665.65 4.9253
5665.70 4.9247
5665.75 4.9242
5665.80 4.9236
5665.85 4.9230
5665.90 4.9224
5665.95 4.9219
5666.00 4.9213
5666.05 4.9207
5666.10 4.9201
5666.15 4.9195
5666.20 4.9189
5666.25 4.9183
5666.30 4.9177
5666.35 4.9172
5666.40 4.9166
5666.45 4.9160
5666.50 4.9154
5666.55 4.9148
5666.60 4.9142
5666.65 4.9136
5666.70 4.9129
5666.75 4.9123
5666.80 4.9117
5666.85 4.9111
5666.90 4.9105
5666.95 4.9099
5667.00 4.9093
5667.05 4.9087
5667.10 4.9080
5667.15 4.9074
5667.20 4.9068
5667.25 4.9062
5667.30 4.9056
5667.35 4.9049
5667.40 4.9043
5667.45 4.9037
5667.50 4.9030
5667.55 4.9024
5667.60 4.9018
5667.65 4.9011
5667.70 4.9005
5667.75 4.8998
5667.80 4.8992
5667.85 4.8985
5667.90 4.8979
5667.95 4.8972
5668.00 4.8966
5668.05 4.8959
5668.10 4.8953
5668.15 4.8946
5668.20 4.8940
5668.25 4.8933
5668.30 4.8926
5668.35 4.8920
5668.40 4.8913
5668.45 4.8906
5668.50 4.8900
5668.55 4.8893
5668.60 4.8886
5668.65 4.8879
5668.70 4.8872
5668.75 4.8866
5668.80 4.8859
5668.85 4.8852
5668.90 4.8845
5668.95 4.8838
5669.00 4.8831
5669.05 4.8824
5669.10 4.8817
5669.15 4.8810
5669.20 4.8803
5669.25 4.8796
5669.30 4.8789
5669.35 4.8782
5669.40 4.8775
5669.45 4.8768
5669.50 4.8761
5669.55 4.8754
5669.60 4.8746
5669.65 4.8739
5669.70 4.8732
5669.75 4.8725
5669.80 4.8718
5669.85 4.8710
5669.90 4.8703
5669.95 4.8696
5670.00 4.8688
5670.05 4.8681
5670.10 4.8674
5670.15 4.8666
5670.20 4.8659
5670.25 4.8651
5670.30 4.8644
5670.35 4.8637
5670.40 4.8629
5670.45 4.8622
5670.50 4.8614
5670.55 4.8606
5670.60 4.8599
5670.65 4.8591
5670.70 4.8584
5670.75 4.8576
5670.80 4.8569
5670.85 4.8561
5670.90 4.8553
5670.95 4.8546
5671.00 4.8538
5671.05 4.8530
5671.10 4.8522
5671.15 4.8515
5671.20 4.8507
5671.25 4.8499
5671.30 4.8491
5671.35 4.8483
5671.40 4.8476
5671.45 4.8468
5671.50 4.8460
5671.55 4.8452
5671.60 4.8444
5671.65 4.8436
5671.70 4.8428
5671.75 4.8420
5671.80 4.8412
5671.85 4.8404
5671.90 4.8396
5671.95 4.8388
5672.00 4.8380
5672.05 4.8372
5672.10 4.8364
5672.15 4.8356
5672.20 4.8348
5672.25 4.8340
5672.30 4.8332
5672.35 4.8323
5672.40 4.8315
5672.45 4.8307
5672.50 4.8299
5672.55 4.8291
5672.60 4.8282
5672.65 4.8274
5672.70 4.8266
5672.75 4.8258
5672.80 4.8249
5672.85 4.8241
5672.90 4.8233
5672.95 4.8225
5673.00 4.8216
5673.05 4.8208
5673.10 4.8200
5673.15 4.8191
5673.20 4.8183
5673.25 4.8175
5673.30 4.8166
5673.35 4.8158
5673.40 4.8149
5673.45 4.8141
5673.50 4.8132
5673.55 4.8124
5673.60 4.8116
5673.65 4.8107
5673.70 4.8099
5673.75 4.8090
5673.80 4.8082
5673.85 4.8073
5673.90 4.8065
5673.95 4.8056
5674.00 4.8047
5674.05 4.8039
5674.10 4.8030
5674.15 4.8022
5674.20 4.8013
5674.25 4.8005
5674.30 4.7996
5674.35 4.7987
5674.40 4.7979
5674.45 4.7970
5674.50 4.7962
5674.55 4.7953
5674.60 4.7944
5674.65 4.7936
5674.70 4.7927
5674.75 4.7918
5674.80 4.7910
5674.85 4.7901
5674.90 4.7892
5674.95 4.7884
5675.00 4.7875
5675.05 4.7866
5675.10 4.7858
5675.15 4.7849
5675.20 4.7840
5675.25 4.7831
5675.30 4.7823
5675.35 4.7814
5675.40 4.7805
5675.45 4.7796
5675.50 4.7788
5675.55 4.7779
5675.60 4.7770
5675.65 4.7761
5675.70 4.7753
5675.75 4.7744
5675.80 4.7735
5675.85 4.7726
5675.90 4.7718
5675.95 4.7709
5676.00 4.7700
5676.05 4.7691
5676.10 4.7682
5676.15 4.7674
5676.20 4.7665
5676.25 4.7656
5676.30 4.7647
5676.35 4.7639
5676.40 4.7630
5676.45 4.7621
5676.50 4.7612
5676.55 4.7603
5676.60 4.7594
5676.65 4.7586
5676.70 4.7577
5676.75 4.7568
5676.80 4.7559
5676.85 4.7550
5676.90 4.7542
5676.95 4.7533
5677.00 4.7524
5677.05 4.7515
5677.10 4.7506
5677.15 4.7498
5677.20 4.7489
5677.25 4.7480
5677.30 4.7471
5677.35 4.7462
5677.40 4.7454
5677.45 4.7445
5677.50 4.7436
5677.55 4.7427
5677.60 4.7418
5677.65 4.7410
5677.70 4.7401
5677.75 4.7392
5677.80 4.7383
5677.85 4.7374
5677.90 4.7366
5677.95 4.7357
5678.00 4.7348
5678.05 4.7339
5678.10 4.7330
5678.15 4.7322
5678.20 4.7313
5678.25 4.7304
5678.30 4.7295
5678.35 4.7287
5678.40 4.7278
5678.45 4.7269
5678.50 4.7260
5678.55 4.7252
5678.60 4.7243
5678.65 4.7234
5678.70 4.7226
5678.75 4.7217
5678.80 4.7208
5678.85 4.7199
5678.90 4.7191
5678.95 4.7182
5679.00 4.7173
5679.05 4.7165
5679.10 4.7156
5679.15 4.7147
5679.20 4.7139
5679.25 4.7130
5679.30 4.7121
5679.35 4.7113
5679.40 4.7104
5679.45 4.7096
5679.50 4.7087
5679.55 4.7078
5679.60 4.7070
5679.65 4.7061
5679.70 4.7053
5679.75 4.7044
5679.80 4.7035
5679.85 4.7027
5679.90 4.7018
5679.95 4.7010
5680.00 4.7001
5680.05 4.6993
5680.10 4.6984
5680.15 4.6976
5680.20 4.6967
5680.25 4.6959
5680.30 4.6950
5680.35 4.6942
5680.40 4.6933
5680.45 4.6925
5680.50 4.6916
5680.55 4.6908
5680.60 4.6900
5680.65 4.6891
5680.70 4.6883
5680.75 4.6874
5680.80 4.6866
5680.85 4.6858
5680.90 4.6849
5680.95 4.6841
5681.00 4.6833
5681.05 4.6824
5681.10 4.6816
5681.15 4.6808
5681.20 4.6799
5681.25 4.6791
5681.30 4.6783
5681.35 4.6775
5681.40 4.6766
5681.45 4.6758
5681.50 4.6750
5681.55 4.6742
5681.60 4.6734
5681.65 4.6725
5681.70 4.6717
5681.75 4.6709
5681.80 4.6701
5681.85 4.6693
5681.90 4.6685
5681.95 4.6677
5682.00 4.6669
5682.05 4.6661
5682.10 4.6652
5682.15 4.6644
5682.20 4.6636
5682.25 4.6628
5682.30 4.6620
5682.35 4.6612
5682.40 4.6604
5682.45 4.6596
5682.50 4.6588
5682.55 4.6581
5682.60 4.6573
5682.65 4.6565
5682.70 4.6557
5682.75 4.6549
5682.80 4.6541
5682.85 4.6533
5682.90 4.6525
5682.95 4.6518
5683.00 4.6510
5683.05 4.6502
5683.10 4.6494
5683.15 4.6486
5683.20 4.6479
5683.25 4.6471
5683.30 4.6463
5683.35 4.6455
5683.40 4.6448
5683.45 4.6440
5683.50 4.6432
5683.55 4.6425
5683.60 4.6417
5683.65 4.6410
5683.70 4.6402
5683.75 4.6394
5683.80 4.6387
5683.85 4.6379
5683.90 4.6372
5683.95 4.6364
5684.00 4.6357
5684.05 4.6349
5684.10 4.6342
5684.15 4.6334
5684.20 4.6327
5684.25 4.6319
5684.30 4.6312
5684.35 4.6305
5684.40 4.6297
5684.45 4.6290
5684.50 4.6282
5684.55 4.6275
5684.60 4.6268
5684.65 4.6260
5684.70 4.6253
5684.75 4.6246
5684.80 4.6239
5684.85 4.6231
5684.90 4.6224
5684.95 4.6217
5685.00 4.6210
5685.05 4.6203
5685.10 4.6195
5685.15 4.6188
5685.20 4.6181
5685.25 4.6174
5685.30 4.6167
5685.35 4.6160
5685.40 4.6153
5685.45 4.6146
5685.50 4.6139
5685.55 4.6132
5685.60 4.6125
5685.65 4.6118
5685.70 4.6111
5685.75 4.6104
5685.80 4.6097
5685.85 4.6090
5685.90 4.6083
5685.95 4.6076
5686.00 4.6069
5686.05 4.6063
5686.10 4.6056
5686.15 4.6049
5686.20 4.6042
5686.25 4.6035
5686.30 4.6029
5686.35 4.6022
5686.40 4.6015
5686.45 4.6009
5686.50 4.6002
5686.55 4.5995
5686.60 4.5989
5686.65 4.5982
5686.70 4.5975
5686.75 4.5969
5686.80 4.5962
5686.85 4.5956
5686.90 4.5949
5686.95 4.5942
5687.00 4.5936
5687.05 4.5930
5687.10 4.5923
5687.15 4.5917
5687.20 4.5910
5687.25 4.5904
5687.30 4.5897
5687.35 4.5891
5687.40 4.5885
5687.45 4.5878
5687.50 4.5872
5687.55 4.5866
5687.60 4.5859
5687.65 4.5853
5687.70 4.5847
5687.75 4.5841
5687.80 4.5835
5687.85 4.5828
5687.90 4.5822
5687.95 4.5816
5688.00 4.5810
5688.05 4.5804
5688.10 4.5798
5688.15 4.5792
5688.20 4.5786
5688.25 4.5780
5688.30 4.5774
5688.35 4.5768
5688.40 4.5762
5688.45 4.5756
5688.50 4.5750
5688.55 4.5744
5688.60 4.5738
5688.65 4.5732
5688.70 4.5727
5688.75 4.5721
5688.80 4.5715
5688.85 4.5709
5688.90 4.5704
5688.95 4.5698
5689.00 4.5692
5689.05 4.5687
5689.10 4.5681
5689.15 4.5675
5689.20 4.5670
5689.25 4.5664
5689.30 4.5659
5689.35 4.5653
5689.40 4.5648
5689.45 4.5642
5689.50 4.5637
5689.55 4.5631
5689.60 4.5626
5689.65 4.5620
5689.70 4.5615
5689.75 4.5610
5689.80 4.5604
5689.85 4.5599
5689.90 4.5594
5689.95 4.5589
5690.00 4.5584
5690.05 4.5578
5690.10 4.5573
5690.15 4.5568
5690.20 4.5563
5690.25 4.5558
5690.30 4.5553
5690.35 4.5548
5690.40 4.5543
5690.45 4.5538
5690.50 4.5533
5690.55 4.5528
5690.60 4.5523
5690.65 4.5518
5690.70 4.5514
5690.75 4.5509
5690.80 4.5504
5690.85 4.5499
5690.90 4.5494
5690.95 4.5490
5691.00 4.5485
5691.05 4.5481
5691.10 4.5476
5691.15 4.5471
5691.20 4.5467
5691.25 4.5462
5691.30 4.5458
5691.35 4.5453
5691.40 4.5449
5691.45 4.5445
5691.50 4.5440
5691.55 4.5436
5691.60 4.5432
5691.65 4.5427
5691.70 4.5423
5691.75 4.5419
5691.80 4.5415
5691.85 4.5410
5691.90 4.5406
5691.95 4.5402
5692.00 4.5398
5692.05 4.5394
5692.10 4.5390
5692.15 4.5386
5692.20 4.5382
5692.25 4.5378
5692.30 4.5375
5692.35 4.5371
5692.40 4.5367
5692.45 4.5363
5692.50 4.5359
5692.55 4.5356
5692.60 4.5352
5692.65 4.5348
5692.70 4.5345
5692.75 4.5341
5692.80 4.5338
5692.85 4.5334
5692.90 4.5331
5692.95 4.5327
5693.00 4.5324
5693.05 4.5320
5693.10 4.5317
5693.15 4.5314
5693.20 4.5311
5693.25 4.5307
5693.30 4.5304
5693.35 4.5301
5693.40 4.5298
5693.45 4.5295
5693.50 4.5292
5693.55 4.5289
5693.60 4.5286
5693.65 4.5283
5693.70 4.5280
5693.75 4.5277
5693.80 4.5274
5693.85 4.5271
5693.90 4.5269
5693.95 4.5266
5694.00 4.5263
5694.05 4.5260
5694.10 4.5258
5694.15 4.5255
5694.20 4.5253
5694.25 4.5250
5694.30 4.5248
5694.35 4.5245
5694.40 4.5243
5694.45 4.5241
5694.50 4.5238
5694.55 4.5236
5694.60 4.5234
5694.65 4.5231
5694.70 4.5229
5694.75 4.5227
5694.80 4.5225
5694.85 4.5223
5694.90 4.5221
5694.95 4.5219
5695.00 4.5217
5695.05 4.5215
5695.10 4.5213
5695.15 4.5211
5695.20 4.5210
5695.25 4.5208
5695.30 4.5206
5695.35 4.5204
5695.40 4.5203
5695.45 4.5201
5695.50 4.5200
5695.55 4.5198
5695.60 4.5196
5695.65 4.5195
5695.70 4.5194
5695.75 4.5192
5695.80 4.5191
5695.85 4.5190
5695.90 4.5188
5695.95 4.5187
5696.00 4.5186
5696.05 4.5185
5696.10 4.5184
5696.15 4.5183
5696.20 4.5182
5696.25 4.5181
5696.30 4.5180
5696.35 4.5179
5696.40 4.5178
5696.45 4.5177
5696.50 4.5176
5696.55 4.5175
5696.60 4.5175
5696.65 4.5174
5696.70 4.5173
5696.75 4.5173
5696.80 4.5172
5696.85 4.5172
5696.90 4.5171
5696.95 4.5171
5697.00 4.5171
5697.05 4.5170
5697.10 4.5170
5697.15 4.5170
5697.20 4.5169
5697.25 4.5169
5697.30 4.5169
5697.35 4.5169
5697.40 4.5169
5697.45 4.5169
