5991.50 3.3345
5991.55 3.3351
5991.60 3.3357
5991.65 3.3364
5991.70 3.3370
5991.75 3.3376
5991.80 3.3383
5991.85 3.3389
5991.90 3.3395
5991.95 3.3402
5992.00 3.3408
5992.05 3.3414
5992.10 3.3421
5992.15 3.3427
5992.20 3.3433
5992.25 3.3439
5992.30 3.3446
5992.35 3.3452
5992.40 3.3458
5992.45 3.3464
5992.50 3.3470
5992.55 3.3477
5992.60 3.3483
5992.65 3.3489
5992.70 3.3495
5992.75 3.3501
5992.80 3.3507
5992.85 3.3513
5992.90 3.3519
5992.95 3.3526
5993.00 3.3532
5993.05 3.3538
5993.10 3.3544
5993.15 3.3550
5993.20 3.3556
5993.25 3.3562
5993.30 3.3568
5993.35 3.3574
5993.40 3.3580
5993.45 3.3586
5993.50 3.3592
5993.55 3.3598
5993.60 3.3604
5993.65 3.3610
5993.70 3.3616
5993.75 3.3622
5993.80 3.3628
5993.85 3.3634
5993.90 3.3640
5993.95 3.3645
5994.00 3.3651
5994.05 3.3657
5994.10 3.3663
5994.15 3.3669
5994.20 3.3675
5994.25 3.3681
5994.30 3.3686
5994.35 3.3692
5994.40 3.3698
5994.45 3.3704
5994.50 3.3710
5994.55 3.3715
5994.60 3.3721
5994.65 3.3727
5994.70 3.3733
5994.75 3.3738
5994.80 3.3744
5994.85 3.3750
5994.90 3.3756
5994.95 3.3761
5995.00 3.3767
5995.05 3.3773
5995.10 3.3778
5995.15 3.3784
5995.20 3.3790
5995.25 3.3795
5995.30 3.3801
5995.35 3.3807
5995.40 3.3812
5995.45 3.3818
5995.50 3.3823
5995.55 3.3829
5995.60 3.3835
5995.65 3.3840
5995.70 3.3846
5995.75 3.3851
5995.80 3.3857
5995.85 3.3862
5995.90 3.3868
5995.95 3.3873
5996.00 3.3879
5996.05 3.3884
5996.10 3.3890
5996.15 3.3895
5996.20 3.3901
5996.25 3.3906
5996.30 3.3912
5996.35 3.3917
5996.40 3.3922
5996.45 3.3928
5996.50 3.3933
5996.55 3.3939
5996.60 3.3944
5996.65 3.3949
5996.70 3.3955
5996.75 3.3960
5996.80 3.3966
5996.85 3.3971
5996.90 3.3976
5996.95 3.3982
5997.00 3.3987
5997.05 3.3992
5997.10 3.3997
5997.15 3.4003
5997.20 3.4008
5997.25 3.4013
5997.30 3.4019
5997.35 3.4024
5997.40 3.4029
5997.45 3.4034
5997.50 3.4039
5997.55 3.4045
5997.60 3.4050
5997.65 3.4055
5997.70 3.4060
5997.75 3.4065
5997.80 3.4071
5997.85 3.4076
5997.90 3.4081
5997.95 3.4086
5998.00 3.4091
5998.05 3.4096
5998.10 3.4101
5998.15 3.4106
5998.20 3.4112
5998.25 3.4117
5998.30 3.4122
5998.35 3.4127
5998.40 3.4132
5998.45 3.4137
5998.50 3.4142
5998.55 3.4147
5998.60 3.4152
5998.65 3.4157
5998.70 3.4162
5998.75 3.4167
5998.80 3.4172
5998.85 3.4177
5998.90 3.4182
5998.95 3.4187
5999.00 3.4192
5999.05 3.4197
5999.10 3.4202
5999.15 3.4207
5999.20 3.4212
5999.25 3.4216
5999.30 3.4221
5999.35 3.4226
5999.40 3.4231
5999.45 3.4236
5999.50 3.4241
5999.55 3.4246
5999.60 3.4251
5999.65 3.4255
5999.70 3.4260
5999.75 3.4265
5999.80 3.4270
5999.85 3.4275
5999.90 3.4279
5999.95 3.4284
6000.00 3.4289
6000.05 3.4294
6000.10 3.4298
6000.15 3.4303
6000.20 3.4308
6000.25 3.4313
6000.30 3.4317
6000.35 3.4322
6000.40 3.4327
6000.45 3.4332
6000.50 3.4336
6000.55 3.4341
6000.60 3.4346
6000.65 3.4350
6000.70 3.4355
6000.75 3.4359
6000.80 3.4364
6000.85 3.4369
6000.90 3.4373
6000.95 3.4378
6001.00 3.4383
6001.05 3.4387
6001.10 3.4392
6001.15 3.4396
6001.20 3.4401
6001.25 3.4405
6001.30 3.4410
6001.35 3.4415
6001.40 3.4419
6001.45 3.4424
6001.50 3.4428
6001.55 3.4433
6001.60 3.4437
6001.65 3.4442
6001.70 3.4446
6001.75 3.4451
6001.80 3.4455
6001.85 3.4459
6001.90 3.4464
6001.95 3.4468
6002.00 3.4473
6002.05 3.4477
6002.10 3.4482
6002.15 3.4486
6002.20 3.4490
6002.25 3.4495
6002.30 3.4499
6002.35 3.4504
6002.40 3.4508
6002.45 3.4512
6002.50 3.4517
6002.55 3.4521
6002.60 3.4525
6002.65 3.4530
6002.70 3.4534
6002.75 3.4538
6002.80 3.4543
6002.85 3.4547
6002.90 3.4551
6002.95 3.4555
6003.00 3.4560
6003.05 3.4564
6003.10 3.4568
6003.15 3.4572
6003.20 3.4577
6003.25 3.4581
6003.30 3.4585
6003.35 3.4589
6003.40 3.4594
6003.45 3.4598
6003.50 3.4602
6003.55 3.4606
6003.60 3.4610
6003.65 3.4614
6003.70 3.4619
6003.75 3.4623
6003.80 3.4627
6003.85 3.4631
6003.90 3.4635
6003.95 3.4639
6004.00 3.4643
6004.05 3.4647
6004.10 3.4651
6004.15 3.4656
6004.20 3.4660
6004.25 3.4664
6004.30 3.4668
6004.35 3.4672
6004.40 3.4676
6004.45 3.4680
6004.50 3.4684
6004.55 3.4688
6004.60 3.4692
6004.65 3.4696
6004.70 3.4700
6004.75 3.4704
6004.80 3.4708
6004.85 3.4712
6004.90 3.4716
6004.95 3.4720
6005.00 3.4724
6005.05 3.4728
6005.10 3.4732
6005.15 3.4736
6005.20 3.4739
6005.25 3.4743
6005.30 3.4747
6005.35 3.4751
6005.40 3.4755
6005.45 3.4759
6005.50 3.4763
6005.55 3.4767
6005.60 3.4770
6005.65 3.4774
6005.70 3.4778
6005.75 3.4782
6005.80 3.4786
6005.85 3.4790
6005.90 3.4793
6005.95 3.4797
6006.00 3.4801
6006.05 3.4805
6006.10 3.4809
6006.15 3.4812
6006.20 3.4816
6006.25 3.4820
6006.30 3.4824
6006.35 3.4827
6006.40 3.4831
6006.45 3.4835
6006.50 3.4839
6006.55 3.4842
6006.60 3.4846
6006.65 3.4850
6006.70 3.4853
6006.75 3.4857
6006.80 3.4861
6006.85 3.4864
6006.90 3.4868
6006.95 3.4872
6007.00 3.4875
6007.05 3.4879
6007.10 3.4883
6007.15 3.4886
6007.20 3.4890
6007.25 3.4893
6007.30 3.4897
6007.35 3.4901
6007.40 3.4904
6007.45 3.4908
6007.50 3.4911
6007.55 3.4915
6007.60 3.4918
6007.65 3.4922
6007.70 3.4925
6007.75 3.4929
6007.80 3.4932
6007.85 3.4936
6007.90 3.4940
6007.95 3.4943
6008.00 3.4947
6008.05 3.4950
6008.10 3.4953
6008.15 3.4957
6008.20 3.4960
6008.25 3.4964
6008.30 3.4967
6008.35 3.4971
6008.40 3.4974
6008.45 3.4978
6008.50 3.4981
6008.55 3.4984
6008.60 3.4988
6008.65 3.4991
6008.70 3.4995
6008.75 3.4998
6008.80 3.5001
6008.85 3.5005
6008.90 3.5008
6008.95 3.5012
6009.00 3.5015
6009.05 3.5018
6009.10 3.5022
6009.15 3.5025
6009.20 3.5028
6009.25 3.5031
6009.30 3.5035
6009.35 3.5038
6009.40 3.5041
6009.45 3.5045
6009.50 3.5048
6009.55 3.5051
6009.60 3.5054
6009.65 3.5058
6009.70 3.5061
6009.75 3.5064
6009.80 3.5067
6009.85 3.5071
6009.90 3.5074
6009.95 3.5077
6010.00 3.5080
6010.05 3.5084
6010.10 3.5087
6010.15 3.5090
6010.20 3.5093
6010.25 3.5096
6010.30 3.5099
6010.35 3.5103
6010.40 3.5106
6010.45 3.5109
6010.50 3.5112
6010.55 3.5115
6010.60 3.5118
6010.65 3.5121
6010.70 3.5125
6010.75 3.5128
6010.80 3.5131
6010.85 3.5134
6010.90 3.5137
6010.95 3.5140
6011.00 3.5143
6011.05 3.5146
6011.10 3.5149
6011.15 3.5152
6011.20 3.5155
6011.25 3.5158
6011.30 3.5161
6011.35 3.5164
6011.40 3.5167
6011.45 3.5170
6011.50 3.5173
6011.55 3.5176
6011.60 3.5179
6011.65 3.5182
6011.70 3.5185
6011.75 3.5188
6011.80 3.5191
6011.85 3.5194
6011.90 3.5197
6011.95 3.5200
6012.00 3.5203
6012.05 3.5206
6012.10 3.5209
6012.15 3.5212
6012.20 3.5215
6012.25 3.5218
6012.30 3.5221
6012.35 3.5223
6012.40 3.5226
6012.45 3.5229
6012.50 3.5232
6012.55 3.5235
6012.60 3.5238
6012.65 3.5241
6012.70 3.5243
6012.75 3.5246
6012.80 3.5249
6012.85 3.5252
6012.90 3.5255
6012.95 3.5258
6013.00 3.5260
6013.05 3.5263
6013.10 3.5266
6013.15 3.5269
6013.20 3.5272
6013.25 3.5274
6013.30 3.5277
6013.35 3.5280
6013.40 3.5283
6013.45 3.5285
6013.50 3.5288
6013.55 3.5291
6013.60 3.5294
6013.65 3.5296
6013.70 3.5299
6013.75 3.5302
6013.80 3.5304
6013.85 3.5307
6013.90 3.5310
6013.95 3.5312
6014.00 3.5315
6014.05 3.5318
6014.10 3.5320
6014.15 3.5323
6014.20 3.5326
6014.25 3.5328
6014.30 3.5331
6014.35 3.5334
6014.40 3.5336
6014.45 3.5339
6014.50 3.5342
6014.55 3.5344
6014.60 3.5347
6014.65 3.5349
6014.70 3.5352
6014.75 3.5355
6014.80 3.5357
6014.85 3.5360
6014.90 3.5362
6014.95 3.5365
6015.00 3.5367
6015.05 3.5370
6015.10 3.5372
6015.15 3.5375
6015.20 3.5378
6015.25 3.5380
6015.30 3.5383
6015.35 3.5385
6015.40 3.5388
6015.45 3.5390
6015.50 3.5393
6015.55 3.5395
6015.60 3.5398
6015.65 3.5400
6015.70 3.5402
6015.75 3.5405
6015.80 3.5407
6015.85 3.5410
6015.90 3.5412
6015.95 3.5415
6016.00 3.5417
6016.05 3.5420
6016.10 3.5422
6016.15 3.5424
6016.20 3.5427
6016.25 3.5429
6016.30 3.5432
6016.35 3.5434
6016.40 3.5436
6016.45 3.5439
6016.50 3.5441
6016.55 3.5443
6016.60 3.5446
6016.65 3.5448
6016.70 3.5451
6016.75 3.5453
6016.80 3.5455
6016.85 3.5458
6016.90 3.5460
6016.95 3.5462
6017.00 3.5464
6017.05 3.5467
6017.10 3.5469
6017.15 3.5471
6017.20 3.5474
6017.25 3.5476
6017.30 3.5478
6017.35 3.5481
6017.40 3.5483
6017.45 3.5485
6017.50 3.5487
6017.55 3.5490
6017.60 3.5492
6017.65 3.5494
6017.70 3.5496
6017.75 3.5498
6017.80 3.5501
6017.85 3.5503
6017.90 3.5505
6017.95 3.5507
6018.00 3.5510
6018.05 3.5512
6018.10 3.5514
6018.15 3.5516
6018.20 3.5518
6018.25 3.5520
6018.30 3.5523
6018.35 3.5525
6018.40 3.5527
6018.45 3.5529
6018.50 3.5531
6018.55 3.5533
6018.60 3.5535
6018.65 3.5538
6018.70 3.5540
6018.75 3.5542
6018.80 3.5544
6018.85 3.5546
6018.90 3.5548
6018.95 3.5550
6019.00 3.5552
6019.05 3.5554
6019.10 3.5556
6019.15 3.5558
6019.20 3.5561
6019.25 3.5563
6019.30 3.5565
6019.35 3.5567
6019.40 3.5569
6019.45 3.5571
6019.50 3.5573
6019.55 3.5575
6019.60 3.5577
6019.65 3.5579
6019.70 3.5581
6019.75 3.5583
6019.80 3.5585
6019.85 3.5587
6019.90 3.5589
6019.95 3.5591
6020.00 3.5593
6020.05 3.5595
6020.10 3.5597
6020.15 3.5599
6020.20 3.5601
6020.25 3.5603
6020.30 3.5605
6020.35 3.5606
6020.40 3.5608
6020.45 3.5610
6020.50 3.5612
6020.55 3.5614
6020.60 3.5616
6020.65 3.5618
6020.70 3.5620
6020.75 3.5622
6020.80 3.5624
6020.85 3.5626
6020.90 3.5627
6020.95 3.5629
6021.00 3.5631
6021.05 3.5633
6021.10 3.5635
6021.15 3.5637
6021.20 3.5639
6021.25 3.5640
6021.30 3.5642
6021.35 3.5644
6021.40 3.5646
6021.45 3.5648
6021.50 3.5650
6021.55 3.5651
6021.60 3.5653
6021.65 3.5655
6021.70 3.5657
6021.75 3.5659
6021.80 3.5660
6021.85 3.5662
6021.90 3.5664
6021.95 3.5666
6022.00 3.5667
6022.05 3.5669
6022.10 3.5671
6022.15 3.5673
6022.20 3.5674
6022.25 3.5676
6022.30 3.5678
6022.35 3.5680
6022.40 3.5681
6022.45 3.5683
6022.50 3.5685
6022.55 3.5687
6022.60 3.5688
6022.65 3.5690
6022.70 3.5692
6022.75 3.5693
6022.80 3.5695
6022.85 3.5697
6022.90 3.5698
6022.95 3.5700
6023.00 3.5702
6023.05 3.5703
6023.10 3.5705
6023.15 3.5707
6023.20 3.5708
6023.25 3.5710
6023.30 3.5712
6023.35 3.5713
6023.40 3.5715
6023.45 3.5716
6023.50 3.5718
6023.55 3.5720
6023.60 3.5721
6023.65 3.5723
6023.70 3.5724
6023.75 3.5726
6023.80 3.5728
6023.85 3.5729
6023.90 3.5731
6023.95 3.5732
6024.00 3.5734
6024.05 3.5735
6024.10 3.5737
6024.15 3.5739
6024.20 3.5740
6024.25 3.5742
6024.30 3.5743
6024.35 3.5745
6024.40 3.5746
6024.45 3.5748
6024.50 3.5749
6024.55 3.5751
6024.60 3.5752
6024.65 3.5754
6024.70 3.5755
6024.75 3.5757
6024.80 3.5758
6024.85 3.5760
6024.90 3.5761
6024.95 3.5763
6025.00 3.5764
6025.05 3.5766
6025.10 3.5767
6025.15 3.5769
6025.20 3.5770
6025.25 3.5771
6025.30 3.5773
6025.35 3.5774
6025.40 3.5776
6025.45 3.5777
6025.50 3.5779
6025.55 3.5780
6025.60 3.5781
6025.65 3.5783
6025.70 3.5784
6025.75 3.5786
6025.80 3.5787
6025.85 3.5788
6025.90 3.5790
6025.95 3.5791
6026.00 3.5793
6026.05 3.5794
6026.10 3.5795
6026.15 3.5797
6026.20 3.5798
6026.25 3.5799
6026.30 3.5801
6026.35 3.5802
6026.40 3.5803
6026.45 3.5805
6026.50 3.5806
6026.55 3.5807
6026.60 3.5809
6026.65 3.5810
6026.70 3.5811
6026.75 3.5813
6026.80 3.5814
6026.85 3.5815
6026.90 3.5817
6026.95 3.5818
6027.00 3.5819
6027.05 3.5820
6027.10 3.5822
6027.15 3.5823
6027.20 3.5824
6027.25 3.5826
6027.30 3.5827
6027.35 3.5828
6027.40 3.5829
6027.45 3.5831
6027.50 3.5832
6027.55 3.5833
6027.60 3.5834
6027.65 3.5836
6027.70 3.5837
6027.75 3.5838
6027.80 3.5839
6027.85 3.5840
6027.90 3.5842
6027.95 3.5843
6028.00 3.5844
6028.05 3.5845
6028.10 3.5846
6028.15 3.5848
6028.20 3.5849
6028.25 3.5850
6028.30 3.5851
6028.35 3.5852
6028.40 3.5853
6028.45 3.5855
6028.50 3.5856
6028.55 3.5857
6028.60 3.5858
6028.65 3.5859
6028.70 3.5860
6028.75 3.5861
6028.80 3.5863
6028.85 3.5864
6028.90 3.5865
6028.95 3.5866
6029.00 3.5867
6029.05 3.5868
6029.10 3.5869
6029.15 3.5870
6029.20 3.5872
6029.25 3.5873
6029.30 3.5874
6029.35 3.5875
6029.40 3.5876
6029.45 3.5877
6029.50 3.5878
6029.55 3.5879
6029.60 3.5880
6029.65 3.5881
6029.70 3.5882
6029.75 3.5883
6029.80 3.5884
6029.85 3.5885
6029.90 3.5886
6029.95 3.5888
6030.00 3.5889
6030.05 3.5890
6030.10 3.5891
6030.15 3.5892
6030.20 3.5893
6030.25 3.5894
6030.30 3.5895
6030.35 3.5896
6030.40 3.5897
6030.45 3.5898
6030.50 3.5899
6030.55 3.5900
6030.60 3.5901
6030.65 3.5902
6030.70 3.5903
6030.75 3.5904
6030.80 3.5905
6030.85 3.5905
6030.90 3.5906
6030.95 3.5907
6031.00 3.5908
6031.05 3.5909
6031.10 3.5910
6031.15 3.5911
6031.20 3.5912
6031.25 3.5913
6031.30 3.5914
6031.35 3.5915
6031.40 3.5916
6031.45 3.5917
6031.50 3.5918
6031.55 3.5919
6031.60 3.5919
6031.65 3.5920
6031.70 3.5921
6031.75 3.5922
6031.80 3.5923
6031.85 3.5924
6031.90 3.5925
6031.95 3.5926
6032.00 3.5927
6032.05 3.5927
6032.10 3.5928
6032.15 3.5929
6032.20 3.5930
6032.25 3.5931
6032.30 3.5932
6032.35 3.5933
6032.40 3.5933
6032.45 3.5934
6032.50 3.5935
6032.55 3.5936
6032.60 3.5937
6032.65 3.5938
6032.70 3.5938
6032.75 3.5939
6032.80 3.5940
6032.85 3.5941
6032.90 3.5942
6032.95 3.5943
6033.00 3.5943
6033.05 3.5944
6033.10 3.5945
6033.15 3.5946
6033.20 3.5946
6033.25 3.5947
6033.30 3.5948
6033.35 3.5949
6033.40 3.5950
6033.45 3.5950
6033.50 3.5951
6033.55 3.5952
6033.60 3.5953
6033.65 3.5953
6033.70 3.5954
6033.75 3.5955
6033.80 3.5956
6033.85 3.5956
6033.90 3.5957
6033.95 3.5958
6034.00 3.5959
6034.05 3.5959
6034.10 3.5960
6034.15 3.5961
6034.20 3.5961
6034.25 3.5962
6034.30 3.5963
6034.35 3.5964
6034.40 3.5964
6034.45 3.5965
6034.50 3.5966
6034.55 3.5966
6034.60 3.5967
6034.65 3.5968
6034.70 3.5968
6034.75 3.5969
6034.80 3.5970
6034.85 3.5970
6034.90 3.5971
6034.95 3.5972
6035.00 3.5972
6035.05 3.5973
6035.10 3.5974
6035.15 3.5974
6035.20 3.5975
6035.25 3.5976
6035.30 3.5976
6035.35 3.5977
6035.40 3.5978
6035.45 3.5978
6035.50 3.5979
6035.55 3.5979
6035.60 3.5980
6035.65 3.5981
6035.70 3.5981
6035.75 3.5982
6035.80 3.5982
6035.85 3.5983
6035.90 3.5984
6035.95 3.5984
6036.00 3.5985
6036.05 3.5985
6036.10 3.5986
6036.15 3.5987
6036.20 3.5987
6036.25 3.5988
6036.30 3.5988
6036.35 3.5989
6036.40 3.5989
6036.45 3.5990
6036.50 3.5991
6036.55 3.5991
6036.60 3.5992
6036.65 3.5992
6036.70 3.5993
6036.75 3.5993
6036.80 3.5994
6036.85 3.5994
6036.90 3.5995
6036.95 3.5995
6037.00 3.5996
6037.05 3.5996
6037.10 3.5997
6037.15 3.5998
6037.20 3.5998
6037.25 3.5999
6037.30 3.5999
6037.35 3.6000
6037.40 3.6000
6037.45 3.6001
6037.50 3.6001
6037.55 3.6002
6037.60 3.6002
6037.65 3.6003
6037.70 3.6003
6037.75 3.6003
6037.80 3.6004
6037.85 3.6004
6037.90 3.6005
6037.95 3.6005
6038.00 3.6006
6038.05 3.6006
6038.10 3.6007
6038.15 3.6007
6038.20 3.6008
6038.25 3.6008
6038.30 3.6009
6038.35 3.6009
6038.40 3.6009
6038.45 3.6010
6038.50 3.6010
6038.55 3.6011
6038.60 3.6011
6038.65 3.6012
6038.70 3.6012
6038.75 3.6012
6038.80 3.6013
6038.85 3.6013
6038.90 3.6014
6038.95 3.6014
6039.00 3.6014
6039.05 3.6015
6039.10 3.6015
6039.15 3.6016
6039.20 3.6016
6039.25 3.6016
6039.30 3.6017
6039.35 3.6017
6039.40 3.6018
6039.45 3.6018
6039.50 3.6018
6039.55 3.6019
6039.60 3.6019
6039.65 3.6019
6039.70 3.6020
6039.75 3.6020
6039.80 3.6020
6039.85 3.6021
6039.90 3.6021
6039.95 3.6021
6040.00 3.6022
6040.05 3.6022
6040.10 3.6022
6040.15 3.6023
6040.20 3.6023
6040.25 3.6023
6040.30 3.6024
6040.35 3.6024
6040.40 3.6024
6040.45 3.6025
6040.50 3.6025
6040.55 3.6025
6040.60 3.6026
6040.65 3.6026
6040.70 3.6026
6040.75 3.6027
6040.80 3.6027
6040.85 3.6027
6040.90 3.6027
6040.95 3.6028
6041.00 3.6028
6041.05 3.6028
6041.10 3.6029
6041.15 3.6029
6041.20 3.6029
6041.25 3.6029
6041.30 3.6030
6041.35 3.6030
6041.40 3.6030
6041.45 3.6030
6041.50 3.6031
6041.55 3.6031
6041.60 3.6031
6041.65 3.6031
6041.70 3.6032
6041.75 3.6032
6041.80 3.6032
6041.85 3.6032
6041.90 3.6033
6041.95 3.6033
6042.00 3.6033
6042.05 3.6033
6042.10 3.6034
6042.15 3.6034
6042.20 3.6034
6042.25 3.6034
6042.30 3.6034
6042.35 3.6035
6042.40 3.6035
6042.45 3.6035
6042.50 3.6035
6042.55 3.6036
6042.60 3.6036
6042.65 3.6036
6042.70 3.6036
6042.75 3.6036
6042.80 3.6036
6042.85 3.6037
6042.90 3.6037
6042.95 3.6037
6043.00 3.6037
6043.05 3.6037
6043.10 3.6038
6043.15 3.6038
6043.20 3.6038
6043.25 3.6038
6043.30 3.6038
6043.35 3.6038
6043.40 3.6039
6043.45 3.6039
6043.50 3.6039
6043.55 3.6039
6043.60 3.6039
6043.65 3.6039
6043.70 3.6039
6043.75 3.6040
6043.80 3.6040
6043.85 3.6040
6043.90 3.6040
6043.95 3.6040
6044.00 3.6040
6044.05 3.6040
6044.10 3.6040
6044.15 3.6041
6044.20 3.6041
6044.25 3.6041
6044.30 3.6041
6044.35 3.6041
6044.40 3.6041
6044.45 3.6041
6044.50 3.6041
6044.55 3.6041
6044.60 3.6042
6044.65 3.6042
6044.70 3.6042
6044.75 3.6042
6044.80 3.6042
6044.85 3.6042
6044.90 3.6042
6044.95 3.6042
6045.00 3.6042
6045.05 3.6042
6045.10 3.6042
6045.15 3.6042
6045.20 3.6043
6045.25 3.6043
6045.30 3.6043
6045.35 3.6043
6045.40 3.6043
6045.45 3.6043
6045.50 3.6043
6045.55 3.6043
6045.60 3.6043
6045.65 3.6043
6045.70 3.6043
6045.75 3.6043
6045.80 3.6043
6045.85 3.6043
6045.90 3.6043
6045.95 3.6043
6046.00 3.6043
6046.05 3.6043
6046.10 3.6043
6046.15 3.6043
6046.20 3.6043
6046.25 3.6043
6046.30 3.6043
6046.35 3.6043
6046.40 3.6044
6046.45 3.6044
6046.50 3.6044
6046.55 3.6044
6046.60 3.6044
6046.65 3.6044
6046.70 3.6044
6046.75 3.6044
6046.80 3.6044
6046.85 3.6044
6046.90 3.6044
6046.95 3.6044
6047.00 3.6043
6047.05 3.6043
6047.10 3.6043
6047.15 3.6043
6047.20 3.6043
6047.25 3.6043
6047.30 3.6043
6047.35 3.6043
6047.40 3.6043
6047.45 3.6043
6047.50 3.6043
6047.55 3.6043
6047.60 3.6043
6047.65 3.6043
6047.70 3.6043
6047.75 3.6043
6047.80 3.6043
6047.85 3.6043
6047.90 3.6043
6047.95 3.6043
6048.00 3.6043
6048.05 3.6043
6048.10 3.6043
6048.15 3.6043
6048.20 3.6043
6048.25 3.6042
6048.30 3.6042
6048.35 3.6042
6048.40 3.6042
6048.45 3.6042
6048.50 3.6042
6048.55 3.6042
6048.60 3.6042
6048.65 3.6042
6048.70 3.6042
6048.75 3.6042
6048.80 3.6042
6048.85 3.6041
6048.90 3.6041
6048.95 3.6041
6049.00 3.6041
6049.05 3.6041
6049.10 3.6041
6049.15 3.6041
6049.20 3.6041
6049.25 3.6041
6049.30 3.6041
6049.35 3.6040
6049.40 3.6040
6049.45 3.6040
6049.50 3.6040
6049.55 3.6040
6049.60 3.6040
6049.65 3.6040
6049.70 3.6040
6049.75 3.6039
6049.80 3.6039
6049.85 3.6039
6049.90 3.6039
6049.95 3.6039
6050.00 3.6039
6050.05 3.6039
6050.10 3.6039
6050.15 3.6038
6050.20 3.6038
6050.25 3.6038
6050.30 3.6038
6050.35 3.6038
6050.40 3.6038
6050.45 3.6038
6050.50 3.6037
6050.55 3.6037
6050.60 3.6037
6050.65 3.6037
6050.70 3.6037
6050.75 3.6037
6050.80 3.6036
6050.85 3.6036
6050.90 3.6036
6050.95 3.6036
6051.00 3.6036
6051.05 3.6036
6051.10 3.6035
6051.15 3.6035
6051.20 3.6035
6051.25 3.6035
6051.30 3.6035
6051.35 3.6034
6051.40 3.6034
6051.45 3.6034
6051.50 3.6034
6051.55 3.6034
6051.60 3.6033
6051.65 3.6033
6051.70 3.6033
6051.75 3.6033
6051.80 3.6033
6051.85 3.6032
6051.90 3.6032
6051.95 3.6032
6052.00 3.6032
6052.05 3.6032
6052.10 3.6031
6052.15 3.6031
6052.20 3.6031
6052.25 3.6031
6052.30 3.6030
6052.35 3.6030
6052.40 3.6030
6052.45 3.6030
6052.50 3.6030
6052.55 3.6029
6052.60 3.6029
6052.65 3.6029
6052.70 3.6029
6052.75 3.6028
6052.80 3.6028
6052.85 3.6028
6052.90 3.6028
6052.95 3.6027
6053.00 3.6027
6053.05 3.6027
6053.10 3.6027
6053.15 3.6026
6053.20 3.6026
6053.25 3.6026
6053.30 3.6026
6053.35 3.6025
6053.40 3.6025
6053.45 3.6025
6053.50 3.6025
6053.55 3.6024
6053.60 3.6024
6053.65 3.6024
6053.70 3.6024
6053.75 3.6023
6053.80 3.6023
6053.85 3.6023
6053.90 3.6022
6053.95 3.6022
6054.00 3.6022
6054.05 3.6022
6054.10 3.6021
6054.15 3.6021
6054.20 3.6021
6054.25 3.6021
6054.30 3.6020
6054.35 3.6020
6054.40 3.6020
6054.45 3.6019
6054.50 3.6019
6054.55 3.6019
6054.60 3.6018
6054.65 3.6018
6054.70 3.6018
6054.75 3.6018
6054.80 3.6017
6054.85 3.6017
6054.90 3.6017
6054.95 3.6016
6055.00 3.6016
6055.05 3.6016
6055.10 3.6015
6055.15 3.6015
6055.20 3.6015
6055.25 3.6014
6055.30 3.6014
6055.35 3.6014
6055.40 3.6013
6055.45 3.6013
6055.50 3.6013
6055.55 3.6013
6055.60 3.6012
6055.65 3.6012
6055.70 3.6012
6055.75 3.6011
6055.80 3.6011
6055.85 3.6011
6055.90 3.6010
6055.95 3.6010
6056.00 3.6009
6056.05 3.6009
6056.10 3.6009
6056.15 3.6008
6056.20 3.6008
6056.25 3.6008
6056.30 3.6007
6056.35 3.6007
6056.40 3.6007
6056.45 3.6006
6056.50 3.6006
6056.55 3.6006
6056.60 3.6005
6056.65 3.6005
6056.70 3.6005
6056.75 3.6004
6056.80 3.6004
6056.85 3.6003
6056.90 3.6003
6056.95 3.6003
6057.00 3.6002
6057.05 3.6002
6057.10 3.6002
6057.15 3.6001
6057.20 3.6001
6057.25 3.6001
6057.30 3.6000
6057.35 3.6000
6057.40 3.5999
6057.45 3.5999
6057.50 3.5999
6057.55 3.5998
6057.60 3.5998
6057.65 3.5997
6057.70 3.5997
6057.75 3.5997
6057.80 3.5996
6057.85 3.5996
6057.90 3.5996
6057.95 3.5995
6058.00 3.5995
6058.05 3.5994
6058.10 3.5994
6058.15 3.5994
6058.20 3.5993
6058.25 3.5993
6058.30 3.5992
6058.35 3.5992
6058.40 3.5992
6058.45 3.5991
6058.50 3.5991
6058.55 3.5990
6058.60 3.5990
6058.65 3.5989
6058.70 3.5989
6058.75 3.5989
6058.80 3.5988
6058.85 3.5988
6058.90 3.5987
6058.95 3.5987
6059.00 3.5987
6059.05 3.5986
6059.10 3.5986
6059.15 3.5985
6059.20 3.5985
6059.25 3.5984
6059.30 3.5984
6059.35 3.5984
6059.40 3.5983
6059.45 3.5983
6059.50 3.5982
6059.55 3.5982
6059.60 3.5981
6059.65 3.5981
6059.70 3.5981
6059.75 3.5980
6059.80 3.5980
6059.85 3.5979
6059.90 3.5979
6059.95 3.5978
6060.00 3.5978
6060.05 3.5977
6060.10 3.5977
6060.15 3.5977
6060.20 3.5976
6060.25 3.5976
6060.30 3.5975
6060.35 3.5975
6060.40 3.5974
6060.45 3.5974
6060.50 3.5973
6060.55 3.5973
6060.60 3.5972
6060.65 3.5972
6060.70 3.5972
6060.75 3.5971
6060.80 3.5971
6060.85 3.5970
6060.90 3.5970
6060.95 3.5969
6061.00 3.5969
6061.05 3.5968
6061.10 3.5968
6061.15 3.5967
6061.20 3.5967
6061.25 3.5966
6061.30 3.5966
6061.35 3.5965
6061.40 3.5965
6061.45 3.5964
6061.50 3.5964
6061.55 3.5963
6061.60 3.5963
6061.65 3.5963
6061.70 3.5962
6061.75 3.5962
6061.80 3.5961
6061.85 3.5961
6061.90 3.5960
6061.95 3.5960
6062.00 3.5959
6062.05 3.5959
6062.10 3.5958
6062.15 3.5958
6062.20 3.5957
6062.25 3.5957
6062.30 3.5956
6062.35 3.5956
6062.40 3.5955
6062.45 3.5955
6062.50 3.5954
6062.55 3.5954
6062.60 3.5953
6062.65 3.5953
6062.70 3.5952
6062.75 3.5952
6062.80 3.5951
6062.85 3.5951
6062.90 3.5950
6062.95 3.5950
6063.00 3.5949
6063.05 3.5949
6063.10 3.5948
6063.15 3.5948
6063.20 3.5947
6063.25 3.5947
6063.30 3.5946
6063.35 3.5945
6063.40 3.5945
6063.45 3.5944
6063.50 3.5944
6063.55 3.5943
6063.60 3.5943
6063.65 3.5942
6063.70 3.5942
6063.75 3.5941
6063.80 3.5941
6063.85 3.5940
6063.90 3.5940
6063.95 3.5939
6064.00 3.5939
6064.05 3.5938
6064.10 3.5938
6064.15 3.5937
6064.20 3.5937
6064.25 3.5936
6064.30 3.5935
6064.35 3.5935
6064.40 3.5934
6064.45 3.5934
6064.50 3.5933
6064.55 3.5933
6064.60 3.5932
6064.65 3.5932
6064.70 3.5931
6064.75 3.5931
6064.80 3.5930
6064.85 3.5930
6064.90 3.5929
6064.95 3.5928
6065.00 3.5928
6065.05 3.5927
6065.10 3.5927
6065.15 3.5926
6065.20 3.5926
6065.25 3.5925
6065.30 3.5925
6065.35 3.5924
6065.40 3.5923
6065.45 3.5923
6065.50 3.5922
6065.55 3.5922
6065.60 3.5921
6065.65 3.5921
6065.70 3.5920
6065.75 3.5920
6065.80 3.5919
6065.85 3.5918
6065.90 3.5918
6065.95 3.5917
6066.00 3.5917
6066.05 3.5916
6066.10 3.5916
6066.15 3.5915
6066.20 3.5914
6066.25 3.5914
6066.30 3.5913
6066.35 3.5913
6066.40 3.5912
6066.45 3.5912
6066.50 3.5911
6066.55 3.5910
6066.60 3.5910
6066.65 3.5909
6066.70 3.5909
6066.75 3.5908
6066.80 3.5908
6066.85 3.5907
6066.90 3.5906
6066.95 3.5906
6067.00 3.5905
6067.05 3.5905
6067.10 3.5904
6067.15 3.5904
6067.20 3.5903
6067.25 3.5902
6067.30 3.5902
6067.35 3.5901
6067.40 3.5901
6067.45 3.5900
6067.50 3.5899
6067.55 3.5899
6067.60 3.5898
6067.65 3.5898
6067.70 3.5897
6067.75 3.5896
6067.80 3.5896
6067.85 3.5895
6067.90 3.5895
6067.95 3.5894
6068.00 3.5894
6068.05 3.5893
6068.10 3.5892
6068.15 3.5892
6068.20 3.5891
6068.25 3.5891
6068.30 3.5890
6068.35 3.5889
6068.40 3.5889
6068.45 3.5888
6068.50 3.5888
6068.55 3.5887
6068.60 3.5886
6068.65 3.5886
6068.70 3.5885
6068.75 3.5885
6068.80 3.5884
6068.85 3.5883
6068.90 3.5883
6068.95 3.5882
6069.00 3.5881
6069.05 3.5881
6069.10 3.5880
6069.15 3.5880
6069.20 3.5879
6069.25 3.5878
6069.30 3.5878
6069.35 3.5877
6069.40 3.5877
6069.45 3.5876
6069.50 3.5875
6069.55 3.5875
6069.60 3.5874
6069.65 3.5873
6069.70 3.5873
6069.75 3.5872
6069.80 3.5872
6069.85 3.5871
6069.90 3.5870
6069.95 3.5870
6070.00 3.5869
6070.05 3.5869
6070.10 3.5868
6070.15 3.5867
6070.20 3.5867
6070.25 3.5866
6070.30 3.5865
6070.35 3.5865
6070.40 3.5864
6070.45 3.5864
6070.50 3.5863
6070.55 3.5862
6070.60 3.5862
6070.65 3.5861
6070.70 3.5860
6070.75 3.5860
6070.80 3.5859
6070.85 3.5858
6070.90 3.5858
6070.95 3.5857
6071.00 3.5857
6071.05 3.5856
6071.10 3.5855
6071.15 3.5855
6071.20 3.5854
6071.25 3.5853
6071.30 3.5853
6071.35 3.5852
6071.40 3.5851
6071.45 3.5851
6071.50 3.5850
6071.55 3.5850
6071.60 3.5849
6071.65 3.5848
6071.70 3.5848
6071.75 3.5847
6071.80 3.5846
6071.85 3.5846
6071.90 3.5845
6071.95 3.5844
6072.00 3.5844
6072.05 3.5843
6072.10 3.5842
6072.15 3.5842
6072.20 3.5841
6072.25 3.5841
6072.30 3.5840
6072.35 3.5839
6072.40 3.5839
6072.45 3.5838
6072.50 3.5837
6072.55 3.5837
6072.60 3.5836
6072.65 3.5835
6072.70 3.5835
6072.75 3.5834
6072.80 3.5833
6072.85 3.5833
6072.90 3.5832
6072.95 3.5831
6073.00 3.5831
6073.05 3.5830
6073.10 3.5829
6073.15 3.5829
6073.20 3.5828
6073.25 3.5827
6073.30 3.5827
6073.35 3.5826
6073.40 3.5825
6073.45 3.5825
6073.50 3.5824
6073.55 3.5824
6073.60 3.5823
6073.65 3.5822
6073.70 3.5822
6073.75 3.5821
6073.80 3.5820
6073.85 3.5820
6073.90 3.5819
6073.95 3.5818
6074.00 3.5818
6074.05 3.5817
6074.10 3.5816
6074.15 3.5816
6074.20 3.5815
6074.25 3.5814
6074.30 3.5814
6074.35 3.5813
6074.40 3.5812
6074.45 3.5812
6074.50 3.5811
6074.55 3.5810
6074.60 3.5810
6074.65 3.5809
6074.70 3.5808
6074.75 3.5808
6074.80 3.5807
6074.85 3.5806
6074.90 3.5805
6074.95 3.5805
6075.00 3.5804
6075.05 3.5803
6075.10 3.5803
6075.15 3.5802
6075.20 3.5801
6075.25 3.5801
6075.30 3.5800
6075.35 3.5799
6075.40 3.5799
6075.45 3.5798
6075.50 3.5797
6075.55 3.5797
6075.60 3.5796
6075.65 3.5795
6075.70 3.5795
6075.75 3.5794
6075.80 3.5793
6075.85 3.5793
6075.90 3.5792
6075.95 3.5791
6076.00 3.5791
6076.05 3.5790
6076.10 3.5789
6076.15 3.5789
6076.20 3.5788
6076.25 3.5787
6076.30 3.5786
6076.35 3.5786
6076.40 3.5785
6076.45 3.5784
6076.50 3.5784
6076.55 3.5783
6076.60 3.5782
6076.65 3.5782
6076.70 3.5781
6076.75 3.5780
6076.80 3.5780
6076.85 3.5779
6076.90 3.5778
6076.95 3.5778
6077.00 3.5777
6077.05 3.5776
6077.10 3.5775
6077.15 3.5775
6077.20 3.5774
6077.25 3.5773
6077.30 3.5773
6077.35 3.5772
6077.40 3.5771
6077.45 3.5771
6077.50 3.5770
6077.55 3.5769
6077.60 3.5769
6077.65 3.5768
6077.70 3.5767
6077.75 3.5766
6077.80 3.5766
6077.85 3.5765
6077.90 3.5764
6077.95 3.5764
6078.00 3.5763
6078.05 3.5762
6078.10 3.5762
6078.15 3.5761
6078.20 3.5760
6078.25 3.5760
6078.30 3.5759
6078.35 3.5758
6078.40 3.5757
6078.45 3.5757
6078.50 3.5756
6078.55 3.5755
6078.60 3.5755
6078.65 3.5754
6078.70 3.5753
6078.75 3.5753
6078.80 3.5752
6078.85 3.5751
6078.90 3.5750
6078.95 3.5750
6079.00 3.5749
6079.05 3.5748
6079.10 3.5748
6079.15 3.5747
6079.20 3.5746
6079.25 3.5746
6079.30 3.5745
6079.35 3.5744
6079.40 3.5743
6079.45 3.5743
6079.50 3.5742
6079.55 3.5741
6079.60 3.5741
6079.65 3.5740
6079.70 3.5739
6079.75 3.5738
6079.80 3.5738
6079.85 3.5737
6079.90 3.5736
6079.95 3.5736
6080.00 3.5735
6080.05 3.5734
6080.10 3.5734
6080.15 3.5733
6080.20 3.5732
6080.25 3.5731
6080.30 3.5731
6080.35 3.5730
6080.40 3.5729
6080.45 3.5729
6080.50 3.5728
6080.55 3.5727
6080.60 3.5726
6080.65 3.5726
6080.70 3.5725
6080.75 3.5724
6080.80 3.5724
6080.85 3.5723
6080.90 3.5722
6080.95 3.5721
6081.00 3.5721
6081.05 3.5720
6081.10 3.5719
6081.15 3.5719
6081.20 3.5718
6081.25 3.5717
6081.30 3.5716
6081.35 3.5716
6081.40 3.5715
6081.45 3.5714
6081.50 3.5714
6081.55 3.5713
6081.60 3.5712
6081.65 3.5711
6081.70 3.5711
6081.75 3.5710
6081.80 3.5709
6081.85 3.5709
6081.90 3.5708
6081.95 3.5707
6082.00 3.5706
6082.05 3.5706
6082.10 3.5705
6082.15 3.5704
6082.20 3.5704
6082.25 3.5703
6082.30 3.5702
6082.35 3.5701
6082.40 3.5701
6082.45 3.5700
6082.50 3.5699
6082.55 3.5699
6082.60 3.5698
6082.65 3.5697
6082.70 3.5696
6082.75 3.5696
6082.80 3.5695
6082.85 3.5694
6082.90 3.5693
6082.95 3.5693
6083.00 3.5692
6083.05 3.5691
6083.10 3.5691
6083.15 3.5690
6083.20 3.5689
6083.25 3.5688
6083.30 3.5688
6083.35 3.5687
6083.40 3.5686
6083.45 3.5686
6083.50 3.5685
6083.55 3.5684
6083.60 3.5683
6083.65 3.5683
6083.70 3.5682
6083.75 3.5681
6083.80 3.5680
6083.85 3.5680
6083.90 3.5679
6083.95 3.5678
6084.00 3.5678
6084.05 3.5677
6084.10 3.5676
6084.15 3.5675
6084.20 3.5675
6084.25 3.5674
6084.30 3.5673
6084.35 3.5672
6084.40 3.5672
6084.45 3.5671
6084.50 3.5670
6084.55 3.5670
6084.60 3.5669
6084.65 3.5668
6084.70 3.5667
6084.75 3.5667
6084.80 3.5666
6084.85 3.5665
6084.90 3.5664
6084.95 3.5664
6085.00 3.5663
6085.05 3.5662
6085.10 3.5662
6085.15 3.5661
6085.20 3.5660
6085.25 3.5659
6085.30 3.5659
6085.35 3.5658
6085.40 3.5657
6085.45 3.5656
6085.50 3.5656
6085.55 3.5655
6085.60 3.5654
6085.65 3.5654
6085.70 3.5653
6085.75 3.5652
6085.80 3.5651
6085.85 3.5651
6085.90 3.5650
6085.95 3.5649
6086.00 3.5648
6086.05 3.5648
6086.10 3.5647
6086.15 3.5646
6086.20 3.5645
6086.25 3.5645
6086.30 3.5644
6086.35 3.5643
6086.40 3.5643
6086.45 3.5642
6086.50 3.5641
6086.55 3.5640
6086.60 3.5640
6086.65 3.5639
6086.70 3.5638
6086.75 3.5637
6086.80 3.5637
6086.85 3.5636
6086.90 3.5635
6086.95 3.5634
6087.00 3.5634
6087.05 3.5633
6087.10 3.5632
6087.15 3.5632
6087.20 3.5631
6087.25 3.5630
6087.30 3.5629
6087.35 3.5629
6087.40 3.5628
6087.45 3.5627
6087.50 3.5626
6087.55 3.5626
6087.60 3.5625
6087.65 3.5624
6087.70 3.5623
6087.75 3.5623
6087.80 3.5622
6087.85 3.5621
6087.90 3.5620
6087.95 3.5620
6088.00 3.5619
6088.05 3.5618
6088.10 3.5618
6088.15 3.5617
6088.20 3.5616
6088.25 3.5615
6088.30 3.5615
6088.35 3.5614
6088.40 3.5613
6088.45 3.5612
6088.50 3.5612
6088.55 3.5611
6088.60 3.5610
6088.65 3.5609
6088.70 3.5609
6088.75 3.5608
6088.80 3.5607
6088.85 3.5606
6088.90 3.5606
6088.95 3.5605
6089.00 3.5604
6089.05 3.5604
6089.10 3.5603
6089.15 3.5602
6089.20 3.5601
6089.25 3.5601
6089.30 3.5600
6089.35 3.5599
6089.40 3.5598
6089.45 3.5598
6089.50 3.5597
6089.55 3.5596
6089.60 3.5595
6089.65 3.5595
6089.70 3.5594
6089.75 3.5593
6089.80 3.5592
6089.85 3.5592
6089.90 3.5591
6089.95 3.5590
6090.00 3.5589
6090.05 3.5589
6090.10 3.5588
6090.15 3.5587
6090.20 3.5586
6090.25 3.5586
6090.30 3.5585
6090.35 3.5584
6090.40 3.5583
6090.45 3.5583
6090.50 3.5582
6090.55 3.5581
6090.60 3.5581
6090.65 3.5580
6090.70 3.5579
6090.75 3.5578
6090.80 3.5578
6090.85 3.5577
6090.90 3.5576
6090.95 3.5575
6091.00 3.5575
6091.05 3.5574
6091.10 3.5573
6091.15 3.5572
6091.20 3.5572
6091.25 3.5571
6091.30 3.5570
6091.35 3.5569
6091.40 3.5569
6091.45 3.5568
6091.50 3.5567
6091.55 3.5566
6091.60 3.5566
6091.65 3.5565
6091.70 3.5564
6091.75 3.5563
6091.80 3.5563
6091.85 3.5562
6091.90 3.5561
6091.95 3.5560
6092.00 3.5560
6092.05 3.5559
6092.10 3.5558
6092.15 3.5557
6092.20 3.5557
6092.25 3.5556
6092.30 3.5555
6092.35 3.5554
6092.40 3.5554
6092.45 3.5553
6092.50 3.5552
6092.55 3.5551
6092.60 3.5551
6092.65 3.5550
6092.70 3.5549
6092.75 3.5548
6092.80 3.5548
6092.85 3.5547
6092.90 3.5546
6092.95 3.5545
6093.00 3.5545
6093.05 3.5544
6093.10 3.5543
6093.15 3.5542
6093.20 3.5542
6093.25 3.5541
6093.30 3.5540
6093.35 3.5539
6093.40 3.5539
6093.45 3.5538
6093.50 3.5537
6093.55 3.5536
6093.60 3.5536
6093.65 3.5535
6093.70 3.5534
6093.75 3.5533
6093.80 3.5533
6093.85 3.5532
6093.90 3.5531
6093.95 3.5530
6094.00 3.5530
6094.05 3.5529
6094.10 3.5528
6094.15 3.5527
6094.20 3.5527
6094.25 3.5526
6094.30 3.5525
6094.35 3.5524
6094.40 3.5524
6094.45 3.5523
6094.50 3.5522
6094.55 3.5521
6094.60 3.5521
6094.65 3.5520
6094.70 3.5519
6094.75 3.5518
6094.80 3.5518
6094.85 3.5517
6094.90 3.5516
6094.95 3.5515
6095.00 3.5515
6095.05 3.5514
6095.10 3.5513
6095.15 3.5512
6095.20 3.5512
6095.25 3.5511
6095.30 3.5510
6095.35 3.5509
6095.40 3.5509
6095.45 3.5508
6095.50 3.5507
6095.55 3.5506
6095.60 3.5506
6095.65 3.5505
6095.70 3.5504
6095.75 3.5503
6095.80 3.5503
6095.85 3.5502
6095.90 3.5501
6095.95 3.5500
6096.00 3.5500
6096.05 3.5499
6096.10 3.5498
6096.15 3.5497
6096.20 3.5497
6096.25 3.5496
6096.30 3.5495
6096.35 3.5494
6096.40 3.5494
6096.45 3.5493
6096.50 3.5492
6096.55 3.5491
6096.60 3.5491
6096.65 3.5490
6096.70 3.5489
6096.75 3.5488
6096.80 3.5488
6096.85 3.5487
6096.90 3.5486
6096.95 3.5485
6097.00 3.5485
6097.05 3.5484
6097.10 3.5483
6097.15 3.5482
6097.20 3.5482
6097.25 3.5481
6097.30 3.5480
6097.35 3.5479
6097.40 3.5478
6097.45 3.5478
6097.50 3.5477
6097.55 3.5476
6097.60 3.5475
6097.65 3.5475
6097.70 3.5474
6097.75 3.5473
6097.80 3.5472
6097.85 3.5472
6097.90 3.5471
6097.95 3.5470
6098.00 3.5469
6098.05 3.5469
6098.10 3.5468
6098.15 3.5467
6098.20 3.5466
6098.25 3.5466
6098.30 3.5465
6098.35 3.5464
6098.40 3.5463
6098.45 3.5463
6098.50 3.5462
6098.55 3.5461
6098.60 3.5460
6098.65 3.5460
6098.70 3.5459
6098.75 3.5458
6098.80 3.5457
6098.85 3.5456
6098.90 3.5456
6098.95 3.5455
6099.00 3.5454
6099.05 3.5453
6099.10 3.5453
6099.15 3.5452
6099.20 3.5451
6099.25 3.5450
6099.30 3.5450
6099.35 3.5449
6099.40 3.5448
6099.45 3.5447
6099.50 3.5447
6099.55 3.5446
6099.60 3.5445
6099.65 3.5444
6099.70 3.5443
6099.75 3.5443
6099.80 3.5442
6099.85 3.5441
6099.90 3.5440
6099.95 3.5440
6100.00 3.5439
6100.05 3.5438
6100.10 3.5437
6100.15 3.5437
6100.20 3.5436
6100.25 3.5435
6100.30 3.5434
6100.35 3.5434
6100.40 3.5433
6100.45 3.5432
6100.50 3.5431
6100.55 3.5430
6100.60 3.5430
6100.65 3.5429
6100.70 3.5428
6100.75 3.5427
6100.80 3.5427
6100.85 3.5426
6100.90 3.5425
6100.95 3.5424
6101.00 3.5424
6101.05 3.5423
6101.10 3.5422
6101.15 3.5421
6101.20 3.5421
6101.25 3.5420
6101.30 3.5419
6101.35 3.5418
6101.40 3.5417
6101.45 3.5417
6101.50 3.5416
6101.55 3.5415
6101.60 3.5414
6101.65 3.5414
6101.70 3.5413
6101.75 3.5412
6101.80 3.5411
6101.85 3.5411
6101.90 3.5410
6101.95 3.5409
6102.00 3.5408
6102.05 3.5407
6102.10 3.5407
6102.15 3.5406
6102.20 3.5405
6102.25 3.5404
6102.30 3.5404
6102.35 3.5403
6102.40 3.5402
6102.45 3.5401
6102.50 3.5400
6102.55 3.5400
6102.60 3.5399
6102.65 3.5398
6102.70 3.5397
6102.75 3.5397
6102.80 3.5396
6102.85 3.5395
6102.90 3.5394
6102.95 3.5393
6103.00 3.5393
6103.05 3.5392
6103.10 3.5391
6103.15 3.5390
6103.20 3.5390
6103.25 3.5389
6103.30 3.5388
6103.35 3.5387
6103.40 3.5387
6103.45 3.5386
6103.50 3.5385
6103.55 3.5384
6103.60 3.5383
6103.65 3.5383
6103.70 3.5382
6103.75 3.5381
6103.80 3.5380
6103.85 3.5380
6103.90 3.5379
6103.95 3.5378
6104.00 3.5377
6104.05 3.5376
6104.10 3.5376
6104.15 3.5375
6104.20 3.5374
6104.25 3.5373
6104.30 3.5372
6104.35 3.5372
6104.40 3.5371
6104.45 3.5370
6104.50 3.5369
6104.55 3.5369
6104.60 3.5368
6104.65 3.5367
6104.70 3.5366
6104.75 3.5365
6104.80 3.5365
6104.85 3.5364
6104.90 3.5363
6104.95 3.5362
6105.00 3.5362
6105.05 3.5361
6105.10 3.5360
6105.15 3.5359
6105.20 3.5358
6105.25 3.5358
6105.30 3.5357
6105.35 3.5356
6105.40 3.5355
6105.45 3.5354
6105.50 3.5354
6105.55 3.5353
6105.60 3.5352
6105.65 3.5351
6105.70 3.5351
6105.75 3.5350
6105.80 3.5349
6105.85 3.5348
6105.90 3.5347
6105.95 3.5347
6106.00 3.5346
6106.05 3.5345
6106.10 3.5344
6106.15 3.5343
6106.20 3.5343
6106.25 3.5342
6106.30 3.5341
6106.35 3.5340
6106.40 3.5339
6106.45 3.5339
6106.50 3.5338
6106.55 3.5337
6106.60 3.5336
6106.65 3.5335
6106.70 3.5335
6106.75 3.5334
6106.80 3.5333
6106.85 3.5332
6106.90 3.5332
6106.95 3.5331
6107.00 3.5330
6107.05 3.5329
6107.10 3.5328
6107.15 3.5328
6107.20 3.5327
6107.25 3.5326
6107.30 3.5325
6107.35 3.5324
6107.40 3.5324
6107.45 3.5323
6107.50 3.5322
6107.55 3.5321
6107.60 3.5320
6107.65 3.5320
6107.70 3.5319
6107.75 3.5318
6107.80 3.5317
6107.85 3.5316
6107.90 3.5316
6107.95 3.5315
6108.00 3.5314
6108.05 3.5313
6108.10 3.5312
6108.15 3.5312
6108.20 3.5311
6108.25 3.5310
6108.30 3.5309
6108.35 3.5308
6108.40 3.5308
6108.45 3.5307
6108.50 3.5306
6108.55 3.5305
6108.60 3.5304
6108.65 3.5304
6108.70 3.5303
6108.75 3.5302
6108.80 3.5301
6108.85 3.5300
6108.90 3.5299
6108.95 3.5299
6109.00 3.5298
6109.05 3.5297
6109.10 3.5296
6109.15 3.5295
6109.20 3.5295
6109.25 3.5294
6109.30 3.5293
6109.35 3.5292
6109.40 3.5291
6109.45 3.5291
6109.50 3.5290
6109.55 3.5289
6109.60 3.5288
6109.65 3.5287
6109.70 3.5286
6109.75 3.5286
6109.80 3.5285
6109.85 3.5284
6109.90 3.5283
6109.95 3.5282
6110.00 3.5282
6110.05 3.5281
6110.10 3.5280
6110.15 3.5279
6110.20 3.5278
6110.25 3.5278
6110.30 3.5277
6110.35 3.5276
6110.40 3.5275
6110.45 3.5274
6110.50 3.5273
6110.55 3.5273
6110.60 3.5272
6110.65 3.5271
6110.70 3.5270
6110.75 3.5269
6110.80 3.5268
6110.85 3.5268
6110.90 3.5267
6110.95 3.5266
6111.00 3.5265
6111.05 3.5264
6111.10 3.5264
6111.15 3.5263
6111.20 3.5262
6111.25 3.5261
6111.30 3.5260
6111.35 3.5259
6111.40 3.5259
6111.45 3.5258
6111.50 3.5257
6111.55 3.5256
6111.60 3.5255
6111.65 3.5254
6111.70 3.5254
6111.75 3.5253
6111.80 3.5252
6111.85 3.5251
6111.90 3.5250
6111.95 3.5249
6112.00 3.5249
6112.05 3.5248
6112.10 3.5247
6112.15 3.5246
6112.20 3.5245
6112.25 3.5244
6112.30 3.5244
6112.35 3.5243
6112.40 3.5242
6112.45 3.5241
6112.50 3.5240
6112.55 3.5239
6112.60 3.5239
6112.65 3.5238
6112.70 3.5237
6112.75 3.5236
6112.80 3.5235
6112.85 3.5234
6112.90 3.5234
6112.95 3.5233
6113.00 3.5232
6113.05 3.5231
6113.10 3.5230
6113.15 3.5229
6113.20 3.5228
6113.25 3.5228
6113.30 3.5227
6113.35 3.5226
6113.40 3.5225
6113.45 3.5224
6113.50 3.5223
6113.55 3.5223
6113.60 3.5222
6113.65 3.5221
6113.70 3.5220
6113.75 3.5219
6113.80 3.5218
6113.85 3.5217
6113.90 3.5217
6113.95 3.5216
6114.00 3.5215
6114.05 3.5214
6114.10 3.5213
6114.15 3.5212
6114.20 3.5211
6114.25 3.5211
6114.30 3.5210
6114.35 3.5209
6114.40 3.5208
6114.45 3.5207
6114.50 3.5206
6114.55 3.5205
6114.60 3.5205
6114.65 3.5204
6114.70 3.5203
6114.75 3.5202
6114.80 3.5201
6114.85 3.5200
6114.90 3.5199
6114.95 3.5199
6115.00 3.5198
6115.05 3.5197
6115.10 3.5196
6115.15 3.5195
6115.20 3.5194
6115.25 3.5193
6115.30 3.5192
6115.35 3.5192
6115.40 3.5191
6115.45 3.5190
6115.50 3.5189
6115.55 3.5188
6115.60 3.5187
6115.65 3.5186
6115.70 3.5186
6115.75 3.5185
6115.80 3.5184
6115.85 3.5183
6115.90 3.5182
6115.95 3.5181
6116.00 3.5180
6116.05 3.5179
6116.10 3.5178
6116.15 3.5178
6116.20 3.5177
6116.25 3.5176
6116.30 3.5175
6116.35 3.5174
6116.40 3.5173
6116.45 3.5172
6116.50 3.5171
6116.55 3.5171
6116.60 3.5170
6116.65 3.5169
6116.70 3.5168
6116.75 3.5167
6116.80 3.5166
6116.85 3.5165
6116.90 3.5164
6116.95 3.5163
6117.00 3.5163
6117.05 3.5162
6117.10 3.5161
6117.15 3.5160
6117.20 3.5159
6117.25 3.5158
6117.30 3.5157
6117.35 3.5156
6117.40 3.5155
6117.45 3.5155
6117.50 3.5154
6117.55 3.5153
6117.60 3.5152
6117.65 3.5151
6117.70 3.5150
6117.75 3.5149
6117.80 3.5148
6117.85 3.5147
6117.90 3.5146
6117.95 3.5146
6118.00 3.5145
6118.05 3.5144
6118.10 3.5143
6118.15 3.5142
6118.20 3.5141
6118.25 3.5140
6118.30 3.5139
6118.35 3.5138
6118.40 3.5137
6118.45 3.5136
6118.50 3.5136
6118.55 3.5135
6118.60 3.5134
6118.65 3.5133
6118.70 3.5132
6118.75 3.5131
6118.80 3.5130
6118.85 3.5129
6118.90 3.5128
6118.95 3.5127
6119.00 3.5126
6119.05 3.5125
6119.10 3.5124
6119.15 3.5124
6119.20 3.5123
6119.25 3.5122
6119.30 3.5121
6119.35 3.5120
6119.40 3.5119
6119.45 3.5118
6119.50 3.5117
6119.55 3.5116
6119.60 3.5115
6119.65 3.5114
6119.70 3.5113
6119.75 3.5112
6119.80 3.5112
6119.85 3.5111
6119.90 3.5110
6119.95 3.5109
6120.00 3.5108
6120.05 3.5107
6120.10 3.5106
6120.15 3.5105
6120.20 3.5104
6120.25 3.5103
6120.30 3.5102
6120.35 3.5101
6120.40 3.5100
6120.45 3.5099
6120.50 3.5098
6120.55 3.5097
6120.60 3.5096
6120.65 3.5096
6120.70 3.5095
6120.75 3.5094
6120.80 3.5093
6120.85 3.5092
6120.90 3.5091
6120.95 3.5090
6121.00 3.5089
6121.05 3.5088
6121.10 3.5087
6121.15 3.5086
6121.20 3.5085
6121.25 3.5084
6121.30 3.5083
6121.35 3.5082
6121.40 3.5081
6121.45 3.5080
6121.50 3.5079
6121.55 3.5078
6121.60 3.5077
6121.65 3.5076
6121.70 3.5075
6121.75 3.5074
6121.80 3.5073
6121.85 3.5073
6121.90 3.5072
6121.95 3.5071
6122.00 3.5070
6122.05 3.5069
6122.10 3.5068
6122.15 3.5067
6122.20 3.5066
6122.25 3.5065
6122.30 3.5064
6122.35 3.5063
6122.40 3.5062
6122.45 3.5061
6122.50 3.5060
6122.55 3.5059
6122.60 3.5058
6122.65 3.5057
6122.70 3.5056
6122.75 3.5055
6122.80 3.5054
6122.85 3.5053
6122.90 3.5052
6122.95 3.5051
6123.00 3.5050
6123.05 3.5049
6123.10 3.5048
6123.15 3.5047
6123.20 3.5046
6123.25 3.5045
6123.30 3.5044
6123.35 3.5043
6123.40 3.5042
6123.45 3.5041
6123.50 3.5040
6123.55 3.5039
6123.60 3.5038
6123.65 3.5037
6123.70 3.5036
6123.75 3.5035
6123.80 3.5034
6123.85 3.5033
6123.90 3.5032
6123.95 3.5031
6124.00 3.5030
6124.05 3.5029
6124.10 3.5028
6124.15 3.5027
6124.20 3.5026
6124.25 3.5025
6124.30 3.5024
6124.35 3.5023
6124.40 3.5022
6124.45 3.5021
6124.50 3.5020
6124.55 3.5019
6124.60 3.5018
6124.65 3.5017
6124.70 3.5016
6124.75 3.5015
6124.80 3.5014
6124.85 3.5013
6124.90 3.5011
6124.95 3.5010
6125.00 3.5009
6125.05 3.5008
6125.10 3.5007
6125.15 3.5006
6125.20 3.5005
6125.25 3.5004
6125.30 3.5003
6125.35 3.5002
6125.40 3.5001
6125.45 3.5000
6125.50 3.4999
6125.55 3.4998
6125.60 3.4997
6125.65 3.4996
6125.70 3.4995
6125.75 3.4994
6125.80 3.4993
6125.85 3.4992
6125.90 3.4991
6125.95 3.4990
6126.00 3.4988
6126.05 3.4987
6126.10 3.4986
6126.15 3.4985
6126.20 3.4984
6126.25 3.4983
6126.30 3.4982
6126.35 3.4981
6126.40 3.4980
6126.45 3.4979
6126.50 3.4978
6126.55 3.4977
6126.60 3.4976
6126.65 3.4975
6126.70 3.4974
6126.75 3.4972
6126.80 3.4971
6126.85 3.4970
6126.90 3.4969
6126.95 3.4968
6127.00 3.4967
6127.05 3.4966
6127.10 3.4965
6127.15 3.4964
6127.20 3.4963
6127.25 3.4962
6127.30 3.4961
6127.35 3.4959
6127.40 3.4958
6127.45 3.4957
6127.50 3.4956
6127.55 3.4955
6127.60 3.4954
6127.65 3.4953
6127.70 3.4952
6127.75 3.4951
6127.80 3.4950
6127.85 3.4948
6127.90 3.4947
6127.95 3.4946
6128.00 3.4945
6128.05 3.4944
6128.10 3.4943
6128.15 3.4942
6128.20 3.4941
6128.25 3.4940
6128.30 3.4938
6128.35 3.4937
6128.40 3.4936
6128.45 3.4935
6128.50 3.4934
6128.55 3.4933
6128.60 3.4932
6128.65 3.4931
6128.70 3.4929
6128.75 3.4928
6128.80 3.4927
6128.85 3.4926
6128.90 3.4925
6128.95 3.4924
6129.00 3.4923
6129.05 3.4922
6129.10 3.4920
6129.15 3.4919
6129.20 3.4918
6129.25 3.4917
6129.30 3.4916
6129.35 3.4915
6129.40 3.4914
6129.45 3.4912
6129.50 3.4911
6129.55 3.4910
6129.60 3.4909
6129.65 3.4908
6129.70 3.4907
6129.75 3.4905
6129.80 3.4904
6129.85 3.4903
6129.90 3.4902
6129.95 3.4901
6130.00 3.4900
6130.05 3.4898
6130.10 3.4897
6130.15 3.4896
6130.20 3.4895
6130.25 3.4894
6130.30 3.4893
6130.35 3.4891
6130.40 3.4890
6130.45 3.4889
6130.50 3.4888
6130.55 3.4887
6130.60 3.4886
6130.65 3.4884
6130.70 3.4883
6130.75 3.4882
6130.80 3.4881
6130.85 3.4880
6130.90 3.4878
6130.95 3.4877
6131.00 3.4876
6131.05 3.4875
6131.10 3.4874
6131.15 3.4872
6131.20 3.4871
6131.25 3.4870
6131.30 3.4869
6131.35 3.4868
6131.40 3.4866
6131.45 3.4865
6131.50 3.4864
6131.55 3.4863
6131.60 3.4862
6131.65 3.4860
6131.70 3.4859
6131.75 3.4858
6131.80 3.4857
6131.85 3.4855
6131.90 3.4854
6131.95 3.4853
6132.00 3.4852
6132.05 3.4851
6132.10 3.4849
6132.15 3.4848
6132.20 3.4847
6132.25 3.4846
6132.30 3.4844
6132.35 3.4843
6132.40 3.4842
6132.45 3.4841
6132.50 3.4839
6132.55 3.4838
6132.60 3.4837
6132.65 3.4836
6132.70 3.4834
6132.75 3.4833
6132.80 3.4832
6132.85 3.4831
6132.90 3.4829
6132.95 3.4828
6133.00 3.4827
6133.05 3.4826
6133.10 3.4824
6133.15 3.4823
6133.20 3.4822
6133.25 3.4821
6133.30 3.4819
6133.35 3.4818
6133.40 3.4817
6133.45 3.4815
6133.50 3.4814
6133.55 3.4813
6133.60 3.4812
6133.65 3.4810
6133.70 3.4809
6133.75 3.4808
6133.80 3.4806
6133.85 3.4805
6133.90 3.4804
6133.95 3.4803
6134.00 3.4801
6134.05 3.4800
6134.10 3.4799
6134.15 3.4797
6134.20 3.4796
6134.25 3.4795
6134.30 3.4793
6134.35 3.4792
6134.40 3.4791
6134.45 3.4790
6134.50 3.4788
6134.55 3.4787
6134.60 3.4786
6134.65 3.4784
6134.70 3.4783
6134.75 3.4782
6134.80 3.4780
6134.85 3.4779
6134.90 3.4778
6134.95 3.4776
6135.00 3.4775
6135.05 3.4774
6135.10 3.4772
6135.15 3.4771
6135.20 3.4770
6135.25 3.4768
6135.30 3.4767
6135.35 3.4766
6135.40 3.4764
6135.45 3.4763
6135.50 3.4762
6135.55 3.4760
6135.60 3.4759
6135.65 3.4757
6135.70 3.4756
6135.75 3.4755
6135.80 3.4753
6135.85 3.4752
6135.90 3.4751
6135.95 3.4749
6136.00 3.4748
6136.05 3.4747
6136.10 3.4745
6136.15 3.4744
6136.20 3.4742
6136.25 3.4741
6136.30 3.4740
6136.35 3.4738
6136.40 3.4737
6136.45 3.4735
6136.50 3.4734
6136.55 3.4733
6136.60 3.4731
6136.65 3.4730
6136.70 3.4728
6136.75 3.4727
6136.80 3.4726
6136.85 3.4724
6136.90 3.4723
6136.95 3.4721
6137.00 3.4720
6137.05 3.4719
6137.10 3.4717
6137.15 3.4716
6137.20 3.4714
6137.25 3.4713
6137.30 3.4712
6137.35 3.4710
6137.40 3.4709
6137.45 3.4707
6137.50 3.4706
6137.55 3.4704
6137.60 3.4703
6137.65 3.4702
6137.70 3.4700
6137.75 3.4699
6137.80 3.4697
6137.85 3.4696
6137.90 3.4694
6137.95 3.4693
6138.00 3.4691
6138.05 3.4690
6138.10 3.4688
6138.15 3.4687
6138.20 3.4686
6138.25 3.4684
6138.30 3.4683
6138.35 3.4681
6138.40 3.4680
6138.45 3.4678
6138.50 3.4677
6138.55 3.4675
6138.60 3.4674
6138.65 3.4672
6138.70 3.4671
6138.75 3.4669
6138.80 3.4668
6138.85 3.4666
6138.90 3.4665
6138.95 3.4663
6139.00 3.4662
6139.05 3.4660
6139.10 3.4659
6139.15 3.4657
6139.20 3.4656
6139.25 3.4654
6139.30 3.4653
6139.35 3.4651
6139.40 3.4650
6139.45 3.4648
6139.50 3.4647
6139.55 3.4645
6139.60 3.4644
6139.65 3.4642
6139.70 3.4641
6139.75 3.4639
6139.80 3.4638
6139.85 3.4636
6139.90 3.4635
6139.95 3.4633
6140.00 3.4631
6140.05 3.4630
6140.10 3.4628
6140.15 3.4627
6140.20 3.4625
6140.25 3.4624
6140.30 3.4622
6140.35 3.4621
6140.40 3.4619
6140.45 3.4617
6140.50 3.4616
6140.55 3.4614
6140.60 3.4613
6140.65 3.4611
6140.70 3.4610
6140.75 3.4608
6140.80 3.4606
6140.85 3.4605
6140.90 3.4603
6140.95 3.4602
6141.00 3.4600
6141.05 3.4598
6141.10 3.4597
6141.15 3.4595
6141.20 3.4594
6141.25 3.4592
6141.30 3.4590
6141.35 3.4589
6141.40 3.4587
6141.45 3.4586
6141.50 3.4584
6141.55 3.4582
6141.60 3.4581
6141.65 3.4579
6141.70 3.4578
6141.75 3.4576
6141.80 3.4574
6141.85 3.4573
6141.90 3.4571
6141.95 3.4569
6142.00 3.4568
6142.05 3.4566
6142.10 3.4564
6142.15 3.4563
6142.20 3.4561
6142.25 3.4560
6142.30 3.4558
6142.35 3.4556
6142.40 3.4555
6142.45 3.4553
6142.50 3.4551
6142.55 3.4550
6142.60 3.4548
6142.65 3.4546
6142.70 3.4545
6142.75 3.4543
6142.80 3.4541
6142.85 3.4540
6142.90 3.4538
6142.95 3.4536
6143.00 3.4534
6143.05 3.4533
6143.10 3.4531
6143.15 3.4529
6143.20 3.4528
6143.25 3.4526
6143.30 3.4524
6143.35 3.4523
6143.40 3.4521
6143.45 3.4519
6143.50 3.4517
6143.55 3.4516
6143.60 3.4514
6143.65 3.4512
6143.70 3.4510
6143.75 3.4509
6143.80 3.4507
6143.85 3.4505
6143.90 3.4504
6143.95 3.4502
6144.00 3.4500
6144.05 3.4498
6144.10 3.4497
6144.15 3.4495
6144.20 3.4493
6144.25 3.4491
6144.30 3.4490
6144.35 3.4488
6144.40 3.4486
6144.45 3.4484
6144.50 3.4482
6144.55 3.4481
6144.60 3.4479
6144.65 3.4477
6144.70 3.4475
6144.75 3.4474
6144.80 3.4472
6144.85 3.4470
6144.90 3.4468
6144.95 3.4466
6145.00 3.4465
6145.05 3.4463
6145.10 3.4461
6145.15 3.4459
6145.20 3.4457
6145.25 3.4456
6145.30 3.4454
6145.35 3.4452
6145.40 3.4450
6145.45 3.4448
6145.50 3.4446
6145.55 3.4445
6145.60 3.4443
6145.65 3.4441
6145.70 3.4439
6145.75 3.4437
6145.80 3.4435
6145.85 3.4434
6145.90 3.4432
6145.95 3.4430
6146.00 3.4428
6146.05 3.4426
6146.10 3.4424
6146.15 3.4422
6146.20 3.4421
6146.25 3.4419
6146.30 3.4417
6146.35 3.4415
6146.40 3.4413
6146.45 3.4411
6146.50 3.4409
6146.55 3.4407
6146.60 3.4405
6146.65 3.4404
6146.70 3.4402
6146.75 3.4400
6146.80 3.4398
6146.85 3.4396
6146.90 3.4394
6146.95 3.4392
6147.00 3.4390
6147.05 3.4388
6147.10 3.4386
6147.15 3.4384
6147.20 3.4383
6147.25 3.4381
6147.30 3.4379
6147.35 3.4377
6147.40 3.4375
6147.45 3.4373
6147.50 3.4371
6147.55 3.4369
6147.60 3.4367
6147.65 3.4365
6147.70 3.4363
6147.75 3.4361
6147.80 3.4359
6147.85 3.4357
6147.90 3.4355
6147.95 3.4353
6148.00 3.4351
6148.05 3.4349
6148.10 3.4347
6148.15 3.4345
6148.20 3.4343
6148.25 3.4341
6148.30 3.4339
6148.35 3.4337
6148.40 3.4335
6148.45 3.4333
6148.50 3.4331
6148.55 3.4329
6148.60 3.4327
6148.65 3.4325
6148.70 3.4323
6148.75 3.4321
6148.80 3.4319
6148.85 3.4317
6148.90 3.4315
6148.95 3.4313
6149.00 3.4311
6149.05 3.4309
6149.10 3.4307
6149.15 3.4305
6149.20 3.4303
6149.25 3.4301
6149.30 3.4299
6149.35 3.4297
6149.40 3.4295
6149.45 3.4292
6149.50 3.4290
6149.55 3.4288
6149.60 3.4286
6149.65 3.4284
6149.70 3.4282
6149.75 3.4280
6149.80 3.4278
6149.85 3.4276
6149.90 3.4274
6149.95 3.4272
6150.00 3.4269
6150.05 3.4267
6150.10 3.4265
6150.15 3.4263
6150.20 3.4261
6150.25 3.4259
6150.30 3.4257
6150.35 3.4255
6150.40 3.4252
6150.45 3.4250
6150.50 3.4248
6150.55 3.4246
6150.60 3.4244
6150.65 3.4242
6150.70 3.4240
6150.75 3.4237
6150.80 3.4235
6150.85 3.4233
6150.90 3.4231
6150.95 3.4229
6151.00 3.4227
6151.05 3.4224
6151.10 3.4222
6151.15 3.4220
6151.20 3.4218
6151.25 3.4216
6151.30 3.4213
6151.35 3.4211
6151.40 3.4209
6151.45 3.4207
6151.50 3.4205
6151.55 3.4202
6151.60 3.4200
6151.65 3.4198
6151.70 3.4196
6151.75 3.4193
6151.80 3.4191
6151.85 3.4189
6151.90 3.4187
6151.95 3.4184
6152.00 3.4182
6152.05 3.4180
6152.10 3.4178
6152.15 3.4175
6152.20 3.4173
6152.25 3.4171
6152.30 3.4169
6152.35 3.4166
6152.40 3.4164
6152.45 3.4162
6152.50 3.4160
6152.55 3.4157
6152.60 3.4155
6152.65 3.4153
6152.70 3.4150
6152.75 3.4148
6152.80 3.4146
6152.85 3.4143
6152.90 3.4141
6152.95 3.4139
6153.00 3.4137
6153.05 3.4134
6153.10 3.4132
6153.15 3.4130
6153.20 3.4127
6153.25 3.4125
6153.30 3.4123
6153.35 3.4120
6153.40 3.4118
6153.45 3.4115
6153.50 3.4113
6153.55 3.4111
6153.60 3.4108
6153.65 3.4106
6153.70 3.4104
6153.75 3.4101
6153.80 3.4099
6153.85 3.4096
6153.90 3.4094
6153.95 3.4092
6154.00 3.4089
6154.05 3.4087
6154.10 3.4084
6154.15 3.4082
6154.20 3.4080
6154.25 3.4077
6154.30 3.4075
6154.35 3.4072
6154.40 3.4070
6154.45 3.4068
6154.50 3.4065
6154.55 3.4063
6154.60 3.4060
6154.65 3.4058
6154.70 3.4055
6154.75 3.4053
6154.80 3.4050
6154.85 3.4048
6154.90 3.4045
6154.95 3.4043
6155.00 3.4041
6155.05 3.4038
6155.10 3.4036
6155.15 3.4033
6155.20 3.4031
6155.25 3.4028
6155.30 3.4026
6155.35 3.4023
6155.40 3.4021
6155.45 3.4018
6155.50 3.4016
6155.55 3.4013
6155.60 3.4011
6155.65 3.4008
6155.70 3.4005
6155.75 3.4003
6155.80 3.4000
6155.85 3.3998
6155.90 3.3995
6155.95 3.3993
6156.00 3.3990
6156.05 3.3988
6156.10 3.3985
6156.15 3.3982
6156.20 3.3980
6156.25 3.3977
6156.30 3.3975
6156.35 3.3972
6156.40 3.3970
6156.45 3.3967
6156.50 3.3964
6156.55 3.3962
6156.60 3.3959
6156.65 3.3957
6156.70 3.3954
6156.75 3.3951
6156.80 3.3949
6156.85 3.3946
6156.90 3.3943
6156.95 3.3941
6157.00 3.3938
6157.05 3.3936
6157.10 3.3933
6157.15 3.3930
6157.20 3.3928
6157.25 3.3925
6157.30 3.3922
6157.35 3.3920
6157.40 3.3917
6157.45 3.3914
6157.50 3.3912
6157.55 3.3909
6157.60 3.3906
6157.65 3.3903
6157.70 3.3901
6157.75 3.3898
6157.80 3.3895
6157.85 3.3893
6157.90 3.3890
6157.95 3.3887
6158.00 3.3885
6158.05 3.3882
6158.10 3.3879
6158.15 3.3876
6158.20 3.3874
6158.25 3.3871
6158.30 3.3868
6158.35 3.3865
6158.40 3.3863
6158.45 3.3860
6158.50 3.3857
6158.55 3.3854
6158.60 3.3851
6158.65 3.3849
6158.70 3.3846
6158.75 3.3843
6158.80 3.3840
6158.85 3.3838
6158.90 3.3835
6158.95 3.3832
6159.00 3.3829
6159.05 3.3826
6159.10 3.3823
6159.15 3.3821
6159.20 3.3818
6159.25 3.3815
6159.30 3.3812
6159.35 3.3809
6159.40 3.3806
6159.45 3.3804
6159.50 3.3801
6159.55 3.3798
6159.60 3.3795
6159.65 3.3792
6159.70 3.3789
6159.75 3.3786
6159.80 3.3783
6159.85 3.3781
6159.90 3.3778
6159.95 3.3775
6160.00 3.3772
6160.05 3.3769
6160.10 3.3766
6160.15 3.3763
6160.20 3.3760
6160.25 3.3757
6160.30 3.3754
6160.35 3.3751
6160.40 3.3748
6160.45 3.3746
6160.50 3.3743
6160.55 3.3740
6160.60 3.3737
6160.65 3.3734
6160.70 3.3731
6160.75 3.3728
6160.80 3.3725
6160.85 3.3722
6160.90 3.3719
6160.95 3.3716
6161.00 3.3713
6161.05 3.3710
6161.10 3.3707
6161.15 3.3704
6161.20 3.3701
6161.25 3.3698
6161.30 3.3695
6161.35 3.3692
6161.40 3.3689
6161.45 3.3686
6161.50 3.3683
6161.55 3.3680
6161.60 3.3676
6161.65 3.3673
6161.70 3.3670
6161.75 3.3667
6161.80 3.3664
6161.85 3.3661
6161.90 3.3658
6161.95 3.3655
6162.00 3.3652
6162.05 3.3649
6162.10 3.3646
6162.15 3.3643
6162.20 3.3639
6162.25 3.3636
6162.30 3.3633
6162.35 3.3630
6162.40 3.3627
6162.45 3.3624
6162.50 3.3621
6162.55 3.3617
6162.60 3.3614
6162.65 3.3611
6162.70 3.3608
6162.75 3.3605
6162.80 3.3602
6162.85 3.3598
6162.90 3.3595
6162.95 3.3592
6163.00 3.3589
6163.05 3.3586
6163.10 3.3583
6163.15 3.3579
6163.20 3.3576
6163.25 3.3573
6163.30 3.3570
6163.35 3.3566
6163.40 3.3563
6163.45 3.3560
6163.50 3.3557
6163.55 3.3553
6163.60 3.3550
6163.65 3.3547
6163.70 3.3544
6163.75 3.3540
6163.80 3.3537
6163.85 3.3534
6163.90 3.3531
6163.95 3.3527
6164.00 3.3524
6164.05 3.3521
6164.10 3.3517
6164.15 3.3514
6164.20 3.3511
6164.25 3.3507
6164.30 3.3504
6164.35 3.3501
6164.40 3.3497
6164.45 3.3494
6164.50 3.3491
6164.55 3.3487
6164.60 3.3484
6164.65 3.3481
6164.70 3.3477
6164.75 3.3474
6164.80 3.3471
6164.85 3.3467
6164.90 3.3464
6164.95 3.3460
6165.00 3.3457
6165.05 3.3454
6165.10 3.3450
6165.15 3.3447
6165.20 3.3443
6165.25 3.3440
6165.30 3.3436
6165.35 3.3433
6165.40 3.3430
6165.45 3.3426
6165.50 3.3423
6165.55 3.3419
6165.60 3.3416
6165.65 3.3412
6165.70 3.3409
6165.75 3.3405
6165.80 3.3402
6165.85 3.3398
6165.90 3.3395
6165.95 3.3391
6166.00 3.3388
6166.05 3.3384
6166.10 3.3381
6166.15 3.3377
6166.20 3.3374
6166.25 3.3370
6166.30 3.3367
6166.35 3.3363
6166.40 3.3360
6166.45 3.3356
