4832.50 11.1519
4832.55 11.1519
4832.60 11.1519
4832.65 11.1519
4832.70 11.1519
4832.75 11.1519
4832.80 11.1519
4832.85 11.1519
4832.90 11.1519
4832.95 11.1519
4833.00 11.1519
4833.05 11.1519
4833.10 11.1519
4833.15 11.1519
4833.20 11.1519
4833.25 11.1520
4833.30 11.1520
4833.35 11.1520
4833.40 11.1520
4833.45 11.1520
4833.50 11.1520
4833.55 11.1520
4833.60 11.1520
4833.65 11.1520
4833.70 11.1520
4833.75 11.1520
4833.80 11.1520
4833.85 11.1520
4833.90 11.1520
4833.95 11.1520
4834.00 11.1520
4834.05 11.1520
4834.10 11.1520
4834.15 11.1520
4834.20 11.1520
4834.25 11.1520
4834.30 11.1520
4834.35 11.1520
4834.40 11.1520
4834.45 11.1520
4834.50 11.1520
4834.55 11.1520
4834.60 11.1521
4834.65 11.1521
4834.70 11.1521
4834.75 11.1521
4834.80 11.1521
4834.85 11.1521
4834.90 11.1521
4834.95 11.1521
4835.00 11.1521
4835.05 11.1521
4835.10 11.1521
4835.15 11.1521
4835.20 11.1521
4835.25 11.1521
4835.30 11.1521
4835.35 11.1521
4835.40 11.1521
4835.45 11.1521
4835.50 11.1521
4835.55 11.1521
4835.60 11.1521
4835.65 11.1521
4835.70 11.1521
4835.75 11.1521
4835.80 11.1521
4835.85 11.1521
4835.90 11.1521
4835.95 11.1521
4836.00 11.1521
4836.05 11.1521
4836.10 11.1521
4836.15 11.1521
4836.20 11.1521
4836.25 11.1521
4836.30 11.1521
4836.35 11.1521
4836.40 11.1521
4836.45 11.1521
4836.50 11.1521
4836.55 11.1521
4836.60 11.1521
4836.65 11.1521
4836.70 11.1521
4836.75 11.1521
4836.80 11.1521
4836.85 11.1521
4836.90 11.1521
4836.95 11.1521
4837.00 11.1521
4837.05 11.1521
4837.10 11.1521
4837.15 11.1520
4837.20 11.1520
4837.25 11.1520
4837.30 11.1520
4837.35 11.1520
4837.40 11.1520
4837.45 11.1520
4837.50 11.1520
4837.55 11.1519
4837.60 11.1519
4837.65 11.1519
4837.70 11.1519
4837.75 11.1519
4837.80 11.1519
4837.85 11.1519
4837.90 11.1518
4837.95 11.1518
4838.00 11.1518
4838.05 11.1518
4838.10 11.1518
4838.15 11.1517
4838.20 11.1517
4838.25 11.1517
4838.30 11.1517
4838.35 11.1516
4838.40 11.1516
4838.45 11.1516
4838.50 11.1515
4838.55 11.1515
4838.60 11.1515
4838.65 11.1515
4838.70 11.1514
4838.75 11.1514
4838.80 11.1514
4838.85 11.1513
4838.90 11.1513
4838.95 11.1513
4839.00 11.1512
4839.05 11.1512
4839.10 11.1511
4839.15 11.1511
4839.20 11.1511
4839.25 11.1510
4839.30 11.1510
4839.35 11.1509
4839.40 11.1509
4839.45 11.1508
4839.50 11.1508
4839.55 11.1507
4839.60 11.1507
4839.65 11.1506
4839.70 11.1506
4839.75 11.1505
4839.80 11.1505
4839.85 11.1504
4839.90 11.1504
4839.95 11.1503
4840.00 11.1503
4840.05 11.1502
4840.10 11.1501
4840.15 11.1501
4840.20 11.1500
4840.25 11.1499
4840.30 11.1499
4840.35 11.1498
4840.40 11.1497
4840.45 11.1497
4840.50 11.1496
4840.55 11.1495
4840.60 11.1495
4840.65 11.1494
4840.70 11.1493
4840.75 11.1492
4840.80 11.1491
4840.85 11.1491
4840.90 11.1490
4840.95 11.1489
4841.00 11.1488
4841.05 11.1487
4841.10 11.1486
4841.15 11.1485
4841.20 11.1485
4841.25 11.1484
4841.30 11.1483
4841.35 11.1482
4841.40 11.1481
4841.45 11.1480
4841.50 11.1479
4841.55 11.1478
4841.60 11.1477
4841.65 11.1476
4841.70 11.1475
4841.75 11.1473
4841.80 11.1472
4841.85 11.1471
4841.90 11.1470
4841.95 11.1469
4842.00 11.1468
4842.05 11.1467
4842.10 11.1465
4842.15 11.1464
4842.20 11.1463
4842.25 11.1462
4842.30 11.1460
4842.35 11.1459
4842.40 11.1458
4842.45 11.1456
4842.50 11.1455
4842.55 11.1454
4842.60 11.1452
4842.65 11.1451
4842.70 11.1449
4842.75 11.1448
4842.80 11.1446
4842.85 11.1445
4842.90 11.1443
4842.95 11.1442
4843.00 11.1440
4843.05 11.1439
4843.10 11.1437
4843.15 11.1435
4843.20 11.1434
4843.25 11.1432
4843.30 11.1430
4843.35 11.1429
4843.40 11.1427
4843.45 11.1425
4843.50 11.1423
4843.55 11.1421
4843.60 11.1420
4843.65 11.1418
4843.70 11.1416
4843.75 11.1414
4843.80 11.1412
4843.85 11.1410
4843.90 11.1408
4843.95 11.1406
4844.00 11.1404
4844.05 11.1402
4844.10 11.1400
4844.15 11.1397
4844.20 11.1395
4844.25 11.1393
4844.30 11.1391
4844.35 11.1389
4844.40 11.1386
4844.45 11.1384
4844.50 11.1382
4844.55 11.1379
4844.60 11.1377
4844.65 11.1374
4844.70 11.1372
4844.75 11.1369
4844.80 11.1367
4844.85 11.1364
4844.90 11.1362
4844.95 11.1359
4845.00 11.1356
4845.05 11.1354
4845.10 11.1351
4845.15 11.1348
4845.20 11.1345
4845.25 11.1343
4845.30 11.1340
4845.35 11.1337
4845.40 11.1334
4845.45 11.1331
4845.50 11.1328
4845.55 11.1325
4845.60 11.1322
4845.65 11.1319
4845.70 11.1315
4845.75 11.1312
4845.80 11.1309
4845.85 11.1306
4845.90 11.1302
4845.95 11.1299
4846.00 11.1296
4846.05 11.1292
4846.10 11.1289
4846.15 11.1285
4846.20 11.1282
4846.25 11.1278
4846.30 11.1274
4846.35 11.1271
4846.40 11.1267
4846.45 11.1263
4846.50 11.1259
4846.55 11.1255
4846.60 11.1251
4846.65 11.1247
4846.70 11.1243
4846.75 11.1239
4846.80 11.1235
4846.85 11.1231
4846.90 11.1227
4846.95 11.1222
4847.00 11.1218
4847.05 11.1214
4847.10 11.1209
4847.15 11.1205
4847.20 11.1200
4847.25 11.1196
4847.30 11.1191
4847.35 11.1187
4847.40 11.1182
4847.45 11.1177
4847.50 11.1172
4847.55 11.1167
4847.60 11.1162
4847.65 11.1157
4847.70 11.1152
4847.75 11.1147
4847.80 11.1142
4847.85 11.1137
4847.90 11.1132
4847.95 11.1126
4848.00 11.1121
4848.05 11.1115
4848.10 11.1110
4848.15 11.1104
4848.20 11.1099
4848.25 11.1093
4848.30 11.1087
4848.35 11.1081
4848.40 11.1076
4848.45 11.1070
4848.50 11.1064
4848.55 11.1058
4848.60 11.1051
4848.65 11.1045
4848.70 11.1039
4848.75 11.1033
4848.80 11.1026
4848.85 11.1020
4848.90 11.1013
4848.95 11.1007
4849.00 11.1000
4849.05 11.0993
4849.10 11.0987
4849.15 11.0980
4849.20 11.0973
4849.25 11.0966
4849.30 11.0959
4849.35 11.0952
4849.40 11.0945
4849.45 11.0937
4849.50 11.0930
4849.55 11.0923
4849.60 11.0915
4849.65 11.0908
4849.70 11.0900
4849.75 11.0893
4849.80 11.0885
4849.85 11.0877
4849.90 11.0869
4849.95 11.0861
4850.00 11.0853
4850.05 11.0845
4850.10 11.0837
4850.15 11.0829
4850.20 11.0821
4850.25 11.0812
4850.30 11.0804
4850.35 11.0795
4850.40 11.0787
4850.45 11.0778
4850.50 11.0769
4850.55 11.0761
4850.60 11.0752
4850.65 11.0743
4850.70 11.0734
4850.75 11.0725
4850.80 11.0716
4850.85 11.0706
4850.90 11.0697
4850.95 11.0688
4851.00 11.0678
4851.05 11.0669
4851.10 11.0659
4851.15 11.0650
4851.20 11.0640
4851.25 11.0630
4851.30 11.0620
4851.35 11.0610
4851.40 11.0600
4851.45 11.0590
4851.50 11.0580
4851.55 11.0570
4851.60 11.0560
4851.65 11.0549
4851.70 11.0539
4851.75 11.0528
4851.80 11.0518
4851.85 11.0507
4851.90 11.0496
4851.95 11.0485
4852.00 11.0475
4852.05 11.0464
4852.10 11.0453
4852.15 11.0442
4852.20 11.0431
4852.25 11.0419
4852.30 11.0408
4852.35 11.0397
4852.40 11.0385
4852.45 11.0374
4852.50 11.0362
4852.55 11.0351
4852.60 11.0339
4852.65 11.0327
4852.70 11.0316
4852.75 11.0304
4852.80 11.0292
4852.85 11.0280
4852.90 11.0268
4852.95 11.0256
4853.00 11.0243
4853.05 11.0231
4853.10 11.0219
4853.15 11.0207
4853.20 11.0194
4853.25 11.0182
4853.30 11.0169
4853.35 11.0157
4853.40 11.0144
4853.45 11.0131
4853.50 11.0119
4853.55 11.0106
4853.60 11.0093
4853.65 11.0080
4853.70 11.0067
4853.75 11.0054
4853.80 11.0041
4853.85 11.0028
4853.90 11.0015
4853.95 11.0002
4854.00 10.9988
4854.05 10.9975
4854.10 10.9962
4854.15 10.9948
4854.20 10.9935
4854.25 10.9921
4854.30 10.9908
4854.35 10.9894
4854.40 10.9881
4854.45 10.9867
4854.50 10.9853
4854.55 10.9840
4854.60 10.9826
4854.65 10.9812
4854.70 10.9798
4854.75 10.9784
4854.80 10.9770
4854.85 10.9757
4854.90 10.9743
4854.95 10.9729
4855.00 10.9715
4855.05 10.9701
4855.10 10.9686
4855.15 10.9672
4855.20 10.9658
4855.25 10.9644
4855.30 10.9630
4855.35 10.9616
4855.40 10.9601
4855.45 10.9587
4855.50 10.9573
4855.55 10.9559
4855.60 10.9544
4855.65 10.9530
4855.70 10.9516
4855.75 10.9502
4855.80 10.9487
4855.85 10.9473
4855.90 10.9458
4855.95 10.9444
4856.00 10.9430
4856.05 10.9415
4856.10 10.9401
4856.15 10.9387
4856.20 10.9372
4856.25 10.9358
4856.30 10.9343
4856.35 10.9329
4856.40 10.9315
4856.45 10.9300
4856.50 10.9286
4856.55 10.9272
4856.60 10.9257
4856.65 10.9243
4856.70 10.9229
4856.75 10.9214
4856.80 10.9200
4856.85 10.9186
4856.90 10.9171
4856.95 10.9157
4857.00 10.9143
4857.05 10.9129
4857.10 10.9114
4857.15 10.9100
4857.20 10.9086
4857.25 10.9072
4857.30 10.9058
4857.35 10.9044
4857.40 10.9030
4857.45 10.9016
4857.50 10.9002
4857.55 10.8988
4857.60 10.8974
4857.65 10.8960
4857.70 10.8946
4857.75 10.8932
4857.80 10.8918
4857.85 10.8904
4857.90 10.8891
4857.95 10.8877
4858.00 10.8863
4858.05 10.8850
4858.10 10.8836
4858.15 10.8823
4858.20 10.8809
4858.25 10.8796
4858.30 10.8782
4858.35 10.8769
4858.40 10.8756
4858.45 10.8742
4858.50 10.8729
4858.55 10.8716
4858.60 10.8703
4858.65 10.8690
4858.70 10.8677
4858.75 10.8664
4858.80 10.8651
4858.85 10.8639
4858.90 10.8626
4858.95 10.8613
4859.00 10.8601
4859.05 10.8588
4859.10 10.8576
4859.15 10.8563
4859.20 10.8551
4859.25 10.8539
4859.30 10.8526
4859.35 10.8514
4859.40 10.8502
4859.45 10.8490
4859.50 10.8478
4859.55 10.8466
4859.60 10.8455
4859.65 10.8443
4859.70 10.8431
4859.75 10.8420
4859.80 10.8408
4859.85 10.8397
4859.90 10.8385
4859.95 10.8374
4860.00 10.8363
4860.05 10.8352
4860.10 10.8341
4860.15 10.8330
4860.20 10.8319
4860.25 10.8308
4860.30 10.8298
4860.35 10.8287
4860.40 10.8276
4860.45 10.8266
4860.50 10.8256
4860.55 10.8245
4860.60 10.8235
4860.65 10.8225
4860.70 10.8215
4860.75 10.8205
4860.80 10.8195
4860.85 10.8185
4860.90 10.8176
4860.95 10.8166
4861.00 10.8157
4861.05 10.8147
4861.10 10.8138
4861.15 10.8128
4861.20 10.8119
4861.25 10.8110
4861.30 10.8101
4861.35 10.8092
4861.40 10.8084
4861.45 10.8075
4861.50 10.8066
4861.55 10.8058
4861.60 10.8049
4861.65 10.8041
4861.70 10.8033
4861.75 10.8024
4861.80 10.8016
4861.85 10.8008
4861.90 10.8000
4861.95 10.7993
4862.00 10.7985
4862.05 10.7977
4862.10 10.7970
4862.15 10.7962
4862.20 10.7955
4862.25 10.7947
4862.30 10.7940
4862.35 10.7933
4862.40 10.7926
4862.45 10.7919
4862.50 10.7912
4862.55 10.7905
4862.60 10.7899
4862.65 10.7892
4862.70 10.7886
4862.75 10.7879
4862.80 10.7873
4862.85 10.7867
4862.90 10.7860
4862.95 10.7854
4863.00 10.7848
4863.05 10.7842
4863.10 10.7837
4863.15 10.7831
4863.20 10.7825
4863.25 10.7819
4863.30 10.7814
4863.35 10.7809
4863.40 10.7803
4863.45 10.7798
4863.50 10.7793
4863.55 10.7788
4863.60 10.7782
4863.65 10.7777
4863.70 10.7773
4863.75 10.7768
4863.80 10.7763
4863.85 10.7758
4863.90 10.7754
4863.95 10.7749
4864.00 10.7745
4864.05 10.7740
4864.10 10.7736
4864.15 10.7732
4864.20 10.7728
4864.25 10.7723
4864.30 10.7719
4864.35 10.7715
4864.40 10.7711
4864.45 10.7708
4864.50 10.7704
4864.55 10.7700
4864.60 10.7696
4864.65 10.7693
4864.70 10.7689
4864.75 10.7686
4864.80 10.7682
4864.85 10.7679
4864.90 10.7676
4864.95 10.7672
4865.00 10.7669
4865.05 10.7666
4865.10 10.7663
4865.15 10.7660
4865.20 10.7657
4865.25 10.7654
4865.30 10.7651
4865.35 10.7648
4865.40 10.7645
4865.45 10.7642
4865.50 10.7640
4865.55 10.7637
4865.60 10.7634
4865.65 10.7632
4865.70 10.7629
4865.75 10.7627
4865.80 10.7624
4865.85 10.7622
4865.90 10.7619
4865.95 10.7617
4866.00 10.7614
4866.05 10.7612
4866.10 10.7610
4866.15 10.7608
4866.20 10.7605
4866.25 10.7603
4866.30 10.7601
4866.35 10.7599
4866.40 10.7597
4866.45 10.7595
4866.50 10.7593
4866.55 10.7591
4866.60 10.7589
4866.65 10.7587
4866.70 10.7585
4866.75 10.7583
4866.80 10.7581
4866.85 10.7579
4866.90 10.7577
4866.95 10.7575
4867.00 10.7573
4867.05 10.7571
4867.10 10.7570
4867.15 10.7568
4867.20 10.7566
4867.25 10.7564
4867.30 10.7562
4867.35 10.7560
4867.40 10.7559
4867.45 10.7557
4867.50 10.7555
4867.55 10.7553
4867.60 10.7551
4867.65 10.7550
4867.70 10.7548
4867.75 10.7546
4867.80 10.7544
4867.85 10.7543
4867.90 10.7541
4867.95 10.7539
4868.00 10.7537
4868.05 10.7535
4868.10 10.7534
4868.15 10.7532
4868.20 10.7530
4868.25 10.7528
4868.30 10.7526
4868.35 10.7524
4868.40 10.7523
4868.45 10.7521
4868.50 10.7519
4868.55 10.7517
4868.60 10.7515
4868.65 10.7513
4868.70 10.7511
4868.75 10.7509
4868.80 10.7507
4868.85 10.7505
4868.90 10.7503
4868.95 10.7501
4869.00 10.7499
4869.05 10.7497
4869.10 10.7495
4869.15 10.7493
4869.20 10.7491
4869.25 10.7489
4869.30 10.7486
4869.35 10.7484
4869.40 10.7482
4869.45 10.7480
4869.50 10.7477
4869.55 10.7475
4869.60 10.7473
4869.65 10.7470
4869.70 10.7468
4869.75 10.7465
4869.80 10.7463
4869.85 10.7460
4869.90 10.7458
4869.95 10.7455
4870.00 10.7453
4870.05 10.7450
4870.10 10.7447
4870.15 10.7445
4870.20 10.7442
4870.25 10.7439
4870.30 10.7436
4870.35 10.7434
4870.40 10.7431
4870.45 10.7428
4870.50 10.7425
4870.55 10.7422
4870.60 10.7419
4870.65 10.7416
4870.70 10.7413
4870.75 10.7410
4870.80 10.7406
4870.85 10.7403
4870.90 10.7400
4870.95 10.7397
4871.00 10.7393
4871.05 10.7390
4871.10 10.7387
4871.15 10.7383
4871.20 10.7380
4871.25 10.7376
4871.30 10.7372
4871.35 10.7369
4871.40 10.7365
4871.45 10.7361
4871.50 10.7358
4871.55 10.7354
4871.60 10.7350
4871.65 10.7346
4871.70 10.7342
4871.75 10.7338
4871.80 10.7334
4871.85 10.7330
4871.90 10.7326
4871.95 10.7322
4872.00 10.7318
4872.05 10.7314
4872.10 10.7309
4872.15 10.7305
4872.20 10.7301
4872.25 10.7296
4872.30 10.7292
4872.35 10.7287
4872.40 10.7283
4872.45 10.7278
4872.50 10.7274
4872.55 10.7269
4872.60 10.7264
4872.65 10.7260
4872.70 10.7255
4872.75 10.7250
4872.80 10.7245
4872.85 10.7240
4872.90 10.7235
4872.95 10.7230
4873.00 10.7225
4873.05 10.7220
4873.10 10.7215
4873.15 10.7210
4873.20 10.7204
4873.25 10.7199
4873.30 10.7194
4873.35 10.7188
4873.40 10.7183
4873.45 10.7178
4873.50 10.7172
4873.55 10.7167
4873.60 10.7161
4873.65 10.7155
4873.70 10.7150
4873.75 10.7144
4873.80 10.7138
4873.85 10.7132
4873.90 10.7127
4873.95 10.7121
4874.00 10.7115
4874.05 10.7109
4874.10 10.7103
4874.15 10.7097
4874.20 10.7091
4874.25 10.7085
4874.30 10.7078
4874.35 10.7072
4874.40 10.7066
4874.45 10.7060
4874.50 10.7053
4874.55 10.7047
4874.60 10.7041
4874.65 10.7034
4874.70 10.7028
4874.75 10.7021
4874.80 10.7015
4874.85 10.7008
4874.90 10.7001
4874.95 10.6995
4875.00 10.6988
4875.05 10.6981
4875.10 10.6975
4875.15 10.6968
4875.20 10.6961
4875.25 10.6954
4875.30 10.6947
4875.35 10.6940
4875.40 10.6933
4875.45 10.6926
4875.50 10.6919
4875.55 10.6912
4875.60 10.6905
4875.65 10.6898
4875.70 10.6891
4875.75 10.6883
4875.80 10.6876
4875.85 10.6869
4875.90 10.6862
4875.95 10.6854
4876.00 10.6847
4876.05 10.6839
4876.10 10.6832
4876.15 10.6825
4876.20 10.6817
4876.25 10.6809
4876.30 10.6802
4876.35 10.6794
4876.40 10.6787
4876.45 10.6779
4876.50 10.6771
4876.55 10.6764
4876.60 10.6756
4876.65 10.6748
4876.70 10.6740
4876.75 10.6733
4876.80 10.6725
4876.85 10.6717
4876.90 10.6709
4876.95 10.6701
4877.00 10.6693
4877.05 10.6685
4877.10 10.6677
4877.15 10.6669
4877.20 10.6661
4877.25 10.6653
4877.30 10.6645
4877.35 10.6637
4877.40 10.6629
4877.45 10.6621
4877.50 10.6612
4877.55 10.6604
4877.60 10.6596
4877.65 10.6588
4877.70 10.6580
4877.75 10.6571
4877.80 10.6563
4877.85 10.6555
4877.90 10.6546
4877.95 10.6538
4878.00 10.6530
4878.05 10.6521
4878.10 10.6513
4878.15 10.6504
4878.20 10.6496
4878.25 10.6488
4878.30 10.6479
4878.35 10.6471
4878.40 10.6462
4878.45 10.6454
4878.50 10.6445
4878.55 10.6436
4878.60 10.6428
4878.65 10.6419
4878.70 10.6411
4878.75 10.6402
4878.80 10.6393
4878.85 10.6385
4878.90 10.6376
4878.95 10.6367
4879.00 10.6359
4879.05 10.6350
4879.10 10.6341
4879.15 10.6333
4879.20 10.6324
4879.25 10.6315
4879.30 10.6306
4879.35 10.6298
4879.40 10.6289
4879.45 10.6280
4879.50 10.6271
4879.55 10.6263
4879.60 10.6254
4879.65 10.6245
4879.70 10.6236
4879.75 10.6227
4879.80 10.6218
4879.85 10.6210
4879.90 10.6201
4879.95 10.6192
4880.00 10.6183
4880.05 10.6174
4880.10 10.6165
4880.15 10.6156
4880.20 10.6147
4880.25 10.6138
4880.30 10.6130
4880.35 10.6121
4880.40 10.6112
4880.45 10.6103
4880.50 10.6094
4880.55 10.6085
4880.60 10.6076
4880.65 10.6067
4880.70 10.6058
4880.75 10.6049
4880.80 10.6040
4880.85 10.6031
4880.90 10.6022
4880.95 10.6013
4881.00 10.6004
4881.05 10.5995
4881.10 10.5986
4881.15 10.5978
4881.20 10.5969
4881.25 10.5960
4881.30 10.5951
4881.35 10.5942
4881.40 10.5933
4881.45 10.5924
4881.50 10.5915
4881.55 10.5906
4881.60 10.5897
4881.65 10.5888
4881.70 10.5879
4881.75 10.5870
4881.80 10.5861
4881.85 10.5852
4881.90 10.5843
4881.95 10.5834
4882.00 10.5825
4882.05 10.5816
4882.10 10.5807
4882.15 10.5798
4882.20 10.5789
4882.25 10.5780
4882.30 10.5771
4882.35 10.5762
4882.40 10.5754
4882.45 10.5745
4882.50 10.5736
4882.55 10.5727
4882.60 10.5718
4882.65 10.5709
4882.70 10.5700
4882.75 10.5691
4882.80 10.5682
4882.85 10.5673
4882.90 10.5664
4882.95 10.5656
4883.00 10.5647
4883.05 10.5638
4883.10 10.5629
4883.15 10.5620
4883.20 10.5611
4883.25 10.5602
4883.30 10.5593
4883.35 10.5585
4883.40 10.5576
4883.45 10.5567
4883.50 10.5558
4883.55 10.5549
4883.60 10.5541
4883.65 10.5532
4883.70 10.5523
4883.75 10.5514
4883.80 10.5505
4883.85 10.5497
4883.90 10.5488
4883.95 10.5479
4884.00 10.5470
4884.05 10.5462
4884.10 10.5453
4884.15 10.5444
4884.20 10.5435
4884.25 10.5427
4884.30 10.5418
4884.35 10.5409
4884.40 10.5401
4884.45 10.5392
4884.50 10.5383
4884.55 10.5375
4884.60 10.5366
4884.65 10.5357
4884.70 10.5349
4884.75 10.5340
4884.80 10.5332
4884.85 10.5323
4884.90 10.5314
4884.95 10.5306
4885.00 10.5297
4885.05 10.5289
4885.10 10.5280
4885.15 10.5272
4885.20 10.5263
4885.25 10.5255
4885.30 10.5246
4885.35 10.5238
4885.40 10.5229
4885.45 10.5221
4885.50 10.5212
4885.55 10.5204
4885.60 10.5195
4885.65 10.5187
4885.70 10.5178
4885.75 10.5170
4885.80 10.5161
4885.85 10.5153
4885.90 10.5145
4885.95 10.5136
4886.00 10.5128
4886.05 10.5120
4886.10 10.5111
4886.15 10.5103
4886.20 10.5095
4886.25 10.5086
4886.30 10.5078
4886.35 10.5070
4886.40 10.5061
4886.45 10.5053
4886.50 10.5045
4886.55 10.5036
4886.60 10.5028
4886.65 10.5020
4886.70 10.5012
4886.75 10.5004
4886.80 10.4995
4886.85 10.4987
4886.90 10.4979
4886.95 10.4971
4887.00 10.4963
4887.05 10.4954
4887.10 10.4946
4887.15 10.4938
4887.20 10.4930
4887.25 10.4922
4887.30 10.4914
4887.35 10.4906
4887.40 10.4898
4887.45 10.4890
4887.50 10.4882
4887.55 10.4873
4887.60 10.4865
4887.65 10.4857
4887.70 10.4849
4887.75 10.4841
4887.80 10.4833
4887.85 10.4825
4887.90 10.4817
4887.95 10.4809
4888.00 10.4801
4888.05 10.4794
4888.10 10.4786
4888.15 10.4778
4888.20 10.4770
4888.25 10.4762
4888.30 10.4754
4888.35 10.4746
4888.40 10.4738
4888.45 10.4730
4888.50 10.4722
4888.55 10.4715
4888.60 10.4707
4888.65 10.4699
4888.70 10.4691
4888.75 10.4683
4888.80 10.4675
4888.85 10.4668
4888.90 10.4660
4888.95 10.4652
4889.00 10.4644
4889.05 10.4637
4889.10 10.4629
4889.15 10.4621
4889.20 10.4613
4889.25 10.4606
4889.30 10.4598
4889.35 10.4590
4889.40 10.4582
4889.45 10.4575
4889.50 10.4567
4889.55 10.4559
4889.60 10.4552
4889.65 10.4544
4889.70 10.4536
4889.75 10.4529
4889.80 10.4521
4889.85 10.4514
4889.90 10.4506
4889.95 10.4498
4890.00 10.4491
4890.05 10.4483
4890.10 10.4476
4890.15 10.4468
4890.20 10.4461
4890.25 10.4453
4890.30 10.4445
4890.35 10.4438
4890.40 10.4430
4890.45 10.4423
4890.50 10.4415
4890.55 10.4408
4890.60 10.4400
4890.65 10.4393
4890.70 10.4385
4890.75 10.4378
4890.80 10.4370
4890.85 10.4363
4890.90 10.4356
4890.95 10.4348
4891.00 10.4341
4891.05 10.4333
4891.10 10.4326
4891.15 10.4318
4891.20 10.4311
4891.25 10.4304
4891.30 10.4296
4891.35 10.4289
4891.40 10.4282
4891.45 10.4274
4891.50 10.4267
4891.55 10.4259
4891.60 10.4252
4891.65 10.4245
4891.70 10.4237
4891.75 10.4230
4891.80 10.4223
4891.85 10.4216
4891.90 10.4208
4891.95 10.4201
4892.00 10.4194
4892.05 10.4186
4892.10 10.4179
4892.15 10.4172
4892.20 10.4165
4892.25 10.4157
4892.30 10.4150
4892.35 10.4143
4892.40 10.4136
4892.45 10.4128
4892.50 10.4121
4892.55 10.4114
4892.60 10.4107
4892.65 10.4100
4892.70 10.4092
4892.75 10.4085
4892.80 10.4078
4892.85 10.4071
4892.90 10.4064
4892.95 10.4057
4893.00 10.4049
4893.05 10.4042
4893.10 10.4035
4893.15 10.4028
4893.20 10.4021
4893.25 10.4014
4893.30 10.4007
4893.35 10.4000
4893.40 10.3993
4893.45 10.3985
4893.50 10.3978
4893.55 10.3971
4893.60 10.3964
4893.65 10.3957
4893.70 10.3950
4893.75 10.3943
4893.80 10.3936
4893.85 10.3929
4893.90 10.3922
4893.95 10.3915
4894.00 10.3908
4894.05 10.3901
4894.10 10.3894
4894.15 10.3887
4894.20 10.3880
4894.25 10.3873
4894.30 10.3866
4894.35 10.3859
4894.40 10.3852
4894.45 10.3845
4894.50 10.3838
4894.55 10.3832
4894.60 10.3825
4894.65 10.3818
4894.70 10.3811
4894.75 10.3804
4894.80 10.3797
4894.85 10.3790
4894.90 10.3783
4894.95 10.3777
4895.00 10.3770
4895.05 10.3763
4895.10 10.3756
4895.15 10.3749
4895.20 10.3742
4895.25 10.3736
4895.30 10.3729
4895.35 10.3722
4895.40 10.3715
4895.45 10.3708
4895.50 10.3702
4895.55 10.3695
4895.60 10.3688
4895.65 10.3682
4895.70 10.3675
4895.75 10.3668
4895.80 10.3661
4895.85 10.3655
4895.90 10.3648
4895.95 10.3641
4896.00 10.3635
4896.05 10.3628
4896.10 10.3621
4896.15 10.3615
4896.20 10.3608
4896.25 10.3602
4896.30 10.3595
4896.35 10.3588
4896.40 10.3582
4896.45 10.3575
4896.50 10.3569
4896.55 10.3562
4896.60 10.3556
4896.65 10.3549
4896.70 10.3543
4896.75 10.3536
4896.80 10.3530
4896.85 10.3523
4896.90 10.3517
4896.95 10.3510
4897.00 10.3504
4897.05 10.3497
4897.10 10.3491
4897.15 10.3485
4897.20 10.3478
4897.25 10.3472
4897.30 10.3465
4897.35 10.3459
4897.40 10.3453
4897.45 10.3446
4897.50 10.3440
4897.55 10.3434
4897.60 10.3428
4897.65 10.3421
4897.70 10.3415
4897.75 10.3409
4897.80 10.3403
4897.85 10.3396
4897.90 10.3390
4897.95 10.3384
4898.00 10.3378
4898.05 10.3372
4898.10 10.3365
4898.15 10.3359
4898.20 10.3353
4898.25 10.3347
4898.30 10.3341
4898.35 10.3335
4898.40 10.3329
4898.45 10.3323
4898.50 10.3317
4898.55 10.3311
4898.60 10.3305
4898.65 10.3299
4898.70 10.3293
4898.75 10.3287
4898.80 10.3281
4898.85 10.3275
4898.90 10.3269
4898.95 10.3263
4899.00 10.3257
4899.05 10.3252
4899.10 10.3246
4899.15 10.3240
4899.20 10.3234
4899.25 10.3228
4899.30 10.3223
4899.35 10.3217
4899.40 10.3211
4899.45 10.3205
4899.50 10.3200
4899.55 10.3194
4899.60 10.3188
4899.65 10.3183
4899.70 10.3177
4899.75 10.3171
4899.80 10.3166
4899.85 10.3160
4899.90 10.3155
4899.95 10.3149
4900.00 10.3143
4900.05 10.3138
4900.10 10.3132
4900.15 10.3127
4900.20 10.3122
4900.25 10.3116
4900.30 10.3111
4900.35 10.3105
4900.40 10.3100
4900.45 10.3094
4900.50 10.3089
4900.55 10.3084
4900.60 10.3078
4900.65 10.3073
4900.70 10.3068
4900.75 10.3063
4900.80 10.3057
4900.85 10.3052
4900.90 10.3047
4900.95 10.3042
4901.00 10.3037
4901.05 10.3031
4901.10 10.3026
4901.15 10.3021
4901.20 10.3016
4901.25 10.3011
4901.30 10.3006
4901.35 10.3001
4901.40 10.2996
4901.45 10.2991
4901.50 10.2986
4901.55 10.2981
4901.60 10.2976
4901.65 10.2971
4901.70 10.2966
4901.75 10.2961
4901.80 10.2956
4901.85 10.2952
4901.90 10.2947
4901.95 10.2942
4902.00 10.2937
4902.05 10.2932
4902.10 10.2928
4902.15 10.2923
4902.20 10.2918
4902.25 10.2913
4902.30 10.2909
4902.35 10.2904
4902.40 10.2899
4902.45 10.2895
4902.50 10.2890
4902.55 10.2886
4902.60 10.2881
4902.65 10.2877
4902.70 10.2872
4902.75 10.2868
4902.80 10.2863
4902.85 10.2859
4902.90 10.2854
4902.95 10.2850
4903.00 10.2845
4903.05 10.2841
4903.10 10.2836
4903.15 10.2832
4903.20 10.2828
4903.25 10.2823
4903.30 10.2819
4903.35 10.2815
4903.40 10.2811
4903.45 10.2806
4903.50 10.2802
4903.55 10.2798
4903.60 10.2794
4903.65 10.2789
4903.70 10.2785
4903.75 10.2781
4903.80 10.2777
4903.85 10.2773
4903.90 10.2769
4903.95 10.2765
4904.00 10.2761
4904.05 10.2757
4904.10 10.2753
4904.15 10.2748
4904.20 10.2744
4904.25 10.2741
4904.30 10.2737
4904.35 10.2733
4904.40 10.2729
4904.45 10.2725
4904.50 10.2721
4904.55 10.2717
4904.60 10.2713
4904.65 10.2709
4904.70 10.2705
4904.75 10.2702
4904.80 10.2698
4904.85 10.2694
4904.90 10.2690
4904.95 10.2686
4905.00 10.2683
4905.05 10.2679
4905.10 10.2675
4905.15 10.2671
4905.20 10.2668
4905.25 10.2664
4905.30 10.2660
4905.35 10.2657
4905.40 10.2653
4905.45 10.2649
4905.50 10.2646
4905.55 10.2642
4905.60 10.2639
4905.65 10.2635
4905.70 10.2631
4905.75 10.2628
4905.80 10.2624
4905.85 10.2621
4905.90 10.2617
4905.95 10.2614
4906.00 10.2610
4906.05 10.2607
4906.10 10.2603
4906.15 10.2600
4906.20 10.2597
4906.25 10.2593
4906.30 10.2590
4906.35 10.2586
4906.40 10.2583
4906.45 10.2579
4906.50 10.2576
4906.55 10.2573
4906.60 10.2569
4906.65 10.2566
4906.70 10.2563
4906.75 10.2559
4906.80 10.2556
4906.85 10.2553
4906.90 10.2549
4906.95 10.2546
4907.00 10.2543
4907.05 10.2539
4907.10 10.2536
4907.15 10.2533
4907.20 10.2530
4907.25 10.2526
4907.30 10.2523
4907.35 10.2520
4907.40 10.2517
4907.45 10.2514
4907.50 10.2510
4907.55 10.2507
4907.60 10.2504
4907.65 10.2501
4907.70 10.2498
4907.75 10.2494
4907.80 10.2491
4907.85 10.2488
4907.90 10.2485
4907.95 10.2482
4908.00 10.2479
4908.05 10.2475
4908.10 10.2472
4908.15 10.2469
4908.20 10.2466
4908.25 10.2463
4908.30 10.2460
4908.35 10.2457
4908.40 10.2453
4908.45 10.2450
4908.50 10.2447
4908.55 10.2444
4908.60 10.2441
4908.65 10.2438
4908.70 10.2435
4908.75 10.2432
4908.80 10.2429
4908.85 10.2426
4908.90 10.2422
4908.95 10.2419
4909.00 10.2416
4909.05 10.2413
4909.10 10.2410
4909.15 10.2407
4909.20 10.2404
4909.25 10.2401
4909.30 10.2398
4909.35 10.2395
4909.40 10.2392
4909.45 10.2389
4909.50 10.2385
4909.55 10.2382
4909.60 10.2379
4909.65 10.2376
4909.70 10.2373
4909.75 10.2370
4909.80 10.2367
4909.85 10.2364
4909.90 10.2361
4909.95 10.2358
4910.00 10.2355
4910.05 10.2352
4910.10 10.2348
4910.15 10.2345
4910.20 10.2342
4910.25 10.2339
4910.30 10.2336
4910.35 10.2333
4910.40 10.2330
4910.45 10.2327
4910.50 10.2324
4910.55 10.2321
4910.60 10.2317
4910.65 10.2314
4910.70 10.2311
4910.75 10.2308
4910.80 10.2305
4910.85 10.2302
4910.90 10.2299
4910.95 10.2295
4911.00 10.2292
4911.05 10.2289
4911.10 10.2286
4911.15 10.2283
4911.20 10.2280
4911.25 10.2276
4911.30 10.2273
4911.35 10.2270
4911.40 10.2267
4911.45 10.2264
4911.50 10.2260
4911.55 10.2257
4911.60 10.2254
4911.65 10.2251
4911.70 10.2247
4911.75 10.2244
4911.80 10.2241
4911.85 10.2238
4911.90 10.2234
4911.95 10.2231
4912.00 10.2228
4912.05 10.2225
4912.10 10.2221
4912.15 10.2218
4912.20 10.2215
4912.25 10.2211
4912.30 10.2208
4912.35 10.2205
4912.40 10.2201
4912.45 10.2198
4912.50 10.2195
4912.55 10.2191
4912.60 10.2188
4912.65 10.2184
4912.70 10.2181
4912.75 10.2178
4912.80 10.2174
4912.85 10.2171
4912.90 10.2167
4912.95 10.2164
4913.00 10.2160
4913.05 10.2157
4913.10 10.2153
4913.15 10.2150
4913.20 10.2146
4913.25 10.2143
4913.30 10.2139
4913.35 10.2136
4913.40 10.2132
4913.45 10.2129
4913.50 10.2125
4913.55 10.2122
4913.60 10.2118
4913.65 10.2114
4913.70 10.2111
4913.75 10.2107
4913.80 10.2103
4913.85 10.2100
4913.90 10.2096
4913.95 10.2092
4914.00 10.2089
4914.05 10.2085
4914.10 10.2081
4914.15 10.2078
4914.20 10.2074
4914.25 10.2070
4914.30 10.2066
4914.35 10.2063
4914.40 10.2059
4914.45 10.2055
4914.50 10.2051
4914.55 10.2047
4914.60 10.2043
4914.65 10.2040
4914.70 10.2036
4914.75 10.2032
4914.80 10.2028
4914.85 10.2024
4914.90 10.2020
4914.95 10.2016
4915.00 10.2012
4915.05 10.2008
4915.10 10.2004
4915.15 10.2000
4915.20 10.1996
4915.25 10.1992
4915.30 10.1988
4915.35 10.1984
4915.40 10.1980
4915.45 10.1976
4915.50 10.1972
4915.55 10.1968
4915.60 10.1964
4915.65 10.1960
4915.70 10.1956
4915.75 10.1951
4915.80 10.1947
4915.85 10.1943
4915.90 10.1939
4915.95 10.1935
4916.00 10.1930
4916.05 10.1926
4916.10 10.1922
4916.15 10.1918
4916.20 10.1913
4916.25 10.1909
4916.30 10.1905
4916.35 10.1900
4916.40 10.1896
4916.45 10.1892
4916.50 10.1887
4916.55 10.1883
4916.60 10.1878
4916.65 10.1874
4916.70 10.1870
4916.75 10.1865
4916.80 10.1861
4916.85 10.1856
4916.90 10.1852
4916.95 10.1847
4917.00 10.1843
4917.05 10.1838
4917.10 10.1834
4917.15 10.1829
4917.20 10.1825
4917.25 10.1820
4917.30 10.1815
4917.35 10.1811
4917.40 10.1806
4917.45 10.1801
4917.50 10.1797
4917.55 10.1792
4917.60 10.1787
4917.65 10.1783
4917.70 10.1778
4917.75 10.1773
4917.80 10.1768
4917.85 10.1764
4917.90 10.1759
4917.95 10.1754
4918.00 10.1749
4918.05 10.1744
4918.10 10.1740
4918.15 10.1735
4918.20 10.1730
4918.25 10.1725
4918.30 10.1720
4918.35 10.1715
4918.40 10.1710
4918.45 10.1705
4918.50 10.1700
4918.55 10.1695
4918.60 10.1690
4918.65 10.1685
4918.70 10.1680
4918.75 10.1675
4918.80 10.1670
4918.85 10.1665
4918.90 10.1660
4918.95 10.1655
4919.00 10.1650
4919.05 10.1644
4919.10 10.1639
4919.15 10.1634
4919.20 10.1629
4919.25 10.1624
4919.30 10.1619
4919.35 10.1613
4919.40 10.1608
4919.45 10.1603
4919.50 10.1597
4919.55 10.1592
4919.60 10.1587
4919.65 10.1582
4919.70 10.1576
4919.75 10.1571
4919.80 10.1565
4919.85 10.1560
4919.90 10.1555
4919.95 10.1549
4920.00 10.1544
4920.05 10.1538
4920.10 10.1533
4920.15 10.1527
4920.20 10.1522
4920.25 10.1516
4920.30 10.1511
4920.35 10.1505
4920.40 10.1500
4920.45 10.1494
4920.50 10.1488
4920.55 10.1483
4920.60 10.1477
4920.65 10.1472
4920.70 10.1466
4920.75 10.1460
4920.80 10.1454
4920.85 10.1449
4920.90 10.1443
4920.95 10.1437
4921.00 10.1431
4921.05 10.1426
4921.10 10.1420
4921.15 10.1414
4921.20 10.1408
4921.25 10.1402
4921.30 10.1396
4921.35 10.1390
4921.40 10.1385
4921.45 10.1379
4921.50 10.1373
4921.55 10.1367
4921.60 10.1361
4921.65 10.1355
4921.70 10.1349
4921.75 10.1342
4921.80 10.1336
4921.85 10.1330
4921.90 10.1324
4921.95 10.1318
4922.00 10.1312
4922.05 10.1306
4922.10 10.1299
4922.15 10.1293
4922.20 10.1287
4922.25 10.1281
4922.30 10.1274
4922.35 10.1268
4922.40 10.1262
4922.45 10.1256
4922.50 10.1249
4922.55 10.1243
4922.60 10.1236
4922.65 10.1230
4922.70 10.1223
4922.75 10.1217
4922.80 10.1210
4922.85 10.1204
4922.90 10.1197
4922.95 10.1191
4923.00 10.1184
4923.05 10.1178
4923.10 10.1171
4923.15 10.1164
4923.20 10.1158
4923.25 10.1151
4923.30 10.1144
4923.35 10.1137
4923.40 10.1131
4923.45 10.1124
4923.50 10.1117
4923.55 10.1110
4923.60 10.1103
4923.65 10.1096
4923.70 10.1089
4923.75 10.1082
4923.80 10.1075
4923.85 10.1068
4923.90 10.1061
4923.95 10.1054
4924.00 10.1047
4924.05 10.1040
4924.10 10.1033
4924.15 10.1026
4924.20 10.1018
4924.25 10.1011
4924.30 10.1004
4924.35 10.0997
4924.40 10.0989
4924.45 10.0982
4924.50 10.0975
4924.55 10.0967
4924.60 10.0960
4924.65 10.0952
4924.70 10.0945
4924.75 10.0937
4924.80 10.0930
4924.85 10.0922
4924.90 10.0914
4924.95 10.0907
4925.00 10.0899
4925.05 10.0891
4925.10 10.0884
4925.15 10.0876
4925.20 10.0868
4925.25 10.0860
4925.30 10.0852
4925.35 10.0844
4925.40 10.0836
4925.45 10.0828
4925.50 10.0820
4925.55 10.0812
4925.60 10.0804
4925.65 10.0796
4925.70 10.0788
4925.75 10.0780
4925.80 10.0771
4925.85 10.0763
4925.90 10.0755
4925.95 10.0746
4926.00 10.0738
4926.05 10.0730
4926.10 10.0721
4926.15 10.0713
4926.20 10.0704
4926.25 10.0695
4926.30 10.0687
4926.35 10.0678
4926.40 10.0670
4926.45 10.0661
4926.50 10.0652
4926.55 10.0643
4926.60 10.0634
4926.65 10.0625
4926.70 10.0617
4926.75 10.0608
4926.80 10.0599
4926.85 10.0590
4926.90 10.0580
4926.95 10.0571
4927.00 10.0562
4927.05 10.0553
4927.10 10.0544
4927.15 10.0534
4927.20 10.0525
4927.25 10.0516
4927.30 10.0506
4927.35 10.0497
4927.40 10.0487
4927.45 10.0478
4927.50 10.0468
4927.55 10.0459
4927.60 10.0449
4927.65 10.0439
4927.70 10.0429
4927.75 10.0420
4927.80 10.0410
4927.85 10.0400
4927.90 10.0390
4927.95 10.0380
4928.00 10.0370
4928.05 10.0360
4928.10 10.0350
4928.15 10.0340
4928.20 10.0329
4928.25 10.0319
4928.30 10.0309
4928.35 10.0299
4928.40 10.0288
4928.45 10.0278
4928.50 10.0267
4928.55 10.0257
4928.60 10.0246
4928.65 10.0236
4928.70 10.0225
4928.75 10.0214
4928.80 10.0204
4928.85 10.0193
4928.90 10.0182
4928.95 10.0171
4929.00 10.0160
4929.05 10.0149
4929.10 10.0138
4929.15 10.0127
4929.20 10.0116
4929.25 10.0105
4929.30 10.0094
4929.35 10.0082
4929.40 10.0071
4929.45 10.0060
4929.50 10.0048
4929.55 10.0037
4929.60 10.0026
4929.65 10.0014
4929.70 10.0002
4929.75 9.9991
4929.80 9.9979
4929.85 9.9967
4929.90 9.9956
4929.95 9.9944
4930.00 9.9932
4930.05 9.9920
4930.10 9.9908
4930.15 9.9896
4930.20 9.9884
4930.25 9.9872
4930.30 9.9860
4930.35 9.9848
4930.40 9.9836
4930.45 9.9824
4930.50 9.9811
4930.55 9.9799
4930.60 9.9787
4930.65 9.9774
4930.70 9.9762
4930.75 9.9749
4930.80 9.9737
4930.85 9.9724
4930.90 9.9711
4930.95 9.9699
4931.00 9.9686
4931.05 9.9673
4931.10 9.9660
4931.15 9.9648
4931.20 9.9635
4931.25 9.9622
4931.30 9.9609
4931.35 9.9596
4931.40 9.9583
4931.45 9.9570
4931.50 9.9556
4931.55 9.9543
4931.60 9.9530
4931.65 9.9517
4931.70 9.9504
4931.75 9.9490
4931.80 9.9477
4931.85 9.9463
4931.90 9.9450
4931.95 9.9437
4932.00 9.9423
4932.05 9.9409
4932.10 9.9396
4932.15 9.9382
4932.20 9.9369
4932.25 9.9355
4932.30 9.9341
4932.35 9.9327
4932.40 9.9314
4932.45 9.9300
4932.50 9.9286
4932.55 9.9272
4932.60 9.9258
4932.65 9.9244
4932.70 9.9230
4932.75 9.9216
4932.80 9.9202
4932.85 9.9188
4932.90 9.9174
4932.95 9.9160
4933.00 9.9145
4933.05 9.9131
4933.10 9.9117
4933.15 9.9103
4933.20 9.9088
4933.25 9.9074
4933.30 9.9060
4933.35 9.9045
4933.40 9.9031
4933.45 9.9016
4933.50 9.9002
4933.55 9.8987
4933.60 9.8973
4933.65 9.8958
4933.70 9.8944
4933.75 9.8929
4933.80 9.8915
4933.85 9.8900
4933.90 9.8885
4933.95 9.8871
4934.00 9.8856
4934.05 9.8841
4934.10 9.8827
4934.15 9.8812
4934.20 9.8797
4934.25 9.8782
4934.30 9.8768
4934.35 9.8753
4934.40 9.8738
4934.45 9.8723
4934.50 9.8708
4934.55 9.8694
4934.60 9.8679
4934.65 9.8664
4934.70 9.8649
4934.75 9.8634
4934.80 9.8619
4934.85 9.8604
4934.90 9.8589
4934.95 9.8574
4935.00 9.8559
4935.05 9.8545
4935.10 9.8530
4935.15 9.8515
4935.20 9.8500
4935.25 9.8485
4935.30 9.8470
4935.35 9.8455
4935.40 9.8440
4935.45 9.8425
4935.50 9.8410
4935.55 9.8395
4935.60 9.8380
4935.65 9.8365
4935.70 9.8350
4935.75 9.8335
4935.80 9.8320
4935.85 9.8305
4935.90 9.8290
4935.95 9.8275
4936.00 9.8260
4936.05 9.8246
4936.10 9.8231
4936.15 9.8216
4936.20 9.8201
4936.25 9.8186
4936.30 9.8171
4936.35 9.8156
4936.40 9.8141
4936.45 9.8127
4936.50 9.8112
4936.55 9.8097
4936.60 9.8082
4936.65 9.8068
4936.70 9.8053
4936.75 9.8038
4936.80 9.8023
4936.85 9.8009
4936.90 9.7994
4936.95 9.7979
4937.00 9.7965
4937.05 9.7950
4937.10 9.7936
4937.15 9.7921
4937.20 9.7907
4937.25 9.7892
4937.30 9.7878
4937.35 9.7863
4937.40 9.7849
4937.45 9.7834
4937.50 9.7820
4937.55 9.7806
4937.60 9.7792
4937.65 9.7777
4937.70 9.7763
4937.75 9.7749
4937.80 9.7735
4937.85 9.7721
4937.90 9.7707
4937.95 9.7693
4938.00 9.7679
4938.05 9.7665
4938.10 9.7651
4938.15 9.7637
4938.20 9.7623
4938.25 9.7609
4938.30 9.7596
4938.35 9.7582
4938.40 9.7568
4938.45 9.7555
4938.50 9.7541
4938.55 9.7528
4938.60 9.7514
4938.65 9.7501
4938.70 9.7488
4938.75 9.7474
4938.80 9.7461
4938.85 9.7448
4938.90 9.7435
4938.95 9.7422
4939.00 9.7409
4939.05 9.7396
4939.10 9.7383
4939.15 9.7370
4939.20 9.7357
4939.25 9.7345
4939.30 9.7332
4939.35 9.7320
4939.40 9.7307
4939.45 9.7295
4939.50 9.7282
4939.55 9.7270
4939.60 9.7258
4939.65 9.7245
4939.70 9.7233
4939.75 9.7221
4939.80 9.7209
4939.85 9.7197
4939.90 9.7185
4939.95 9.7174
4940.00 9.7162
4940.05 9.7150
4940.10 9.7139
4940.15 9.7127
4940.20 9.7116
4940.25 9.7105
4940.30 9.7093
4940.35 9.7082
4940.40 9.7071
4940.45 9.7060
4940.50 9.7049
4940.55 9.7038
4940.60 9.7028
4940.65 9.7017
4940.70 9.7006
4940.75 9.6996
4940.80 9.6985
4940.85 9.6975
4940.90 9.6965
4940.95 9.6955
4941.00 9.6945
4941.05 9.6935
4941.10 9.6925
4941.15 9.6915
4941.20 9.6905
4941.25 9.6895
4941.30 9.6886
4941.35 9.6877
4941.40 9.6867
4941.45 9.6858
4941.50 9.6849
4941.55 9.6840
4941.60 9.6831
4941.65 9.6822
4941.70 9.6813
4941.75 9.6804
4941.80 9.6796
4941.85 9.6787
4941.90 9.6779
4941.95 9.6771
4942.00 9.6763
4942.05 9.6755
4942.10 9.6747
4942.15 9.6739
4942.20 9.6731
4942.25 9.6723
4942.30 9.6716
4942.35 9.6708
4942.40 9.6701
4942.45 9.6694
4942.50 9.6687
4942.55 9.6680
4942.60 9.6673
4942.65 9.6666
4942.70 9.6659
4942.75 9.6653
4942.80 9.6646
4942.85 9.6640
4942.90 9.6634
4942.95 9.6627
4943.00 9.6621
4943.05 9.6616
4943.10 9.6610
4943.15 9.6604
4943.20 9.6598
4943.25 9.6593
4943.30 9.6588
4943.35 9.6582
4943.40 9.6577
4943.45 9.6572
4943.50 9.6567
4943.55 9.6563
4943.60 9.6558
4943.65 9.6554
4943.70 9.6549
4943.75 9.6545
4943.80 9.6541
4943.85 9.6537
4943.90 9.6533
4943.95 9.6529
4944.00 9.6525
4944.05 9.6522
4944.10 9.6518
4944.15 9.6515
4944.20 9.6512
4944.25 9.6509
4944.30 9.6506
4944.35 9.6503
4944.40 9.6500
4944.45 9.6497
4944.50 9.6495
4944.55 9.6493
4944.60 9.6490
4944.65 9.6488
4944.70 9.6486
4944.75 9.6484
4944.80 9.6483
4944.85 9.6481
4944.90 9.6480
4944.95 9.6478
4945.00 9.6477
4945.05 9.6476
4945.10 9.6475
4945.15 9.6474
4945.20 9.6473
4945.25 9.6473
4945.30 9.6472
4945.35 9.6472
4945.40 9.6472
4945.45 9.6471
