5165.50 6.4126
5165.55 6.4127
5165.60 6.4127
5165.65 6.4128
5165.70 6.4129
5165.75 6.4130
5165.80 6.4131
5165.85 6.4131
5165.90 6.4132
5165.95 6.4133
5166.00 6.4134
5166.05 6.4134
5166.10 6.4135
5166.15 6.4136
5166.20 6.4137
5166.25 6.4137
5166.30 6.4138
5166.35 6.4138
5166.40 6.4139
5166.45 6.4140
5166.50 6.4140
5166.55 6.4141
5166.60 6.4141
5166.65 6.4142
5166.70 6.4142
5166.75 6.4143
5166.80 6.4143
5166.85 6.4144
5166.90 6.4144
5166.95 6.4145
5167.00 6.4145
5167.05 6.4146
5167.10 6.4146
5167.15 6.4147
5167.20 6.4147
5167.25 6.4147
5167.30 6.4148
5167.35 6.4148
5167.40 6.4148
5167.45 6.4149
5167.50 6.4149
5167.55 6.4149
5167.60 6.4149
5167.65 6.4150
5167.70 6.4150
5167.75 6.4150
5167.80 6.4150
5167.85 6.4151
5167.90 6.4151
5167.95 6.4151
5168.00 6.4151
5168.05 6.4151
5168.10 6.4151
5168.15 6.4151
5168.20 6.4151
5168.25 6.4152
5168.30 6.4152
5168.35 6.4152
5168.40 6.4152
5168.45 6.4152
5168.50 6.4152
5168.55 6.4152
5168.60 6.4152
5168.65 6.4152
5168.70 6.4152
5168.75 6.4152
5168.80 6.4151
5168.85 6.4151
5168.90 6.4151
5168.95 6.4151
5169.00 6.4151
5169.05 6.4151
5169.10 6.4151
5169.15 6.4151
5169.20 6.4150
5169.25 6.4150
5169.30 6.4150
5169.35 6.4150
5169.40 6.4150
5169.45 6.4149
5169.50 6.4149
5169.55 6.4149
5169.60 6.4149
5169.65 6.4148
5169.70 6.4148
5169.75 6.4148
5169.80 6.4147
5169.85 6.4147
5169.90 6.4147
5169.95 6.4146
5170.00 6.4146
5170.05 6.4145
5170.10 6.4145
5170.15 6.4145
5170.20 6.4144
5170.25 6.4144
5170.30 6.4143
5170.35 6.4143
5170.40 6.4142
5170.45 6.4142
5170.50 6.4141
5170.55 6.4141
5170.60 6.4140
5170.65 6.4140
5170.70 6.4139
5170.75 6.4138
5170.80 6.4138
5170.85 6.4137
5170.90 6.4137
5170.95 6.4136
5171.00 6.4135
5171.05 6.4135
5171.10 6.4134
5171.15 6.4133
5171.20 6.4133
5171.25 6.4132
5171.30 6.4131
5171.35 6.4131
5171.40 6.4130
5171.45 6.4129
5171.50 6.4128
5171.55 6.4128
5171.60 6.4127
5171.65 6.4126
5171.70 6.4125
5171.75 6.4124
5171.80 6.4124
5171.85 6.4123
5171.90 6.4122
5171.95 6.4121
5172.00 6.4120
5172.05 6.4119
5172.10 6.4118
5172.15 6.4118
5172.20 6.4117
5172.25 6.4116
5172.30 6.4115
5172.35 6.4114
5172.40 6.4113
5172.45 6.4112
5172.50 6.4111
5172.55 6.4110
5172.60 6.4109
5172.65 6.4108
5172.70 6.4107
5172.75 6.4106
5172.80 6.4105
5172.85 6.4104
5172.90 6.4103
5172.95 6.4101
5173.00 6.4100
5173.05 6.4099
5173.10 6.4098
5173.15 6.4097
5173.20 6.4096
5173.25 6.4095
5173.30 6.4094
5173.35 6.4092
5173.40 6.4091
5173.45 6.4090
5173.50 6.4089
5173.55 6.4088
5173.60 6.4086
5173.65 6.4085
5173.70 6.4084
5173.75 6.4083
5173.80 6.4081
5173.85 6.4080
5173.90 6.4079
5173.95 6.4078
5174.00 6.4076
5174.05 6.4075
5174.10 6.4074
5174.15 6.4072
5174.20 6.4071
5174.25 6.4070
5174.30 6.4068
5174.35 6.4067
5174.40 6.4065
5174.45 6.4064
5174.50 6.4063
5174.55 6.4061
5174.60 6.4060
5174.65 6.4058
5174.70 6.4057
5174.75 6.4055
5174.80 6.4054
5174.85 6.4052
5174.90 6.4051
5174.95 6.4049
5175.00 6.4048
5175.05 6.4046
5175.10 6.4045
5175.15 6.4043
5175.20 6.4042
5175.25 6.4040
5175.30 6.4039
5175.35 6.4037
5175.40 6.4035
5175.45 6.4034
5175.50 6.4032
5175.55 6.4031
5175.60 6.4029
5175.65 6.4027
5175.70 6.4026
5175.75 6.4024
5175.80 6.4022
5175.85 6.4021
5175.90 6.4019
5175.95 6.4017
5176.00 6.4016
5176.05 6.4014
5176.10 6.4012
5176.15 6.4011
5176.20 6.4009
5176.25 6.4007
5176.30 6.4005
5176.35 6.4004
5176.40 6.4002
5176.45 6.4000
5176.50 6.3998
5176.55 6.3996
5176.60 6.3995
5176.65 6.3993
5176.70 6.3991
5176.75 6.3989
5176.80 6.3987
5176.85 6.3985
5176.90 6.3984
5176.95 6.3982
5177.00 6.3980
5177.05 6.3978
5177.10 6.3976
5177.15 6.3974
5177.20 6.3972
5177.25 6.3970
5177.30 6.3968
5177.35 6.3967
5177.40 6.3965
5177.45 6.3963
5177.50 6.3961
5177.55 6.3959
5177.60 6.3957
5177.65 6.3955
5177.70 6.3953
5177.75 6.3951
5177.80 6.3949
5177.85 6.3947
5177.90 6.3945
5177.95 6.3943
5178.00 6.3941
5178.05 6.3939
5178.10 6.3936
5178.15 6.3934
5178.20 6.3932
5178.25 6.3930
5178.30 6.3928
5178.35 6.3926
5178.40 6.3924
5178.45 6.3922
5178.50 6.3920
5178.55 6.3918
5178.60 6.3915
5178.65 6.3913
5178.70 6.3911
5178.75 6.3909
5178.80 6.3907
5178.85 6.3905
5178.90 6.3902
5178.95 6.3900
5179.00 6.3898
5179.05 6.3896
5179.10 6.3894
5179.15 6.3891
5179.20 6.3889
5179.25 6.3887
5179.30 6.3885
5179.35 6.3882
5179.40 6.3880
5179.45 6.3878
5179.50 6.3876
5179.55 6.3873
5179.60 6.3871
5179.65 6.3869
5179.70 6.3867
5179.75 6.3864
5179.80 6.3862
5179.85 6.3860
5179.90 6.3857
5179.95 6.3855
5180.00 6.3853
5180.05 6.3850
5180.10 6.3848
5180.15 6.3845
5180.20 6.3843
5180.25 6.3841
5180.30 6.3838
5180.35 6.3836
5180.40 6.3834
5180.45 6.3831
5180.50 6.3829
5180.55 6.3826
5180.60 6.3824
5180.65 6.3821
5180.70 6.3819
5180.75 6.3817
5180.80 6.3814
5180.85 6.3812
5180.90 6.3809
5180.95 6.3807
5181.00 6.3804
5181.05 6.3802
5181.10 6.3799
5181.15 6.3797
5181.20 6.3794
5181.25 6.3792
5181.30 6.3789
5181.35 6.3787
5181.40 6.3784
5181.45 6.3782
5181.50 6.3779
5181.55 6.3776
5181.60 6.3774
5181.65 6.3771
5181.70 6.3769
5181.75 6.3766
5181.80 6.3764
5181.85 6.3761
5181.90 6.3758
5181.95 6.3756
5182.00 6.3753
5182.05 6.3751
5182.10 6.3748
5182.15 6.3745
5182.20 6.3743
5182.25 6.3740
5182.30 6.3737
5182.35 6.3735
5182.40 6.3732
5182.45 6.3730
5182.50 6.3727
5182.55 6.3724
5182.60 6.3721
5182.65 6.3719
5182.70 6.3716
5182.75 6.3713
5182.80 6.3711
5182.85 6.3708
5182.90 6.3705
5182.95 6.3703
5183.00 6.3700
5183.05 6.3697
5183.10 6.3694
5183.15 6.3692
5183.20 6.3689
5183.25 6.3686
5183.30 6.3683
5183.35 6.3681
5183.40 6.3678
5183.45 6.3675
5183.50 6.3672
5183.55 6.3670
5183.60 6.3667
5183.65 6.3664
5183.70 6.3661
5183.75 6.3658
5183.80 6.3656
5183.85 6.3653
5183.90 6.3650
5183.95 6.3647
5184.00 6.3644
5184.05 6.3641
5184.10 6.3639
5184.15 6.3636
5184.20 6.3633
5184.25 6.3630
5184.30 6.3627
5184.35 6.3624
5184.40 6.3621
5184.45 6.3619
5184.50 6.3616
5184.55 6.3613
5184.60 6.3610
5184.65 6.3607
5184.70 6.3604
5184.75 6.3601
5184.80 6.3598
5184.85 6.3595
5184.90 6.3592
5184.95 6.3590
5185.00 6.3587
5185.05 6.3584
5185.10 6.3581
5185.15 6.3578
5185.20 6.3575
5185.25 6.3572
5185.30 6.3569
5185.35 6.3566
5185.40 6.3563
5185.45 6.3560
5185.50 6.3557
5185.55 6.3554
5185.60 6.3551
5185.65 6.3548
5185.70 6.3545
5185.75 6.3542
5185.80 6.3539
5185.85 6.3536
5185.90 6.3533
5185.95 6.3530
5186.00 6.3527
5186.05 6.3524
5186.10 6.3521
5186.15 6.3518
5186.20 6.3515
5186.25 6.3512
5186.30 6.3509
5186.35 6.3506
5186.40 6.3503
5186.45 6.3500
5186.50 6.3497
5186.55 6.3494
5186.60 6.3491
5186.65 6.3488
5186.70 6.3484
5186.75 6.3481
5186.80 6.3478
5186.85 6.3475
5186.90 6.3472
5186.95 6.3469
5187.00 6.3466
5187.05 6.3463
5187.10 6.3460
5187.15 6.3457
5187.20 6.3454
5187.25 6.3450
5187.30 6.3447
5187.35 6.3444
5187.40 6.3441
5187.45 6.3438
5187.50 6.3435
5187.55 6.3432
5187.60 6.3428
5187.65 6.3425
5187.70 6.3422
5187.75 6.3419
5187.80 6.3416
5187.85 6.3413
5187.90 6.3410
5187.95 6.3406
5188.00 6.3403
5188.05 6.3400
5188.10 6.3397
5188.15 6.3394
5188.20 6.3391
5188.25 6.3387
5188.30 6.3384
5188.35 6.3381
5188.40 6.3378
5188.45 6.3375
5188.50 6.3371
5188.55 6.3368
5188.60 6.3365
5188.65 6.3362
5188.70 6.3359
5188.75 6.3355
5188.80 6.3352
5188.85 6.3349
5188.90 6.3346
5188.95 6.3342
5189.00 6.3339
5189.05 6.3336
5189.10 6.3333
5189.15 6.3329
5189.20 6.3326
5189.25 6.3323
5189.30 6.3320
5189.35 6.3316
5189.40 6.3313
5189.45 6.3310
5189.50 6.3307
5189.55 6.3303
5189.60 6.3300
5189.65 6.3297
5189.70 6.3294
5189.75 6.3290
5189.80 6.3287
5189.85 6.3284
5189.90 6.3280
5189.95 6.3277
5190.00 6.3274
5190.05 6.3271
5190.10 6.3267
5190.15 6.3264
5190.20 6.3261
5190.25 6.3257
5190.30 6.3254
5190.35 6.3251
5190.40 6.3248
5190.45 6.3244
5190.50 6.3241
5190.55 6.3238
5190.60 6.3234
5190.65 6.3231
5190.70 6.3228
5190.75 6.3224
5190.80 6.3221
5190.85 6.3218
5190.90 6.3214
5190.95 6.3211
5191.00 6.3208
5191.05 6.3204
5191.10 6.3201
5191.15 6.3198
5191.20 6.3194
5191.25 6.3191
5191.30 6.3188
5191.35 6.3184
5191.40 6.3181
5191.45 6.3177
5191.50 6.3174
5191.55 6.3171
5191.60 6.3167
5191.65 6.3164
5191.70 6.3161
5191.75 6.3157
5191.80 6.3154
5191.85 6.3151
5191.90 6.3147
5191.95 6.3144
5192.00 6.3140
5192.05 6.3137
5192.10 6.3134
5192.15 6.3130
5192.20 6.3127
5192.25 6.3123
5192.30 6.3120
5192.35 6.3117
5192.40 6.3113
5192.45 6.3110
5192.50 6.3107
5192.55 6.3103
5192.60 6.3100
5192.65 6.3096
5192.70 6.3093
5192.75 6.3090
5192.80 6.3086
5192.85 6.3083
5192.90 6.3079
5192.95 6.3076
5193.00 6.3072
5193.05 6.3069
5193.10 6.3066
5193.15 6.3062
5193.20 6.3059
5193.25 6.3055
5193.30 6.3052
5193.35 6.3049
5193.40 6.3045
5193.45 6.3042
5193.50 6.3038
5193.55 6.3035
5193.60 6.3031
5193.65 6.3028
5193.70 6.3025
5193.75 6.3021
5193.80 6.3018
5193.85 6.3014
5193.90 6.3011
5193.95 6.3007
5194.00 6.3004
5194.05 6.3000
5194.10 6.2997
5194.15 6.2994
5194.20 6.2990
5194.25 6.2987
5194.30 6.2983
5194.35 6.2980
5194.40 6.2976
5194.45 6.2973
5194.50 6.2969
5194.55 6.2966
5194.60 6.2963
5194.65 6.2959
5194.70 6.2956
5194.75 6.2952
5194.80 6.2949
5194.85 6.2945
5194.90 6.2942
5194.95 6.2938
5195.00 6.2935
5195.05 6.2931
5195.10 6.2928
5195.15 6.2924
5195.20 6.2921
5195.25 6.2918
5195.30 6.2914
5195.35 6.2911
5195.40 6.2907
5195.45 6.2904
5195.50 6.2900
5195.55 6.2897
5195.60 6.2893
5195.65 6.2890
5195.70 6.2886
5195.75 6.2883
5195.80 6.2879
5195.85 6.2876
5195.90 6.2872
5195.95 6.2869
5196.00 6.2865
5196.05 6.2862
5196.10 6.2859
5196.15 6.2855
5196.20 6.2852
5196.25 6.2848
5196.30 6.2845
5196.35 6.2841
5196.40 6.2838
5196.45 6.2834
5196.50 6.2831
5196.55 6.2827
5196.60 6.2824
5196.65 6.2820
5196.70 6.2817
5196.75 6.2813
5196.80 6.2810
5196.85 6.2806
5196.90 6.2803
5196.95 6.2799
5197.00 6.2796
5197.05 6.2792
5197.10 6.2789
5197.15 6.2785
5197.20 6.2782
5197.25 6.2778
5197.30 6.2775
5197.35 6.2771
5197.40 6.2768
5197.45 6.2765
5197.50 6.2761
5197.55 6.2758
5197.60 6.2754
5197.65 6.2751
5197.70 6.2747
5197.75 6.2744
5197.80 6.2740
5197.85 6.2737
5197.90 6.2733
5197.95 6.2730
5198.00 6.2726
5198.05 6.2723
5198.10 6.2719
5198.15 6.2716
5198.20 6.2712
5198.25 6.2709
5198.30 6.2705
5198.35 6.2702
5198.40 6.2698
5198.45 6.2695
5198.50 6.2691
5198.55 6.2688
5198.60 6.2684
5198.65 6.2681
5198.70 6.2677
5198.75 6.2674
5198.80 6.2670
5198.85 6.2667
5198.90 6.2663
5198.95 6.2660
5199.00 6.2656
5199.05 6.2653
5199.10 6.2649
5199.15 6.2646
5199.20 6.2642
5199.25 6.2639
5199.30 6.2636
5199.35 6.2632
5199.40 6.2629
5199.45 6.2625
5199.50 6.2622
5199.55 6.2618
5199.60 6.2615
5199.65 6.2611
5199.70 6.2608
5199.75 6.2604
5199.80 6.2601
5199.85 6.2597
5199.90 6.2594
5199.95 6.2590
5200.00 6.2587
5200.05 6.2583
5200.10 6.2580
5200.15 6.2576
5200.20 6.2573
5200.25 6.2569
5200.30 6.2566
5200.35 6.2562
5200.40 6.2559
5200.45 6.2556
5200.50 6.2552
5200.55 6.2549
5200.60 6.2545
5200.65 6.2542
5200.70 6.2538
5200.75 6.2535
5200.80 6.2531
5200.85 6.2528
5200.90 6.2524
5200.95 6.2521
5201.00 6.2517
5201.05 6.2514
5201.10 6.2510
5201.15 6.2507
5201.20 6.2504
5201.25 6.2500
5201.30 6.2497
5201.35 6.2493
5201.40 6.2490
5201.45 6.2486
5201.50 6.2483
5201.55 6.2479
5201.60 6.2476
5201.65 6.2472
5201.70 6.2469
5201.75 6.2466
5201.80 6.2462
5201.85 6.2459
5201.90 6.2455
5201.95 6.2452
5202.00 6.2448
5202.05 6.2445
5202.10 6.2441
5202.15 6.2438
5202.20 6.2435
5202.25 6.2431
5202.30 6.2428
5202.35 6.2424
5202.40 6.2421
5202.45 6.2417
5202.50 6.2414
5202.55 6.2410
5202.60 6.2407
5202.65 6.2404
5202.70 6.2400
5202.75 6.2397
5202.80 6.2393
5202.85 6.2390
5202.90 6.2386
5202.95 6.2383
5203.00 6.2380
5203.05 6.2376
5203.10 6.2373
5203.15 6.2369
5203.20 6.2366
5203.25 6.2363
5203.30 6.2359
5203.35 6.2356
5203.40 6.2352
5203.45 6.2349
5203.50 6.2345
5203.55 6.2342
5203.60 6.2339
5203.65 6.2335
5203.70 6.2332
5203.75 6.2328
5203.80 6.2325
5203.85 6.2322
5203.90 6.2318
5203.95 6.2315
5204.00 6.2311
5204.05 6.2308
5204.10 6.2305
5204.15 6.2301
5204.20 6.2298
5204.25 6.2294
5204.30 6.2291
5204.35 6.2288
5204.40 6.2284
5204.45 6.2281
5204.50 6.2278
5204.55 6.2274
5204.60 6.2271
5204.65 6.2267
5204.70 6.2264
5204.75 6.2261
5204.80 6.2257
5204.85 6.2254
5204.90 6.2251
5204.95 6.2247
5205.00 6.2244
5205.05 6.2240
5205.10 6.2237
5205.15 6.2234
5205.20 6.2230
5205.25 6.2227
5205.30 6.2224
5205.35 6.2220
5205.40 6.2217
5205.45 6.2214
5205.50 6.2210
5205.55 6.2207
5205.60 6.2204
5205.65 6.2200
5205.70 6.2197
5205.75 6.2194
5205.80 6.2190
5205.85 6.2187
5205.90 6.2184
5205.95 6.2180
5206.00 6.2177
5206.05 6.2174
5206.10 6.2170
5206.15 6.2167
5206.20 6.2164
5206.25 6.2160
5206.30 6.2157
5206.35 6.2154
5206.40 6.2150
5206.45 6.2147
5206.50 6.2144
5206.55 6.2140
5206.60 6.2137
5206.65 6.2134
5206.70 6.2130
5206.75 6.2127
5206.80 6.2124
5206.85 6.2120
5206.90 6.2117
5206.95 6.2114
5207.00 6.2111
5207.05 6.2107
5207.10 6.2104
5207.15 6.2101
5207.20 6.2097
5207.25 6.2094
5207.30 6.2091
5207.35 6.2088
5207.40 6.2084
5207.45 6.2081
5207.50 6.2078
5207.55 6.2074
5207.60 6.2071
5207.65 6.2068
5207.70 6.2065
5207.75 6.2061
5207.80 6.2058
5207.85 6.2055
5207.90 6.2052
5207.95 6.2048
5208.00 6.2045
5208.05 6.2042
5208.10 6.2039
5208.15 6.2035
5208.20 6.2032
5208.25 6.2029
5208.30 6.2026
5208.35 6.2022
5208.40 6.2019
5208.45 6.2016
5208.50 6.2013
5208.55 6.2009
5208.60 6.2006
5208.65 6.2003
5208.70 6.2000
5208.75 6.1997
5208.80 6.1993
5208.85 6.1990
5208.90 6.1987
5208.95 6.1984
5209.00 6.1980
5209.05 6.1977
5209.10 6.1974
5209.15 6.1971
5209.20 6.1968
5209.25 6.1964
5209.30 6.1961
5209.35 6.1958
5209.40 6.1955
5209.45 6.1952
5209.50 6.1948
5209.55 6.1945
5209.60 6.1942
5209.65 6.1939
5209.70 6.1936
5209.75 6.1933
5209.80 6.1929
5209.85 6.1926
5209.90 6.1923
5209.95 6.1920
5210.00 6.1917
5210.05 6.1914
5210.10 6.1910
5210.15 6.1907
5210.20 6.1904
5210.25 6.1901
5210.30 6.1898
5210.35 6.1895
5210.40 6.1892
5210.45 6.1888
5210.50 6.1885
5210.55 6.1882
5210.60 6.1879
5210.65 6.1876
5210.70 6.1873
5210.75 6.1870
5210.80 6.1866
5210.85 6.1863
5210.90 6.1860
5210.95 6.1857
5211.00 6.1854
5211.05 6.1851
5211.10 6.1848
5211.15 6.1845
5211.20 6.1842
5211.25 6.1838
5211.30 6.1835
5211.35 6.1832
5211.40 6.1829
5211.45 6.1826
5211.50 6.1823
5211.55 6.1820
5211.60 6.1817
5211.65 6.1814
5211.70 6.1811
5211.75 6.1808
5211.80 6.1804
5211.85 6.1801
5211.90 6.1798
5211.95 6.1795
5212.00 6.1792
5212.05 6.1789
5212.10 6.1786
5212.15 6.1783
5212.20 6.1780
5212.25 6.1777
5212.30 6.1774
5212.35 6.1771
5212.40 6.1768
5212.45 6.1765
5212.50 6.1762
5212.55 6.1759
5212.60 6.1756
5212.65 6.1753
5212.70 6.1750
5212.75 6.1747
5212.80 6.1744
5212.85 6.1740
5212.90 6.1737
5212.95 6.1734
5213.00 6.1731
5213.05 6.1728
5213.10 6.1725
5213.15 6.1722
5213.20 6.1719
5213.25 6.1716
5213.30 6.1713
5213.35 6.1710
5213.40 6.1707
5213.45 6.1704
5213.50 6.1701
5213.55 6.1699
5213.60 6.1696
5213.65 6.1693
5213.70 6.1690
5213.75 6.1687
5213.80 6.1684
5213.85 6.1681
5213.90 6.1678
5213.95 6.1675
5214.00 6.1672
5214.05 6.1669
5214.10 6.1666
5214.15 6.1663
5214.20 6.1660
5214.25 6.1657
5214.30 6.1654
5214.35 6.1651
5214.40 6.1648
5214.45 6.1645
5214.50 6.1642
5214.55 6.1639
5214.60 6.1637
5214.65 6.1634
5214.70 6.1631
5214.75 6.1628
5214.80 6.1625
5214.85 6.1622
5214.90 6.1619
5214.95 6.1616
5215.00 6.1613
5215.05 6.1610
5215.10 6.1607
5215.15 6.1605
5215.20 6.1602
5215.25 6.1599
5215.30 6.1596
5215.35 6.1593
5215.40 6.1590
5215.45 6.1587
5215.50 6.1584
5215.55 6.1582
5215.60 6.1579
5215.65 6.1576
5215.70 6.1573
5215.75 6.1570
5215.80 6.1567
5215.85 6.1564
5215.90 6.1561
5215.95 6.1559
5216.00 6.1556
5216.05 6.1553
5216.10 6.1550
5216.15 6.1547
5216.20 6.1544
5216.25 6.1542
5216.30 6.1539
5216.35 6.1536
5216.40 6.1533
5216.45 6.1530
5216.50 6.1528
5216.55 6.1525
5216.60 6.1522
5216.65 6.1519
5216.70 6.1516
5216.75 6.1513
5216.80 6.1511
5216.85 6.1508
5216.90 6.1505
5216.95 6.1502
5217.00 6.1500
5217.05 6.1497
5217.10 6.1494
5217.15 6.1491
5217.20 6.1488
5217.25 6.1486
5217.30 6.1483
5217.35 6.1480
5217.40 6.1477
5217.45 6.1475
5217.50 6.1472
5217.55 6.1469
5217.60 6.1466
5217.65 6.1464
5217.70 6.1461
5217.75 6.1458
5217.80 6.1455
5217.85 6.1453
5217.90 6.1450
5217.95 6.1447
5218.00 6.1444
5218.05 6.1442
5218.10 6.1439
5218.15 6.1436
5218.20 6.1434
5218.25 6.1431
5218.30 6.1428
5218.35 6.1425
5218.40 6.1423
5218.45 6.1420
5218.50 6.1417
5218.55 6.1415
5218.60 6.1412
5218.65 6.1409
5218.70 6.1407
5218.75 6.1404
5218.80 6.1401
5218.85 6.1398
5218.90 6.1396
5218.95 6.1393
5219.00 6.1390
5219.05 6.1388
5219.10 6.1385
5219.15 6.1382
5219.20 6.1380
5219.25 6.1377
5219.30 6.1375
5219.35 6.1372
5219.40 6.1369
5219.45 6.1367
5219.50 6.1364
5219.55 6.1361
5219.60 6.1359
5219.65 6.1356
5219.70 6.1353
5219.75 6.1351
5219.80 6.1348
5219.85 6.1346
5219.90 6.1343
5219.95 6.1340
5220.00 6.1338
5220.05 6.1335
5220.10 6.1332
5220.15 6.1330
5220.20 6.1327
5220.25 6.1325
5220.30 6.1322
5220.35 6.1320
5220.40 6.1317
5220.45 6.1314
5220.50 6.1312
5220.55 6.1309
5220.60 6.1307
5220.65 6.1304
5220.70 6.1301
5220.75 6.1299
5220.80 6.1296
5220.85 6.1294
5220.90 6.1291
5220.95 6.1289
5221.00 6.1286
5221.05 6.1284
5221.10 6.1281
5221.15 6.1278
5221.20 6.1276
5221.25 6.1273
5221.30 6.1271
5221.35 6.1268
5221.40 6.1266
5221.45 6.1263
5221.50 6.1261
5221.55 6.1258
5221.60 6.1256
5221.65 6.1253
5221.70 6.1251
5221.75 6.1248
5221.80 6.1246
5221.85 6.1243
5221.90 6.1241
5221.95 6.1238
5222.00 6.1236
5222.05 6.1233
5222.10 6.1231
5222.15 6.1228
5222.20 6.1226
5222.25 6.1223
5222.30 6.1221
5222.35 6.1218
5222.40 6.1216
5222.45 6.1213
5222.50 6.1211
5222.55 6.1208
5222.60 6.1206
5222.65 6.1204
5222.70 6.1201
5222.75 6.1199
5222.80 6.1196
5222.85 6.1194
5222.90 6.1191
5222.95 6.1189
5223.00 6.1186
5223.05 6.1184
5223.10 6.1182
5223.15 6.1179
5223.20 6.1177
5223.25 6.1174
5223.30 6.1172
5223.35 6.1169
5223.40 6.1167
5223.45 6.1165
5223.50 6.1162
5223.55 6.1160
5223.60 6.1157
5223.65 6.1155
5223.70 6.1153
5223.75 6.1150
5223.80 6.1148
5223.85 6.1145
5223.90 6.1143
5223.95 6.1141
5224.00 6.1138
5224.05 6.1136
5224.10 6.1134
5224.15 6.1131
5224.20 6.1129
5224.25 6.1126
5224.30 6.1124
5224.35 6.1122
5224.40 6.1119
5224.45 6.1117
5224.50 6.1115
5224.55 6.1112
5224.60 6.1110
5224.65 6.1108
5224.70 6.1105
5224.75 6.1103
5224.80 6.1101
5224.85 6.1098
5224.90 6.1096
5224.95 6.1094
5225.00 6.1091
5225.05 6.1089
5225.10 6.1087
5225.15 6.1084
5225.20 6.1082
5225.25 6.1080
5225.30 6.1077
5225.35 6.1075
5225.40 6.1073
5225.45 6.1071
5225.50 6.1068
5225.55 6.1066
5225.60 6.1064
5225.65 6.1061
5225.70 6.1059
5225.75 6.1057
5225.80 6.1055
5225.85 6.1052
5225.90 6.1050
5225.95 6.1048
5226.00 6.1045
5226.05 6.1043
5226.10 6.1041
5226.15 6.1039
5226.20 6.1036
5226.25 6.1034
5226.30 6.1032
5226.35 6.1030
5226.40 6.1027
5226.45 6.1025
5226.50 6.1023
5226.55 6.1021
5226.60 6.1018
5226.65 6.1016
5226.70 6.1014
5226.75 6.1012
5226.80 6.1010
5226.85 6.1007
5226.90 6.1005
5226.95 6.1003
5227.00 6.1001
5227.05 6.0998
5227.10 6.0996
5227.15 6.0994
5227.20 6.0992
5227.25 6.0990
5227.30 6.0987
5227.35 6.0985
5227.40 6.0983
5227.45 6.0981
5227.50 6.0979
5227.55 6.0976
5227.60 6.0974
5227.65 6.0972
5227.70 6.0970
5227.75 6.0968
5227.80 6.0966
5227.85 6.0963
5227.90 6.0961
5227.95 6.0959
5228.00 6.0957
5228.05 6.0955
5228.10 6.0953
5228.15 6.0950
5228.20 6.0948
5228.25 6.0946
5228.30 6.0944
5228.35 6.0942
5228.40 6.0940
5228.45 6.0937
5228.50 6.0935
5228.55 6.0933
5228.60 6.0931
5228.65 6.0929
5228.70 6.0927
5228.75 6.0925
5228.80 6.0923
5228.85 6.0920
5228.90 6.0918
5228.95 6.0916
5229.00 6.0914
5229.05 6.0912
5229.10 6.0910
5229.15 6.0908
5229.20 6.0906
5229.25 6.0904
5229.30 6.0901
5229.35 6.0899
5229.40 6.0897
5229.45 6.0895
5229.50 6.0893
5229.55 6.0891
5229.60 6.0889
5229.65 6.0887
5229.70 6.0885
5229.75 6.0883
5229.80 6.0880
5229.85 6.0878
5229.90 6.0876
5229.95 6.0874
5230.00 6.0872
5230.05 6.0870
5230.10 6.0868
5230.15 6.0866
5230.20 6.0864
5230.25 6.0862
5230.30 6.0860
5230.35 6.0858
5230.40 6.0856
5230.45 6.0854
5230.50 6.0852
5230.55 6.0850
5230.60 6.0848
5230.65 6.0845
5230.70 6.0843
5230.75 6.0841
5230.80 6.0839
5230.85 6.0837
5230.90 6.0835
5230.95 6.0833
5231.00 6.0831
5231.05 6.0829
5231.10 6.0827
5231.15 6.0825
5231.20 6.0823
5231.25 6.0821
5231.30 6.0819
5231.35 6.0817
5231.40 6.0815
5231.45 6.0813
5231.50 6.0811
5231.55 6.0809
5231.60 6.0807
5231.65 6.0805
5231.70 6.0803
5231.75 6.0801
5231.80 6.0799
5231.85 6.0797
5231.90 6.0795
5231.95 6.0793
5232.00 6.0791
5232.05 6.0789
5232.10 6.0787
5232.15 6.0785
5232.20 6.0783
5232.25 6.0781
5232.30 6.0779
5232.35 6.0777
5232.40 6.0775
5232.45 6.0773
5232.50 6.0771
5232.55 6.0769
5232.60 6.0767
5232.65 6.0765
5232.70 6.0763
5232.75 6.0761
5232.80 6.0760
5232.85 6.0758
5232.90 6.0756
5232.95 6.0754
5233.00 6.0752
5233.05 6.0750
5233.10 6.0748
5233.15 6.0746
5233.20 6.0744
5233.25 6.0742
5233.30 6.0740
5233.35 6.0738
5233.40 6.0736
5233.45 6.0734
5233.50 6.0732
5233.55 6.0730
5233.60 6.0728
5233.65 6.0726
5233.70 6.0725
5233.75 6.0723
5233.80 6.0721
5233.85 6.0719
5233.90 6.0717
5233.95 6.0715
5234.00 6.0713
5234.05 6.0711
5234.10 6.0709
5234.15 6.0707
5234.20 6.0705
5234.25 6.0703
5234.30 6.0702
5234.35 6.0700
5234.40 6.0698
5234.45 6.0696
5234.50 6.0694
5234.55 6.0692
5234.60 6.0690
5234.65 6.0688
5234.70 6.0686
5234.75 6.0684
5234.80 6.0683
5234.85 6.0681
5234.90 6.0679
5234.95 6.0677
5235.00 6.0675
5235.05 6.0673
5235.10 6.0671
5235.15 6.0669
5235.20 6.0667
5235.25 6.0666
5235.30 6.0664
5235.35 6.0662
5235.40 6.0660
5235.45 6.0658
5235.50 6.0656
5235.55 6.0654
5235.60 6.0652
5235.65 6.0651
5235.70 6.0649
5235.75 6.0647
5235.80 6.0645
5235.85 6.0643
5235.90 6.0641
5235.95 6.0639
5236.00 6.0638
5236.05 6.0636
5236.10 6.0634
5236.15 6.0632
5236.20 6.0630
5236.25 6.0628
5236.30 6.0626
5236.35 6.0624
5236.40 6.0623
5236.45 6.0621
5236.50 6.0619
5236.55 6.0617
5236.60 6.0615
5236.65 6.0613
5236.70 6.0612
5236.75 6.0610
5236.80 6.0608
5236.85 6.0606
5236.90 6.0604
5236.95 6.0602
5237.00 6.0600
5237.05 6.0599
5237.10 6.0597
5237.15 6.0595
5237.20 6.0593
5237.25 6.0591
5237.30 6.0589
5237.35 6.0588
5237.40 6.0586
5237.45 6.0584
5237.50 6.0582
5237.55 6.0580
5237.60 6.0578
5237.65 6.0577
5237.70 6.0575
5237.75 6.0573
5237.80 6.0571
5237.85 6.0569
5237.90 6.0567
5237.95 6.0566
5238.00 6.0564
5238.05 6.0562
5238.10 6.0560
5238.15 6.0558
5238.20 6.0557
5238.25 6.0555
5238.30 6.0553
5238.35 6.0551
5238.40 6.0549
5238.45 6.0547
5238.50 6.0546
5238.55 6.0544
5238.60 6.0542
5238.65 6.0540
5238.70 6.0538
5238.75 6.0537
5238.80 6.0535
5238.85 6.0533
5238.90 6.0531
5238.95 6.0529
5239.00 6.0527
5239.05 6.0526
5239.10 6.0524
5239.15 6.0522
5239.20 6.0520
5239.25 6.0518
5239.30 6.0517
5239.35 6.0515
5239.40 6.0513
5239.45 6.0511
5239.50 6.0509
5239.55 6.0508
5239.60 6.0506
5239.65 6.0504
5239.70 6.0502
5239.75 6.0500
5239.80 6.0499
5239.85 6.0497
5239.90 6.0495
5239.95 6.0493
5240.00 6.0491
5240.05 6.0490
5240.10 6.0488
5240.15 6.0486
5240.20 6.0484
5240.25 6.0482
5240.30 6.0480
5240.35 6.0479
5240.40 6.0477
5240.45 6.0475
5240.50 6.0473
5240.55 6.0471
5240.60 6.0470
5240.65 6.0468
5240.70 6.0466
5240.75 6.0464
5240.80 6.0462
5240.85 6.0461
5240.90 6.0459
5240.95 6.0457
5241.00 6.0455
5241.05 6.0453
5241.10 6.0452
5241.15 6.0450
5241.20 6.0448
5241.25 6.0446
5241.30 6.0444
5241.35 6.0443
5241.40 6.0441
5241.45 6.0439
5241.50 6.0437
5241.55 6.0435
5241.60 6.0434
5241.65 6.0432
5241.70 6.0430
5241.75 6.0428
5241.80 6.0426
5241.85 6.0425
5241.90 6.0423
5241.95 6.0421
5242.00 6.0419
5242.05 6.0417
5242.10 6.0416
5242.15 6.0414
5242.20 6.0412
5242.25 6.0410
5242.30 6.0408
5242.35 6.0406
5242.40 6.0405
5242.45 6.0403
5242.50 6.0401
5242.55 6.0399
5242.60 6.0397
5242.65 6.0396
5242.70 6.0394
5242.75 6.0392
5242.80 6.0390
5242.85 6.0388
5242.90 6.0387
5242.95 6.0385
5243.00 6.0383
5243.05 6.0381
5243.10 6.0379
5243.15 6.0377
5243.20 6.0376
5243.25 6.0374
5243.30 6.0372
5243.35 6.0370
5243.40 6.0368
5243.45 6.0366
5243.50 6.0365
5243.55 6.0363
5243.60 6.0361
5243.65 6.0359
5243.70 6.0357
5243.75 6.0356
5243.80 6.0354
5243.85 6.0352
5243.90 6.0350
5243.95 6.0348
5244.00 6.0346
5244.05 6.0345
5244.10 6.0343
5244.15 6.0341
5244.20 6.0339
5244.25 6.0337
5244.30 6.0335
5244.35 6.0334
5244.40 6.0332
5244.45 6.0330
5244.50 6.0328
5244.55 6.0326
5244.60 6.0324
5244.65 6.0322
5244.70 6.0321
5244.75 6.0319
5244.80 6.0317
5244.85 6.0315
5244.90 6.0313
5244.95 6.0311
5245.00 6.0309
5245.05 6.0308
5245.10 6.0306
5245.15 6.0304
5245.20 6.0302
5245.25 6.0300
5245.30 6.0298
5245.35 6.0296
5245.40 6.0295
5245.45 6.0293
5245.50 6.0291
5245.55 6.0289
5245.60 6.0287
5245.65 6.0285
5245.70 6.0283
5245.75 6.0281
5245.80 6.0280
5245.85 6.0278
5245.90 6.0276
5245.95 6.0274
5246.00 6.0272
5246.05 6.0270
5246.10 6.0268
5246.15 6.0266
5246.20 6.0265
5246.25 6.0263
5246.30 6.0261
5246.35 6.0259
5246.40 6.0257
5246.45 6.0255
5246.50 6.0253
5246.55 6.0251
5246.60 6.0249
5246.65 6.0247
5246.70 6.0246
5246.75 6.0244
5246.80 6.0242
5246.85 6.0240
5246.90 6.0238
5246.95 6.0236
5247.00 6.0234
5247.05 6.0232
5247.10 6.0230
5247.15 6.0228
5247.20 6.0226
5247.25 6.0224
5247.30 6.0222
5247.35 6.0221
5247.40 6.0219
5247.45 6.0217
5247.50 6.0215
5247.55 6.0213
5247.60 6.0211
5247.65 6.0209
5247.70 6.0207
5247.75 6.0205
5247.80 6.0203
5247.85 6.0201
5247.90 6.0199
5247.95 6.0197
5248.00 6.0195
5248.05 6.0193
5248.10 6.0191
5248.15 6.0189
5248.20 6.0187
5248.25 6.0185
5248.30 6.0183
5248.35 6.0181
5248.40 6.0179
5248.45 6.0177
5248.50 6.0175
5248.55 6.0173
5248.60 6.0171
5248.65 6.0170
5248.70 6.0168
5248.75 6.0166
5248.80 6.0164
5248.85 6.0162
5248.90 6.0159
5248.95 6.0157
5249.00 6.0155
5249.05 6.0153
5249.10 6.0151
5249.15 6.0149
5249.20 6.0147
5249.25 6.0145
5249.30 6.0143
5249.35 6.0141
5249.40 6.0139
5249.45 6.0137
5249.50 6.0135
5249.55 6.0133
5249.60 6.0131
5249.65 6.0129
5249.70 6.0127
5249.75 6.0125
5249.80 6.0123
5249.85 6.0121
5249.90 6.0119
5249.95 6.0117
5250.00 6.0115
5250.05 6.0113
5250.10 6.0110
5250.15 6.0108
5250.20 6.0106
5250.25 6.0104
5250.30 6.0102
5250.35 6.0100
5250.40 6.0098
5250.45 6.0096
5250.50 6.0094
5250.55 6.0092
5250.60 6.0090
5250.65 6.0087
5250.70 6.0085
5250.75 6.0083
5250.80 6.0081
5250.85 6.0079
5250.90 6.0077
5250.95 6.0075
5251.00 6.0073
5251.05 6.0070
5251.10 6.0068
5251.15 6.0066
5251.20 6.0064
5251.25 6.0062
5251.30 6.0060
5251.35 6.0058
5251.40 6.0055
5251.45 6.0053
5251.50 6.0051
5251.55 6.0049
5251.60 6.0047
5251.65 6.0044
5251.70 6.0042
5251.75 6.0040
5251.80 6.0038
5251.85 6.0036
5251.90 6.0034
5251.95 6.0031
5252.00 6.0029
5252.05 6.0027
5252.10 6.0025
5252.15 6.0022
5252.20 6.0020
5252.25 6.0018
5252.30 6.0016
5252.35 6.0014
5252.40 6.0011
5252.45 6.0009
5252.50 6.0007
5252.55 6.0005
5252.60 6.0002
5252.65 6.0000
5252.70 5.9998
5252.75 5.9996
5252.80 5.9993
5252.85 5.9991
5252.90 5.9989
5252.95 5.9986
5253.00 5.9984
5253.05 5.9982
5253.10 5.9979
5253.15 5.9977
5253.20 5.9975
5253.25 5.9973
5253.30 5.9970
5253.35 5.9968
5253.40 5.9966
5253.45 5.9963
5253.50 5.9961
5253.55 5.9959
5253.60 5.9956
5253.65 5.9954
5253.70 5.9952
5253.75 5.9949
5253.80 5.9947
5253.85 5.9944
5253.90 5.9942
5253.95 5.9940
5254.00 5.9937
5254.05 5.9935
5254.10 5.9933
5254.15 5.9930
5254.20 5.9928
5254.25 5.9925
5254.30 5.9923
5254.35 5.9921
5254.40 5.9918
5254.45 5.9916
5254.50 5.9913
5254.55 5.9911
5254.60 5.9908
5254.65 5.9906
5254.70 5.9903
5254.75 5.9901
5254.80 5.9899
5254.85 5.9896
5254.90 5.9894
5254.95 5.9891
5255.00 5.9889
5255.05 5.9886
5255.10 5.9884
5255.15 5.9881
5255.20 5.9879
5255.25 5.9876
5255.30 5.9874
5255.35 5.9871
5255.40 5.9869
5255.45 5.9866
5255.50 5.9864
5255.55 5.9861
5255.60 5.9859
5255.65 5.9856
5255.70 5.9853
5255.75 5.9851
5255.80 5.9848
5255.85 5.9846
5255.90 5.9843
5255.95 5.9841
5256.00 5.9838
5256.05 5.9835
5256.10 5.9833
5256.15 5.9830
5256.20 5.9828
5256.25 5.9825
5256.30 5.9822
5256.35 5.9820
5256.40 5.9817
5256.45 5.9814
5256.50 5.9812
5256.55 5.9809
5256.60 5.9806
5256.65 5.9804
5256.70 5.9801
5256.75 5.9798
5256.80 5.9796
5256.85 5.9793
5256.90 5.9790
5256.95 5.9788
5257.00 5.9785
5257.05 5.9782
5257.10 5.9779
5257.15 5.9777
5257.20 5.9774
5257.25 5.9771
5257.30 5.9769
5257.35 5.9766
5257.40 5.9763
5257.45 5.9760
5257.50 5.9758
5257.55 5.9755
5257.60 5.9752
5257.65 5.9749
5257.70 5.9746
5257.75 5.9744
5257.80 5.9741
5257.85 5.9738
5257.90 5.9735
5257.95 5.9732
5258.00 5.9729
5258.05 5.9727
5258.10 5.9724
5258.15 5.9721
5258.20 5.9718
5258.25 5.9715
5258.30 5.9712
5258.35 5.9709
5258.40 5.9707
5258.45 5.9704
5258.50 5.9701
5258.55 5.9698
5258.60 5.9695
5258.65 5.9692
5258.70 5.9689
5258.75 5.9686
5258.80 5.9683
5258.85 5.9680
5258.90 5.9677
5258.95 5.9674
5259.00 5.9671
5259.05 5.9668
5259.10 5.9665
5259.15 5.9662
5259.20 5.9659
5259.25 5.9656
5259.30 5.9653
5259.35 5.9650
5259.40 5.9647
5259.45 5.9644
5259.50 5.9641
5259.55 5.9638
5259.60 5.9635
5259.65 5.9632
5259.70 5.9629
5259.75 5.9626
5259.80 5.9623
5259.85 5.9620
5259.90 5.9617
5259.95 5.9613
5260.00 5.9610
5260.05 5.9607
5260.10 5.9604
5260.15 5.9601
5260.20 5.9598
5260.25 5.9595
5260.30 5.9591
5260.35 5.9588
5260.40 5.9585
5260.45 5.9582
5260.50 5.9579
5260.55 5.9575
5260.60 5.9572
5260.65 5.9569
5260.70 5.9566
5260.75 5.9563
5260.80 5.9559
5260.85 5.9556
5260.90 5.9553
5260.95 5.9550
5261.00 5.9546
5261.05 5.9543
5261.10 5.9540
5261.15 5.9536
5261.20 5.9533
5261.25 5.9530
5261.30 5.9526
5261.35 5.9523
5261.40 5.9520
5261.45 5.9516
5261.50 5.9513
5261.55 5.9510
5261.60 5.9506
5261.65 5.9503
5261.70 5.9499
5261.75 5.9496
5261.80 5.9493
5261.85 5.9489
5261.90 5.9486
5261.95 5.9482
5262.00 5.9479
5262.05 5.9475
5262.10 5.9472
5262.15 5.9469
5262.20 5.9465
5262.25 5.9462
5262.30 5.9458
5262.35 5.9455
5262.40 5.9451
5262.45 5.9447
5262.50 5.9444
5262.55 5.9440
5262.60 5.9437
5262.65 5.9433
5262.70 5.9430
5262.75 5.9426
5262.80 5.9423
5262.85 5.9419
5262.90 5.9415
5262.95 5.9412
5263.00 5.9408
5263.05 5.9404
5263.10 5.9401
5263.15 5.9397
5263.20 5.9393
5263.25 5.9390
5263.30 5.9386
5263.35 5.9382
5263.40 5.9379
5263.45 5.9375
5263.50 5.9371
5263.55 5.9368
5263.60 5.9364
5263.65 5.9360
5263.70 5.9356
5263.75 5.9353
5263.80 5.9349
5263.85 5.9345
5263.90 5.9341
5263.95 5.9337
5264.00 5.9334
5264.05 5.9330
5264.10 5.9326
5264.15 5.9322
5264.20 5.9318
5264.25 5.9314
5264.30 5.9310
5264.35 5.9306
5264.40 5.9303
5264.45 5.9299
5264.50 5.9295
5264.55 5.9291
5264.60 5.9287
5264.65 5.9283
5264.70 5.9279
5264.75 5.9275
5264.80 5.9271
5264.85 5.9267
5264.90 5.9263
5264.95 5.9259
5265.00 5.9255
5265.05 5.9251
5265.10 5.9247
5265.15 5.9243
5265.20 5.9239
5265.25 5.9235
5265.30 5.9231
5265.35 5.9227
5265.40 5.9222
5265.45 5.9218
5265.50 5.9214
5265.55 5.9210
5265.60 5.9206
5265.65 5.9202
5265.70 5.9198
5265.75 5.9193
5265.80 5.9189
5265.85 5.9185
5265.90 5.9181
5265.95 5.9177
5266.00 5.9172
5266.05 5.9168
5266.10 5.9164
5266.15 5.9160
5266.20 5.9155
5266.25 5.9151
5266.30 5.9147
5266.35 5.9142
5266.40 5.9138
5266.45 5.9134
5266.50 5.9129
5266.55 5.9125
5266.60 5.9121
5266.65 5.9116
5266.70 5.9112
5266.75 5.9107
5266.80 5.9103
5266.85 5.9099
5266.90 5.9094
5266.95 5.9090
5267.00 5.9085
5267.05 5.9081
5267.10 5.9076
5267.15 5.9072
5267.20 5.9067
5267.25 5.9063
5267.30 5.9058
5267.35 5.9054
5267.40 5.9049
5267.45 5.9045
5267.50 5.9040
5267.55 5.9035
5267.60 5.9031
5267.65 5.9026
5267.70 5.9021
5267.75 5.9017
5267.80 5.9012
5267.85 5.9008
5267.90 5.9003
5267.95 5.8998
5268.00 5.8993
5268.05 5.8989
5268.10 5.8984
5268.15 5.8979
5268.20 5.8975
5268.25 5.8970
5268.30 5.8965
5268.35 5.8960
5268.40 5.8955
5268.45 5.8951
5268.50 5.8946
5268.55 5.8941
5268.60 5.8936
5268.65 5.8931
5268.70 5.8926
5268.75 5.8921
5268.80 5.8917
5268.85 5.8912
5268.90 5.8907
5268.95 5.8902
5269.00 5.8897
5269.05 5.8892
5269.10 5.8887
5269.15 5.8882
5269.20 5.8877
5269.25 5.8872
5269.30 5.8867
5269.35 5.8862
5269.40 5.8857
5269.45 5.8852
5269.50 5.8847
5269.55 5.8841
5269.60 5.8836
5269.65 5.8831
5269.70 5.8826
5269.75 5.8821
5269.80 5.8816
5269.85 5.8811
5269.90 5.8805
5269.95 5.8800
5270.00 5.8795
5270.05 5.8790
5270.10 5.8785
5270.15 5.8779
5270.20 5.8774
5270.25 5.8769
5270.30 5.8763
5270.35 5.8758
5270.40 5.8753
5270.45 5.8747
5270.50 5.8742
5270.55 5.8737
5270.60 5.8731
5270.65 5.8726
5270.70 5.8721
5270.75 5.8715
5270.80 5.8710
5270.85 5.8704
5270.90 5.8699
5270.95 5.8693
5271.00 5.8688
5271.05 5.8682
5271.10 5.8677
5271.15 5.8671
5271.20 5.8666
5271.25 5.8660
5271.30 5.8655
5271.35 5.8649
5271.40 5.8643
5271.45 5.8638
5271.50 5.8632
5271.55 5.8626
5271.60 5.8621
5271.65 5.8615
5271.70 5.8609
5271.75 5.8604
5271.80 5.8598
5271.85 5.8592
5271.90 5.8586
5271.95 5.8581
5272.00 5.8575
5272.05 5.8569
5272.10 5.8563
5272.15 5.8557
5272.20 5.8552
5272.25 5.8546
5272.30 5.8540
5272.35 5.8534
5272.40 5.8528
5272.45 5.8522
5272.50 5.8516
5272.55 5.8510
5272.60 5.8504
5272.65 5.8498
5272.70 5.8492
5272.75 5.8486
5272.80 5.8480
5272.85 5.8474
5272.90 5.8468
5272.95 5.8462
5273.00 5.8456
5273.05 5.8450
5273.10 5.8444
5273.15 5.8438
5273.20 5.8431
5273.25 5.8425
5273.30 5.8419
5273.35 5.8413
5273.40 5.8407
5273.45 5.8401
5273.50 5.8394
5273.55 5.8388
5273.60 5.8382
5273.65 5.8375
5273.70 5.8369
5273.75 5.8363
5273.80 5.8356
5273.85 5.8350
5273.90 5.8344
5273.95 5.8337
5274.00 5.8331
5274.05 5.8325
5274.10 5.8318
5274.15 5.8312
5274.20 5.8305
5274.25 5.8299
5274.30 5.8292
5274.35 5.8286
5274.40 5.8279
5274.45 5.8273
5274.50 5.8266
5274.55 5.8259
5274.60 5.8253
5274.65 5.8246
5274.70 5.8240
5274.75 5.8233
5274.80 5.8226
5274.85 5.8220
5274.90 5.8213
5274.95 5.8206
5275.00 5.8199
5275.05 5.8193
5275.10 5.8186
5275.15 5.8179
5275.20 5.8172
5275.25 5.8165
5275.30 5.8159
5275.35 5.8152
5275.40 5.8145
5275.45 5.8138
5275.50 5.8131
5275.55 5.8124
5275.60 5.8117
5275.65 5.8110
5275.70 5.8103
5275.75 5.8096
5275.80 5.8089
5275.85 5.8082
5275.90 5.8075
5275.95 5.8068
5276.00 5.8061
5276.05 5.8054
5276.10 5.8047
5276.15 5.8040
5276.20 5.8032
5276.25 5.8025
5276.30 5.8018
5276.35 5.8011
5276.40 5.8004
5276.45 5.7996
5276.50 5.7989
5276.55 5.7982
5276.60 5.7975
5276.65 5.7967
5276.70 5.7960
5276.75 5.7953
5276.80 5.7945
5276.85 5.7938
5276.90 5.7930
5276.95 5.7923
5277.00 5.7916
5277.05 5.7908
5277.10 5.7901
5277.15 5.7893
5277.20 5.7886
5277.25 5.7878
5277.30 5.7871
5277.35 5.7863
5277.40 5.7855
5277.45 5.7848
5277.50 5.7840
5277.55 5.7832
5277.60 5.7825
5277.65 5.7817
5277.70 5.7809
5277.75 5.7802
5277.80 5.7794
5277.85 5.7786
5277.90 5.7778
5277.95 5.7771
5278.00 5.7763
5278.05 5.7755
5278.10 5.7747
5278.15 5.7739
5278.20 5.7731
5278.25 5.7723
5278.30 5.7715
5278.35 5.7707
5278.40 5.7700
5278.45 5.7692
5278.50 5.7684
5278.55 5.7675
5278.60 5.7667
5278.65 5.7659
5278.70 5.7651
5278.75 5.7643
5278.80 5.7635
5278.85 5.7627
5278.90 5.7619
5278.95 5.7611
5279.00 5.7602
5279.05 5.7594
5279.10 5.7586
5279.15 5.7578
5279.20 5.7569
5279.25 5.7561
5279.30 5.7553
5279.35 5.7544
5279.40 5.7536
5279.45 5.7528
5279.50 5.7519
5279.55 5.7511
5279.60 5.7502
5279.65 5.7494
5279.70 5.7485
5279.75 5.7477
5279.80 5.7468
5279.85 5.7460
5279.90 5.7451
5279.95 5.7442
5280.00 5.7434
5280.05 5.7425
5280.10 5.7417
5280.15 5.7408
5280.20 5.7399
5280.25 5.7390
5280.30 5.7382
5280.35 5.7373
5280.40 5.7364
5280.45 5.7355
5280.50 5.7347
5280.55 5.7338
5280.60 5.7329
5280.65 5.7320
5280.70 5.7311
5280.75 5.7302
5280.80 5.7293
5280.85 5.7284
5280.90 5.7275
5280.95 5.7266
5281.00 5.7257
5281.05 5.7248
5281.10 5.7239
5281.15 5.7230
5281.20 5.7221
5281.25 5.7212
5281.30 5.7203
5281.35 5.7193
5281.40 5.7184
5281.45 5.7175
5281.50 5.7166
5281.55 5.7156
5281.60 5.7147
5281.65 5.7138
5281.70 5.7128
5281.75 5.7119
5281.80 5.7110
5281.85 5.7100
5281.90 5.7091
5281.95 5.7081
5282.00 5.7072
5282.05 5.7062
5282.10 5.7053
5282.15 5.7043
5282.20 5.7034
5282.25 5.7024
5282.30 5.7015
5282.35 5.7005
5282.40 5.6995
5282.45 5.6986
5282.50 5.6976
5282.55 5.6966
5282.60 5.6956
5282.65 5.6947
5282.70 5.6937
5282.75 5.6927
5282.80 5.6917
5282.85 5.6907
5282.90 5.6897
5282.95 5.6888
5283.00 5.6878
5283.05 5.6868
5283.10 5.6858
5283.15 5.6848
5283.20 5.6838
5283.25 5.6828
5283.30 5.6818
5283.35 5.6808
5283.40 5.6797
5283.45 5.6787
5283.50 5.6777
5283.55 5.6767
5283.60 5.6757
5283.65 5.6746
5283.70 5.6736
5283.75 5.6726
5283.80 5.6716
5283.85 5.6705
5283.90 5.6695
5283.95 5.6685
5284.00 5.6674
5284.05 5.6664
5284.10 5.6653
5284.15 5.6643
5284.20 5.6632
5284.25 5.6622
5284.30 5.6611
5284.35 5.6601
5284.40 5.6590
5284.45 5.6580
5284.50 5.6569
5284.55 5.6558
5284.60 5.6548
5284.65 5.6537
5284.70 5.6526
5284.75 5.6515
5284.80 5.6505
5284.85 5.6494
5284.90 5.6483
5284.95 5.6472
5285.00 5.6461
5285.05 5.6450
5285.10 5.6439
5285.15 5.6428
5285.20 5.6417
5285.25 5.6406
5285.30 5.6395
5285.35 5.6384
5285.40 5.6373
5285.45 5.6362
5285.50 5.6351
5285.55 5.6340
5285.60 5.6329
5285.65 5.6317
5285.70 5.6306
5285.75 5.6295
5285.80 5.6284
5285.85 5.6272
5285.90 5.6261
5285.95 5.6250
5286.00 5.6238
5286.05 5.6227
5286.10 5.6215
5286.15 5.6204
5286.20 5.6192
5286.25 5.6181
5286.30 5.6169
5286.35 5.6158
5286.40 5.6146
5286.45 5.6135
5286.50 5.6123
5286.55 5.6111
5286.60 5.6100
5286.65 5.6088
5286.70 5.6076
5286.75 5.6064
5286.80 5.6053
5286.85 5.6041
5286.90 5.6029
5286.95 5.6017
5287.00 5.6005
5287.05 5.5993
5287.10 5.5981
5287.15 5.5969
5287.20 5.5957
5287.25 5.5945
5287.30 5.5933
5287.35 5.5921
5287.40 5.5909
5287.45 5.5897
5287.50 5.5885
5287.55 5.5872
5287.60 5.5860
5287.65 5.5848
5287.70 5.5836
5287.75 5.5823
5287.80 5.5811
5287.85 5.5799
5287.90 5.5786
5287.95 5.5774
5288.00 5.5761
5288.05 5.5749
5288.10 5.5736
5288.15 5.5724
5288.20 5.5711
5288.25 5.5699
5288.30 5.5686
5288.35 5.5673
5288.40 5.5661
5288.45 5.5648
5288.50 5.5635
5288.55 5.5623
5288.60 5.5610
5288.65 5.5597
5288.70 5.5584
5288.75 5.5571
5288.80 5.5559
5288.85 5.5546
5288.90 5.5533
5288.95 5.5520
5289.00 5.5507
5289.05 5.5494
5289.10 5.5481
5289.15 5.5468
5289.20 5.5454
5289.25 5.5441
5289.30 5.5428
5289.35 5.5415
5289.40 5.5402
5289.45 5.5388
5289.50 5.5375
5289.55 5.5362
5289.60 5.5348
5289.65 5.5335
5289.70 5.5322
5289.75 5.5308
5289.80 5.5295
5289.85 5.5281
5289.90 5.5268
5289.95 5.5254
5290.00 5.5241
5290.05 5.5227
5290.10 5.5213
5290.15 5.5200
5290.20 5.5186
5290.25 5.5172
5290.30 5.5159
5290.35 5.5145
5290.40 5.5131
5290.45 5.5117
5290.50 5.5103
5290.55 5.5089
5290.60 5.5076
5290.65 5.5062
5290.70 5.5048
5290.75 5.5034
5290.80 5.5020
5290.85 5.5005
5290.90 5.4991
5290.95 5.4977
5291.00 5.4963
5291.05 5.4949
5291.10 5.4935
5291.15 5.4920
5291.20 5.4906
5291.25 5.4892
5291.30 5.4877
5291.35 5.4863
5291.40 5.4849
5291.45 5.4834
5291.50 5.4820
5291.55 5.4805
5291.60 5.4791
5291.65 5.4776
5291.70 5.4762
5291.75 5.4747
5291.80 5.4732
5291.85 5.4718
5291.90 5.4703
5291.95 5.4688
5292.00 5.4673
5292.05 5.4659
5292.10 5.4644
5292.15 5.4629
5292.20 5.4614
5292.25 5.4599
5292.30 5.4584
5292.35 5.4569
5292.40 5.4554
5292.45 5.4539
5292.50 5.4524
5292.55 5.4509
5292.60 5.4494
5292.65 5.4478
5292.70 5.4463
5292.75 5.4448
5292.80 5.4433
5292.85 5.4417
5292.90 5.4402
5292.95 5.4387
5293.00 5.4371
5293.05 5.4356
5293.10 5.4340
5293.15 5.4325
5293.20 5.4309
5293.25 5.4294
5293.30 5.4278
5293.35 5.4263
5293.40 5.4247
5293.45 5.4231
5293.50 5.4216
5293.55 5.4200
5293.60 5.4184
5293.65 5.4168
5293.70 5.4152
5293.75 5.4136
5293.80 5.4121
5293.85 5.4105
5293.90 5.4089
5293.95 5.4073
5294.00 5.4057
5294.05 5.4040
5294.10 5.4024
5294.15 5.4008
5294.20 5.3992
5294.25 5.3976
5294.30 5.3960
5294.35 5.3943
5294.40 5.3927
5294.45 5.3911
5294.50 5.3894
5294.55 5.3878
5294.60 5.3861
5294.65 5.3845
5294.70 5.3828
5294.75 5.3812
5294.80 5.3795
5294.85 5.3779
5294.90 5.3762
5294.95 5.3745
5295.00 5.3729
5295.05 5.3712
5295.10 5.3695
5295.15 5.3678
5295.20 5.3661
5295.25 5.3644
5295.30 5.3628
5295.35 5.3611
5295.40 5.3594
5295.45 5.3577
