5688.50 4.5248
5688.55 4.5248
5688.60 4.5248
5688.65 4.5248
5688.70 4.5249
5688.75 4.5249
5688.80 4.5249
5688.85 4.5249
5688.90 4.5250
5688.95 4.5250
5689.00 4.5250
5689.05 4.5251
5689.10 4.5251
5689.15 4.5252
5689.20 4.5253
5689.25 4.5253
5689.30 4.5254
5689.35 4.5255
5689.40 4.5255
5689.45 4.5256
5689.50 4.5257
5689.55 4.5258
5689.60 4.5259
5689.65 4.5260
5689.70 4.5261
5689.75 4.5262
5689.80 4.5263
5689.85 4.5264
5689.90 4.5265
5689.95 4.5267
5690.00 4.5268
5690.05 4.5269
5690.10 4.5270
5690.15 4.5272
5690.20 4.5273
5690.25 4.5275
5690.30 4.5276
5690.35 4.5278
5690.40 4.5279
5690.45 4.5281
5690.50 4.5283
5690.55 4.5284
5690.60 4.5286
5690.65 4.5288
5690.70 4.5290
5690.75 4.5292
5690.80 4.5294
5690.85 4.5296
5690.90 4.5298
5690.95 4.5300
5691.00 4.5302
5691.05 4.5304
5691.10 4.5306
5691.15 4.5308
5691.20 4.5310
5691.25 4.5313
5691.30 4.5315
5691.35 4.5317
5691.40 4.5320
5691.45 4.5322
5691.50 4.5325
5691.55 4.5327
5691.60 4.5330
5691.65 4.5332
5691.70 4.5335
5691.75 4.5338
5691.80 4.5340
5691.85 4.5343
5691.90 4.5346
5691.95 4.5349
5692.00 4.5351
5692.05 4.5354
5692.10 4.5357
5692.15 4.5360
5692.20 4.5363
5692.25 4.5366
5692.30 4.5369
5692.35 4.5372
5692.40 4.5375
5692.45 4.5379
5692.50 4.5382
5692.55 4.5385
5692.60 4.5388
5692.65 4.5392
5692.70 4.5395
5692.75 4.5398
5692.80 4.5402
5692.85 4.5405
5692.90 4.5409
5692.95 4.5412
5693.00 4.5416
5693.05 4.5419
5693.10 4.5423
5693.15 4.5426
5693.20 4.5430
5693.25 4.5434
5693.30 4.5438
5693.35 4.5441
5693.40 4.5445
5693.45 4.5449
5693.50 4.5453
5693.55 4.5457
5693.60 4.5461
5693.65 4.5465
5693.70 4.5469
5693.75 4.5473
5693.80 4.5477
5693.85 4.5481
5693.90 4.5485
5693.95 4.5489
5694.00 4.5493
5694.05 4.5497
5694.10 4.5501
5694.15 4.5506
5694.20 4.5510
5694.25 4.5514
5694.30 4.5519
5694.35 4.5523
5694.40 4.5527
5694.45 4.5532
5694.50 4.5536
5694.55 4.5541
5694.60 4.5545
5694.65 4.5550
5694.70 4.5554
5694.75 4.5559
5694.80 4.5563
5694.85 4.5568
5694.90 4.5573
5694.95 4.5577
5695.00 4.5582
5695.05 4.5587
5695.10 4.5591
5695.15 4.5596
5695.20 4.5601
5695.25 4.5606
5695.30 4.5611
5695.35 4.5615
5695.40 4.5620
5695.45 4.5625
5695.50 4.5630
5695.55 4.5635
5695.60 4.5640
5695.65 4.5645
5695.70 4.5650
5695.75 4.5655
5695.80 4.5660
5695.85 4.5665
5695.90 4.5670
5695.95 4.5675
5696.00 4.5680
5696.05 4.5685
5696.10 4.5691
5696.15 4.5696
5696.20 4.5701
5696.25 4.5706
5696.30 4.5711
5696.35 4.5717
5696.40 4.5722
5696.45 4.5727
5696.50 4.5732
5696.55 4.5738
5696.60 4.5743
5696.65 4.5748
5696.70 4.5754
5696.75 4.5759
5696.80 4.5764
5696.85 4.5770
5696.90 4.5775
5696.95 4.5781
5697.00 4.5786
5697.05 4.5792
5697.10 4.5797
5697.15 4.5802
5697.20 4.5808
5697.25 4.5813
5697.30 4.5819
5697.35 4.5824
5697.40 4.5830
5697.45 4.5835
5697.50 4.5841
5697.55 4.5847
5697.60 4.5852
5697.65 4.5858
5697.70 4.5863
5697.75 4.5869
5697.80 4.5874
5697.85 4.5880
5697.90 4.5886
5697.95 4.5891
5698.00 4.5897
5698.05 4.5903
5698.10 4.5908
5698.15 4.5914
5698.20 4.5919
5698.25 4.5925
5698.30 4.5931
5698.35 4.5936
5698.40 4.5942
5698.45 4.5948
5698.50 4.5953
5698.55 4.5959
5698.60 4.5965
5698.65 4.5971
5698.70 4.5976
5698.75 4.5982
5698.80 4.5988
5698.85 4.5993
5698.90 4.5999
5698.95 4.6005
5699.00 4.6010
5699.05 4.6016
5699.10 4.6022
5699.15 4.6028
5699.20 4.6033
5699.25 4.6039
5699.30 4.6045
5699.35 4.6050
5699.40 4.6056
5699.45 4.6062
5699.50 4.6068
5699.55 4.6073
5699.60 4.6079
5699.65 4.6085
5699.70 4.6090
5699.75 4.6096
5699.80 4.6102
5699.85 4.6107
5699.90 4.6113
5699.95 4.6119
5700.00 4.6125
5700.05 4.6130
5700.10 4.6136
5700.15 4.6142
5700.20 4.6147
5700.25 4.6153
5700.30 4.6159
5700.35 4.6164
5700.40 4.6170
5700.45 4.6175
5700.50 4.6181
5700.55 4.6187
5700.60 4.6192
5700.65 4.6198
5700.70 4.6203
5700.75 4.6209
5700.80 4.6215
5700.85 4.6220
5700.90 4.6226
5700.95 4.6231
5701.00 4.6237
5701.05 4.6242
5701.10 4.6248
5701.15 4.6253
5701.20 4.6259
5701.25 4.6264
5701.30 4.6270
5701.35 4.6275
5701.40 4.6281
5701.45 4.6286
5701.50 4.6292
5701.55 4.6297
5701.60 4.6303
5701.65 4.6308
5701.70 4.6313
5701.75 4.6319
5701.80 4.6324
5701.85 4.6329
5701.90 4.6335
5701.95 4.6340
5702.00 4.6345
5702.05 4.6351
5702.10 4.6356
5702.15 4.6361
5702.20 4.6366
5702.25 4.6372
5702.30 4.6377
5702.35 4.6382
5702.40 4.6387
5702.45 4.6392
5702.50 4.6398
5702.55 4.6403
5702.60 4.6408
5702.65 4.6413
5702.70 4.6418
5702.75 4.6423
5702.80 4.6428
5702.85 4.6433
5702.90 4.6438
5702.95 4.6443
5703.00 4.6448
5703.05 4.6453
5703.10 4.6458
5703.15 4.6463
5703.20 4.6468
5703.25 4.6473
5703.30 4.6478
5703.35 4.6483
5703.40 4.6487
5703.45 4.6492
5703.50 4.6497
5703.55 4.6502
5703.60 4.6506
5703.65 4.6511
5703.70 4.6516
5703.75 4.6521
5703.80 4.6525
5703.85 4.6530
5703.90 4.6534
5703.95 4.6539
5704.00 4.6544
5704.05 4.6548
5704.10 4.6553
5704.15 4.6557
5704.20 4.6562
5704.25 4.6566
5704.30 4.6571
5704.35 4.6575
5704.40 4.6579
5704.45 4.6584
5704.50 4.6588
5704.55 4.6592
5704.60 4.6597
5704.65 4.6601
5704.70 4.6605
5704.75 4.6610
5704.80 4.6614
5704.85 4.6618
5704.90 4.6622
5704.95 4.6626
5705.00 4.6630
5705.05 4.6634
5705.10 4.6638
5705.15 4.6642
5705.20 4.6646
5705.25 4.6650
5705.30 4.6654
5705.35 4.6658
5705.40 4.6662
5705.45 4.6666
5705.50 4.6670
5705.55 4.6674
5705.60 4.6678
5705.65 4.6681
5705.70 4.6685
5705.75 4.6689
5705.80 4.6693
5705.85 4.6696
5705.90 4.6700
5705.95 4.6704
5706.00 4.6707
5706.05 4.6711
5706.10 4.6714
5706.15 4.6718
5706.20 4.6721
5706.25 4.6725
5706.30 4.6728
5706.35 4.6732
5706.40 4.6735
5706.45 4.6738
5706.50 4.6742
5706.55 4.6745
5706.60 4.6748
5706.65 4.6751
5706.70 4.6755
5706.75 4.6758
5706.80 4.6761
5706.85 4.6764
5706.90 4.6767
5706.95 4.6770
5707.00 4.6773
5707.05 4.6776
5707.10 4.6779
5707.15 4.6782
5707.20 4.6785
5707.25 4.6788
5707.30 4.6791
5707.35 4.6794
5707.40 4.6797
5707.45 4.6800
5707.50 4.6802
5707.55 4.6805
5707.60 4.6808
5707.65 4.6811
5707.70 4.6813
5707.75 4.6816
5707.80 4.6818
5707.85 4.6821
5707.90 4.6824
5707.95 4.6826
5708.00 4.6829
5708.05 4.6831
5708.10 4.6834
5708.15 4.6836
5708.20 4.6838
5708.25 4.6841
5708.30 4.6843
5708.35 4.6845
5708.40 4.6848
5708.45 4.6850
5708.50 4.6852
5708.55 4.6854
5708.60 4.6856
5708.65 4.6859
5708.70 4.6861
5708.75 4.6863
5708.80 4.6865
5708.85 4.6867
5708.90 4.6869
5708.95 4.6871
5709.00 4.6873
5709.05 4.6875
5709.10 4.6876
5709.15 4.6878
5709.20 4.6880
5709.25 4.6882
5709.30 4.6884
5709.35 4.6885
5709.40 4.6887
5709.45 4.6889
5709.50 4.6891
5709.55 4.6892
5709.60 4.6894
5709.65 4.6895
5709.70 4.6897
5709.75 4.6898
5709.80 4.6900
5709.85 4.6901
5709.90 4.6903
5709.95 4.6904
5710.00 4.6906
5710.05 4.6907
5710.10 4.6908
5710.15 4.6910
5710.20 4.6911
5710.25 4.6912
5710.30 4.6913
5710.35 4.6915
5710.40 4.6916
5710.45 4.6917
5710.50 4.6918
5710.55 4.6919
5710.60 4.6920
5710.65 4.6921
5710.70 4.6922
5710.75 4.6923
5710.80 4.6924
5710.85 4.6925
5710.90 4.6926
5710.95 4.6927
5711.00 4.6928
5711.05 4.6929
5711.10 4.6930
5711.15 4.6931
5711.20 4.6931
5711.25 4.6932
5711.30 4.6933
5711.35 4.6934
5711.40 4.6934
5711.45 4.6935
5711.50 4.6936
5711.55 4.6936
5711.60 4.6937
5711.65 4.6937
5711.70 4.6938
5711.75 4.6938
5711.80 4.6939
5711.85 4.6939
5711.90 4.6940
5711.95 4.6940
5712.00 4.6941
5712.05 4.6941
5712.10 4.6941
5712.15 4.6942
5712.20 4.6942
5712.25 4.6942
5712.30 4.6942
5712.35 4.6943
5712.40 4.6943
5712.45 4.6943
5712.50 4.6943
5712.55 4.6943
5712.60 4.6944
5712.65 4.6944
5712.70 4.6944
5712.75 4.6944
5712.80 4.6944
5712.85 4.6944
5712.90 4.6944
5712.95 4.6944
5713.00 4.6944
5713.05 4.6944
5713.10 4.6944
5713.15 4.6944
5713.20 4.6943
5713.25 4.6943
5713.30 4.6943
5713.35 4.6943
5713.40 4.6943
5713.45 4.6943
5713.50 4.6942
5713.55 4.6942
5713.60 4.6942
5713.65 4.6942
5713.70 4.6941
5713.75 4.6941
5713.80 4.6941
5713.85 4.6940
5713.90 4.6940
5713.95 4.6939
5714.00 4.6939
5714.05 4.6938
5714.10 4.6938
5714.15 4.6938
5714.20 4.6937
5714.25 4.6937
5714.30 4.6936
5714.35 4.6935
5714.40 4.6935
5714.45 4.6934
5714.50 4.6934
5714.55 4.6933
5714.60 4.6932
5714.65 4.6932
5714.70 4.6931
5714.75 4.6930
5714.80 4.6930
5714.85 4.6929
5714.90 4.6928
5714.95 4.6928
5715.00 4.6927
5715.05 4.6926
5715.10 4.6925
5715.15 4.6924
5715.20 4.6924
5715.25 4.6923
5715.30 4.6922
5715.35 4.6921
5715.40 4.6920
5715.45 4.6919
5715.50 4.6918
5715.55 4.6917
5715.60 4.6917
5715.65 4.6916
5715.70 4.6915
5715.75 4.6914
5715.80 4.6913
5715.85 4.6912
5715.90 4.6911
5715.95 4.6910
5716.00 4.6909
5716.05 4.6907
5716.10 4.6906
5716.15 4.6905
5716.20 4.6904
5716.25 4.6903
5716.30 4.6902
5716.35 4.6901
5716.40 4.6900
5716.45 4.6899
5716.50 4.6897
5716.55 4.6896
5716.60 4.6895
5716.65 4.6894
5716.70 4.6893
5716.75 4.6891
5716.80 4.6890
5716.85 4.6889
5716.90 4.6888
5716.95 4.6886
5717.00 4.6885
5717.05 4.6884
5717.10 4.6883
5717.15 4.6881
5717.20 4.6880
5717.25 4.6879
5717.30 4.6877
5717.35 4.6876
5717.40 4.6875
5717.45 4.6873
5717.50 4.6872
5717.55 4.6870
5717.60 4.6869
5717.65 4.6868
5717.70 4.6866
5717.75 4.6865
5717.80 4.6863
5717.85 4.6862
5717.90 4.6861
5717.95 4.6859
5718.00 4.6858
5718.05 4.6856
5718.10 4.6855
5718.15 4.6853
5718.20 4.6852
5718.25 4.6850
5718.30 4.6849
5718.35 4.6847
5718.40 4.6846
5718.45 4.6844
5718.50 4.6843
5718.55 4.6841
5718.60 4.6840
5718.65 4.6838
5718.70 4.6836
5718.75 4.6835
5718.80 4.6833
5718.85 4.6832
5718.90 4.6830
5718.95 4.6828
5719.00 4.6827
5719.05 4.6825
5719.10 4.6824
5719.15 4.6822
5719.20 4.6820
5719.25 4.6819
5719.30 4.6817
5719.35 4.6816
5719.40 4.6814
5719.45 4.6812
5719.50 4.6811
5719.55 4.6809
5719.60 4.6807
5719.65 4.6806
5719.70 4.6804
5719.75 4.6802
5719.80 4.6800
5719.85 4.6799
5719.90 4.6797
5719.95 4.6795
5720.00 4.6794
5720.05 4.6792
5720.10 4.6790
5720.15 4.6789
5720.20 4.6787
5720.25 4.6785
5720.30 4.6783
5720.35 4.6782
5720.40 4.6780
5720.45 4.6778
5720.50 4.6776
5720.55 4.6775
5720.60 4.6773
5720.65 4.6771
5720.70 4.6769
5720.75 4.6768
5720.80 4.6766
5720.85 4.6764
5720.90 4.6762
5720.95 4.6761
5721.00 4.6759
5721.05 4.6757
5721.10 4.6755
5721.15 4.6753
5721.20 4.6752
5721.25 4.6750
5721.30 4.6748
5721.35 4.6746
5721.40 4.6744
5721.45 4.6743
5721.50 4.6741
5721.55 4.6739
5721.60 4.6737
5721.65 4.6735
5721.70 4.6734
5721.75 4.6732
5721.80 4.6730
5721.85 4.6728
5721.90 4.6726
5721.95 4.6725
5722.00 4.6723
5722.05 4.6721
5722.10 4.6719
5722.15 4.6717
5722.20 4.6715
5722.25 4.6714
5722.30 4.6712
5722.35 4.6710
5722.40 4.6708
5722.45 4.6706
5722.50 4.6704
5722.55 4.6702
5722.60 4.6701
5722.65 4.6699
5722.70 4.6697
5722.75 4.6695
5722.80 4.6693
5722.85 4.6691
5722.90 4.6690
5722.95 4.6688
5723.00 4.6686
5723.05 4.6684
5723.10 4.6682
5723.15 4.6680
5723.20 4.6678
5723.25 4.6677
5723.30 4.6675
5723.35 4.6673
5723.40 4.6671
5723.45 4.6669
5723.50 4.6667
5723.55 4.6665
5723.60 4.6664
5723.65 4.6662
5723.70 4.6660
5723.75 4.6658
5723.80 4.6656
5723.85 4.6654
5723.90 4.6652
5723.95 4.6650
5724.00 4.6649
5724.05 4.6647
5724.10 4.6645
5724.15 4.6643
5724.20 4.6641
5724.25 4.6639
5724.30 4.6637
5724.35 4.6636
5724.40 4.6634
5724.45 4.6632
5724.50 4.6630
5724.55 4.6628
5724.60 4.6626
5724.65 4.6624
5724.70 4.6622
5724.75 4.6621
5724.80 4.6619
5724.85 4.6617
5724.90 4.6615
5724.95 4.6613
5725.00 4.6611
5725.05 4.6609
5725.10 4.6608
5725.15 4.6606
5725.20 4.6604
5725.25 4.6602
5725.30 4.6600
5725.35 4.6598
5725.40 4.6596
5725.45 4.6594
5725.50 4.6593
5725.55 4.6591
5725.60 4.6589
5725.65 4.6587
5725.70 4.6585
5725.75 4.6583
5725.80 4.6581
5725.85 4.6580
5725.90 4.6578
5725.95 4.6576
5726.00 4.6574
5726.05 4.6572
5726.10 4.6570
5726.15 4.6568
5726.20 4.6566
5726.25 4.6565
5726.30 4.6563
5726.35 4.6561
5726.40 4.6559
5726.45 4.6557
5726.50 4.6555
5726.55 4.6553
5726.60 4.6552
5726.65 4.6550
5726.70 4.6548
5726.75 4.6546
5726.80 4.6544
5726.85 4.6542
5726.90 4.6540
5726.95 4.6539
5727.00 4.6537
5727.05 4.6535
5727.10 4.6533
5727.15 4.6531
5727.20 4.6529
5727.25 4.6527
5727.30 4.6526
5727.35 4.6524
5727.40 4.6522
5727.45 4.6520
5727.50 4.6518
5727.55 4.6516
5727.60 4.6515
5727.65 4.6513
5727.70 4.6511
5727.75 4.6509
5727.80 4.6507
5727.85 4.6505
5727.90 4.6503
5727.95 4.6502
5728.00 4.6500
5728.05 4.6498
5728.10 4.6496
5728.15 4.6494
5728.20 4.6492
5728.25 4.6491
5728.30 4.6489
5728.35 4.6487
5728.40 4.6485
5728.45 4.6483
5728.50 4.6481
5728.55 4.6480
5728.60 4.6478
5728.65 4.6476
5728.70 4.6474
5728.75 4.6472
5728.80 4.6470
5728.85 4.6469
5728.90 4.6467
5728.95 4.6465
5729.00 4.6463
5729.05 4.6461
5729.10 4.6459
5729.15 4.6458
5729.20 4.6456
5729.25 4.6454
5729.30 4.6452
5729.35 4.6450
5729.40 4.6448
5729.45 4.6447
5729.50 4.6445
5729.55 4.6443
5729.60 4.6441
5729.65 4.6439
5729.70 4.6438
5729.75 4.6436
5729.80 4.6434
5729.85 4.6432
5729.90 4.6430
5729.95 4.6428
5730.00 4.6427
5730.05 4.6425
5730.10 4.6423
5730.15 4.6421
5730.20 4.6419
5730.25 4.6418
5730.30 4.6416
5730.35 4.6414
5730.40 4.6412
5730.45 4.6410
5730.50 4.6409
5730.55 4.6407
5730.60 4.6405
5730.65 4.6403
5730.70 4.6401
5730.75 4.6400
5730.80 4.6398
5730.85 4.6396
5730.90 4.6394
5730.95 4.6392
5731.00 4.6391
5731.05 4.6389
5731.10 4.6387
5731.15 4.6385
5731.20 4.6383
5731.25 4.6382
5731.30 4.6380
5731.35 4.6378
5731.40 4.6376
5731.45 4.6374
5731.50 4.6373
5731.55 4.6371
5731.60 4.6369
5731.65 4.6367
5731.70 4.6365
5731.75 4.6364
5731.80 4.6362
5731.85 4.6360
5731.90 4.6358
5731.95 4.6357
5732.00 4.6355
5732.05 4.6353
5732.10 4.6351
5732.15 4.6349
5732.20 4.6348
5732.25 4.6346
5732.30 4.6344
5732.35 4.6342
5732.40 4.6341
5732.45 4.6339
5732.50 4.6337
5732.55 4.6335
5732.60 4.6334
5732.65 4.6332
5732.70 4.6330
5732.75 4.6328
5732.80 4.6327
5732.85 4.6325
5732.90 4.6323
5732.95 4.6321
5733.00 4.6319
5733.05 4.6318
5733.10 4.6316
5733.15 4.6314
5733.20 4.6312
5733.25 4.6311
5733.30 4.6309
5733.35 4.6307
5733.40 4.6305
5733.45 4.6304
5733.50 4.6302
5733.55 4.6300
5733.60 4.6299
5733.65 4.6297
5733.70 4.6295
5733.75 4.6293
5733.80 4.6292
5733.85 4.6290
5733.90 4.6288
5733.95 4.6286
5734.00 4.6285
5734.05 4.6283
5734.10 4.6281
5734.15 4.6279
5734.20 4.6278
5734.25 4.6276
5734.30 4.6274
5734.35 4.6273
5734.40 4.6271
5734.45 4.6269
5734.50 4.6267
5734.55 4.6266
5734.60 4.6264
5734.65 4.6262
5734.70 4.6261
5734.75 4.6259
5734.80 4.6257
5734.85 4.6255
5734.90 4.6254
5734.95 4.6252
5735.00 4.6250
5735.05 4.6249
5735.10 4.6247
5735.15 4.6245
5735.20 4.6244
5735.25 4.6242
5735.30 4.6240
5735.35 4.6238
5735.40 4.6237
5735.45 4.6235
5735.50 4.6233
5735.55 4.6232
5735.60 4.6230
5735.65 4.6228
5735.70 4.6227
5735.75 4.6225
5735.80 4.6223
5735.85 4.6222
5735.90 4.6220
5735.95 4.6218
5736.00 4.6217
5736.05 4.6215
5736.10 4.6213
5736.15 4.6212
5736.20 4.6210
5736.25 4.6208
5736.30 4.6207
5736.35 4.6205
5736.40 4.6203
5736.45 4.6202
5736.50 4.6200
5736.55 4.6198
5736.60 4.6197
5736.65 4.6195
5736.70 4.6193
5736.75 4.6192
5736.80 4.6190
5736.85 4.6189
5736.90 4.6187
5736.95 4.6185
5737.00 4.6184
5737.05 4.6182
5737.10 4.6180
5737.15 4.6179
5737.20 4.6177
5737.25 4.6175
5737.30 4.6174
5737.35 4.6172
5737.40 4.6171
5737.45 4.6169
5737.50 4.6167
5737.55 4.6166
5737.60 4.6164
5737.65 4.6163
5737.70 4.6161
5737.75 4.6159
5737.80 4.6158
5737.85 4.6156
5737.90 4.6155
5737.95 4.6153
5738.00 4.6151
5738.05 4.6150
5738.10 4.6148
5738.15 4.6147
5738.20 4.6145
5738.25 4.6143
5738.30 4.6142
5738.35 4.6140
5738.40 4.6139
5738.45 4.6137
5738.50 4.6136
5738.55 4.6134
5738.60 4.6132
5738.65 4.6131
5738.70 4.6129
5738.75 4.6128
5738.80 4.6126
5738.85 4.6125
5738.90 4.6123
5738.95 4.6121
5739.00 4.6120
5739.05 4.6118
5739.10 4.6117
5739.15 4.6115
5739.20 4.6114
5739.25 4.6112
5739.30 4.6111
5739.35 4.6109
5739.40 4.6108
5739.45 4.6106
5739.50 4.6105
5739.55 4.6103
5739.60 4.6101
5739.65 4.6100
5739.70 4.6098
5739.75 4.6097
5739.80 4.6095
5739.85 4.6094
5739.90 4.6092
5739.95 4.6091
5740.00 4.6089
5740.05 4.6088
5740.10 4.6086
5740.15 4.6085
5740.20 4.6083
5740.25 4.6082
5740.30 4.6080
5740.35 4.6079
5740.40 4.6077
5740.45 4.6076
5740.50 4.6074
5740.55 4.6073
5740.60 4.6071
5740.65 4.6070
5740.70 4.6068
5740.75 4.6067
5740.80 4.6066
5740.85 4.6064
5740.90 4.6063
5740.95 4.6061
5741.00 4.6060
5741.05 4.6058
5741.10 4.6057
5741.15 4.6055
5741.20 4.6054
5741.25 4.6052
5741.30 4.6051
5741.35 4.6050
5741.40 4.6048
5741.45 4.6047
5741.50 4.6045
5741.55 4.6044
5741.60 4.6042
5741.65 4.6041
5741.70 4.6039
5741.75 4.6038
5741.80 4.6037
5741.85 4.6035
5741.90 4.6034
5741.95 4.6032
5742.00 4.6031
5742.05 4.6029
5742.10 4.6028
5742.15 4.6027
5742.20 4.6025
5742.25 4.6024
5742.30 4.6022
5742.35 4.6021
5742.40 4.6020
5742.45 4.6018
5742.50 4.6017
5742.55 4.6015
5742.60 4.6014
5742.65 4.6013
5742.70 4.6011
5742.75 4.6010
5742.80 4.6008
5742.85 4.6007
5742.90 4.6006
5742.95 4.6004
5743.00 4.6003
5743.05 4.6002
5743.10 4.6000
5743.15 4.5999
5743.20 4.5997
5743.25 4.5996
5743.30 4.5995
5743.35 4.5993
5743.40 4.5992
5743.45 4.5991
5743.50 4.5989
5743.55 4.5988
5743.60 4.5987
5743.65 4.5985
5743.70 4.5984
5743.75 4.5982
5743.80 4.5981
5743.85 4.5980
5743.90 4.5978
5743.95 4.5977
5744.00 4.5976
5744.05 4.5974
5744.10 4.5973
5744.15 4.5972
5744.20 4.5970
5744.25 4.5969
5744.30 4.5968
5744.35 4.5966
5744.40 4.5965
5744.45 4.5964
5744.50 4.5962
5744.55 4.5961
5744.60 4.5960
5744.65 4.5958
5744.70 4.5957
5744.75 4.5956
5744.80 4.5954
5744.85 4.5953
5744.90 4.5952
5744.95 4.5951
5745.00 4.5949
5745.05 4.5948
5745.10 4.5947
5745.15 4.5945
5745.20 4.5944
5745.25 4.5943
5745.30 4.5941
5745.35 4.5940
5745.40 4.5939
5745.45 4.5937
5745.50 4.5936
5745.55 4.5935
5745.60 4.5934
5745.65 4.5932
5745.70 4.5931
5745.75 4.5930
5745.80 4.5928
5745.85 4.5927
5745.90 4.5926
5745.95 4.5925
5746.00 4.5923
5746.05 4.5922
5746.10 4.5921
5746.15 4.5919
5746.20 4.5918
5746.25 4.5917
5746.30 4.5916
5746.35 4.5914
5746.40 4.5913
5746.45 4.5912
5746.50 4.5910
5746.55 4.5909
5746.60 4.5908
5746.65 4.5907
5746.70 4.5905
5746.75 4.5904
5746.80 4.5903
5746.85 4.5902
5746.90 4.5900
5746.95 4.5899
5747.00 4.5898
5747.05 4.5896
5747.10 4.5895
5747.15 4.5894
5747.20 4.5893
5747.25 4.5891
5747.30 4.5890
5747.35 4.5889
5747.40 4.5888
5747.45 4.5886
5747.50 4.5885
5747.55 4.5884
5747.60 4.5883
5747.65 4.5881
5747.70 4.5880
5747.75 4.5879
5747.80 4.5878
5747.85 4.5876
5747.90 4.5875
5747.95 4.5874
5748.00 4.5873
5748.05 4.5871
5748.10 4.5870
5748.15 4.5869
5748.20 4.5868
5748.25 4.5866
5748.30 4.5865
5748.35 4.5864
5748.40 4.5862
5748.45 4.5861
5748.50 4.5860
5748.55 4.5859
5748.60 4.5857
5748.65 4.5856
5748.70 4.5855
5748.75 4.5854
5748.80 4.5852
5748.85 4.5851
5748.90 4.5850
5748.95 4.5849
5749.00 4.5847
5749.05 4.5846
5749.10 4.5845
5749.15 4.5844
5749.20 4.5842
5749.25 4.5841
5749.30 4.5840
5749.35 4.5839
5749.40 4.5837
5749.45 4.5836
5749.50 4.5835
5749.55 4.5834
5749.60 4.5832
5749.65 4.5831
5749.70 4.5830
5749.75 4.5829
5749.80 4.5827
5749.85 4.5826
5749.90 4.5825
5749.95 4.5824
5750.00 4.5822
5750.05 4.5821
5750.10 4.5820
5750.15 4.5819
5750.20 4.5817
5750.25 4.5816
5750.30 4.5815
5750.35 4.5814
5750.40 4.5812
5750.45 4.5811
5750.50 4.5810
5750.55 4.5809
5750.60 4.5807
5750.65 4.5806
5750.70 4.5805
5750.75 4.5803
5750.80 4.5802
5750.85 4.5801
5750.90 4.5800
5750.95 4.5798
5751.00 4.5797
5751.05 4.5796
5751.10 4.5795
5751.15 4.5793
5751.20 4.5792
5751.25 4.5791
5751.30 4.5790
5751.35 4.5788
5751.40 4.5787
5751.45 4.5786
5751.50 4.5784
5751.55 4.5783
5751.60 4.5782
5751.65 4.5781
5751.70 4.5779
5751.75 4.5778
5751.80 4.5777
5751.85 4.5776
5751.90 4.5774
5751.95 4.5773
5752.00 4.5772
5752.05 4.5770
5752.10 4.5769
5752.15 4.5768
5752.20 4.5767
5752.25 4.5765
5752.30 4.5764
5752.35 4.5763
5752.40 4.5761
5752.45 4.5760
5752.50 4.5759
5752.55 4.5758
5752.60 4.5756
5752.65 4.5755
5752.70 4.5754
5752.75 4.5752
5752.80 4.5751
5752.85 4.5750
5752.90 4.5749
5752.95 4.5747
5753.00 4.5746
5753.05 4.5745
5753.10 4.5743
5753.15 4.5742
5753.20 4.5741
5753.25 4.5739
5753.30 4.5738
5753.35 4.5737
5753.40 4.5736
5753.45 4.5734
5753.50 4.5733
5753.55 4.5732
5753.60 4.5730
5753.65 4.5729
5753.70 4.5728
5753.75 4.5726
5753.80 4.5725
5753.85 4.5724
5753.90 4.5723
5753.95 4.5721
5754.00 4.5720
5754.05 4.5719
5754.10 4.5717
5754.15 4.5716
5754.20 4.5715
5754.25 4.5713
5754.30 4.5712
5754.35 4.5711
5754.40 4.5709
5754.45 4.5708
5754.50 4.5707
5754.55 4.5705
5754.60 4.5704
5754.65 4.5703
5754.70 4.5702
5754.75 4.5700
5754.80 4.5699
5754.85 4.5698
5754.90 4.5696
5754.95 4.5695
5755.00 4.5694
5755.05 4.5692
5755.10 4.5691
5755.15 4.5690
5755.20 4.5688
5755.25 4.5687
5755.30 4.5686
5755.35 4.5684
5755.40 4.5683
5755.45 4.5682
5755.50 4.5680
5755.55 4.5679
5755.60 4.5678
5755.65 4.5676
5755.70 4.5675
5755.75 4.5674
5755.80 4.5672
5755.85 4.5671
5755.90 4.5670
5755.95 4.5668
5756.00 4.5667
5756.05 4.5666
5756.10 4.5664
5756.15 4.5663
5756.20 4.5662
5756.25 4.5660
5756.30 4.5659
5756.35 4.5658
5756.40 4.5656
5756.45 4.5655
5756.50 4.5654
5756.55 4.5652
5756.60 4.5651
5756.65 4.5650
5756.70 4.5648
5756.75 4.5647
5756.80 4.5646
5756.85 4.5644
5756.90 4.5643
5756.95 4.5642
5757.00 4.5640
5757.05 4.5639
5757.10 4.5638
5757.15 4.5636
5757.20 4.5635
5757.25 4.5634
5757.30 4.5632
5757.35 4.5631
5757.40 4.5630
5757.45 4.5628
5757.50 4.5627
5757.55 4.5626
5757.60 4.5624
5757.65 4.5623
5757.70 4.5622
5757.75 4.5620
5757.80 4.5619
5757.85 4.5618
5757.90 4.5616
5757.95 4.5615
5758.00 4.5614
5758.05 4.5612
5758.10 4.5611
5758.15 4.5610
5758.20 4.5608
5758.25 4.5607
5758.30 4.5606
5758.35 4.5604
5758.40 4.5603
5758.45 4.5601
5758.50 4.5600
5758.55 4.5599
5758.60 4.5597
5758.65 4.5596
5758.70 4.5595
5758.75 4.5593
5758.80 4.5592
5758.85 4.5591
5758.90 4.5589
5758.95 4.5588
5759.00 4.5587
5759.05 4.5586
5759.10 4.5584
5759.15 4.5583
5759.20 4.5582
5759.25 4.5580
5759.30 4.5579
5759.35 4.5578
5759.40 4.5576
5759.45 4.5575
5759.50 4.5574
5759.55 4.5572
5759.60 4.5571
5759.65 4.5570
5759.70 4.5568
5759.75 4.5567
5759.80 4.5566
5759.85 4.5564
5759.90 4.5563
5759.95 4.5562
5760.00 4.5560
5760.05 4.5559
5760.10 4.5558
5760.15 4.5556
5760.20 4.5555
5760.25 4.5554
5760.30 4.5552
5760.35 4.5551
5760.40 4.5550
5760.45 4.5549
5760.50 4.5547
5760.55 4.5546
5760.60 4.5545
5760.65 4.5543
5760.70 4.5542
5760.75 4.5541
5760.80 4.5539
5760.85 4.5538
5760.90 4.5537
5760.95 4.5536
5761.00 4.5534
5761.05 4.5533
5761.10 4.5532
5761.15 4.5530
5761.20 4.5529
5761.25 4.5528
5761.30 4.5527
5761.35 4.5525
5761.40 4.5524
5761.45 4.5523
5761.50 4.5521
5761.55 4.5520
5761.60 4.5519
5761.65 4.5518
5761.70 4.5516
5761.75 4.5515
5761.80 4.5514
5761.85 4.5512
5761.90 4.5511
5761.95 4.5510
5762.00 4.5509
5762.05 4.5507
5762.10 4.5506
5762.15 4.5505
5762.20 4.5504
5762.25 4.5502
5762.30 4.5501
5762.35 4.5500
5762.40 4.5499
5762.45 4.5497
5762.50 4.5496
5762.55 4.5495
5762.60 4.5494
5762.65 4.5492
5762.70 4.5491
5762.75 4.5490
5762.80 4.5489
5762.85 4.5487
5762.90 4.5486
5762.95 4.5485
5763.00 4.5484
5763.05 4.5482
5763.10 4.5481
5763.15 4.5480
5763.20 4.5479
5763.25 4.5477
5763.30 4.5476
5763.35 4.5475
5763.40 4.5474
5763.45 4.5473
5763.50 4.5471
5763.55 4.5470
5763.60 4.5469
5763.65 4.5468
5763.70 4.5467
5763.75 4.5465
5763.80 4.5464
5763.85 4.5463
5763.90 4.5462
5763.95 4.5461
5764.00 4.5459
5764.05 4.5458
5764.10 4.5457
5764.15 4.5456
5764.20 4.5455
5764.25 4.5453
5764.30 4.5452
5764.35 4.5451
5764.40 4.5450
5764.45 4.5449
5764.50 4.5447
5764.55 4.5446
5764.60 4.5445
5764.65 4.5444
5764.70 4.5443
5764.75 4.5442
5764.80 4.5440
5764.85 4.5439
5764.90 4.5438
5764.95 4.5437
5765.00 4.5436
5765.05 4.5435
5765.10 4.5434
5765.15 4.5432
5765.20 4.5431
5765.25 4.5430
5765.30 4.5429
5765.35 4.5428
5765.40 4.5427
5765.45 4.5426
5765.50 4.5424
5765.55 4.5423
5765.60 4.5422
5765.65 4.5421
5765.70 4.5420
5765.75 4.5419
5765.80 4.5418
5765.85 4.5417
5765.90 4.5415
5765.95 4.5414
5766.00 4.5413
5766.05 4.5412
5766.10 4.5411
5766.15 4.5410
5766.20 4.5409
5766.25 4.5408
5766.30 4.5407
5766.35 4.5406
5766.40 4.5404
5766.45 4.5403
5766.50 4.5402
5766.55 4.5401
5766.60 4.5400
5766.65 4.5399
5766.70 4.5398
5766.75 4.5397
5766.80 4.5396
5766.85 4.5395
5766.90 4.5394
5766.95 4.5393
5767.00 4.5392
5767.05 4.5391
5767.10 4.5390
5767.15 4.5389
5767.20 4.5387
5767.25 4.5386
5767.30 4.5385
5767.35 4.5384
5767.40 4.5383
5767.45 4.5382
5767.50 4.5381
5767.55 4.5380
5767.60 4.5379
5767.65 4.5378
5767.70 4.5377
5767.75 4.5376
5767.80 4.5375
5767.85 4.5374
5767.90 4.5373
5767.95 4.5372
5768.00 4.5371
5768.05 4.5370
5768.10 4.5369
5768.15 4.5368
5768.20 4.5367
5768.25 4.5366
5768.30 4.5365
5768.35 4.5364
5768.40 4.5363
5768.45 4.5362
5768.50 4.5361
5768.55 4.5360
5768.60 4.5359
5768.65 4.5358
5768.70 4.5358
5768.75 4.5357
5768.80 4.5356
5768.85 4.5355
5768.90 4.5354
5768.95 4.5353
5769.00 4.5352
5769.05 4.5351
5769.10 4.5350
5769.15 4.5349
5769.20 4.5348
5769.25 4.5347
5769.30 4.5346
5769.35 4.5345
5769.40 4.5345
5769.45 4.5344
5769.50 4.5343
5769.55 4.5342
5769.60 4.5341
5769.65 4.5340
5769.70 4.5339
5769.75 4.5338
5769.80 4.5337
5769.85 4.5337
5769.90 4.5336
5769.95 4.5335
5770.00 4.5334
5770.05 4.5333
5770.10 4.5332
5770.15 4.5331
5770.20 4.5331
5770.25 4.5330
5770.30 4.5329
5770.35 4.5328
5770.40 4.5327
5770.45 4.5326
5770.50 4.5326
5770.55 4.5325
5770.60 4.5324
5770.65 4.5323
5770.70 4.5322
5770.75 4.5321
5770.80 4.5321
5770.85 4.5320
5770.90 4.5319
5770.95 4.5318
5771.00 4.5318
5771.05 4.5317
5771.10 4.5316
5771.15 4.5315
5771.20 4.5314
5771.25 4.5314
5771.30 4.5313
5771.35 4.5312
5771.40 4.5311
5771.45 4.5311
5771.50 4.5310
5771.55 4.5309
5771.60 4.5308
5771.65 4.5308
5771.70 4.5307
5771.75 4.5306
5771.80 4.5306
5771.85 4.5305
5771.90 4.5304
5771.95 4.5303
5772.00 4.5303
5772.05 4.5302
5772.10 4.5301
5772.15 4.5301
5772.20 4.5300
5772.25 4.5299
5772.30 4.5299
5772.35 4.5298
5772.40 4.5297
5772.45 4.5297
5772.50 4.5296
5772.55 4.5295
5772.60 4.5295
5772.65 4.5294
5772.70 4.5294
5772.75 4.5293
5772.80 4.5292
5772.85 4.5292
5772.90 4.5291
5772.95 4.5290
5773.00 4.5290
5773.05 4.5289
5773.10 4.5289
5773.15 4.5288
5773.20 4.5288
5773.25 4.5287
5773.30 4.5286
5773.35 4.5286
5773.40 4.5285
5773.45 4.5285
5773.50 4.5284
5773.55 4.5284
5773.60 4.5283
5773.65 4.5283
5773.70 4.5282
5773.75 4.5282
5773.80 4.5281
5773.85 4.5281
5773.90 4.5280
5773.95 4.5280
5774.00 4.5279
5774.05 4.5279
5774.10 4.5278
5774.15 4.5278
5774.20 4.5277
5774.25 4.5277
5774.30 4.5276
5774.35 4.5276
5774.40 4.5275
5774.45 4.5275
5774.50 4.5275
5774.55 4.5274
5774.60 4.5274
5774.65 4.5273
5774.70 4.5273
5774.75 4.5273
5774.80 4.5272
5774.85 4.5272
5774.90 4.5271
5774.95 4.5271
5775.00 4.5271
5775.05 4.5270
5775.10 4.5270
5775.15 4.5270
5775.20 4.5269
5775.25 4.5269
5775.30 4.5269
5775.35 4.5268
5775.40 4.5268
5775.45 4.5268
5775.50 4.5267
5775.55 4.5267
5775.60 4.5267
5775.65 4.5267
5775.70 4.5266
5775.75 4.5266
5775.80 4.5266
5775.85 4.5265
5775.90 4.5265
5775.95 4.5265
5776.00 4.5265
5776.05 4.5264
5776.10 4.5264
5776.15 4.5264
5776.20 4.5264
5776.25 4.5264
5776.30 4.5263
5776.35 4.5263
5776.40 4.5263
5776.45 4.5263
5776.50 4.5263
5776.55 4.5263
5776.60 4.5262
5776.65 4.5262
5776.70 4.5262
5776.75 4.5262
5776.80 4.5262
5776.85 4.5262
5776.90 4.5262
5776.95 4.5262
5777.00 4.5261
5777.05 4.5261
5777.10 4.5261
5777.15 4.5261
5777.20 4.5261
5777.25 4.5261
5777.30 4.5261
5777.35 4.5261
5777.40 4.5261
5777.45 4.5261
5777.50 4.5261
5777.55 4.5261
5777.60 4.5261
5777.65 4.5261
5777.70 4.5261
5777.75 4.5261
5777.80 4.5261
5777.85 4.5261
5777.90 4.5261
5777.95 4.5261
5778.00 4.5261
5778.05 4.5261
5778.10 4.5261
5778.15 4.5261
5778.20 4.5261
5778.25 4.5261
5778.30 4.5261
5778.35 4.5262
5778.40 4.5262
5778.45 4.5262
5778.50 4.5262
5778.55 4.5262
5778.60 4.5262
5778.65 4.5262
5778.70 4.5262
5778.75 4.5263
5778.80 4.5263
5778.85 4.5263
5778.90 4.5263
5778.95 4.5263
5779.00 4.5264
5779.05 4.5264
5779.10 4.5264
5779.15 4.5264
5779.20 4.5264
5779.25 4.5265
5779.30 4.5265
5779.35 4.5265
5779.40 4.5265
5779.45 4.5266
5779.50 4.5266
5779.55 4.5266
5779.60 4.5266
5779.65 4.5267
5779.70 4.5267
5779.75 4.5267
5779.80 4.5268
5779.85 4.5268
5779.90 4.5268
5779.95 4.5269
5780.00 4.5269
5780.05 4.5269
5780.10 4.5270
5780.15 4.5270
5780.20 4.5270
5780.25 4.5271
5780.30 4.5271
5780.35 4.5272
5780.40 4.5272
5780.45 4.5272
5780.50 4.5273
5780.55 4.5273
5780.60 4.5274
5780.65 4.5274
5780.70 4.5275
5780.75 4.5275
5780.80 4.5276
5780.85 4.5276
5780.90 4.5276
5780.95 4.5277
5781.00 4.5277
5781.05 4.5278
5781.10 4.5278
5781.15 4.5279
5781.20 4.5279
5781.25 4.5280
5781.30 4.5281
5781.35 4.5281
5781.40 4.5282
5781.45 4.5282
5781.50 4.5283
5781.55 4.5283
5781.60 4.5284
5781.65 4.5284
5781.70 4.5285
5781.75 4.5286
5781.80 4.5286
5781.85 4.5287
5781.90 4.5287
5781.95 4.5288
5782.00 4.5289
5782.05 4.5289
5782.10 4.5290
5782.15 4.5291
5782.20 4.5291
5782.25 4.5292
5782.30 4.5293
5782.35 4.5293
5782.40 4.5294
5782.45 4.5295
5782.50 4.5295
5782.55 4.5296
5782.60 4.5297
5782.65 4.5298
5782.70 4.5298
5782.75 4.5299
5782.80 4.5300
5782.85 4.5301
5782.90 4.5301
5782.95 4.5302
5783.00 4.5303
5783.05 4.5304
5783.10 4.5304
5783.15 4.5305
5783.20 4.5306
5783.25 4.5307
5783.30 4.5308
5783.35 4.5308
5783.40 4.5309
5783.45 4.5310
5783.50 4.5311
5783.55 4.5312
5783.60 4.5312
5783.65 4.5313
5783.70 4.5314
5783.75 4.5315
5783.80 4.5316
5783.85 4.5317
5783.90 4.5318
5783.95 4.5319
5784.00 4.5319
5784.05 4.5320
5784.10 4.5321
5784.15 4.5322
5784.20 4.5323
5784.25 4.5324
5784.30 4.5325
5784.35 4.5326
5784.40 4.5327
5784.45 4.5328
5784.50 4.5329
5784.55 4.5330
5784.60 4.5330
5784.65 4.5331
5784.70 4.5332
5784.75 4.5333
5784.80 4.5334
5784.85 4.5335
5784.90 4.5336
5784.95 4.5337
5785.00 4.5338
5785.05 4.5339
5785.10 4.5340
5785.15 4.5341
5785.20 4.5342
5785.25 4.5343
5785.30 4.5344
5785.35 4.5345
5785.40 4.5346
5785.45 4.5347
5785.50 4.5348
5785.55 4.5350
5785.60 4.5351
5785.65 4.5352
5785.70 4.5353
5785.75 4.5354
5785.80 4.5355
5785.85 4.5356
5785.90 4.5357
5785.95 4.5358
5786.00 4.5359
5786.05 4.5360
5786.10 4.5361
5786.15 4.5362
5786.20 4.5364
5786.25 4.5365
5786.30 4.5366
5786.35 4.5367
5786.40 4.5368
5786.45 4.5369
5786.50 4.5370
5786.55 4.5371
5786.60 4.5372
5786.65 4.5374
5786.70 4.5375
5786.75 4.5376
5786.80 4.5377
5786.85 4.5378
5786.90 4.5379
5786.95 4.5380
5787.00 4.5382
5787.05 4.5383
5787.10 4.5384
5787.15 4.5385
5787.20 4.5386
5787.25 4.5387
5787.30 4.5389
5787.35 4.5390
5787.40 4.5391
5787.45 4.5392
5787.50 4.5393
5787.55 4.5394
5787.60 4.5396
5787.65 4.5397
5787.70 4.5398
5787.75 4.5399
5787.80 4.5400
5787.85 4.5402
5787.90 4.5403
5787.95 4.5404
5788.00 4.5405
5788.05 4.5406
5788.10 4.5408
5788.15 4.5409
5788.20 4.5410
5788.25 4.5411
5788.30 4.5413
5788.35 4.5414
5788.40 4.5415
5788.45 4.5416
5788.50 4.5417
5788.55 4.5419
5788.60 4.5420
5788.65 4.5421
5788.70 4.5422
5788.75 4.5424
5788.80 4.5425
5788.85 4.5426
5788.90 4.5427
5788.95 4.5428
5789.00 4.5430
5789.05 4.5431
5789.10 4.5432
5789.15 4.5433
5789.20 4.5435
5789.25 4.5436
5789.30 4.5437
5789.35 4.5438
5789.40 4.5440
5789.45 4.5441
5789.50 4.5442
5789.55 4.5443
5789.60 4.5445
5789.65 4.5446
5789.70 4.5447
5789.75 4.5448
5789.80 4.5450
5789.85 4.5451
5789.90 4.5452
5789.95 4.5453
5790.00 4.5455
5790.05 4.5456
5790.10 4.5457
5790.15 4.5458
5790.20 4.5459
5790.25 4.5461
5790.30 4.5462
5790.35 4.5463
5790.40 4.5464
5790.45 4.5466
5790.50 4.5467
5790.55 4.5468
5790.60 4.5469
5790.65 4.5471
5790.70 4.5472
5790.75 4.5473
5790.80 4.5474
5790.85 4.5475
5790.90 4.5477
5790.95 4.5478
5791.00 4.5479
5791.05 4.5480
5791.10 4.5482
5791.15 4.5483
5791.20 4.5484
5791.25 4.5485
5791.30 4.5486
5791.35 4.5488
5791.40 4.5489
5791.45 4.5490
5791.50 4.5491
5791.55 4.5493
5791.60 4.5494
5791.65 4.5495
5791.70 4.5496
5791.75 4.5497
5791.80 4.5499
5791.85 4.5500
5791.90 4.5501
5791.95 4.5502
5792.00 4.5503
5792.05 4.5504
5792.10 4.5506
5792.15 4.5507
5792.20 4.5508
5792.25 4.5509
5792.30 4.5510
5792.35 4.5511
5792.40 4.5513
5792.45 4.5514
5792.50 4.5515
5792.55 4.5516
5792.60 4.5517
5792.65 4.5518
5792.70 4.5520
5792.75 4.5521
5792.80 4.5522
5792.85 4.5523
5792.90 4.5524
5792.95 4.5525
5793.00 4.5526
5793.05 4.5527
5793.10 4.5529
5793.15 4.5530
5793.20 4.5531
5793.25 4.5532
5793.30 4.5533
5793.35 4.5534
5793.40 4.5535
5793.45 4.5536
5793.50 4.5537
5793.55 4.5538
5793.60 4.5539
5793.65 4.5540
5793.70 4.5542
5793.75 4.5543
5793.80 4.5544
5793.85 4.5545
5793.90 4.5546
5793.95 4.5547
5794.00 4.5548
5794.05 4.5549
5794.10 4.5550
5794.15 4.5551
5794.20 4.5552
5794.25 4.5553
5794.30 4.5554
5794.35 4.5555
5794.40 4.5556
5794.45 4.5557
5794.50 4.5558
5794.55 4.5559
5794.60 4.5560
5794.65 4.5561
5794.70 4.5562
5794.75 4.5563
5794.80 4.5564
5794.85 4.5565
5794.90 4.5566
5794.95 4.5567
5795.00 4.5567
5795.05 4.5568
5795.10 4.5569
5795.15 4.5570
5795.20 4.5571
5795.25 4.5572
5795.30 4.5573
5795.35 4.5574
5795.40 4.5575
5795.45 4.5576
5795.50 4.5576
5795.55 4.5577
5795.60 4.5578
5795.65 4.5579
5795.70 4.5580
5795.75 4.5581
5795.80 4.5581
5795.85 4.5582
5795.90 4.5583
5795.95 4.5584
5796.00 4.5585
5796.05 4.5586
5796.10 4.5586
5796.15 4.5587
5796.20 4.5588
5796.25 4.5589
5796.30 4.5589
5796.35 4.5590
5796.40 4.5591
5796.45 4.5592
5796.50 4.5592
5796.55 4.5593
5796.60 4.5594
5796.65 4.5595
5796.70 4.5595
5796.75 4.5596
5796.80 4.5597
5796.85 4.5597
5796.90 4.5598
5796.95 4.5599
5797.00 4.5599
5797.05 4.5600
5797.10 4.5601
5797.15 4.5601
5797.20 4.5602
5797.25 4.5603
5797.30 4.5603
5797.35 4.5604
5797.40 4.5604
5797.45 4.5605
5797.50 4.5606
5797.55 4.5606
5797.60 4.5607
5797.65 4.5607
5797.70 4.5608
5797.75 4.5608
5797.80 4.5609
5797.85 4.5609
5797.90 4.5610
5797.95 4.5610
5798.00 4.5611
5798.05 4.5611
5798.10 4.5612
5798.15 4.5612
5798.20 4.5613
5798.25 4.5613
5798.30 4.5614
5798.35 4.5614
5798.40 4.5615
5798.45 4.5615
5798.50 4.5615
5798.55 4.5616
5798.60 4.5616
5798.65 4.5617
5798.70 4.5617
5798.75 4.5617
5798.80 4.5618
5798.85 4.5618
5798.90 4.5618
5798.95 4.5619
5799.00 4.5619
5799.05 4.5619
5799.10 4.5620
5799.15 4.5620
5799.20 4.5620
5799.25 4.5620
5799.30 4.5621
5799.35 4.5621
5799.40 4.5621
5799.45 4.5621
5799.50 4.5622
5799.55 4.5622
5799.60 4.5622
5799.65 4.5622
5799.70 4.5623
5799.75 4.5623
5799.80 4.5623
5799.85 4.5623
5799.90 4.5623
5799.95 4.5623
5800.00 4.5623
5800.05 4.5624
5800.10 4.5624
5800.15 4.5624
5800.20 4.5624
5800.25 4.5624
5800.30 4.5624
5800.35 4.5624
5800.40 4.5624
5800.45 4.5624
5800.50 4.5624
5800.55 4.5624
5800.60 4.5624
5800.65 4.5624
5800.70 4.5624
5800.75 4.5624
5800.80 4.5624
5800.85 4.5624
5800.90 4.5624
5800.95 4.5624
5801.00 4.5624
5801.05 4.5624
5801.10 4.5624
5801.15 4.5624
5801.20 4.5624
5801.25 4.5623
5801.30 4.5623
5801.35 4.5623
5801.40 4.5623
5801.45 4.5623
5801.50 4.5623
5801.55 4.5622
5801.60 4.5622
5801.65 4.5622
5801.70 4.5622
5801.75 4.5622
5801.80 4.5621
5801.85 4.5621
5801.90 4.5621
5801.95 4.5621
5802.00 4.5620
5802.05 4.5620
5802.10 4.5620
5802.15 4.5619
5802.20 4.5619
5802.25 4.5619
5802.30 4.5618
5802.35 4.5618
5802.40 4.5618
5802.45 4.5617
5802.50 4.5617
5802.55 4.5616
5802.60 4.5616
5802.65 4.5616
5802.70 4.5615
5802.75 4.5615
5802.80 4.5614
5802.85 4.5614
5802.90 4.5613
5802.95 4.5613
5803.00 4.5612
5803.05 4.5612
5803.10 4.5611
5803.15 4.5611
5803.20 4.5610
5803.25 4.5609
5803.30 4.5609
5803.35 4.5608
5803.40 4.5608
5803.45 4.5607
5803.50 4.5606
5803.55 4.5606
5803.60 4.5605
5803.65 4.5604
5803.70 4.5604
5803.75 4.5603
5803.80 4.5602
5803.85 4.5602
5803.90 4.5601
5803.95 4.5600
5804.00 4.5599
5804.05 4.5599
5804.10 4.5598
5804.15 4.5597
5804.20 4.5596
5804.25 4.5595
5804.30 4.5595
5804.35 4.5594
5804.40 4.5593
5804.45 4.5592
5804.50 4.5591
5804.55 4.5590
5804.60 4.5589
5804.65 4.5588
5804.70 4.5588
5804.75 4.5587
5804.80 4.5586
5804.85 4.5585
5804.90 4.5584
5804.95 4.5583
5805.00 4.5582
5805.05 4.5581
5805.10 4.5580
5805.15 4.5579
5805.20 4.5578
5805.25 4.5576
5805.30 4.5575
5805.35 4.5574
5805.40 4.5573
5805.45 4.5572
5805.50 4.5571
5805.55 4.5570
5805.60 4.5569
5805.65 4.5567
5805.70 4.5566
5805.75 4.5565
5805.80 4.5564
5805.85 4.5563
5805.90 4.5561
5805.95 4.5560
5806.00 4.5559
5806.05 4.5558
5806.10 4.5556
5806.15 4.5555
5806.20 4.5554
5806.25 4.5552
5806.30 4.5551
5806.35 4.5550
5806.40 4.5548
5806.45 4.5547
5806.50 4.5546
5806.55 4.5544
5806.60 4.5543
5806.65 4.5541
5806.70 4.5540
5806.75 4.5538
5806.80 4.5537
5806.85 4.5535
5806.90 4.5534
5806.95 4.5532
5807.00 4.5531
5807.05 4.5529
5807.10 4.5528
5807.15 4.5526
5807.20 4.5525
5807.25 4.5523
5807.30 4.5521
5807.35 4.5520
5807.40 4.5518
5807.45 4.5516
5807.50 4.5515
5807.55 4.5513
5807.60 4.5511
5807.65 4.5510
5807.70 4.5508
5807.75 4.5506
5807.80 4.5504
5807.85 4.5503
5807.90 4.5501
5807.95 4.5499
5808.00 4.5497
5808.05 4.5495
5808.10 4.5494
5808.15 4.5492
5808.20 4.5490
5808.25 4.5488
5808.30 4.5486
5808.35 4.5484
5808.40 4.5482
5808.45 4.5480
5808.50 4.5478
5808.55 4.5476
5808.60 4.5474
5808.65 4.5472
5808.70 4.5470
5808.75 4.5468
5808.80 4.5466
5808.85 4.5464
5808.90 4.5462
5808.95 4.5460
5809.00 4.5458
5809.05 4.5456
5809.10 4.5454
5809.15 4.5452
5809.20 4.5449
5809.25 4.5447
5809.30 4.5445
5809.35 4.5443
5809.40 4.5441
5809.45 4.5438
5809.50 4.5436
5809.55 4.5434
5809.60 4.5432
5809.65 4.5429
5809.70 4.5427
5809.75 4.5425
5809.80 4.5422
5809.85 4.5420
5809.90 4.5418
5809.95 4.5415
5810.00 4.5413
5810.05 4.5411
5810.10 4.5408
5810.15 4.5406
5810.20 4.5403
5810.25 4.5401
5810.30 4.5398
5810.35 4.5396
5810.40 4.5393
5810.45 4.5391
5810.50 4.5388
5810.55 4.5386
5810.60 4.5383
5810.65 4.5380
5810.70 4.5378
5810.75 4.5375
5810.80 4.5373
5810.85 4.5370
5810.90 4.5367
5810.95 4.5365
5811.00 4.5362
5811.05 4.5359
5811.10 4.5357
5811.15 4.5354
5811.20 4.5351
5811.25 4.5348
5811.30 4.5346
5811.35 4.5343
5811.40 4.5340
5811.45 4.5337
5811.50 4.5334
5811.55 4.5331
5811.60 4.5329
5811.65 4.5326
5811.70 4.5323
5811.75 4.5320
5811.80 4.5317
5811.85 4.5314
5811.90 4.5311
5811.95 4.5308
5812.00 4.5305
5812.05 4.5302
5812.10 4.5299
5812.15 4.5296
5812.20 4.5293
5812.25 4.5290
5812.30 4.5287
5812.35 4.5284
5812.40 4.5281
5812.45 4.5278
5812.50 4.5274
5812.55 4.5271
5812.60 4.5268
5812.65 4.5265
5812.70 4.5262
5812.75 4.5259
5812.80 4.5255
5812.85 4.5252
5812.90 4.5249
5812.95 4.5246
5813.00 4.5242
5813.05 4.5239
5813.10 4.5236
5813.15 4.5232
5813.20 4.5229
5813.25 4.5226
5813.30 4.5222
5813.35 4.5219
5813.40 4.5215
5813.45 4.5212
5813.50 4.5209
5813.55 4.5205
5813.60 4.5202
5813.65 4.5198
5813.70 4.5195
5813.75 4.5191
5813.80 4.5188
5813.85 4.5184
5813.90 4.5181
5813.95 4.5177
5814.00 4.5174
5814.05 4.5170
5814.10 4.5166
5814.15 4.5163
5814.20 4.5159
5814.25 4.5156
5814.30 4.5152
5814.35 4.5148
5814.40 4.5144
5814.45 4.5141
5814.50 4.5137
5814.55 4.5133
5814.60 4.5130
5814.65 4.5126
5814.70 4.5122
5814.75 4.5118
5814.80 4.5115
5814.85 4.5111
5814.90 4.5107
5814.95 4.5103
5815.00 4.5099
5815.05 4.5095
5815.10 4.5091
5815.15 4.5088
5815.20 4.5084
5815.25 4.5080
5815.30 4.5076
5815.35 4.5072
5815.40 4.5068
5815.45 4.5064
5815.50 4.5060
5815.55 4.5056
5815.60 4.5052
5815.65 4.5048
5815.70 4.5044
5815.75 4.5040
5815.80 4.5036
5815.85 4.5032
5815.90 4.5028
5815.95 4.5023
5816.00 4.5019
5816.05 4.5015
5816.10 4.5011
5816.15 4.5007
5816.20 4.5003
5816.25 4.4999
5816.30 4.4994
5816.35 4.4990
5816.40 4.4986
5816.45 4.4982
5816.50 4.4977
5816.55 4.4973
5816.60 4.4969
5816.65 4.4965
5816.70 4.4960
5816.75 4.4956
5816.80 4.4952
5816.85 4.4947
5816.90 4.4943
5816.95 4.4939
5817.00 4.4934
5817.05 4.4930
5817.10 4.4925
5817.15 4.4921
5817.20 4.4917
5817.25 4.4912
5817.30 4.4908
5817.35 4.4903
5817.40 4.4899
5817.45 4.4894
5817.50 4.4890
5817.55 4.4885
5817.60 4.4881
5817.65 4.4876
5817.70 4.4872
5817.75 4.4867
5817.80 4.4863
5817.85 4.4858
5817.90 4.4854
5817.95 4.4849
5818.00 4.4844
5818.05 4.4840
5818.10 4.4835
5818.15 4.4831
5818.20 4.4826
5818.25 4.4821
5818.30 4.4817
5818.35 4.4812
5818.40 4.4807
5818.45 4.4803
5818.50 4.4798
5818.55 4.4793
5818.60 4.4788
5818.65 4.4784
5818.70 4.4779
5818.75 4.4774
5818.80 4.4769
5818.85 4.4765
5818.90 4.4760
5818.95 4.4755
5819.00 4.4750
5819.05 4.4745
5819.10 4.4741
5819.15 4.4736
5819.20 4.4731
5819.25 4.4726
5819.30 4.4721
5819.35 4.4716
5819.40 4.4712
5819.45 4.4707
5819.50 4.4702
5819.55 4.4697
5819.60 4.4692
5819.65 4.4687
5819.70 4.4682
5819.75 4.4677
5819.80 4.4672
5819.85 4.4667
5819.90 4.4662
5819.95 4.4657
5820.00 4.4652
5820.05 4.4647
5820.10 4.4642
5820.15 4.4637
5820.20 4.4632
5820.25 4.4627
5820.30 4.4622
5820.35 4.4617
5820.40 4.4612
5820.45 4.4607
5820.50 4.4602
5820.55 4.4597
5820.60 4.4592
5820.65 4.4587
5820.70 4.4582
5820.75 4.4577
5820.80 4.4572
5820.85 4.4567
5820.90 4.4562
5820.95 4.4556
5821.00 4.4551
5821.05 4.4546
5821.10 4.4541
5821.15 4.4536
5821.20 4.4531
5821.25 4.4526
5821.30 4.4521
5821.35 4.4515
5821.40 4.4510
5821.45 4.4505
5821.50 4.4500
5821.55 4.4495
5821.60 4.4489
5821.65 4.4484
5821.70 4.4479
5821.75 4.4474
5821.80 4.4469
5821.85 4.4463
5821.90 4.4458
5821.95 4.4453
5822.00 4.4448
5822.05 4.4443
5822.10 4.4437
5822.15 4.4432
5822.20 4.4427
5822.25 4.4422
5822.30 4.4416
5822.35 4.4411
5822.40 4.4406
5822.45 4.4401
5822.50 4.4395
5822.55 4.4390
5822.60 4.4385
5822.65 4.4380
5822.70 4.4374
5822.75 4.4369
5822.80 4.4364
5822.85 4.4358
5822.90 4.4353
5822.95 4.4348
5823.00 4.4343
5823.05 4.4337
5823.10 4.4332
5823.15 4.4327
5823.20 4.4321
5823.25 4.4316
5823.30 4.4311
5823.35 4.4305
5823.40 4.4300
5823.45 4.4295
5823.50 4.4290
5823.55 4.4284
5823.60 4.4279
5823.65 4.4274
5823.70 4.4268
5823.75 4.4263
5823.80 4.4258
5823.85 4.4252
5823.90 4.4247
5823.95 4.4242
5824.00 4.4236
5824.05 4.4231
5824.10 4.4226
5824.15 4.4220
5824.20 4.4215
5824.25 4.4210
5824.30 4.4204
5824.35 4.4199
5824.40 4.4194
5824.45 4.4188
5824.50 4.4183
5824.55 4.4178
5824.60 4.4172
5824.65 4.4167
5824.70 4.4162
5824.75 4.4156
5824.80 4.4151
5824.85 4.4146
5824.90 4.4141
5824.95 4.4135
5825.00 4.4130
5825.05 4.4125
5825.10 4.4119
5825.15 4.4114
5825.20 4.4109
5825.25 4.4103
5825.30 4.4098
5825.35 4.4093
5825.40 4.4087
5825.45 4.4082
5825.50 4.4077
5825.55 4.4072
5825.60 4.4066
5825.65 4.4061
5825.70 4.4056
5825.75 4.4050
5825.80 4.4045
5825.85 4.4040
5825.90 4.4035
5825.95 4.4029
5826.00 4.4024
5826.05 4.4019
5826.10 4.4014
5826.15 4.4008
5826.20 4.4003
5826.25 4.3998
5826.30 4.3993
5826.35 4.3987
5826.40 4.3982
5826.45 4.3977
5826.50 4.3972
5826.55 4.3967
5826.60 4.3961
5826.65 4.3956
5826.70 4.3951
5826.75 4.3946
5826.80 4.3941
5826.85 4.3935
5826.90 4.3930
5826.95 4.3925
5827.00 4.3920
5827.05 4.3915
5827.10 4.3909
5827.15 4.3904
5827.20 4.3899
5827.25 4.3894
5827.30 4.3889
5827.35 4.3884
5827.40 4.3879
5827.45 4.3874
5827.50 4.3868
5827.55 4.3863
5827.60 4.3858
5827.65 4.3853
5827.70 4.3848
5827.75 4.3843
5827.80 4.3838
5827.85 4.3833
5827.90 4.3828
5827.95 4.3823
5828.00 4.3818
5828.05 4.3813
5828.10 4.3808
5828.15 4.3803
5828.20 4.3798
5828.25 4.3793
5828.30 4.3788
5828.35 4.3783
5828.40 4.3778
5828.45 4.3773
5828.50 4.3768
5828.55 4.3763
5828.60 4.3758
5828.65 4.3753
5828.70 4.3748
5828.75 4.3743
5828.80 4.3738
5828.85 4.3733
5828.90 4.3728
5828.95 4.3724
5829.00 4.3719
5829.05 4.3714
5829.10 4.3709
5829.15 4.3704
5829.20 4.3699
5829.25 4.3694
5829.30 4.3690
5829.35 4.3685
5829.40 4.3680
5829.45 4.3675
5829.50 4.3670
5829.55 4.3666
5829.60 4.3661
5829.65 4.3656
5829.70 4.3651
5829.75 4.3647
5829.80 4.3642
5829.85 4.3637
5829.90 4.3633
5829.95 4.3628
5830.00 4.3623
5830.05 4.3619
5830.10 4.3614
5830.15 4.3609
5830.20 4.3605
5830.25 4.3600
5830.30 4.3595
5830.35 4.3591
5830.40 4.3586
5830.45 4.3582
5830.50 4.3577
5830.55 4.3573
5830.60 4.3568
5830.65 4.3564
5830.70 4.3559
5830.75 4.3555
5830.80 4.3550
5830.85 4.3546
5830.90 4.3541
5830.95 4.3537
5831.00 4.3532
5831.05 4.3528
5831.10 4.3523
5831.15 4.3519
5831.20 4.3515
5831.25 4.3510
5831.30 4.3506
5831.35 4.3501
5831.40 4.3497
5831.45 4.3493
5831.50 4.3489
5831.55 4.3484
5831.60 4.3480
5831.65 4.3476
5831.70 4.3471
5831.75 4.3467
5831.80 4.3463
5831.85 4.3459
5831.90 4.3454
5831.95 4.3450
5832.00 4.3446
5832.05 4.3442
5832.10 4.3438
5832.15 4.3434
5832.20 4.3430
5832.25 4.3425
5832.30 4.3421
5832.35 4.3417
5832.40 4.3413
5832.45 4.3409
5832.50 4.3405
5832.55 4.3401
5832.60 4.3397
5832.65 4.3393
5832.70 4.3389
5832.75 4.3385
5832.80 4.3381
5832.85 4.3377
5832.90 4.3373
5832.95 4.3369
5833.00 4.3365
5833.05 4.3361
5833.10 4.3358
5833.15 4.3354
5833.20 4.3350
5833.25 4.3346
5833.30 4.3342
5833.35 4.3338
5833.40 4.3335
5833.45 4.3331
5833.50 4.3327
5833.55 4.3323
5833.60 4.3320
5833.65 4.3316
5833.70 4.3312
5833.75 4.3309
5833.80 4.3305
5833.85 4.3301
5833.90 4.3298
5833.95 4.3294
5834.00 4.3290
5834.05 4.3287
5834.10 4.3283
5834.15 4.3280
5834.20 4.3276
5834.25 4.3273
5834.30 4.3269
5834.35 4.3266
5834.40 4.3262
5834.45 4.3259
5834.50 4.3255
5834.55 4.3252
5834.60 4.3248
5834.65 4.3245
5834.70 4.3242
5834.75 4.3238
5834.80 4.3235
5834.85 4.3232
5834.90 4.3228
5834.95 4.3225
5835.00 4.3222
5835.05 4.3218
5835.10 4.3215
5835.15 4.3212
5835.20 4.3209
5835.25 4.3205
5835.30 4.3202
5835.35 4.3199
5835.40 4.3196
5835.45 4.3193
5835.50 4.3190
5835.55 4.3186
5835.60 4.3183
5835.65 4.3180
5835.70 4.3177
5835.75 4.3174
5835.80 4.3171
5835.85 4.3168
5835.90 4.3165
5835.95 4.3162
5836.00 4.3159
5836.05 4.3156
5836.10 4.3153
5836.15 4.3150
5836.20 4.3147
5836.25 4.3144
5836.30 4.3142
5836.35 4.3139
5836.40 4.3136
5836.45 4.3133
5836.50 4.3130
5836.55 4.3127
5836.60 4.3125
5836.65 4.3122
5836.70 4.3119
5836.75 4.3116
5836.80 4.3114
5836.85 4.3111
5836.90 4.3108
5836.95 4.3106
5837.00 4.3103
5837.05 4.3100
5837.10 4.3098
5837.15 4.3095
5837.20 4.3093
5837.25 4.3090
5837.30 4.3087
5837.35 4.3085
5837.40 4.3082
5837.45 4.3080
5837.50 4.3077
5837.55 4.3075
5837.60 4.3072
5837.65 4.3070
5837.70 4.3068
5837.75 4.3065
5837.80 4.3063
5837.85 4.3060
5837.90 4.3058
5837.95 4.3056
5838.00 4.3053
5838.05 4.3051
5838.10 4.3049
5838.15 4.3046
5838.20 4.3044
5838.25 4.3042
5838.30 4.3040
5838.35 4.3038
5838.40 4.3035
5838.45 4.3033
5838.50 4.3031
5838.55 4.3029
5838.60 4.3027
5838.65 4.3025
5838.70 4.3022
5838.75 4.3020
5838.80 4.3018
5838.85 4.3016
5838.90 4.3014
5838.95 4.3012
5839.00 4.3010
5839.05 4.3008
5839.10 4.3006
5839.15 4.3004
5839.20 4.3002
5839.25 4.3000
5839.30 4.2999
5839.35 4.2997
5839.40 4.2995
5839.45 4.2993
5839.50 4.2991
5839.55 4.2989
5839.60 4.2987
5839.65 4.2986
5839.70 4.2984
5839.75 4.2982
5839.80 4.2980
5839.85 4.2979
5839.90 4.2977
5839.95 4.2975
5840.00 4.2973
5840.05 4.2972
5840.10 4.2970
5840.15 4.2969
5840.20 4.2967
5840.25 4.2965
5840.30 4.2964
5840.35 4.2962
5840.40 4.2961
5840.45 4.2959
5840.50 4.2958
5840.55 4.2956
5840.60 4.2955
5840.65 4.2953
5840.70 4.2952
5840.75 4.2950
5840.80 4.2949
5840.85 4.2947
5840.90 4.2946
5840.95 4.2944
5841.00 4.2943
5841.05 4.2942
5841.10 4.2940
5841.15 4.2939
5841.20 4.2938
5841.25 4.2936
5841.30 4.2935
5841.35 4.2934
5841.40 4.2933
5841.45 4.2931
5841.50 4.2930
5841.55 4.2929
5841.60 4.2928
5841.65 4.2927
5841.70 4.2926
5841.75 4.2924
5841.80 4.2923
5841.85 4.2922
5841.90 4.2921
5841.95 4.2920
5842.00 4.2919
5842.05 4.2918
5842.10 4.2917
5842.15 4.2916
5842.20 4.2915
5842.25 4.2914
5842.30 4.2913
5842.35 4.2912
5842.40 4.2911
5842.45 4.2910
5842.50 4.2909
5842.55 4.2908
5842.60 4.2907
5842.65 4.2907
5842.70 4.2906
5842.75 4.2905
5842.80 4.2904
5842.85 4.2903
5842.90 4.2903
5842.95 4.2902
5843.00 4.2901
5843.05 4.2900
5843.10 4.2900
5843.15 4.2899
5843.20 4.2898
5843.25 4.2898
5843.30 4.2897
5843.35 4.2896
5843.40 4.2896
5843.45 4.2895
5843.50 4.2894
5843.55 4.2894
5843.60 4.2893
5843.65 4.2893
5843.70 4.2892
5843.75 4.2892
5843.80 4.2891
5843.85 4.2891
5843.90 4.2890
5843.95 4.2890
5844.00 4.2889
5844.05 4.2889
5844.10 4.2888
5844.15 4.2888
5844.20 4.2888
5844.25 4.2887
5844.30 4.2887
5844.35 4.2886
5844.40 4.2886
5844.45 4.2886
5844.50 4.2885
5844.55 4.2885
5844.60 4.2885
5844.65 4.2885
5844.70 4.2884
5844.75 4.2884
5844.80 4.2884
5844.85 4.2884
5844.90 4.2884
5844.95 4.2883
5845.00 4.2883
5845.05 4.2883
5845.10 4.2883
5845.15 4.2883
5845.20 4.2883
5845.25 4.2883
5845.30 4.2883
5845.35 4.2883
5845.40 4.2883
5845.45 4.2883
