5049.50 8.4826
5049.55 8.4826
5049.60 8.4826
5049.65 8.4826
5049.70 8.4826
5049.75 8.4827
5049.80 8.4827
5049.85 8.4827
5049.90 8.4827
5049.95 8.4827
5050.00 8.4827
5050.05 8.4827
5050.10 8.4828
5050.15 8.4828
5050.20 8.4828
5050.25 8.4828
5050.30 8.4828
5050.35 8.4829
5050.40 8.4829
5050.45 8.4829
5050.50 8.4830
5050.55 8.4830
5050.60 8.4830
5050.65 8.4831
5050.70 8.4831
5050.75 8.4831
5050.80 8.4832
5050.85 8.4832
5050.90 8.4833
5050.95 8.4833
5051.00 8.4834
5051.05 8.4834
5051.10 8.4835
5051.15 8.4835
5051.20 8.4836
5051.25 8.4836
5051.30 8.4837
5051.35 8.4837
5051.40 8.4838
5051.45 8.4838
5051.50 8.4839
5051.55 8.4840
5051.60 8.4840
5051.65 8.4841
5051.70 8.4842
5051.75 8.4842
5051.80 8.4843
5051.85 8.4844
5051.90 8.4844
5051.95 8.4845
5052.00 8.4846
5052.05 8.4847
5052.10 8.4847
5052.15 8.4848
5052.20 8.4849
5052.25 8.4850
5052.30 8.4850
5052.35 8.4851
5052.40 8.4852
5052.45 8.4853
5052.50 8.4854
5052.55 8.4855
5052.60 8.4856
5052.65 8.4857
5052.70 8.4857
5052.75 8.4858
5052.80 8.4859
5052.85 8.4860
5052.90 8.4861
5052.95 8.4862
5053.00 8.4863
5053.05 8.4864
5053.10 8.4865
5053.15 8.4866
5053.20 8.4867
5053.25 8.4868
5053.30 8.4869
5053.35 8.4870
5053.40 8.4872
5053.45 8.4873
5053.50 8.4874
5053.55 8.4875
5053.60 8.4876
5053.65 8.4877
5053.70 8.4878
5053.75 8.4879
5053.80 8.4880
5053.85 8.4882
5053.90 8.4883
5053.95 8.4884
5054.00 8.4885
5054.05 8.4886
5054.10 8.4887
5054.15 8.4889
5054.20 8.4890
5054.25 8.4891
5054.30 8.4892
5054.35 8.4894
5054.40 8.4895
5054.45 8.4896
5054.50 8.4897
5054.55 8.4899
5054.60 8.4900
5054.65 8.4901
5054.70 8.4902
5054.75 8.4904
5054.80 8.4905
5054.85 8.4906
5054.90 8.4908
5054.95 8.4909
5055.00 8.4910
5055.05 8.4911
5055.10 8.4913
5055.15 8.4914
5055.20 8.4915
5055.25 8.4917
5055.30 8.4918
5055.35 8.4919
5055.40 8.4921
5055.45 8.4922
5055.50 8.4924
5055.55 8.4925
5055.60 8.4926
5055.65 8.4928
5055.70 8.4929
5055.75 8.4930
5055.80 8.4932
5055.85 8.4933
5055.90 8.4935
5055.95 8.4936
5056.00 8.4937
5056.05 8.4939
5056.10 8.4940
5056.15 8.4941
5056.20 8.4943
5056.25 8.4944
5056.30 8.4946
5056.35 8.4947
5056.40 8.4948
5056.45 8.4950
5056.50 8.4951
5056.55 8.4953
5056.60 8.4954
5056.65 8.4955
5056.70 8.4957
5056.75 8.4958
5056.80 8.4960
5056.85 8.4961
5056.90 8.4962
5056.95 8.4964
5057.00 8.4965
5057.05 8.4967
5057.10 8.4968
5057.15 8.4969
5057.20 8.4971
5057.25 8.4972
5057.30 8.4973
5057.35 8.4975
5057.40 8.4976
5057.45 8.4978
5057.50 8.4979
5057.55 8.4980
5057.60 8.4982
5057.65 8.4983
5057.70 8.4984
5057.75 8.4986
5057.80 8.4987
5057.85 8.4988
5057.90 8.4990
5057.95 8.4991
5058.00 8.4992
5058.05 8.4994
5058.10 8.4995
5058.15 8.4996
5058.20 8.4998
5058.25 8.4999
5058.30 8.5000
5058.35 8.5002
5058.40 8.5003
5058.45 8.5004
5058.50 8.5006
5058.55 8.5007
5058.60 8.5008
5058.65 8.5009
5058.70 8.5011
5058.75 8.5012
5058.80 8.5013
5058.85 8.5014
5058.90 8.5016
5058.95 8.5017
5059.00 8.5018
5059.05 8.5019
5059.10 8.5020
5059.15 8.5022
5059.20 8.5023
5059.25 8.5024
5059.30 8.5025
5059.35 8.5026
5059.40 8.5028
5059.45 8.5029
5059.50 8.5030
5059.55 8.5031
5059.60 8.5032
5059.65 8.5033
5059.70 8.5034
5059.75 8.5035
5059.80 8.5037
5059.85 8.5038
5059.90 8.5039
5059.95 8.5040
5060.00 8.5041
5060.05 8.5042
5060.10 8.5043
5060.15 8.5044
5060.20 8.5045
5060.25 8.5046
5060.30 8.5047
5060.35 8.5048
5060.40 8.5049
5060.45 8.5050
5060.50 8.5051
5060.55 8.5052
5060.60 8.5053
5060.65 8.5054
5060.70 8.5055
5060.75 8.5056
5060.80 8.5057
5060.85 8.5057
5060.90 8.5058
5060.95 8.5059
5061.00 8.5060
5061.05 8.5061
5061.10 8.5062
5061.15 8.5063
5061.20 8.5063
5061.25 8.5064
5061.30 8.5065
5061.35 8.5066
5061.40 8.5067
5061.45 8.5067
5061.50 8.5068
5061.55 8.5069
5061.60 8.5070
5061.65 8.5070
5061.70 8.5071
5061.75 8.5072
5061.80 8.5072
5061.85 8.5073
5061.90 8.5074
5061.95 8.5074
5062.00 8.5075
5062.05 8.5076
5062.10 8.5076
5062.15 8.5077
5062.20 8.5077
5062.25 8.5078
5062.30 8.5078
5062.35 8.5079
5062.40 8.5080
5062.45 8.5080
5062.50 8.5081
5062.55 8.5081
5062.60 8.5082
5062.65 8.5082
5062.70 8.5083
5062.75 8.5083
5062.80 8.5083
5062.85 8.5084
5062.90 8.5084
5062.95 8.5085
5063.00 8.5085
5063.05 8.5085
5063.10 8.5086
5063.15 8.5086
5063.20 8.5087
5063.25 8.5087
5063.30 8.5087
5063.35 8.5088
5063.40 8.5088
5063.45 8.5088
5063.50 8.5088
5063.55 8.5089
5063.60 8.5089
5063.65 8.5089
5063.70 8.5089
5063.75 8.5090
5063.80 8.5090
5063.85 8.5090
5063.90 8.5090
5063.95 8.5090
5064.00 8.5090
5064.05 8.5091
5064.10 8.5091
5064.15 8.5091
5064.20 8.5091
5064.25 8.5091
5064.30 8.5091
5064.35 8.5091
5064.40 8.5091
5064.45 8.5091
5064.50 8.5091
5064.55 8.5091
5064.60 8.5091
5064.65 8.5091
5064.70 8.5091
5064.75 8.5091
5064.80 8.5091
5064.85 8.5091
5064.90 8.5091
5064.95 8.5091
5065.00 8.5091
5065.05 8.5091
5065.10 8.5091
5065.15 8.5090
5065.20 8.5090
5065.25 8.5090
5065.30 8.5090
5065.35 8.5090
5065.40 8.5090
5065.45 8.5089
5065.50 8.5089
5065.55 8.5089
5065.60 8.5089
5065.65 8.5089
5065.70 8.5088
5065.75 8.5088
5065.80 8.5088
5065.85 8.5087
5065.90 8.5087
5065.95 8.5087
5066.00 8.5087
5066.05 8.5086
5066.10 8.5086
5066.15 8.5085
5066.20 8.5085
5066.25 8.5085
5066.30 8.5084
5066.35 8.5084
5066.40 8.5084
5066.45 8.5083
5066.50 8.5083
5066.55 8.5082
5066.60 8.5082
5066.65 8.5081
5066.70 8.5081
5066.75 8.5080
5066.80 8.5080
5066.85 8.5079
5066.90 8.5079
5066.95 8.5078
5067.00 8.5078
5067.05 8.5077
5067.10 8.5077
5067.15 8.5076
5067.20 8.5076
5067.25 8.5075
5067.30 8.5074
5067.35 8.5074
5067.40 8.5073
5067.45 8.5073
5067.50 8.5072
5067.55 8.5071
5067.60 8.5071
5067.65 8.5070
5067.70 8.5069
5067.75 8.5069
5067.80 8.5068
5067.85 8.5067
5067.90 8.5067
5067.95 8.5066
5068.00 8.5065
5068.05 8.5064
5068.10 8.5064
5068.15 8.5063
5068.20 8.5062
5068.25 8.5061
5068.30 8.5061
5068.35 8.5060
5068.40 8.5059
5068.45 8.5058
5068.50 8.5057
5068.55 8.5057
5068.60 8.5056
5068.65 8.5055
5068.70 8.5054
5068.75 8.5053
5068.80 8.5052
5068.85 8.5052
5068.90 8.5051
5068.95 8.5050
5069.00 8.5049
5069.05 8.5048
5069.10 8.5047
5069.15 8.5046
5069.20 8.5045
5069.25 8.5044
5069.30 8.5043
5069.35 8.5042
5069.40 8.5042
5069.45 8.5041
5069.50 8.5040
5069.55 8.5039
5069.60 8.5038
5069.65 8.5037
5069.70 8.5036
5069.75 8.5035
5069.80 8.5034
5069.85 8.5033
5069.90 8.5032
5069.95 8.5031
5070.00 8.5030
5070.05 8.5028
5070.10 8.5027
5070.15 8.5026
5070.20 8.5025
5070.25 8.5024
5070.30 8.5023
5070.35 8.5022
5070.40 8.5021
5070.45 8.5020
5070.50 8.5019
5070.55 8.5018
5070.60 8.5017
5070.65 8.5015
5070.70 8.5014
5070.75 8.5013
5070.80 8.5012
5070.85 8.5011
5070.90 8.5010
5070.95 8.5008
5071.00 8.5007
5071.05 8.5006
5071.10 8.5005
5071.15 8.5004
5071.20 8.5003
5071.25 8.5001
5071.30 8.5000
5071.35 8.4999
5071.40 8.4998
5071.45 8.4996
5071.50 8.4995
5071.55 8.4994
5071.60 8.4993
5071.65 8.4992
5071.70 8.4990
5071.75 8.4989
5071.80 8.4988
5071.85 8.4986
5071.90 8.4985
5071.95 8.4984
5072.00 8.4983
5072.05 8.4981
5072.10 8.4980
5072.15 8.4979
5072.20 8.4977
5072.25 8.4976
5072.30 8.4975
5072.35 8.4973
5072.40 8.4972
5072.45 8.4971
5072.50 8.4969
5072.55 8.4968
5072.60 8.4967
5072.65 8.4965
5072.70 8.4964
5072.75 8.4963
5072.80 8.4961
5072.85 8.4960
5072.90 8.4959
5072.95 8.4957
5073.00 8.4956
5073.05 8.4954
5073.10 8.4953
5073.15 8.4952
5073.20 8.4950
5073.25 8.4949
5073.30 8.4947
5073.35 8.4946
5073.40 8.4944
5073.45 8.4943
5073.50 8.4941
5073.55 8.4940
5073.60 8.4939
5073.65 8.4937
5073.70 8.4936
5073.75 8.4934
5073.80 8.4933
5073.85 8.4931
5073.90 8.4930
5073.95 8.4928
5074.00 8.4927
5074.05 8.4925
5074.10 8.4924
5074.15 8.4922
5074.20 8.4921
5074.25 8.4919
5074.30 8.4918
5074.35 8.4916
5074.40 8.4915
5074.45 8.4913
5074.50 8.4911
5074.55 8.4910
5074.60 8.4908
5074.65 8.4907
5074.70 8.4905
5074.75 8.4904
5074.80 8.4902
5074.85 8.4900
5074.90 8.4899
5074.95 8.4897
5075.00 8.4896
5075.05 8.4894
5075.10 8.4892
5075.15 8.4891
5075.20 8.4889
5075.25 8.4888
5075.30 8.4886
5075.35 8.4884
5075.40 8.4883
5075.45 8.4881
5075.50 8.4879
5075.55 8.4878
5075.60 8.4876
5075.65 8.4874
5075.70 8.4873
5075.75 8.4871
5075.80 8.4869
5075.85 8.4868
5075.90 8.4866
5075.95 8.4864
5076.00 8.4863
5076.05 8.4861
5076.10 8.4859
5076.15 8.4857
5076.20 8.4856
5076.25 8.4854
5076.30 8.4852
5076.35 8.4851
5076.40 8.4849
5076.45 8.4847
5076.50 8.4845
5076.55 8.4844
5076.60 8.4842
5076.65 8.4840
5076.70 8.4838
5076.75 8.4836
5076.80 8.4835
5076.85 8.4833
5076.90 8.4831
5076.95 8.4829
5077.00 8.4827
5077.05 8.4826
5077.10 8.4824
5077.15 8.4822
5077.20 8.4820
5077.25 8.4818
5077.30 8.4817
5077.35 8.4815
5077.40 8.4813
5077.45 8.4811
5077.50 8.4809
5077.55 8.4807
5077.60 8.4805
5077.65 8.4803
5077.70 8.4802
5077.75 8.4800
5077.80 8.4798
5077.85 8.4796
5077.90 8.4794
5077.95 8.4792
5078.00 8.4790
5078.05 8.4788
5078.10 8.4786
5078.15 8.4784
5078.20 8.4782
5078.25 8.4781
5078.30 8.4779
5078.35 8.4777
5078.40 8.4775
5078.45 8.4773
5078.50 8.4771
5078.55 8.4769
5078.60 8.4767
5078.65 8.4765
5078.70 8.4763
5078.75 8.4761
5078.80 8.4759
5078.85 8.4757
5078.90 8.4755
5078.95 8.4753
5079.00 8.4751
5079.05 8.4749
5079.10 8.4747
5079.15 8.4745
5079.20 8.4743
5079.25 8.4740
5079.30 8.4738
5079.35 8.4736
5079.40 8.4734
5079.45 8.4732
5079.50 8.4730
5079.55 8.4728
5079.60 8.4726
5079.65 8.4724
5079.70 8.4722
5079.75 8.4720
5079.80 8.4718
5079.85 8.4715
5079.90 8.4713
5079.95 8.4711
5080.00 8.4709
5080.05 8.4707
5080.10 8.4705
5080.15 8.4702
5080.20 8.4700
5080.25 8.4698
5080.30 8.4696
5080.35 8.4694
5080.40 8.4692
5080.45 8.4689
5080.50 8.4687
5080.55 8.4685
5080.60 8.4683
5080.65 8.4681
5080.70 8.4678
5080.75 8.4676
5080.80 8.4674
5080.85 8.4672
5080.90 8.4669
5080.95 8.4667
5081.00 8.4665
5081.05 8.4663
5081.10 8.4660
5081.15 8.4658
5081.20 8.4656
5081.25 8.4653
5081.30 8.4651
5081.35 8.4649
5081.40 8.4647
5081.45 8.4644
5081.50 8.4642
5081.55 8.4640
5081.60 8.4637
5081.65 8.4635
5081.70 8.4633
5081.75 8.4630
5081.80 8.4628
5081.85 8.4626
5081.90 8.4623
5081.95 8.4621
5082.00 8.4618
5082.05 8.4616
5082.10 8.4614
5082.15 8.4611
5082.20 8.4609
5082.25 8.4606
5082.30 8.4604
5082.35 8.4602
5082.40 8.4599
5082.45 8.4597
5082.50 8.4594
5082.55 8.4592
5082.60 8.4590
5082.65 8.4587
5082.70 8.4585
5082.75 8.4582
5082.80 8.4580
5082.85 8.4577
5082.90 8.4575
5082.95 8.4572
5083.00 8.4570
5083.05 8.4567
5083.10 8.4565
5083.15 8.4562
5083.20 8.4560
5083.25 8.4557
5083.30 8.4555
5083.35 8.4552
5083.40 8.4550
5083.45 8.4547
5083.50 8.4545
5083.55 8.4542
5083.60 8.4539
5083.65 8.4537
5083.70 8.4534
5083.75 8.4532
5083.80 8.4529
5083.85 8.4527
5083.90 8.4524
5083.95 8.4521
5084.00 8.4519
5084.05 8.4516
5084.10 8.4514
5084.15 8.4511
5084.20 8.4508
5084.25 8.4506
5084.30 8.4503
5084.35 8.4501
5084.40 8.4498
5084.45 8.4495
5084.50 8.4493
5084.55 8.4490
5084.60 8.4487
5084.65 8.4485
5084.70 8.4482
5084.75 8.4479
5084.80 8.4477
5084.85 8.4474
5084.90 8.4471
5084.95 8.4469
5085.00 8.4466
5085.05 8.4463
5085.10 8.4461
5085.15 8.4458
5085.20 8.4455
5085.25 8.4452
5085.30 8.4450
5085.35 8.4447
5085.40 8.4444
5085.45 8.4442
5085.50 8.4439
5085.55 8.4436
5085.60 8.4433
5085.65 8.4431
5085.70 8.4428
5085.75 8.4425
5085.80 8.4422
5085.85 8.4420
5085.90 8.4417
5085.95 8.4414
5086.00 8.4411
5086.05 8.4408
5086.10 8.4406
5086.15 8.4403
5086.20 8.4400
5086.25 8.4397
5086.30 8.4394
5086.35 8.4392
5086.40 8.4389
5086.45 8.4386
5086.50 8.4383
5086.55 8.4380
5086.60 8.4378
5086.65 8.4375
5086.70 8.4372
5086.75 8.4369
5086.80 8.4366
5086.85 8.4363
5086.90 8.4361
5086.95 8.4358
5087.00 8.4355
5087.05 8.4352
5087.10 8.4349
5087.15 8.4346
5087.20 8.4344
5087.25 8.4341
5087.30 8.4338
5087.35 8.4335
5087.40 8.4332
5087.45 8.4329
5087.50 8.4326
5087.55 8.4323
5087.60 8.4321
5087.65 8.4318
5087.70 8.4315
5087.75 8.4312
5087.80 8.4309
5087.85 8.4306
5087.90 8.4303
5087.95 8.4300
5088.00 8.4297
5088.05 8.4295
5088.10 8.4292
5088.15 8.4289
5088.20 8.4286
5088.25 8.4283
5088.30 8.4280
5088.35 8.4277
5088.40 8.4274
5088.45 8.4271
5088.50 8.4268
5088.55 8.4265
5088.60 8.4263
5088.65 8.4260
5088.70 8.4257
5088.75 8.4254
5088.80 8.4251
5088.85 8.4248
5088.90 8.4245
5088.95 8.4242
5089.00 8.4239
5089.05 8.4236
5089.10 8.4233
5089.15 8.4230
5089.20 8.4227
5089.25 8.4224
5089.30 8.4221
5089.35 8.4219
5089.40 8.4216
5089.45 8.4213
5089.50 8.4210
5089.55 8.4207
5089.60 8.4204
5089.65 8.4201
5089.70 8.4198
5089.75 8.4195
5089.80 8.4192
5089.85 8.4189
5089.90 8.4186
5089.95 8.4183
5090.00 8.4180
5090.05 8.4177
5090.10 8.4174
5090.15 8.4171
5090.20 8.4168
5090.25 8.4166
5090.30 8.4163
5090.35 8.4160
5090.40 8.4157
5090.45 8.4154
5090.50 8.4151
5090.55 8.4148
5090.60 8.4145
5090.65 8.4142
5090.70 8.4139
5090.75 8.4136
5090.80 8.4133
5090.85 8.4130
5090.90 8.4127
5090.95 8.4124
5091.00 8.4121
5091.05 8.4118
5091.10 8.4115
5091.15 8.4113
5091.20 8.4110
5091.25 8.4107
5091.30 8.4104
5091.35 8.4101
5091.40 8.4098
5091.45 8.4095
5091.50 8.4092
5091.55 8.4089
5091.60 8.4086
5091.65 8.4083
5091.70 8.4080
5091.75 8.4077
5091.80 8.4074
5091.85 8.4072
5091.90 8.4069
5091.95 8.4066
5092.00 8.4063
5092.05 8.4060
5092.10 8.4057
5092.15 8.4054
5092.20 8.4051
5092.25 8.4048
5092.30 8.4045
5092.35 8.4042
5092.40 8.4040
5092.45 8.4037
5092.50 8.4034
5092.55 8.4031
5092.60 8.4028
5092.65 8.4025
5092.70 8.4022
5092.75 8.4019
5092.80 8.4016
5092.85 8.4014
5092.90 8.4011
5092.95 8.4008
5093.00 8.4005
5093.05 8.4002
5093.10 8.3999
5093.15 8.3996
5093.20 8.3993
5093.25 8.3991
5093.30 8.3988
5093.35 8.3985
5093.40 8.3982
5093.45 8.3979
5093.50 8.3976
5093.55 8.3974
5093.60 8.3971
5093.65 8.3968
5093.70 8.3965
5093.75 8.3962
5093.80 8.3959
5093.85 8.3957
5093.90 8.3954
5093.95 8.3951
5094.00 8.3948
5094.05 8.3945
5094.10 8.3943
5094.15 8.3940
5094.20 8.3937
5094.25 8.3934
5094.30 8.3931
5094.35 8.3929
5094.40 8.3926
5094.45 8.3923
5094.50 8.3920
5094.55 8.3918
5094.60 8.3915
5094.65 8.3912
5094.70 8.3909
5094.75 8.3907
5094.80 8.3904
5094.85 8.3901
5094.90 8.3898
5094.95 8.3896
5095.00 8.3893
5095.05 8.3890
5095.10 8.3887
5095.15 8.3885
5095.20 8.3882
5095.25 8.3879
5095.30 8.3877
5095.35 8.3874
5095.40 8.3871
5095.45 8.3868
5095.50 8.3866
5095.55 8.3863
5095.60 8.3860
5095.65 8.3858
5095.70 8.3855
5095.75 8.3852
5095.80 8.3850
5095.85 8.3847
5095.90 8.3845
5095.95 8.3842
5096.00 8.3839
5096.05 8.3837
5096.10 8.3834
5096.15 8.3831
5096.20 8.3829
5096.25 8.3826
5096.30 8.3824
5096.35 8.3821
5096.40 8.3818
5096.45 8.3816
5096.50 8.3813
5096.55 8.3811
5096.60 8.3808
5096.65 8.3805
5096.70 8.3803
5096.75 8.3800
5096.80 8.3798
5096.85 8.3795
5096.90 8.3793
5096.95 8.3790
5097.00 8.3788
5097.05 8.3785
5097.10 8.3783
5097.15 8.3780
5097.20 8.3778
5097.25 8.3775
5097.30 8.3773
5097.35 8.3770
5097.40 8.3768
5097.45 8.3765
5097.50 8.3763
5097.55 8.3760
5097.60 8.3758
5097.65 8.3755
5097.70 8.3753
5097.75 8.3750
5097.80 8.3748
5097.85 8.3745
5097.90 8.3743
5097.95 8.3741
5098.00 8.3738
5098.05 8.3736
5098.10 8.3733
5098.15 8.3731
5098.20 8.3729
5098.25 8.3726
5098.30 8.3724
5098.35 8.3721
5098.40 8.3719
5098.45 8.3717
5098.50 8.3714
5098.55 8.3712
5098.60 8.3710
5098.65 8.3707
5098.70 8.3705
5098.75 8.3703
5098.80 8.3700
5098.85 8.3698
5098.90 8.3696
5098.95 8.3693
5099.00 8.3691
5099.05 8.3689
5099.10 8.3686
5099.15 8.3684
5099.20 8.3682
5099.25 8.3680
5099.30 8.3677
5099.35 8.3675
5099.40 8.3673
5099.45 8.3670
5099.50 8.3668
5099.55 8.3666
5099.60 8.3664
5099.65 8.3662
5099.70 8.3659
5099.75 8.3657
5099.80 8.3655
5099.85 8.3653
5099.90 8.3650
5099.95 8.3648
5100.00 8.3646
5100.05 8.3644
5100.10 8.3642
5100.15 8.3640
5100.20 8.3637
5100.25 8.3635
5100.30 8.3633
5100.35 8.3631
5100.40 8.3629
5100.45 8.3627
5100.50 8.3625
5100.55 8.3622
5100.60 8.3620
5100.65 8.3618
5100.70 8.3616
5100.75 8.3614
5100.80 8.3612
5100.85 8.3610
5100.90 8.3608
5100.95 8.3606
5101.00 8.3604
5101.05 8.3601
5101.10 8.3599
5101.15 8.3597
5101.20 8.3595
5101.25 8.3593
5101.30 8.3591
5101.35 8.3589
5101.40 8.3587
5101.45 8.3585
5101.50 8.3583
5101.55 8.3581
5101.60 8.3579
5101.65 8.3577
5101.70 8.3575
5101.75 8.3573
5101.80 8.3571
5101.85 8.3569
5101.90 8.3567
5101.95 8.3565
5102.00 8.3563
5102.05 8.3561
5102.10 8.3559
5102.15 8.3557
5102.20 8.3556
5102.25 8.3554
5102.30 8.3552
5102.35 8.3550
5102.40 8.3548
5102.45 8.3546
5102.50 8.3544
5102.55 8.3542
5102.60 8.3540
5102.65 8.3538
5102.70 8.3537
5102.75 8.3535
5102.80 8.3533
5102.85 8.3531
5102.90 8.3529
5102.95 8.3527
5103.00 8.3525
5103.05 8.3524
5103.10 8.3522
5103.15 8.3520
5103.20 8.3518
5103.25 8.3516
5103.30 8.3514
5103.35 8.3513
5103.40 8.3511
5103.45 8.3509
5103.50 8.3507
5103.55 8.3505
5103.60 8.3504
5103.65 8.3502
5103.70 8.3500
5103.75 8.3498
5103.80 8.3497
5103.85 8.3495
5103.90 8.3493
5103.95 8.3491
5104.00 8.3490
5104.05 8.3488
5104.10 8.3486
5104.15 8.3485
5104.20 8.3483
5104.25 8.3481
5104.30 8.3479
5104.35 8.3478
5104.40 8.3476
5104.45 8.3474
5104.50 8.3473
5104.55 8.3471
5104.60 8.3469
5104.65 8.3468
5104.70 8.3466
5104.75 8.3464
5104.80 8.3463
5104.85 8.3461
5104.90 8.3459
5104.95 8.3458
5105.00 8.3456
5105.05 8.3454
5105.10 8.3453
5105.15 8.3451
5105.20 8.3450
5105.25 8.3448
5105.30 8.3446
5105.35 8.3445
5105.40 8.3443
5105.45 8.3442
5105.50 8.3440
5105.55 8.3438
5105.60 8.3437
5105.65 8.3435
5105.70 8.3434
5105.75 8.3432
5105.80 8.3431
5105.85 8.3429
5105.90 8.3428
5105.95 8.3426
5106.00 8.3425
5106.05 8.3423
5106.10 8.3421
5106.15 8.3420
5106.20 8.3418
5106.25 8.3417
5106.30 8.3415
5106.35 8.3414
5106.40 8.3412
5106.45 8.3411
5106.50 8.3409
5106.55 8.3408
5106.60 8.3407
5106.65 8.3405
5106.70 8.3404
5106.75 8.3402
5106.80 8.3401
5106.85 8.3399
5106.90 8.3398
5106.95 8.3396
5107.00 8.3395
5107.05 8.3393
5107.10 8.3392
5107.15 8.3391
5107.20 8.3389
5107.25 8.3388
5107.30 8.3386
5107.35 8.3385
5107.40 8.3384
5107.45 8.3382
5107.50 8.3381
5107.55 8.3379
5107.60 8.3378
5107.65 8.3377
5107.70 8.3375
5107.75 8.3374
5107.80 8.3373
5107.85 8.3371
5107.90 8.3370
5107.95 8.3368
5108.00 8.3367
5108.05 8.3366
5108.10 8.3364
5108.15 8.3363
5108.20 8.3362
5108.25 8.3360
5108.30 8.3359
5108.35 8.3358
5108.40 8.3356
5108.45 8.3355
5108.50 8.3354
5108.55 8.3353
5108.60 8.3351
5108.65 8.3350
5108.70 8.3349
5108.75 8.3347
5108.80 8.3346
5108.85 8.3345
5108.90 8.3344
5108.95 8.3342
5109.00 8.3341
5109.05 8.3340
5109.10 8.3339
5109.15 8.3337
5109.20 8.3336
5109.25 8.3335
5109.30 8.3334
5109.35 8.3332
5109.40 8.3331
5109.45 8.3330
5109.50 8.3329
5109.55 8.3327
5109.60 8.3326
5109.65 8.3325
5109.70 8.3324
5109.75 8.3323
5109.80 8.3321
5109.85 8.3320
5109.90 8.3319
5109.95 8.3318
5110.00 8.3317
5110.05 8.3315
5110.10 8.3314
5110.15 8.3313
5110.20 8.3312
5110.25 8.3311
5110.30 8.3310
5110.35 8.3308
5110.40 8.3307
5110.45 8.3306
5110.50 8.3305
5110.55 8.3304
5110.60 8.3303
5110.65 8.3301
5110.70 8.3300
5110.75 8.3299
5110.80 8.3298
5110.85 8.3297
5110.90 8.3296
5110.95 8.3295
5111.00 8.3294
5111.05 8.3292
5111.10 8.3291
5111.15 8.3290
5111.20 8.3289
5111.25 8.3288
5111.30 8.3287
5111.35 8.3286
5111.40 8.3285
5111.45 8.3284
5111.50 8.3283
5111.55 8.3281
5111.60 8.3280
5111.65 8.3279
5111.70 8.3278
5111.75 8.3277
5111.80 8.3276
5111.85 8.3275
5111.90 8.3274
5111.95 8.3273
5112.00 8.3272
5112.05 8.3271
5112.10 8.3270
5112.15 8.3269
5112.20 8.3268
5112.25 8.3267
5112.30 8.3266
5112.35 8.3265
5112.40 8.3263
5112.45 8.3262
5112.50 8.3261
5112.55 8.3260
5112.60 8.3259
5112.65 8.3258
5112.70 8.3257
5112.75 8.3256
5112.80 8.3255
5112.85 8.3254
5112.90 8.3253
5112.95 8.3252
5113.00 8.3251
5113.05 8.3250
5113.10 8.3249
5113.15 8.3248
5113.20 8.3247
5113.25 8.3246
5113.30 8.3245
5113.35 8.3244
5113.40 8.3243
5113.45 8.3242
5113.50 8.3241
5113.55 8.3240
5113.60 8.3239
5113.65 8.3238
5113.70 8.3237
5113.75 8.3236
5113.80 8.3235
5113.85 8.3234
5113.90 8.3234
5113.95 8.3233
5114.00 8.3232
5114.05 8.3231
5114.10 8.3230
5114.15 8.3229
5114.20 8.3228
5114.25 8.3227
5114.30 8.3226
5114.35 8.3225
5114.40 8.3224
5114.45 8.3223
5114.50 8.3222
5114.55 8.3221
5114.60 8.3220
5114.65 8.3219
5114.70 8.3218
5114.75 8.3217
5114.80 8.3216
5114.85 8.3215
5114.90 8.3214
5114.95 8.3214
5115.00 8.3213
5115.05 8.3212
5115.10 8.3211
5115.15 8.3210
5115.20 8.3209
5115.25 8.3208
5115.30 8.3207
5115.35 8.3206
5115.40 8.3205
5115.45 8.3204
5115.50 8.3203
5115.55 8.3202
5115.60 8.3201
5115.65 8.3200
5115.70 8.3200
5115.75 8.3199
5115.80 8.3198
5115.85 8.3197
5115.90 8.3196
5115.95 8.3195
5116.00 8.3194
5116.05 8.3193
5116.10 8.3192
5116.15 8.3191
5116.20 8.3190
5116.25 8.3189
5116.30 8.3188
5116.35 8.3188
5116.40 8.3187
5116.45 8.3186
5116.50 8.3185
5116.55 8.3184
5116.60 8.3183
5116.65 8.3182
5116.70 8.3181
5116.75 8.3180
5116.80 8.3179
5116.85 8.3178
5116.90 8.3177
5116.95 8.3176
5117.00 8.3176
5117.05 8.3175
5117.10 8.3174
5117.15 8.3173
5117.20 8.3172
5117.25 8.3171
5117.30 8.3170
5117.35 8.3169
5117.40 8.3168
5117.45 8.3167
5117.50 8.3166
5117.55 8.3165
5117.60 8.3164
5117.65 8.3163
5117.70 8.3162
5117.75 8.3162
5117.80 8.3161
5117.85 8.3160
5117.90 8.3159
5117.95 8.3158
5118.00 8.3157
5118.05 8.3156
5118.10 8.3155
5118.15 8.3154
5118.20 8.3153
5118.25 8.3152
5118.30 8.3151
5118.35 8.3150
5118.40 8.3149
5118.45 8.3148
5118.50 8.3147
5118.55 8.3146
5118.60 8.3145
5118.65 8.3145
5118.70 8.3144
5118.75 8.3143
5118.80 8.3142
5118.85 8.3141
5118.90 8.3140
5118.95 8.3139
5119.00 8.3138
5119.05 8.3137
5119.10 8.3136
5119.15 8.3135
5119.20 8.3134
5119.25 8.3133
5119.30 8.3132
5119.35 8.3131
5119.40 8.3130
5119.45 8.3129
5119.50 8.3128
5119.55 8.3127
5119.60 8.3126
5119.65 8.3125
5119.70 8.3124
5119.75 8.3123
5119.80 8.3122
5119.85 8.3121
5119.90 8.3120
5119.95 8.3119
5120.00 8.3118
5120.05 8.3117
5120.10 8.3116
5120.15 8.3115
5120.20 8.3114
5120.25 8.3113
5120.30 8.3112
5120.35 8.3111
5120.40 8.3110
5120.45 8.3109
5120.50 8.3108
5120.55 8.3107
5120.60 8.3106
5120.65 8.3104
5120.70 8.3103
5120.75 8.3102
5120.80 8.3101
5120.85 8.3100
5120.90 8.3099
5120.95 8.3098
5121.00 8.3097
5121.05 8.3096
5121.10 8.3095
5121.15 8.3094
5121.20 8.3093
5121.25 8.3092
5121.30 8.3091
5121.35 8.3089
5121.40 8.3088
5121.45 8.3087
5121.50 8.3086
5121.55 8.3085
5121.60 8.3084
5121.65 8.3083
5121.70 8.3082
5121.75 8.3081
5121.80 8.3079
5121.85 8.3078
5121.90 8.3077
5121.95 8.3076
5122.00 8.3075
5122.05 8.3074
5122.10 8.3073
5122.15 8.3072
5122.20 8.3070
5122.25 8.3069
5122.30 8.3068
5122.35 8.3067
5122.40 8.3066
5122.45 8.3065
5122.50 8.3063
5122.55 8.3062
5122.60 8.3061
5122.65 8.3060
5122.70 8.3059
5122.75 8.3058
5122.80 8.3056
5122.85 8.3055
5122.90 8.3054
5122.95 8.3053
5123.00 8.3052
5123.05 8.3050
5123.10 8.3049
5123.15 8.3048
5123.20 8.3047
5123.25 8.3045
5123.30 8.3044
5123.35 8.3043
5123.40 8.3042
5123.45 8.3041
5123.50 8.3039
5123.55 8.3038
5123.60 8.3037
5123.65 8.3036
5123.70 8.3034
5123.75 8.3033
5123.80 8.3032
5123.85 8.3031
5123.90 8.3029
5123.95 8.3028
5124.00 8.3027
5124.05 8.3025
5124.10 8.3024
5124.15 8.3023
5124.20 8.3022
5124.25 8.3020
5124.30 8.3019
5124.35 8.3018
5124.40 8.3016
5124.45 8.3015
5124.50 8.3014
5124.55 8.3012
5124.60 8.3011
5124.65 8.3010
5124.70 8.3008
5124.75 8.3007
5124.80 8.3006
5124.85 8.3004
5124.90 8.3003
5124.95 8.3002
5125.00 8.3000
5125.05 8.2999
5125.10 8.2998
5125.15 8.2996
5125.20 8.2995
5125.25 8.2993
5125.30 8.2992
5125.35 8.2991
5125.40 8.2989
5125.45 8.2988
5125.50 8.2987
5125.55 8.2985
5125.60 8.2984
5125.65 8.2982
5125.70 8.2981
5125.75 8.2979
5125.80 8.2978
5125.85 8.2977
5125.90 8.2975
5125.95 8.2974
5126.00 8.2972
5126.05 8.2971
5126.10 8.2969
5126.15 8.2968
5126.20 8.2967
5126.25 8.2965
5126.30 8.2964
5126.35 8.2962
5126.40 8.2961
5126.45 8.2959
5126.50 8.2958
5126.55 8.2956
5126.60 8.2955
5126.65 8.2953
5126.70 8.2952
5126.75 8.2950
5126.80 8.2949
5126.85 8.2947
5126.90 8.2946
5126.95 8.2944
5127.00 8.2943
5127.05 8.2941
5127.10 8.2940
5127.15 8.2938
5127.20 8.2937
5127.25 8.2935
5127.30 8.2934
5127.35 8.2932
5127.40 8.2931
5127.45 8.2929
5127.50 8.2928
5127.55 8.2926
5127.60 8.2925
5127.65 8.2923
5127.70 8.2921
5127.75 8.2920
5127.80 8.2918
5127.85 8.2917
5127.90 8.2915
5127.95 8.2914
5128.00 8.2912
5128.05 8.2910
5128.10 8.2909
5128.15 8.2907
5128.20 8.2906
5128.25 8.2904
5128.30 8.2902
5128.35 8.2901
5128.40 8.2899
5128.45 8.2898
5128.50 8.2896
5128.55 8.2894
5128.60 8.2893
5128.65 8.2891
5128.70 8.2889
5128.75 8.2888
5128.80 8.2886
5128.85 8.2884
5128.90 8.2883
5128.95 8.2881
5129.00 8.2880
5129.05 8.2878
5129.10 8.2876
5129.15 8.2875
5129.20 8.2873
5129.25 8.2871
5129.30 8.2869
5129.35 8.2868
5129.40 8.2866
5129.45 8.2864
5129.50 8.2863
5129.55 8.2861
5129.60 8.2859
5129.65 8.2858
5129.70 8.2856
5129.75 8.2854
5129.80 8.2852
5129.85 8.2851
5129.90 8.2849
5129.95 8.2847
5130.00 8.2846
5130.05 8.2844
5130.10 8.2842
5130.15 8.2840
5130.20 8.2839
5130.25 8.2837
5130.30 8.2835
5130.35 8.2833
5130.40 8.2832
5130.45 8.2830
5130.50 8.2828
5130.55 8.2826
5130.60 8.2824
5130.65 8.2823
5130.70 8.2821
5130.75 8.2819
5130.80 8.2817
5130.85 8.2815
5130.90 8.2814
5130.95 8.2812
5131.00 8.2810
5131.05 8.2808
5131.10 8.2806
5131.15 8.2805
5131.20 8.2803
5131.25 8.2801
5131.30 8.2799
5131.35 8.2797
5131.40 8.2795
5131.45 8.2793
5131.50 8.2792
5131.55 8.2790
5131.60 8.2788
5131.65 8.2786
5131.70 8.2784
5131.75 8.2782
5131.80 8.2780
5131.85 8.2778
5131.90 8.2777
5131.95 8.2775
5132.00 8.2773
5132.05 8.2771
5132.10 8.2769
5132.15 8.2767
5132.20 8.2765
5132.25 8.2763
5132.30 8.2761
5132.35 8.2759
5132.40 8.2757
5132.45 8.2755
5132.50 8.2753
5132.55 8.2751
5132.60 8.2749
5132.65 8.2747
5132.70 8.2745
5132.75 8.2743
5132.80 8.2741
5132.85 8.2739
5132.90 8.2737
5132.95 8.2735
5133.00 8.2733
5133.05 8.2731
5133.10 8.2729
5133.15 8.2727
5133.20 8.2725
5133.25 8.2723
5133.30 8.2721
5133.35 8.2719
5133.40 8.2717
5133.45 8.2715
5133.50 8.2713
5133.55 8.2711
5133.60 8.2709
5133.65 8.2706
5133.70 8.2704
5133.75 8.2702
5133.80 8.2700
5133.85 8.2698
5133.90 8.2696
5133.95 8.2694
5134.00 8.2692
5134.05 8.2689
5134.10 8.2687
5134.15 8.2685
5134.20 8.2683
5134.25 8.2681
5134.30 8.2678
5134.35 8.2676
5134.40 8.2674
5134.45 8.2672
5134.50 8.2670
5134.55 8.2667
5134.60 8.2665
5134.65 8.2663
5134.70 8.2661
5134.75 8.2658
5134.80 8.2656
5134.85 8.2654
5134.90 8.2651
5134.95 8.2649
5135.00 8.2647
5135.05 8.2645
5135.10 8.2642
5135.15 8.2640
5135.20 8.2637
5135.25 8.2635
5135.30 8.2633
5135.35 8.2630
5135.40 8.2628
5135.45 8.2626
5135.50 8.2623
5135.55 8.2621
5135.60 8.2618
5135.65 8.2616
5135.70 8.2613
5135.75 8.2611
5135.80 8.2609
5135.85 8.2606
5135.90 8.2604
5135.95 8.2601
5136.00 8.2599
5136.05 8.2596
5136.10 8.2594
5136.15 8.2591
5136.20 8.2588
5136.25 8.2586
5136.30 8.2583
5136.35 8.2581
5136.40 8.2578
5136.45 8.2576
5136.50 8.2573
5136.55 8.2570
5136.60 8.2568
5136.65 8.2565
5136.70 8.2562
5136.75 8.2560
5136.80 8.2557
5136.85 8.2554
5136.90 8.2552
5136.95 8.2549
5137.00 8.2546
5137.05 8.2543
5137.10 8.2541
5137.15 8.2538
5137.20 8.2535
5137.25 8.2532
5137.30 8.2530
5137.35 8.2527
5137.40 8.2524
5137.45 8.2521
5137.50 8.2518
5137.55 8.2515
5137.60 8.2512
5137.65 8.2509
5137.70 8.2507
5137.75 8.2504
5137.80 8.2501
5137.85 8.2498
5137.90 8.2495
5137.95 8.2492
5138.00 8.2489
5138.05 8.2486
5138.10 8.2483
5138.15 8.2480
5138.20 8.2477
5138.25 8.2474
5138.30 8.2471
5138.35 8.2467
5138.40 8.2464
5138.45 8.2461
5138.50 8.2458
5138.55 8.2455
5138.60 8.2452
5138.65 8.2448
5138.70 8.2445
5138.75 8.2442
5138.80 8.2439
5138.85 8.2436
5138.90 8.2432
5138.95 8.2429
5139.00 8.2426
5139.05 8.2422
5139.10 8.2419
5139.15 8.2416
5139.20 8.2412
5139.25 8.2409
5139.30 8.2406
5139.35 8.2402
5139.40 8.2399
5139.45 8.2395
5139.50 8.2392
5139.55 8.2388
5139.60 8.2385
5139.65 8.2381
5139.70 8.2378
5139.75 8.2374
5139.80 8.2371
5139.85 8.2367
5139.90 8.2363
5139.95 8.2360
5140.00 8.2356
5140.05 8.2352
5140.10 8.2349
5140.15 8.2345
5140.20 8.2341
5140.25 8.2338
5140.30 8.2334
5140.35 8.2330
5140.40 8.2326
5140.45 8.2322
5140.50 8.2319
5140.55 8.2315
5140.60 8.2311
5140.65 8.2307
5140.70 8.2303
5140.75 8.2299
5140.80 8.2295
5140.85 8.2291
5140.90 8.2287
5140.95 8.2283
5141.00 8.2279
5141.05 8.2275
5141.10 8.2271
5141.15 8.2267
5141.20 8.2263
5141.25 8.2259
5141.30 8.2254
5141.35 8.2250
5141.40 8.2246
5141.45 8.2242
5141.50 8.2238
5141.55 8.2233
5141.60 8.2229
5141.65 8.2225
5141.70 8.2220
5141.75 8.2216
5141.80 8.2212
5141.85 8.2207
5141.90 8.2203
5141.95 8.2198
5142.00 8.2194
5142.05 8.2190
5142.10 8.2185
5142.15 8.2180
5142.20 8.2176
5142.25 8.2171
5142.30 8.2167
5142.35 8.2162
5142.40 8.2158
5142.45 8.2153
5142.50 8.2148
5142.55 8.2143
5142.60 8.2139
5142.65 8.2134
5142.70 8.2129
5142.75 8.2124
5142.80 8.2120
5142.85 8.2115
5142.90 8.2110
5142.95 8.2105
5143.00 8.2100
5143.05 8.2095
5143.10 8.2090
5143.15 8.2085
5143.20 8.2080
5143.25 8.2075
5143.30 8.2070
5143.35 8.2065
5143.40 8.2060
5143.45 8.2055
5143.50 8.2050
5143.55 8.2045
5143.60 8.2039
5143.65 8.2034
5143.70 8.2029
5143.75 8.2024
5143.80 8.2018
5143.85 8.2013
5143.90 8.2008
5143.95 8.2002
5144.00 8.1997
5144.05 8.1991
5144.10 8.1986
5144.15 8.1981
5144.20 8.1975
5144.25 8.1970
5144.30 8.1964
5144.35 8.1958
5144.40 8.1953
5144.45 8.1947
5144.50 8.1942
5144.55 8.1936
5144.60 8.1930
5144.65 8.1924
5144.70 8.1919
5144.75 8.1913
5144.80 8.1907
5144.85 8.1901
5144.90 8.1895
5144.95 8.1890
5145.00 8.1884
5145.05 8.1878
5145.10 8.1872
5145.15 8.1866
5145.20 8.1860
5145.25 8.1854
5145.30 8.1848
5145.35 8.1842
5145.40 8.1836
5145.45 8.1829
5145.50 8.1823
5145.55 8.1817
5145.60 8.1811
5145.65 8.1805
5145.70 8.1798
5145.75 8.1792
5145.80 8.1786
5145.85 8.1779
5145.90 8.1773
5145.95 8.1767
5146.00 8.1760
5146.05 8.1754
5146.10 8.1747
5146.15 8.1741
5146.20 8.1734
5146.25 8.1728
5146.30 8.1721
5146.35 8.1714
5146.40 8.1708
5146.45 8.1701
5146.50 8.1694
5146.55 8.1688
5146.60 8.1681
5146.65 8.1674
5146.70 8.1667
5146.75 8.1660
5146.80 8.1654
5146.85 8.1647
5146.90 8.1640
5146.95 8.1633
5147.00 8.1626
5147.05 8.1619
5147.10 8.1612
5147.15 8.1605
5147.20 8.1598
5147.25 8.1591
5147.30 8.1583
5147.35 8.1576
5147.40 8.1569
5147.45 8.1562
5147.50 8.1555
5147.55 8.1547
5147.60 8.1540
5147.65 8.1533
5147.70 8.1525
5147.75 8.1518
5147.80 8.1511
5147.85 8.1503
5147.90 8.1496
5147.95 8.1488
5148.00 8.1481
5148.05 8.1473
5148.10 8.1466
5148.15 8.1458
5148.20 8.1450
5148.25 8.1443
5148.30 8.1435
5148.35 8.1427
5148.40 8.1419
5148.45 8.1412
5148.50 8.1404
5148.55 8.1396
5148.60 8.1388
5148.65 8.1380
5148.70 8.1372
5148.75 8.1364
5148.80 8.1357
5148.85 8.1349
5148.90 8.1341
5148.95 8.1332
5149.00 8.1324
5149.05 8.1316
5149.10 8.1308
5149.15 8.1300
5149.20 8.1292
5149.25 8.1284
5149.30 8.1275
5149.35 8.1267
5149.40 8.1259
5149.45 8.1250
5149.50 8.1242
5149.55 8.1234
5149.60 8.1225
5149.65 8.1217
5149.70 8.1208
5149.75 8.1200
5149.80 8.1191
5149.85 8.1183
5149.90 8.1174
5149.95 8.1166
5150.00 8.1157
5150.05 8.1148
5150.10 8.1140
5150.15 8.1131
5150.20 8.1122
5150.25 8.1113
5150.30 8.1105
5150.35 8.1096
5150.40 8.1087
5150.45 8.1078
5150.50 8.1069
5150.55 8.1060
5150.60 8.1051
5150.65 8.1042
5150.70 8.1033
5150.75 8.1024
5150.80 8.1015
5150.85 8.1006
5150.90 8.0997
5150.95 8.0988
5151.00 8.0978
5151.05 8.0969
5151.10 8.0960
5151.15 8.0951
5151.20 8.0941
5151.25 8.0932
5151.30 8.0923
5151.35 8.0913
5151.40 8.0904
5151.45 8.0894
5151.50 8.0885
5151.55 8.0876
5151.60 8.0866
5151.65 8.0856
5151.70 8.0847
5151.75 8.0837
5151.80 8.0828
5151.85 8.0818
5151.90 8.0808
5151.95 8.0799
5152.00 8.0789
5152.05 8.0779
5152.10 8.0769
5152.15 8.0760
5152.20 8.0750
5152.25 8.0740
5152.30 8.0730
5152.35 8.0720
5152.40 8.0710
5152.45 8.0700
5152.50 8.0690
5152.55 8.0680
5152.60 8.0670
5152.65 8.0660
5152.70 8.0650
5152.75 8.0640
5152.80 8.0630
5152.85 8.0619
5152.90 8.0609
5152.95 8.0599
5153.00 8.0589
5153.05 8.0578
5153.10 8.0568
5153.15 8.0558
5153.20 8.0547
5153.25 8.0537
5153.30 8.0527
5153.35 8.0516
5153.40 8.0506
5153.45 8.0495
5153.50 8.0485
5153.55 8.0474
5153.60 8.0464
5153.65 8.0453
5153.70 8.0443
5153.75 8.0432
5153.80 8.0421
5153.85 8.0411
5153.90 8.0400
5153.95 8.0389
5154.00 8.0378
5154.05 8.0368
5154.10 8.0357
5154.15 8.0346
5154.20 8.0335
5154.25 8.0324
5154.30 8.0313
5154.35 8.0302
5154.40 8.0291
5154.45 8.0280
5154.50 8.0269
5154.55 8.0258
5154.60 8.0247
5154.65 8.0236
5154.70 8.0225
5154.75 8.0214
5154.80 8.0203
5154.85 8.0192
5154.90 8.0181
5154.95 8.0169
5155.00 8.0158
5155.05 8.0147
5155.10 8.0136
5155.15 8.0124
5155.20 8.0113
5155.25 8.0102
5155.30 8.0090
5155.35 8.0079
5155.40 8.0068
5155.45 8.0056
5155.50 8.0045
5155.55 8.0033
5155.60 8.0022
5155.65 8.0010
5155.70 7.9999
5155.75 7.9987
5155.80 7.9976
5155.85 7.9964
5155.90 7.9952
5155.95 7.9941
5156.00 7.9929
5156.05 7.9917
5156.10 7.9906
5156.15 7.9894
5156.20 7.9882
5156.25 7.9870
5156.30 7.9859
5156.35 7.9847
5156.40 7.9835
5156.45 7.9823
5156.50 7.9811
5156.55 7.9800
5156.60 7.9788
5156.65 7.9776
5156.70 7.9764
5156.75 7.9752
5156.80 7.9740
5156.85 7.9728
5156.90 7.9716
5156.95 7.9704
5157.00 7.9692
5157.05 7.9680
5157.10 7.9668
5157.15 7.9656
5157.20 7.9643
5157.25 7.9631
5157.30 7.9619
5157.35 7.9607
5157.40 7.9595
5157.45 7.9583
5157.50 7.9571
5157.55 7.9558
5157.60 7.9546
5157.65 7.9534
5157.70 7.9522
5157.75 7.9509
5157.80 7.9497
5157.85 7.9485
5157.90 7.9472
5157.95 7.9460
5158.00 7.9448
5158.05 7.9435
5158.10 7.9423
5158.15 7.9411
5158.20 7.9398
5158.25 7.9386
5158.30 7.9373
5158.35 7.9361
5158.40 7.9348
5158.45 7.9336
5158.50 7.9323
5158.55 7.9311
5158.60 7.9298
5158.65 7.9286
5158.70 7.9273
5158.75 7.9261
5158.80 7.9248
5158.85 7.9236
5158.90 7.9223
5158.95 7.9211
5159.00 7.9198
5159.05 7.9185
5159.10 7.9173
5159.15 7.9160
5159.20 7.9148
5159.25 7.9135
5159.30 7.9122
5159.35 7.9110
5159.40 7.9097
5159.45 7.9084
5159.50 7.9072
5159.55 7.9059
5159.60 7.9046
5159.65 7.9034
5159.70 7.9021
5159.75 7.9008
5159.80 7.8995
5159.85 7.8983
5159.90 7.8970
5159.95 7.8957
5160.00 7.8945
5160.05 7.8932
5160.10 7.8919
5160.15 7.8906
5160.20 7.8894
5160.25 7.8881
5160.30 7.8868
5160.35 7.8855
5160.40 7.8843
5160.45 7.8830
5160.50 7.8817
5160.55 7.8804
5160.60 7.8791
5160.65 7.8779
5160.70 7.8766
5160.75 7.8753
5160.80 7.8740
5160.85 7.8728
5160.90 7.8715
5160.95 7.8702
5161.00 7.8689
5161.05 7.8677
5161.10 7.8664
5161.15 7.8651
5161.20 7.8638
5161.25 7.8626
5161.30 7.8613
5161.35 7.8600
5161.40 7.8587
5161.45 7.8575
5161.50 7.8562
5161.55 7.8549
5161.60 7.8536
5161.65 7.8524
5161.70 7.8511
5161.75 7.8498
5161.80 7.8486
5161.85 7.8473
5161.90 7.8460
5161.95 7.8448
5162.00 7.8435
5162.05 7.8422
5162.10 7.8410
5162.15 7.8397
5162.20 7.8384
5162.25 7.8372
5162.30 7.8359
5162.35 7.8347
5162.40 7.8334
5162.45 7.8321
5162.50 7.8309
5162.55 7.8296
5162.60 7.8284
5162.65 7.8271
5162.70 7.8259
5162.75 7.8246
5162.80 7.8234
5162.85 7.8221
5162.90 7.8209
5162.95 7.8196
5163.00 7.8184
5163.05 7.8172
5163.10 7.8159
5163.15 7.8147
5163.20 7.8135
5163.25 7.8122
5163.30 7.8110
5163.35 7.8098
5163.40 7.8085
5163.45 7.8073
5163.50 7.8061
5163.55 7.8049
5163.60 7.8036
5163.65 7.8024
5163.70 7.8012
5163.75 7.8000
5163.80 7.7988
5163.85 7.7976
5163.90 7.7964
5163.95 7.7952
5164.00 7.7940
5164.05 7.7928
5164.10 7.7916
5164.15 7.7904
5164.20 7.7892
5164.25 7.7880
5164.30 7.7868
5164.35 7.7856
5164.40 7.7845
5164.45 7.7833
5164.50 7.7821
5164.55 7.7809
5164.60 7.7798
5164.65 7.7786
5164.70 7.7774
5164.75 7.7763
5164.80 7.7751
5164.85 7.7740
5164.90 7.7728
5164.95 7.7717
5165.00 7.7705
5165.05 7.7694
5165.10 7.7682
5165.15 7.7671
5165.20 7.7660
5165.25 7.7649
5165.30 7.7637
5165.35 7.7626
5165.40 7.7615
5165.45 7.7604
5165.50 7.7593
5165.55 7.7582
5165.60 7.7571
5165.65 7.7560
5165.70 7.7549
5165.75 7.7538
5165.80 7.7527
5165.85 7.7516
5165.90 7.7506
5165.95 7.7495
5166.00 7.7484
5166.05 7.7474
5166.10 7.7463
5166.15 7.7453
5166.20 7.7442
5166.25 7.7432
5166.30 7.7421
5166.35 7.7411
5166.40 7.7401
5166.45 7.7390
5166.50 7.7380
5166.55 7.7370
5166.60 7.7360
5166.65 7.7350
5166.70 7.7340
5166.75 7.7330
5166.80 7.7320
5166.85 7.7310
5166.90 7.7300
5166.95 7.7290
5167.00 7.7281
5167.05 7.7271
5167.10 7.7261
5167.15 7.7252
5167.20 7.7242
5167.25 7.7233
5167.30 7.7223
5167.35 7.7214
5167.40 7.7205
5167.45 7.7195
5167.50 7.7186
5167.55 7.7177
5167.60 7.7168
5167.65 7.7159
5167.70 7.7150
5167.75 7.7141
5167.80 7.7132
5167.85 7.7124
5167.90 7.7115
5167.95 7.7106
5168.00 7.7098
5168.05 7.7089
5168.10 7.7081
5168.15 7.7072
5168.20 7.7064
5168.25 7.7056
5168.30 7.7047
5168.35 7.7039
5168.40 7.7031
5168.45 7.7023
5168.50 7.7015
5168.55 7.7007
5168.60 7.6999
5168.65 7.6992
5168.70 7.6984
5168.75 7.6976
5168.80 7.6969
5168.85 7.6961
5168.90 7.6954
5168.95 7.6946
5169.00 7.6939
5169.05 7.6932
5169.10 7.6925
5169.15 7.6918
5169.20 7.6911
5169.25 7.6904
5169.30 7.6897
5169.35 7.6890
5169.40 7.6883
5169.45 7.6877
5169.50 7.6870
5169.55 7.6863
5169.60 7.6857
5169.65 7.6851
5169.70 7.6844
5169.75 7.6838
5169.80 7.6832
5169.85 7.6826
5169.90 7.6820
5169.95 7.6814
5170.00 7.6808
5170.05 7.6802
5170.10 7.6797
5170.15 7.6791
5170.20 7.6785
5170.25 7.6780
5170.30 7.6775
5170.35 7.6769
5170.40 7.6764
5170.45 7.6759
5170.50 7.6754
5170.55 7.6749
5170.60 7.6744
5170.65 7.6739
5170.70 7.6734
5170.75 7.6730
5170.80 7.6725
5170.85 7.6721
5170.90 7.6716
5170.95 7.6712
5171.00 7.6707
5171.05 7.6703
5171.10 7.6699
5171.15 7.6695
5171.20 7.6691
5171.25 7.6687
5171.30 7.6684
5171.35 7.6680
5171.40 7.6676
5171.45 7.6673
5171.50 7.6669
5171.55 7.6666
5171.60 7.6663
5171.65 7.6659
5171.70 7.6656
5171.75 7.6653
5171.80 7.6650
5171.85 7.6647
5171.90 7.6645
5171.95 7.6642
5172.00 7.6639
5172.05 7.6637
5172.10 7.6634
5172.15 7.6632
5172.20 7.6630
5172.25 7.6628
5172.30 7.6626
5172.35 7.6624
5172.40 7.6622
5172.45 7.6620
5172.50 7.6618
5172.55 7.6616
5172.60 7.6615
5172.65 7.6613
5172.70 7.6612
5172.75 7.6611
5172.80 7.6609
5172.85 7.6608
5172.90 7.6607
5172.95 7.6606
5173.00 7.6605
5173.05 7.6605
5173.10 7.6604
5173.15 7.6603
5173.20 7.6603
5173.25 7.6602
5173.30 7.6602
5173.35 7.6602
5173.40 7.6602
5173.45 7.6601
