7130.50 4.8895
7130.55 4.8895
7130.60 4.8895
7130.65 4.8895
7130.70 4.8895
7130.75 4.8895
7130.80 4.8895
7130.85 4.8895
7130.90 4.8896
7130.95 4.8896
7131.00 4.8896
7131.05 4.8897
7131.10 4.8897
7131.15 4.8897
7131.20 4.8898
7131.25 4.8898
7131.30 4.8899
7131.35 4.8899
7131.40 4.8900
7131.45 4.8900
7131.50 4.8901
7131.55 4.8901
7131.60 4.8902
7131.65 4.8903
7131.70 4.8904
7131.75 4.8904
7131.80 4.8905
7131.85 4.8906
7131.90 4.8907
7131.95 4.8908
7132.00 4.8908
7132.05 4.8909
7132.10 4.8910
7132.15 4.8911
7132.20 4.8912
7132.25 4.8913
7132.30 4.8914
7132.35 4.8915
7132.40 4.8917
7132.45 4.8918
7132.50 4.8919
7132.55 4.8920
7132.60 4.8921
7132.65 4.8923
7132.70 4.8924
7132.75 4.8925
7132.80 4.8927
7132.85 4.8928
7132.90 4.8929
7132.95 4.8931
7133.00 4.8932
7133.05 4.8934
7133.10 4.8935
7133.15 4.8937
7133.20 4.8938
7133.25 4.8940
7133.30 4.8942
7133.35 4.8943
7133.40 4.8945
7133.45 4.8947
7133.50 4.8948
7133.55 4.8950
7133.60 4.8952
7133.65 4.8954
7133.70 4.8956
7133.75 4.8958
7133.80 4.8960
7133.85 4.8961
7133.90 4.8963
7133.95 4.8965
7134.00 4.8967
7134.05 4.8969
7134.10 4.8971
7134.15 4.8974
7134.20 4.8976
7134.25 4.8978
7134.30 4.8980
7134.35 4.8982
7134.40 4.8984
7134.45 4.8987
7134.50 4.8989
7134.55 4.8991
7134.60 4.8994
7134.65 4.8996
7134.70 4.8998
7134.75 4.9001
7134.80 4.9003
7134.85 4.9006
7134.90 4.9008
7134.95 4.9011
7135.00 4.9013
7135.05 4.9016
7135.10 4.9018
7135.15 4.9021
7135.20 4.9023
7135.25 4.9026
7135.30 4.9029
7135.35 4.9031
7135.40 4.9034
7135.45 4.9037
7135.50 4.9040
7135.55 4.9042
7135.60 4.9045
7135.65 4.9048
7135.70 4.9051
7135.75 4.9054
7135.80 4.9057
7135.85 4.9060
7135.90 4.9063
7135.95 4.9066
7136.00 4.9069
7136.05 4.9072
7136.10 4.9075
7136.15 4.9078
7136.20 4.9081
7136.25 4.9084
7136.30 4.9087
7136.35 4.9090
7136.40 4.9094
7136.45 4.9097
7136.50 4.9100
7136.55 4.9103
7136.60 4.9107
7136.65 4.9110
7136.70 4.9113
7136.75 4.9117
7136.80 4.9120
7136.85 4.9123
7136.90 4.9127
7136.95 4.9130
7137.00 4.9134
7137.05 4.9137
7137.10 4.9141
7137.15 4.9144
7137.20 4.9148
7137.25 4.9151
7137.30 4.9155
7137.35 4.9159
7137.40 4.9162
7137.45 4.9166
7137.50 4.9170
7137.55 4.9173
7137.60 4.9177
7137.65 4.9181
7137.70 4.9184
7137.75 4.9188
7137.80 4.9192
7137.85 4.9196
7137.90 4.9200
7137.95 4.9204
7138.00 4.9208
7138.05 4.9212
7138.10 4.9215
7138.15 4.9219
7138.20 4.9223
7138.25 4.9227
7138.30 4.9231
7138.35 4.9236
7138.40 4.9240
7138.45 4.9244
7138.50 4.9248
7138.55 4.9252
7138.60 4.9256
7138.65 4.9260
7138.70 4.9265
7138.75 4.9269
7138.80 4.9273
7138.85 4.9277
7138.90 4.9282
7138.95 4.9286
7139.00 4.9290
7139.05 4.9295
7139.10 4.9299
7139.15 4.9303
7139.20 4.9308
7139.25 4.9312
7139.30 4.9317
7139.35 4.9321
7139.40 4.9326
7139.45 4.9330
7139.50 4.9335
7139.55 4.9340
7139.60 4.9344
7139.65 4.9349
7139.70 4.9354
7139.75 4.9358
7139.80 4.9363
7139.85 4.9368
7139.90 4.9372
7139.95 4.9377
7140.00 4.9382
7140.05 4.9387
7140.10 4.9392
7140.15 4.9396
7140.20 4.9401
7140.25 4.9406
7140.30 4.9411
7140.35 4.9416
7140.40 4.9421
7140.45 4.9426
7140.50 4.9431
7140.55 4.9436
7140.60 4.9441
7140.65 4.9447
7140.70 4.9452
7140.75 4.9457
7140.80 4.9462
7140.85 4.9467
7140.90 4.9472
7140.95 4.9478
7141.00 4.9483
7141.05 4.9488
7141.10 4.9494
7141.15 4.9499
7141.20 4.9504
7141.25 4.9510
7141.30 4.9515
7141.35 4.9521
7141.40 4.9526
7141.45 4.9532
7141.50 4.9537
7141.55 4.9543
7141.60 4.9548
7141.65 4.9554
7141.70 4.9560
7141.75 4.9565
7141.80 4.9571
7141.85 4.9577
7141.90 4.9583
7141.95 4.9588
7142.00 4.9594
7142.05 4.9600
7142.10 4.9606
7142.15 4.9612
7142.20 4.9618
7142.25 4.9624
7142.30 4.9630
7142.35 4.9636
7142.40 4.9642
7142.45 4.9648
7142.50 4.9654
7142.55 4.9660
7142.60 4.9666
7142.65 4.9672
7142.70 4.9679
7142.75 4.9685
7142.80 4.9691
7142.85 4.9697
7142.90 4.9704
7142.95 4.9710
7143.00 4.9717
7143.05 4.9723
7143.10 4.9729
7143.15 4.9736
7143.20 4.9742
7143.25 4.9749
7143.30 4.9756
7143.35 4.9762
7143.40 4.9769
7143.45 4.9776
7143.50 4.9782
7143.55 4.9789
7143.60 4.9796
7143.65 4.9803
7143.70 4.9809
7143.75 4.9816
7143.80 4.9823
7143.85 4.9830
7143.90 4.9837
7143.95 4.9844
7144.00 4.9851
7144.05 4.9858
7144.10 4.9865
7144.15 4.9873
7144.20 4.9880
7144.25 4.9887
7144.30 4.9894
7144.35 4.9901
7144.40 4.9909
7144.45 4.9916
7144.50 4.9924
7144.55 4.9931
7144.60 4.9938
7144.65 4.9946
7144.70 4.9953
7144.75 4.9961
7144.80 4.9969
7144.85 4.9976
7144.90 4.9984
7144.95 4.9992
7145.00 4.9999
7145.05 5.0007
7145.10 5.0015
7145.15 5.0023
7145.20 5.0031
7145.25 5.0039
7145.30 5.0047
7145.35 5.0055
7145.40 5.0063
7145.45 5.0071
7145.50 5.0079
7145.55 5.0087
7145.60 5.0095
7145.65 5.0104
7145.70 5.0112
7145.75 5.0120
7145.80 5.0129
7145.85 5.0137
7145.90 5.0145
7145.95 5.0154
7146.00 5.0162
7146.05 5.0171
7146.10 5.0179
7146.15 5.0188
7146.20 5.0197
7146.25 5.0205
7146.30 5.0214
7146.35 5.0223
7146.40 5.0232
7146.45 5.0241
7146.50 5.0250
7146.55 5.0259
7146.60 5.0268
7146.65 5.0277
7146.70 5.0286
7146.75 5.0295
7146.80 5.0304
7146.85 5.0313
7146.90 5.0322
7146.95 5.0332
7147.00 5.0341
7147.05 5.0350
7147.10 5.0360
7147.15 5.0369
7147.20 5.0378
7147.25 5.0388
7147.30 5.0397
7147.35 5.0407
7147.40 5.0417
7147.45 5.0426
7147.50 5.0436
7147.55 5.0446
7147.60 5.0456
7147.65 5.0465
7147.70 5.0475
7147.75 5.0485
7147.80 5.0495
7147.85 5.0505
7147.90 5.0515
7147.95 5.0525
7148.00 5.0535
7148.05 5.0546
7148.10 5.0556
7148.15 5.0566
7148.20 5.0576
7148.25 5.0587
7148.30 5.0597
7148.35 5.0607
7148.40 5.0618
7148.45 5.0628
7148.50 5.0639
7148.55 5.0649
7148.60 5.0660
7148.65 5.0671
7148.70 5.0681
7148.75 5.0692
7148.80 5.0703
7148.85 5.0714
7148.90 5.0724
7148.95 5.0735
7149.00 5.0746
7149.05 5.0757
7149.10 5.0768
7149.15 5.0779
7149.20 5.0790
7149.25 5.0802
7149.30 5.0813
7149.35 5.0824
7149.40 5.0835
7149.45 5.0846
7149.50 5.0858
7149.55 5.0869
7149.60 5.0881
7149.65 5.0892
7149.70 5.0903
7149.75 5.0915
7149.80 5.0927
7149.85 5.0938
7149.90 5.0950
7149.95 5.0961
7150.00 5.0973
7150.05 5.0985
7150.10 5.0997
7150.15 5.1009
7150.20 5.1020
7150.25 5.1032
7150.30 5.1044
7150.35 5.1056
7150.40 5.1068
7150.45 5.1080
7150.50 5.1092
7150.55 5.1105
7150.60 5.1117
7150.65 5.1129
7150.70 5.1141
7150.75 5.1153
7150.80 5.1166
7150.85 5.1178
7150.90 5.1190
7150.95 5.1203
7151.00 5.1215
7151.05 5.1228
7151.10 5.1240
7151.15 5.1253
7151.20 5.1266
7151.25 5.1278
7151.30 5.1291
7151.35 5.1304
7151.40 5.1316
7151.45 5.1329
7151.50 5.1342
7151.55 5.1355
7151.60 5.1368
7151.65 5.1381
7151.70 5.1393
7151.75 5.1406
7151.80 5.1419
7151.85 5.1432
7151.90 5.1446
7151.95 5.1459
7152.00 5.1472
7152.05 5.1485
7152.10 5.1498
7152.15 5.1511
7152.20 5.1525
7152.25 5.1538
7152.30 5.1551
7152.35 5.1565
7152.40 5.1578
7152.45 5.1592
7152.50 5.1605
7152.55 5.1618
7152.60 5.1632
7152.65 5.1646
7152.70 5.1659
7152.75 5.1673
7152.80 5.1686
7152.85 5.1700
7152.90 5.1714
7152.95 5.1727
7153.00 5.1741
7153.05 5.1755
7153.10 5.1769
7153.15 5.1783
7153.20 5.1797
7153.25 5.1810
7153.30 5.1824
7153.35 5.1838
7153.40 5.1852
7153.45 5.1866
7153.50 5.1880
7153.55 5.1894
7153.60 5.1908
7153.65 5.1923
7153.70 5.1937
7153.75 5.1951
7153.80 5.1965
7153.85 5.1979
7153.90 5.1994
7153.95 5.2008
7154.00 5.2022
7154.05 5.2036
7154.10 5.2051
7154.15 5.2065
7154.20 5.2079
7154.25 5.2094
7154.30 5.2108
7154.35 5.2123
7154.40 5.2137
7154.45 5.2152
7154.50 5.2166
7154.55 5.2181
7154.60 5.2195
7154.65 5.2210
7154.70 5.2225
7154.75 5.2239
7154.80 5.2254
7154.85 5.2269
7154.90 5.2283
7154.95 5.2298
7155.00 5.2313
7155.05 5.2328
7155.10 5.2342
7155.15 5.2357
7155.20 5.2372
7155.25 5.2387
7155.30 5.2402
7155.35 5.2417
7155.40 5.2432
7155.45 5.2447
7155.50 5.2461
7155.55 5.2476
7155.60 5.2491
7155.65 5.2506
7155.70 5.2521
7155.75 5.2537
7155.80 5.2552
7155.85 5.2567
7155.90 5.2582
7155.95 5.2597
7156.00 5.2612
7156.05 5.2627
7156.10 5.2642
7156.15 5.2658
7156.20 5.2673
7156.25 5.2688
7156.30 5.2703
7156.35 5.2719
7156.40 5.2734
7156.45 5.2749
7156.50 5.2764
7156.55 5.2780
7156.60 5.2795
7156.65 5.2810
7156.70 5.2826
7156.75 5.2841
7156.80 5.2857
7156.85 5.2872
7156.90 5.2887
7156.95 5.2903
7157.00 5.2918
7157.05 5.2934
7157.10 5.2949
7157.15 5.2965
7157.20 5.2980
7157.25 5.2996
7157.30 5.3011
7157.35 5.3027
7157.40 5.3043
7157.45 5.3058
7157.50 5.3074
7157.55 5.3089
7157.60 5.3105
7157.65 5.3121
7157.70 5.3136
7157.75 5.3152
7157.80 5.3168
7157.85 5.3183
7157.90 5.3199
7157.95 5.3215
7158.00 5.3231
7158.05 5.3246
7158.10 5.3262
7158.15 5.3278
7158.20 5.3294
7158.25 5.3309
7158.30 5.3325
7158.35 5.3341
7158.40 5.3357
7158.45 5.3373
7158.50 5.3389
7158.55 5.3404
7158.60 5.3420
7158.65 5.3436
7158.70 5.3452
7158.75 5.3468
7158.80 5.3484
7158.85 5.3500
7158.90 5.3516
7158.95 5.3532
7159.00 5.3548
7159.05 5.3564
7159.10 5.3580
7159.15 5.3596
7159.20 5.3612
7159.25 5.3628
7159.30 5.3644
7159.35 5.3660
7159.40 5.3676
7159.45 5.3692
7159.50 5.3708
7159.55 5.3724
7159.60 5.3740
7159.65 5.3756
7159.70 5.3772
7159.75 5.3788
7159.80 5.3804
7159.85 5.3820
7159.90 5.3837
7159.95 5.3853
7160.00 5.3869
7160.05 5.3885
7160.10 5.3901
7160.15 5.3917
7160.20 5.3934
7160.25 5.3950
7160.30 5.3966
7160.35 5.3982
7160.40 5.3998
7160.45 5.4015
7160.50 5.4031
7160.55 5.4047
7160.60 5.4063
7160.65 5.4080
7160.70 5.4096
7160.75 5.4112
7160.80 5.4128
7160.85 5.4145
7160.90 5.4161
7160.95 5.4177
7161.00 5.4194
7161.05 5.4210
7161.10 5.4226
7161.15 5.4242
7161.20 5.4259
7161.25 5.4275
7161.30 5.4292
7161.35 5.4308
7161.40 5.4324
7161.45 5.4341
7161.50 5.4357
7161.55 5.4373
7161.60 5.4390
7161.65 5.4406
7161.70 5.4423
7161.75 5.4439
7161.80 5.4455
7161.85 5.4472
7161.90 5.4488
7161.95 5.4505
7162.00 5.4521
7162.05 5.4538
7162.10 5.4554
7162.15 5.4570
7162.20 5.4587
7162.25 5.4603
7162.30 5.4620
7162.35 5.4636
7162.40 5.4653
7162.45 5.4669
7162.50 5.4686
7162.55 5.4702
7162.60 5.4719
7162.65 5.4735
7162.70 5.4752
7162.75 5.4768
7162.80 5.4785
7162.85 5.4801
7162.90 5.4818
7162.95 5.4835
7163.00 5.4851
7163.05 5.4868
7163.10 5.4884
7163.15 5.4901
7163.20 5.4917
7163.25 5.4934
7163.30 5.4951
7163.35 5.4967
7163.40 5.4984
7163.45 5.5000
7163.50 5.5017
7163.55 5.5034
7163.60 5.5050
7163.65 5.5067
7163.70 5.5083
7163.75 5.5100
7163.80 5.5117
7163.85 5.5133
7163.90 5.5150
7163.95 5.5167
7164.00 5.5183
7164.05 5.5200
7164.10 5.5217
7164.15 5.5233
7164.20 5.5250
7164.25 5.5267
7164.30 5.5283
7164.35 5.5300
7164.40 5.5317
7164.45 5.5333
7164.50 5.5350
7164.55 5.5367
7164.60 5.5383
7164.65 5.5400
7164.70 5.5417
7164.75 5.5433
7164.80 5.5450
7164.85 5.5467
7164.90 5.5484
7164.95 5.5500
7165.00 5.5517
7165.05 5.5534
7165.10 5.5551
7165.15 5.5567
7165.20 5.5584
7165.25 5.5601
7165.30 5.5618
7165.35 5.5634
7165.40 5.5651
7165.45 5.5668
7165.50 5.5685
7165.55 5.5701
7165.60 5.5718
7165.65 5.5735
7165.70 5.5752
7165.75 5.5768
7165.80 5.5785
7165.85 5.5802
7165.90 5.5819
7165.95 5.5836
7166.00 5.5852
7166.05 5.5869
7166.10 5.5886
7166.15 5.5903
7166.20 5.5920
7166.25 5.5936
7166.30 5.5953
7166.35 5.5970
7166.40 5.5987
7166.45 5.6004
7166.50 5.6021
7166.55 5.6037
7166.60 5.6054
7166.65 5.6071
7166.70 5.6088
7166.75 5.6105
7166.80 5.6121
7166.85 5.6138
7166.90 5.6155
7166.95 5.6172
7167.00 5.6189
7167.05 5.6206
7167.10 5.6223
7167.15 5.6239
7167.20 5.6256
7167.25 5.6273
7167.30 5.6290
7167.35 5.6307
7167.40 5.6324
7167.45 5.6341
7167.50 5.6357
7167.55 5.6374
7167.60 5.6391
7167.65 5.6408
7167.70 5.6425
7167.75 5.6442
7167.80 5.6459
7167.85 5.6476
7167.90 5.6492
7167.95 5.6509
7168.00 5.6526
7168.05 5.6543
7168.10 5.6560
7168.15 5.6577
7168.20 5.6594
7168.25 5.6611
7168.30 5.6628
7168.35 5.6645
7168.40 5.6661
7168.45 5.6678
7168.50 5.6695
7168.55 5.6712
7168.60 5.6729
7168.65 5.6746
7168.70 5.6763
7168.75 5.6780
7168.80 5.6797
7168.85 5.6814
7168.90 5.6831
7168.95 5.6847
7169.00 5.6864
7169.05 5.6881
7169.10 5.6898
7169.15 5.6915
7169.20 5.6932
7169.25 5.6949
7169.30 5.6966
7169.35 5.6983
7169.40 5.7000
7169.45 5.7017
7169.50 5.7034
7169.55 5.7051
7169.60 5.7067
7169.65 5.7084
7169.70 5.7101
7169.75 5.7118
7169.80 5.7135
7169.85 5.7152
7169.90 5.7169
7169.95 5.7186
7170.00 5.7203
7170.05 5.7220
7170.10 5.7237
7170.15 5.7254
7170.20 5.7271
7170.25 5.7288
7170.30 5.7305
7170.35 5.7322
7170.40 5.7339
7170.45 5.7356
7170.50 5.7372
7170.55 5.7389
7170.60 5.7406
7170.65 5.7423
7170.70 5.7440
7170.75 5.7457
7170.80 5.7474
7170.85 5.7491
7170.90 5.7508
7170.95 5.7525
7171.00 5.7542
7171.05 5.7559
7171.10 5.7576
7171.15 5.7593
7171.20 5.7610
7171.25 5.7627
7171.30 5.7644
7171.35 5.7661
7171.40 5.7678
7171.45 5.7695
7171.50 5.7712
7171.55 5.7729
7171.60 5.7746
7171.65 5.7763
7171.70 5.7780
7171.75 5.7796
7171.80 5.7813
7171.85 5.7830
7171.90 5.7847
7171.95 5.7864
7172.00 5.7881
7172.05 5.7898
7172.10 5.7915
7172.15 5.7932
7172.20 5.7949
7172.25 5.7966
7172.30 5.7983
7172.35 5.8000
7172.40 5.8017
7172.45 5.8034
7172.50 5.8051
7172.55 5.8068
7172.60 5.8085
7172.65 5.8102
7172.70 5.8119
7172.75 5.8136
7172.80 5.8153
7172.85 5.8170
7172.90 5.8187
7172.95 5.8204
7173.00 5.8221
7173.05 5.8238
7173.10 5.8255
7173.15 5.8272
7173.20 5.8289
7173.25 5.8306
7173.30 5.8323
7173.35 5.8340
7173.40 5.8357
7173.45 5.8374
7173.50 5.8391
7173.55 5.8408
7173.60 5.8425
7173.65 5.8442
7173.70 5.8459
7173.75 5.8476
7173.80 5.8493
7173.85 5.8509
7173.90 5.8526
7173.95 5.8543
7174.00 5.8560
7174.05 5.8577
7174.10 5.8594
7174.15 5.8611
7174.20 5.8628
7174.25 5.8645
7174.30 5.8662
7174.35 5.8679
7174.40 5.8696
7174.45 5.8713
7174.50 5.8730
7174.55 5.8747
7174.60 5.8764
7174.65 5.8781
7174.70 5.8798
7174.75 5.8815
7174.80 5.8832
7174.85 5.8849
7174.90 5.8866
7174.95 5.8883
7175.00 5.8900
7175.05 5.8917
7175.10 5.8934
7175.15 5.8951
7175.20 5.8968
7175.25 5.8985
7175.30 5.9002
7175.35 5.9019
7175.40 5.9036
7175.45 5.9053
7175.50 5.9070
7175.55 5.9087
7175.60 5.9104
7175.65 5.9121
7175.70 5.9138
7175.75 5.9155
7175.80 5.9172
7175.85 5.9189
7175.90 5.9206
7175.95 5.9223
7176.00 5.9240
7176.05 5.9257
7176.10 5.9274
7176.15 5.9291
7176.20 5.9308
7176.25 5.9325
7176.30 5.9342
7176.35 5.9359
7176.40 5.9376
7176.45 5.9393
7176.50 5.9410
7176.55 5.9427
7176.60 5.9444
7176.65 5.9461
7176.70 5.9478
7176.75 5.9495
7176.80 5.9512
7176.85 5.9529
7176.90 5.9546
7176.95 5.9563
7177.00 5.9580
7177.05 5.9597
7177.10 5.9614
7177.15 5.9631
7177.20 5.9648
7177.25 5.9665
7177.30 5.9682
7177.35 5.9699
7177.40 5.9716
7177.45 5.9733
7177.50 5.9750
7177.55 5.9767
7177.60 5.9784
7177.65 5.9801
7177.70 5.9818
7177.75 5.9835
7177.80 5.9851
7177.85 5.9868
7177.90 5.9885
7177.95 5.9902
7178.00 5.9919
7178.05 5.9936
7178.10 5.9953
7178.15 5.9970
7178.20 5.9987
7178.25 6.0004
7178.30 6.0021
7178.35 6.0038
7178.40 6.0055
7178.45 6.0072
7178.50 6.0089
7178.55 6.0106
7178.60 6.0123
7178.65 6.0140
7178.70 6.0157
7178.75 6.0174
7178.80 6.0191
7178.85 6.0208
7178.90 6.0225
7178.95 6.0242
7179.00 6.0259
7179.05 6.0276
7179.10 6.0293
7179.15 6.0310
7179.20 6.0327
7179.25 6.0344
7179.30 6.0361
7179.35 6.0378
7179.40 6.0395
7179.45 6.0412
7179.50 6.0429
7179.55 6.0446
7179.60 6.0463
7179.65 6.0480
7179.70 6.0497
7179.75 6.0514
7179.80 6.0531
7179.85 6.0548
7179.90 6.0565
7179.95 6.0582
7180.00 6.0599
7180.05 6.0616
7180.10 6.0633
7180.15 6.0650
7180.20 6.0667
7180.25 6.0684
7180.30 6.0701
7180.35 6.0718
7180.40 6.0735
7180.45 6.0752
7180.50 6.0769
7180.55 6.0786
7180.60 6.0803
7180.65 6.0820
7180.70 6.0837
7180.75 6.0854
7180.80 6.0871
7180.85 6.0888
7180.90 6.0905
7180.95 6.0922
7181.00 6.0939
7181.05 6.0956
7181.10 6.0973
7181.15 6.0990
7181.20 6.1007
7181.25 6.1024
7181.30 6.1041
7181.35 6.1058
7181.40 6.1075
7181.45 6.1092
7181.50 6.1109
7181.55 6.1126
7181.60 6.1143
7181.65 6.1160
7181.70 6.1177
7181.75 6.1194
7181.80 6.1211
7181.85 6.1228
7181.90 6.1245
7181.95 6.1262
7182.00 6.1279
7182.05 6.1296
7182.10 6.1313
7182.15 6.1330
7182.20 6.1347
7182.25 6.1364
7182.30 6.1381
7182.35 6.1398
7182.40 6.1415
7182.45 6.1432
7182.50 6.1449
7182.55 6.1466
7182.60 6.1483
7182.65 6.1500
7182.70 6.1517
7182.75 6.1534
7182.80 6.1551
7182.85 6.1568
7182.90 6.1585
7182.95 6.1602
7183.00 6.1619
7183.05 6.1636
7183.10 6.1653
7183.15 6.1670
7183.20 6.1687
7183.25 6.1704
7183.30 6.1720
7183.35 6.1737
7183.40 6.1754
7183.45 6.1771
7183.50 6.1788
7183.55 6.1805
7183.60 6.1822
7183.65 6.1839
7183.70 6.1856
7183.75 6.1873
7183.80 6.1890
7183.85 6.1907
7183.90 6.1924
7183.95 6.1941
7184.00 6.1958
7184.05 6.1975
7184.10 6.1992
7184.15 6.2009
7184.20 6.2026
7184.25 6.2043
7184.30 6.2060
7184.35 6.2077
7184.40 6.2094
7184.45 6.2111
7184.50 6.2128
7184.55 6.2145
7184.60 6.2162
7184.65 6.2179
7184.70 6.2196
7184.75 6.2213
7184.80 6.2230
7184.85 6.2247
7184.90 6.2264
7184.95 6.2281
7185.00 6.2298
7185.05 6.2315
7185.10 6.2332
7185.15 6.2349
7185.20 6.2366
7185.25 6.2383
7185.30 6.2400
7185.35 6.2417
7185.40 6.2434
7185.45 6.2451
7185.50 6.2468
7185.55 6.2485
7185.60 6.2502
7185.65 6.2519
7185.70 6.2536
7185.75 6.2553
7185.80 6.2570
7185.85 6.2587
7185.90 6.2604
7185.95 6.2621
7186.00 6.2638
7186.05 6.2655
7186.10 6.2672
7186.15 6.2689
7186.20 6.2706
7186.25 6.2723
7186.30 6.2740
7186.35 6.2757
7186.40 6.2774
7186.45 6.2791
7186.50 6.2808
7186.55 6.2825
7186.60 6.2842
7186.65 6.2859
7186.70 6.2876
7186.75 6.2893
7186.80 6.2910
7186.85 6.2927
7186.90 6.2944
7186.95 6.2961
7187.00 6.2978
7187.05 6.2995
7187.10 6.3012
7187.15 6.3029
7187.20 6.3046
7187.25 6.3063
7187.30 6.3080
7187.35 6.3097
7187.40 6.3114
7187.45 6.3131
7187.50 6.3148
7187.55 6.3165
7187.60 6.3182
7187.65 6.3199
7187.70 6.3216
7187.75 6.3233
7187.80 6.3250
7187.85 6.3267
7187.90 6.3284
7187.95 6.3301
7188.00 6.3318
7188.05 6.3335
7188.10 6.3352
7188.15 6.3369
7188.20 6.3386
7188.25 6.3403
7188.30 6.3420
7188.35 6.3437
7188.40 6.3454
7188.45 6.3471
7188.50 6.3488
7188.55 6.3505
7188.60 6.3522
7188.65 6.3539
7188.70 6.3556
7188.75 6.3573
7188.80 6.3590
7188.85 6.3606
7188.90 6.3623
7188.95 6.3640
7189.00 6.3657
7189.05 6.3674
7189.10 6.3691
7189.15 6.3708
7189.20 6.3725
7189.25 6.3742
7189.30 6.3759
7189.35 6.3776
7189.40 6.3793
7189.45 6.3810
7189.50 6.3827
7189.55 6.3844
7189.60 6.3861
7189.65 6.3878
7189.70 6.3895
7189.75 6.3912
7189.80 6.3929
7189.85 6.3946
7189.90 6.3963
7189.95 6.3980
7190.00 6.3997
7190.05 6.4014
7190.10 6.4031
7190.15 6.4048
7190.20 6.4065
7190.25 6.4082
7190.30 6.4099
7190.35 6.4116
7190.40 6.4133
7190.45 6.4150
7190.50 6.4167
7190.55 6.4184
7190.60 6.4201
7190.65 6.4218
7190.70 6.4235
7190.75 6.4252
7190.80 6.4269
7190.85 6.4286
7190.90 6.4303
7190.95 6.4320
7191.00 6.4337
7191.05 6.4354
7191.10 6.4371
7191.15 6.4388
7191.20 6.4405
7191.25 6.4422
7191.30 6.4439
7191.35 6.4456
7191.40 6.4473
7191.45 6.4490
7191.50 6.4507
7191.55 6.4524
7191.60 6.4541
7191.65 6.4558
7191.70 6.4575
7191.75 6.4592
7191.80 6.4609
7191.85 6.4626
7191.90 6.4643
7191.95 6.4660
7192.00 6.4677
7192.05 6.4694
7192.10 6.4711
7192.15 6.4728
7192.20 6.4745
7192.25 6.4762
7192.30 6.4779
7192.35 6.4796
7192.40 6.4813
7192.45 6.4830
7192.50 6.4847
7192.55 6.4864
7192.60 6.4881
7192.65 6.4898
7192.70 6.4915
7192.75 6.4932
7192.80 6.4949
7192.85 6.4966
7192.90 6.4983
7192.95 6.5000
7193.00 6.5017
7193.05 6.5034
7193.10 6.5051
7193.15 6.5068
7193.20 6.5085
7193.25 6.5102
7193.30 6.5119
7193.35 6.5136
7193.40 6.5153
7193.45 6.5170
7193.50 6.5187
7193.55 6.5204
7193.60 6.5221
7193.65 6.5238
7193.70 6.5255
7193.75 6.5272
7193.80 6.5289
7193.85 6.5306
7193.90 6.5323
7193.95 6.5340
7194.00 6.5357
7194.05 6.5374
7194.10 6.5391
7194.15 6.5408
7194.20 6.5425
7194.25 6.5442
7194.30 6.5459
7194.35 6.5476
7194.40 6.5493
7194.45 6.5509
7194.50 6.5526
7194.55 6.5543
7194.60 6.5560
7194.65 6.5577
7194.70 6.5594
7194.75 6.5611
7194.80 6.5628
7194.85 6.5645
7194.90 6.5662
7194.95 6.5679
7195.00 6.5696
7195.05 6.5713
7195.10 6.5730
7195.15 6.5747
7195.20 6.5764
7195.25 6.5781
7195.30 6.5798
7195.35 6.5815
7195.40 6.5832
7195.45 6.5849
7195.50 6.5866
7195.55 6.5883
7195.60 6.5900
7195.65 6.5917
7195.70 6.5934
7195.75 6.5951
7195.80 6.5968
7195.85 6.5985
7195.90 6.6002
7195.95 6.6019
7196.00 6.6036
7196.05 6.6053
7196.10 6.6070
7196.15 6.6087
7196.20 6.6104
7196.25 6.6121
7196.30 6.6138
7196.35 6.6155
7196.40 6.6172
7196.45 6.6189
7196.50 6.6206
7196.55 6.6223
7196.60 6.6240
7196.65 6.6257
7196.70 6.6274
7196.75 6.6291
7196.80 6.6308
7196.85 6.6325
7196.90 6.6342
7196.95 6.6359
7197.00 6.6376
7197.05 6.6393
7197.10 6.6410
7197.15 6.6427
7197.20 6.6444
7197.25 6.6461
7197.30 6.6478
7197.35 6.6495
7197.40 6.6512
7197.45 6.6529
7197.50 6.6546
7197.55 6.6563
7197.60 6.6580
7197.65 6.6597
7197.70 6.6614
7197.75 6.6631
7197.80 6.6648
7197.85 6.6665
7197.90 6.6682
7197.95 6.6699
7198.00 6.6716
7198.05 6.6733
7198.10 6.6750
7198.15 6.6767
7198.20 6.6784
7198.25 6.6801
7198.30 6.6818
7198.35 6.6835
7198.40 6.6852
7198.45 6.6869
7198.50 6.6886
7198.55 6.6903
7198.60 6.6920
7198.65 6.6937
7198.70 6.6954
7198.75 6.6971
7198.80 6.6988
7198.85 6.7005
7198.90 6.7022
7198.95 6.7039
7199.00 6.7056
7199.05 6.7073
7199.10 6.7090
7199.15 6.7107
7199.20 6.7124
7199.25 6.7141
7199.30 6.7158
7199.35 6.7175
7199.40 6.7192
7199.45 6.7209
7199.50 6.7226
7199.55 6.7243
7199.60 6.7260
7199.65 6.7277
7199.70 6.7294
7199.75 6.7311
7199.80 6.7328
7199.85 6.7345
7199.90 6.7362
7199.95 6.7379
7200.00 6.7396
7200.05 6.7412
7200.10 6.7429
7200.15 6.7446
7200.20 6.7463
7200.25 6.7480
7200.30 6.7497
7200.35 6.7514
7200.40 6.7531
7200.45 6.7548
7200.50 6.7565
7200.55 6.7582
7200.60 6.7599
7200.65 6.7616
7200.70 6.7633
7200.75 6.7650
7200.80 6.7667
7200.85 6.7684
7200.90 6.7701
7200.95 6.7718
7201.00 6.7735
7201.05 6.7752
7201.10 6.7769
7201.15 6.7786
7201.20 6.7803
7201.25 6.7820
7201.30 6.7837
7201.35 6.7854
7201.40 6.7871
7201.45 6.7888
7201.50 6.7905
7201.55 6.7922
7201.60 6.7939
7201.65 6.7956
7201.70 6.7973
7201.75 6.7990
7201.80 6.8007
7201.85 6.8024
7201.90 6.8041
7201.95 6.8058
7202.00 6.8075
7202.05 6.8092
7202.10 6.8109
7202.15 6.8126
7202.20 6.8143
7202.25 6.8160
7202.30 6.8177
7202.35 6.8194
7202.40 6.8211
7202.45 6.8228
7202.50 6.8245
7202.55 6.8262
7202.60 6.8279
7202.65 6.8296
7202.70 6.8313
7202.75 6.8330
7202.80 6.8347
7202.85 6.8364
7202.90 6.8381
7202.95 6.8398
7203.00 6.8415
7203.05 6.8432
7203.10 6.8449
7203.15 6.8466
7203.20 6.8483
7203.25 6.8500
7203.30 6.8517
7203.35 6.8534
7203.40 6.8551
7203.45 6.8568
7203.50 6.8585
7203.55 6.8602
7203.60 6.8619
7203.65 6.8636
7203.70 6.8653
7203.75 6.8670
7203.80 6.8687
7203.85 6.8704
7203.90 6.8721
7203.95 6.8738
7204.00 6.8755
7204.05 6.8772
7204.10 6.8789
7204.15 6.8806
7204.20 6.8823
7204.25 6.8840
7204.30 6.8857
7204.35 6.8874
7204.40 6.8891
7204.45 6.8908
7204.50 6.8925
7204.55 6.8942
7204.60 6.8959
7204.65 6.8976
7204.70 6.8993
7204.75 6.9010
7204.80 6.9027
7204.85 6.9044
7204.90 6.9061
7204.95 6.9078
7205.00 6.9095
7205.05 6.9112
7205.10 6.9129
7205.15 6.9146
7205.20 6.9163
7205.25 6.9180
7205.30 6.9197
7205.35 6.9214
7205.40 6.9231
7205.45 6.9248
7205.50 6.9265
7205.55 6.9282
7205.60 6.9299
7205.65 6.9315
7205.70 6.9332
7205.75 6.9349
7205.80 6.9366
7205.85 6.9383
7205.90 6.9400
7205.95 6.9417
7206.00 6.9434
7206.05 6.9451
7206.10 6.9468
7206.15 6.9485
7206.20 6.9502
7206.25 6.9519
7206.30 6.9536
7206.35 6.9553
7206.40 6.9570
7206.45 6.9587
7206.50 6.9604
7206.55 6.9621
7206.60 6.9638
7206.65 6.9655
7206.70 6.9672
7206.75 6.9689
7206.80 6.9706
7206.85 6.9723
7206.90 6.9740
7206.95 6.9757
7207.00 6.9774
7207.05 6.9791
7207.10 6.9808
7207.15 6.9825
7207.20 6.9842
7207.25 6.9859
7207.30 6.9876
7207.35 6.9893
7207.40 6.9910
7207.45 6.9927
7207.50 6.9944
7207.55 6.9961
7207.60 6.9978
7207.65 6.9995
7207.70 7.0012
7207.75 7.0029
7207.80 7.0046
7207.85 7.0063
7207.90 7.0080
7207.95 7.0097
7208.00 7.0114
7208.05 7.0131
7208.10 7.0148
7208.15 7.0165
7208.20 7.0182
7208.25 7.0199
7208.30 7.0216
7208.35 7.0233
7208.40 7.0250
7208.45 7.0267
7208.50 7.0284
7208.55 7.0301
7208.60 7.0318
7208.65 7.0335
7208.70 7.0352
7208.75 7.0369
7208.80 7.0386
7208.85 7.0403
7208.90 7.0420
7208.95 7.0437
7209.00 7.0454
7209.05 7.0471
7209.10 7.0488
7209.15 7.0505
7209.20 7.0522
7209.25 7.0539
7209.30 7.0556
7209.35 7.0573
7209.40 7.0590
7209.45 7.0607
7209.50 7.0624
7209.55 7.0641
7209.60 7.0658
7209.65 7.0675
7209.70 7.0692
7209.75 7.0708
7209.80 7.0725
7209.85 7.0742
7209.90 7.0759
7209.95 7.0776
7210.00 7.0793
7210.05 7.0810
7210.10 7.0827
7210.15 7.0844
7210.20 7.0861
7210.25 7.0878
7210.30 7.0895
7210.35 7.0912
7210.40 7.0929
7210.45 7.0946
7210.50 7.0963
7210.55 7.0980
7210.60 7.0997
7210.65 7.1014
7210.70 7.1031
7210.75 7.1048
7210.80 7.1065
7210.85 7.1082
7210.90 7.1099
7210.95 7.1116
7211.00 7.1133
7211.05 7.1150
7211.10 7.1167
7211.15 7.1184
7211.20 7.1201
7211.25 7.1218
7211.30 7.1235
7211.35 7.1252
7211.40 7.1269
7211.45 7.1286
7211.50 7.1303
7211.55 7.1320
7211.60 7.1336
7211.65 7.1353
7211.70 7.1370
7211.75 7.1387
7211.80 7.1404
7211.85 7.1421
7211.90 7.1438
7211.95 7.1455
7212.00 7.1472
7212.05 7.1489
7212.10 7.1506
7212.15 7.1523
7212.20 7.1540
7212.25 7.1557
7212.30 7.1574
7212.35 7.1591
7212.40 7.1608
7212.45 7.1625
7212.50 7.1642
7212.55 7.1659
7212.60 7.1675
7212.65 7.1692
7212.70 7.1709
7212.75 7.1726
7212.80 7.1743
7212.85 7.1760
7212.90 7.1777
7212.95 7.1794
7213.00 7.1811
7213.05 7.1828
7213.10 7.1845
7213.15 7.1862
7213.20 7.1879
7213.25 7.1896
7213.30 7.1913
7213.35 7.1929
7213.40 7.1946
7213.45 7.1963
7213.50 7.1980
7213.55 7.1997
7213.60 7.2014
7213.65 7.2031
7213.70 7.2048
7213.75 7.2065
7213.80 7.2082
7213.85 7.2098
7213.90 7.2115
7213.95 7.2132
7214.00 7.2149
7214.05 7.2166
7214.10 7.2183
7214.15 7.2200
7214.20 7.2217
7214.25 7.2234
7214.30 7.2250
7214.35 7.2267
7214.40 7.2284
7214.45 7.2301
7214.50 7.2318
7214.55 7.2335
7214.60 7.2352
7214.65 7.2368
7214.70 7.2385
7214.75 7.2402
7214.80 7.2419
7214.85 7.2436
7214.90 7.2453
7214.95 7.2470
7215.00 7.2486
7215.05 7.2503
7215.10 7.2520
7215.15 7.2537
7215.20 7.2554
7215.25 7.2570
7215.30 7.2587
7215.35 7.2604
7215.40 7.2621
7215.45 7.2638
7215.50 7.2654
7215.55 7.2671
7215.60 7.2688
7215.65 7.2705
7215.70 7.2722
7215.75 7.2738
7215.80 7.2755
7215.85 7.2772
7215.90 7.2789
7215.95 7.2805
7216.00 7.2822
7216.05 7.2839
7216.10 7.2856
7216.15 7.2872
7216.20 7.2889
7216.25 7.2906
7216.30 7.2922
7216.35 7.2939
7216.40 7.2956
7216.45 7.2972
7216.50 7.2989
7216.55 7.3006
7216.60 7.3023
7216.65 7.3039
7216.70 7.3056
7216.75 7.3072
7216.80 7.3089
7216.85 7.3106
7216.90 7.3122
7216.95 7.3139
7217.00 7.3156
7217.05 7.3172
7217.10 7.3189
7217.15 7.3205
7217.20 7.3222
7217.25 7.3239
7217.30 7.3255
7217.35 7.3272
7217.40 7.3288
7217.45 7.3305
7217.50 7.3321
7217.55 7.3338
7217.60 7.3354
7217.65 7.3371
7217.70 7.3387
7217.75 7.3404
7217.80 7.3420
7217.85 7.3437
7217.90 7.3453
7217.95 7.3470
7218.00 7.3486
7218.05 7.3502
7218.10 7.3519
7218.15 7.3535
7218.20 7.3552
7218.25 7.3568
7218.30 7.3584
7218.35 7.3601
7218.40 7.3617
7218.45 7.3633
7218.50 7.3650
7218.55 7.3666
7218.60 7.3682
7218.65 7.3699
7218.70 7.3715
7218.75 7.3731
7218.80 7.3747
7218.85 7.3764
7218.90 7.3780
7218.95 7.3796
7219.00 7.3812
7219.05 7.3828
7219.10 7.3845
7219.15 7.3861
7219.20 7.3877
7219.25 7.3893
7219.30 7.3909
7219.35 7.3925
7219.40 7.3941
7219.45 7.3957
7219.50 7.3973
7219.55 7.3989
7219.60 7.4005
7219.65 7.4021
7219.70 7.4037
7219.75 7.4053
7219.80 7.4069
7219.85 7.4085
7219.90 7.4101
7219.95 7.4117
7220.00 7.4133
7220.05 7.4148
7220.10 7.4164
7220.15 7.4180
7220.20 7.4196
7220.25 7.4212
7220.30 7.4227
7220.35 7.4243
7220.40 7.4259
7220.45 7.4274
7220.50 7.4290
7220.55 7.4306
7220.60 7.4321
7220.65 7.4337
7220.70 7.4353
7220.75 7.4368
7220.80 7.4384
7220.85 7.4399
7220.90 7.4415
7220.95 7.4430
7221.00 7.4446
7221.05 7.4461
7221.10 7.4476
7221.15 7.4492
7221.20 7.4507
7221.25 7.4522
7221.30 7.4538
7221.35 7.4553
7221.40 7.4568
7221.45 7.4583
7221.50 7.4599
7221.55 7.4614
7221.60 7.4629
7221.65 7.4644
7221.70 7.4659
7221.75 7.4674
7221.80 7.4689
7221.85 7.4704
7221.90 7.4719
7221.95 7.4734
7222.00 7.4749
7222.05 7.4764
7222.10 7.4779
7222.15 7.4793
7222.20 7.4808
7222.25 7.4823
7222.30 7.4838
7222.35 7.4852
7222.40 7.4867
7222.45 7.4882
7222.50 7.4896
7222.55 7.4911
7222.60 7.4925
7222.65 7.4940
7222.70 7.4954
7222.75 7.4969
7222.80 7.4983
7222.85 7.4998
7222.90 7.5012
7222.95 7.5026
7223.00 7.5040
7223.05 7.5055
7223.10 7.5069
7223.15 7.5083
7223.20 7.5097
7223.25 7.5111
7223.30 7.5125
7223.35 7.5139
7223.40 7.5153
7223.45 7.5167
7223.50 7.5181
7223.55 7.5195
7223.60 7.5209
7223.65 7.5222
7223.70 7.5236
7223.75 7.5250
7223.80 7.5263
7223.85 7.5277
7223.90 7.5291
7223.95 7.5304
7224.00 7.5318
7224.05 7.5331
7224.10 7.5345
7224.15 7.5358
7224.20 7.5371
7224.25 7.5385
7224.30 7.5398
7224.35 7.5411
7224.40 7.5424
7224.45 7.5437
7224.50 7.5450
7224.55 7.5463
7224.60 7.5476
7224.65 7.5489
7224.70 7.5502
7224.75 7.5515
7224.80 7.5528
7224.85 7.5540
7224.90 7.5553
7224.95 7.5566
7225.00 7.5578
7225.05 7.5591
7225.10 7.5603
7225.15 7.5616
7225.20 7.5628
7225.25 7.5641
7225.30 7.5653
7225.35 7.5665
7225.40 7.5677
7225.45 7.5690
7225.50 7.5702
7225.55 7.5714
7225.60 7.5726
7225.65 7.5738
7225.70 7.5750
7225.75 7.5761
7225.80 7.5773
7225.85 7.5785
7225.90 7.5797
7225.95 7.5808
7226.00 7.5820
7226.05 7.5832
7226.10 7.5843
7226.15 7.5854
7226.20 7.5866
7226.25 7.5877
7226.30 7.5888
7226.35 7.5900
7226.40 7.5911
7226.45 7.5922
7226.50 7.5933
7226.55 7.5944
7226.60 7.5955
7226.65 7.5966
7226.70 7.5977
7226.75 7.5988
7226.80 7.5998
7226.85 7.6009
7226.90 7.6020
7226.95 7.6030
7227.00 7.6041
7227.05 7.6051
7227.10 7.6061
7227.15 7.6072
7227.20 7.6082
7227.25 7.6092
7227.30 7.6102
7227.35 7.6113
7227.40 7.6123
7227.45 7.6133
7227.50 7.6143
7227.55 7.6152
7227.60 7.6162
7227.65 7.6172
7227.70 7.6182
7227.75 7.6191
7227.80 7.6201
7227.85 7.6210
7227.90 7.6220
7227.95 7.6229
7228.00 7.6239
7228.05 7.6248
7228.10 7.6257
7228.15 7.6266
7228.20 7.6275
7228.25 7.6284
7228.30 7.6293
7228.35 7.6302
7228.40 7.6311
7228.45 7.6320
7228.50 7.6329
7228.55 7.6337
7228.60 7.6346
7228.65 7.6355
7228.70 7.6363
7228.75 7.6372
7228.80 7.6380
7228.85 7.6388
7228.90 7.6397
7228.95 7.6405
7229.00 7.6413
7229.05 7.6421
7229.10 7.6429
7229.15 7.6437
7229.20 7.6445
7229.25 7.6453
7229.30 7.6460
7229.35 7.6468
7229.40 7.6476
7229.45 7.6483
7229.50 7.6491
7229.55 7.6498
7229.60 7.6506
7229.65 7.6513
7229.70 7.6521
7229.75 7.6528
7229.80 7.6535
7229.85 7.6542
7229.90 7.6549
7229.95 7.6556
7230.00 7.6563
7230.05 7.6570
7230.10 7.6577
7230.15 7.6583
7230.20 7.6590
7230.25 7.6597
7230.30 7.6603
7230.35 7.6610
7230.40 7.6616
7230.45 7.6623
7230.50 7.6629
7230.55 7.6635
7230.60 7.6641
7230.65 7.6648
7230.70 7.6654
7230.75 7.6660
7230.80 7.6666
7230.85 7.6672
7230.90 7.6678
7230.95 7.6683
7231.00 7.6689
7231.05 7.6695
7231.10 7.6700
7231.15 7.6706
7231.20 7.6712
7231.25 7.6717
7231.30 7.6722
7231.35 7.6728
7231.40 7.6733
7231.45 7.6738
7231.50 7.6743
7231.55 7.6749
7231.60 7.6754
7231.65 7.6759
7231.70 7.6764
7231.75 7.6768
7231.80 7.6773
7231.85 7.6778
7231.90 7.6783
7231.95 7.6787
7232.00 7.6792
7232.05 7.6797
7232.10 7.6801
7232.15 7.6806
7232.20 7.6810
7232.25 7.6814
7232.30 7.6819
7232.35 7.6823
7232.40 7.6827
7232.45 7.6831
7232.50 7.6835
7232.55 7.6839
7232.60 7.6843
7232.65 7.6847
7232.70 7.6851
7232.75 7.6855
7232.80 7.6859
7232.85 7.6862
7232.90 7.6866
7232.95 7.6870
7233.00 7.6873
7233.05 7.6877
7233.10 7.6880
7233.15 7.6884
7233.20 7.6887
7233.25 7.6890
7233.30 7.6894
7233.35 7.6897
7233.40 7.6900
7233.45 7.6903
7233.50 7.6906
7233.55 7.6909
7233.60 7.6912
7233.65 7.6915
7233.70 7.6918
7233.75 7.6921
7233.80 7.6924
7233.85 7.6927
7233.90 7.6929
7233.95 7.6932
7234.00 7.6935
7234.05 7.6937
7234.10 7.6940
7234.15 7.6942
7234.20 7.6945
7234.25 7.6947
7234.30 7.6950
7234.35 7.6952
7234.40 7.6954
7234.45 7.6957
7234.50 7.6959
7234.55 7.6961
7234.60 7.6963
7234.65 7.6965
7234.70 7.6967
7234.75 7.6969
7234.80 7.6971
7234.85 7.6973
7234.90 7.6975
7234.95 7.6977
7235.00 7.6979
7235.05 7.6980
7235.10 7.6982
7235.15 7.6984
7235.20 7.6986
7235.25 7.6987
7235.30 7.6989
7235.35 7.6990
7235.40 7.6992
7235.45 7.6993
7235.50 7.6995
7235.55 7.6996
7235.60 7.6998
7235.65 7.6999
7235.70 7.7000
7235.75 7.7002
7235.80 7.7003
7235.85 7.7004
7235.90 7.7005
7235.95 7.7006
7236.00 7.7007
7236.05 7.7008
7236.10 7.7010
7236.15 7.7011
7236.20 7.7012
7236.25 7.7012
7236.30 7.7013
7236.35 7.7014
7236.40 7.7015
7236.45 7.7016
7236.50 7.7017
7236.55 7.7018
7236.60 7.7018
7236.65 7.7019
7236.70 7.7020
7236.75 7.7020
7236.80 7.7021
7236.85 7.7022
7236.90 7.7022
7236.95 7.7023
7237.00 7.7023
7237.05 7.7024
7237.10 7.7024
7237.15 7.7025
7237.20 7.7025
7237.25 7.7026
7237.30 7.7026
7237.35 7.7026
7237.40 7.7027
7237.45 7.7027
7237.50 7.7027
7237.55 7.7028
7237.60 7.7028
7237.65 7.7028
7237.70 7.7028
7237.75 7.7028
7237.80 7.7028
7237.85 7.7029
7237.90 7.7029
7237.95 7.7029
7238.00 7.7029
7238.05 7.7029
7238.10 7.7029
7238.15 7.7029
7238.20 7.7029
7238.25 7.7029
7238.30 7.7029
7238.35 7.7029
7238.40 7.7029
7238.45 7.7029
7238.50 7.7028
7238.55 7.7028
7238.60 7.7028
7238.65 7.7028
7238.70 7.7028
7238.75 7.7027
7238.80 7.7027
7238.85 7.7027
7238.90 7.7027
7238.95 7.7026
7239.00 7.7026
7239.05 7.7026
7239.10 7.7025
7239.15 7.7025
7239.20 7.7025
7239.25 7.7024
7239.30 7.7024
7239.35 7.7024
7239.40 7.7023
7239.45 7.7023
7239.50 7.7022
7239.55 7.7022
7239.60 7.7021
7239.65 7.7021
7239.70 7.7020
7239.75 7.7020
7239.80 7.7019
7239.85 7.7019
7239.90 7.7018
7239.95 7.7018
7240.00 7.7017
7240.05 7.7016
7240.10 7.7016
7240.15 7.7015
7240.20 7.7014
7240.25 7.7014
7240.30 7.7013
7240.35 7.7013
7240.40 7.7012
7240.45 7.7011
7240.50 7.7010
7240.55 7.7010
7240.60 7.7009
7240.65 7.7008
7240.70 7.7008
7240.75 7.7007
7240.80 7.7006
7240.85 7.7005
7240.90 7.7005
7240.95 7.7004
7241.00 7.7003
7241.05 7.7002
7241.10 7.7001
7241.15 7.7001
7241.20 7.7000
7241.25 7.6999
7241.30 7.6998
7241.35 7.6997
7241.40 7.6996
7241.45 7.6995
7241.50 7.6995
7241.55 7.6994
7241.60 7.6993
7241.65 7.6992
7241.70 7.6991
7241.75 7.6990
7241.80 7.6989
7241.85 7.6988
7241.90 7.6987
7241.95 7.6986
7242.00 7.6985
7242.05 7.6985
7242.10 7.6984
7242.15 7.6983
7242.20 7.6982
7242.25 7.6981
7242.30 7.6980
7242.35 7.6979
7242.40 7.6978
7242.45 7.6977
7242.50 7.6976
7242.55 7.6975
7242.60 7.6974
7242.65 7.6973
7242.70 7.6972
7242.75 7.6971
7242.80 7.6970
7242.85 7.6969
7242.90 7.6968
7242.95 7.6967
7243.00 7.6965
7243.05 7.6964
7243.10 7.6963
7243.15 7.6962
7243.20 7.6961
7243.25 7.6960
7243.30 7.6959
7243.35 7.6958
7243.40 7.6957
7243.45 7.6956
7243.50 7.6955
7243.55 7.6954
7243.60 7.6953
7243.65 7.6952
7243.70 7.6950
7243.75 7.6949
7243.80 7.6948
7243.85 7.6947
7243.90 7.6946
7243.95 7.6945
7244.00 7.6944
7244.05 7.6943
7244.10 7.6942
7244.15 7.6940
7244.20 7.6939
7244.25 7.6938
7244.30 7.6937
7244.35 7.6936
7244.40 7.6935
7244.45 7.6934
7244.50 7.6932
7244.55 7.6931
7244.60 7.6930
7244.65 7.6929
7244.70 7.6928
7244.75 7.6927
7244.80 7.6926
7244.85 7.6924
7244.90 7.6923
7244.95 7.6922
7245.00 7.6921
7245.05 7.6920
7245.10 7.6919
7245.15 7.6917
7245.20 7.6916
7245.25 7.6915
7245.30 7.6914
7245.35 7.6913
7245.40 7.6911
7245.45 7.6910
7245.50 7.6909
7245.55 7.6908
7245.60 7.6907
7245.65 7.6906
7245.70 7.6904
7245.75 7.6903
7245.80 7.6902
7245.85 7.6901
7245.90 7.6900
7245.95 7.6898
7246.00 7.6897
7246.05 7.6896
7246.10 7.6895
7246.15 7.6894
7246.20 7.6892
7246.25 7.6891
7246.30 7.6890
7246.35 7.6889
7246.40 7.6888
7246.45 7.6886
7246.50 7.6885
7246.55 7.6884
7246.60 7.6883
7246.65 7.6882
7246.70 7.6880
7246.75 7.6879
7246.80 7.6878
7246.85 7.6877
7246.90 7.6875
7246.95 7.6874
7247.00 7.6873
7247.05 7.6872
7247.10 7.6871
7247.15 7.6869
7247.20 7.6868
7247.25 7.6867
7247.30 7.6866
7247.35 7.6865
7247.40 7.6863
7247.45 7.6862
7247.50 7.6861
7247.55 7.6860
7247.60 7.6858
7247.65 7.6857
7247.70 7.6856
7247.75 7.6855
7247.80 7.6853
7247.85 7.6852
7247.90 7.6851
7247.95 7.6850
7248.00 7.6849
7248.05 7.6847
7248.10 7.6846
7248.15 7.6845
7248.20 7.6844
7248.25 7.6842
7248.30 7.6841
7248.35 7.6840
7248.40 7.6839
7248.45 7.6838
7248.50 7.6836
7248.55 7.6835
7248.60 7.6834
7248.65 7.6833
7248.70 7.6831
7248.75 7.6830
7248.80 7.6829
7248.85 7.6828
7248.90 7.6826
7248.95 7.6825
7249.00 7.6824
7249.05 7.6823
7249.10 7.6821
7249.15 7.6820
7249.20 7.6819
7249.25 7.6818
7249.30 7.6817
7249.35 7.6815
7249.40 7.6814
7249.45 7.6813
7249.50 7.6812
7249.55 7.6810
7249.60 7.6809
7249.65 7.6808
7249.70 7.6807
7249.75 7.6805
7249.80 7.6804
7249.85 7.6803
7249.90 7.6802
7249.95 7.6800
7250.00 7.6799
7250.05 7.6798
7250.10 7.6797
7250.15 7.6795
7250.20 7.6794
7250.25 7.6793
7250.30 7.6792
7250.35 7.6791
7250.40 7.6789
7250.45 7.6788
7250.50 7.6787
7250.55 7.6786
7250.60 7.6784
7250.65 7.6783
7250.70 7.6782
7250.75 7.6781
7250.80 7.6779
7250.85 7.6778
7250.90 7.6777
7250.95 7.6776
7251.00 7.6774
7251.05 7.6773
7251.10 7.6772
7251.15 7.6771
7251.20 7.6769
7251.25 7.6768
7251.30 7.6767
7251.35 7.6766
7251.40 7.6764
7251.45 7.6763
7251.50 7.6762
7251.55 7.6761
7251.60 7.6760
7251.65 7.6758
7251.70 7.6757
7251.75 7.6756
7251.80 7.6755
7251.85 7.6753
7251.90 7.6752
7251.95 7.6751
7252.00 7.6750
7252.05 7.6748
7252.10 7.6747
7252.15 7.6746
7252.20 7.6745
7252.25 7.6743
7252.30 7.6742
7252.35 7.6741
7252.40 7.6740
7252.45 7.6738
7252.50 7.6737
7252.55 7.6736
7252.60 7.6735
7252.65 7.6733
7252.70 7.6732
7252.75 7.6731
7252.80 7.6730
7252.85 7.6728
7252.90 7.6727
7252.95 7.6726
7253.00 7.6725
7253.05 7.6723
7253.10 7.6722
7253.15 7.6721
7253.20 7.6720
7253.25 7.6719
7253.30 7.6717
7253.35 7.6716
7253.40 7.6715
7253.45 7.6714
7253.50 7.6712
7253.55 7.6711
7253.60 7.6710
7253.65 7.6709
7253.70 7.6707
7253.75 7.6706
7253.80 7.6705
7253.85 7.6704
7253.90 7.6702
7253.95 7.6701
7254.00 7.6700
7254.05 7.6699
7254.10 7.6697
7254.15 7.6696
7254.20 7.6695
7254.25 7.6694
7254.30 7.6692
7254.35 7.6691
7254.40 7.6690
7254.45 7.6689
7254.50 7.6687
7254.55 7.6686
7254.60 7.6685
7254.65 7.6684
7254.70 7.6682
7254.75 7.6681
7254.80 7.6680
7254.85 7.6679
7254.90 7.6677
7254.95 7.6676
7255.00 7.6675
7255.05 7.6674
7255.10 7.6673
7255.15 7.6671
7255.20 7.6670
7255.25 7.6669
7255.30 7.6668
7255.35 7.6666
7255.40 7.6665
7255.45 7.6664
7255.50 7.6663
7255.55 7.6661
7255.60 7.6660
7255.65 7.6659
7255.70 7.6658
7255.75 7.6656
7255.80 7.6655
7255.85 7.6654
7255.90 7.6653
7255.95 7.6651
7256.00 7.6650
7256.05 7.6649
7256.10 7.6648
7256.15 7.6646
7256.20 7.6645
7256.25 7.6644
7256.30 7.6643
7256.35 7.6641
7256.40 7.6640
7256.45 7.6639
7256.50 7.6638
7256.55 7.6636
7256.60 7.6635
7256.65 7.6634
7256.70 7.6633
7256.75 7.6631
7256.80 7.6630
7256.85 7.6629
7256.90 7.6628
7256.95 7.6627
7257.00 7.6625
7257.05 7.6624
7257.10 7.6623
7257.15 7.6622
7257.20 7.6620
7257.25 7.6619
7257.30 7.6618
7257.35 7.6617
7257.40 7.6615
7257.45 7.6614
7257.50 7.6613
7257.55 7.6612
7257.60 7.6610
7257.65 7.6609
7257.70 7.6608
7257.75 7.6607
7257.80 7.6605
7257.85 7.6604
7257.90 7.6603
7257.95 7.6602
7258.00 7.6600
7258.05 7.6599
7258.10 7.6598
7258.15 7.6597
7258.20 7.6595
7258.25 7.6594
7258.30 7.6593
7258.35 7.6592
7258.40 7.6590
7258.45 7.6589
7258.50 7.6588
7258.55 7.6587
7258.60 7.6586
7258.65 7.6584
7258.70 7.6583
7258.75 7.6582
7258.80 7.6581
7258.85 7.6579
7258.90 7.6578
7258.95 7.6577
7259.00 7.6576
7259.05 7.6574
7259.10 7.6573
7259.15 7.6572
7259.20 7.6571
7259.25 7.6569
7259.30 7.6568
7259.35 7.6567
7259.40 7.6566
7259.45 7.6564
7259.50 7.6563
7259.55 7.6562
7259.60 7.6561
7259.65 7.6559
7259.70 7.6558
7259.75 7.6557
7259.80 7.6556
7259.85 7.6554
7259.90 7.6553
7259.95 7.6552
7260.00 7.6551
7260.05 7.6549
7260.10 7.6548
7260.15 7.6547
7260.20 7.6546
7260.25 7.6544
7260.30 7.6543
7260.35 7.6542
7260.40 7.6541
7260.45 7.6540
7260.50 7.6538
7260.55 7.6537
7260.60 7.6536
7260.65 7.6535
7260.70 7.6533
7260.75 7.6532
7260.80 7.6531
7260.85 7.6530
7260.90 7.6528
7260.95 7.6527
7261.00 7.6526
7261.05 7.6525
7261.10 7.6523
7261.15 7.6522
7261.20 7.6521
7261.25 7.6520
7261.30 7.6518
7261.35 7.6517
7261.40 7.6516
7261.45 7.6515
7261.50 7.6513
7261.55 7.6512
7261.60 7.6511
7261.65 7.6510
7261.70 7.6508
7261.75 7.6507
7261.80 7.6506
7261.85 7.6505
7261.90 7.6503
7261.95 7.6502
7262.00 7.6501
7262.05 7.6500
7262.10 7.6498
7262.15 7.6497
7262.20 7.6496
7262.25 7.6495
7262.30 7.6494
7262.35 7.6492
7262.40 7.6491
7262.45 7.6490
7262.50 7.6489
7262.55 7.6487
7262.60 7.6486
7262.65 7.6485
7262.70 7.6484
7262.75 7.6482
7262.80 7.6481
7262.85 7.6480
7262.90 7.6479
7262.95 7.6477
7263.00 7.6476
7263.05 7.6475
7263.10 7.6474
7263.15 7.6472
7263.20 7.6471
7263.25 7.6470
7263.30 7.6469
7263.35 7.6467
7263.40 7.6466
7263.45 7.6465
7263.50 7.6464
7263.55 7.6462
7263.60 7.6461
7263.65 7.6460
7263.70 7.6459
7263.75 7.6457
7263.80 7.6456
7263.85 7.6455
7263.90 7.6454
7263.95 7.6453
7264.00 7.6451
7264.05 7.6450
7264.10 7.6449
7264.15 7.6448
7264.20 7.6446
7264.25 7.6445
7264.30 7.6444
7264.35 7.6443
7264.40 7.6441
7264.45 7.6440
7264.50 7.6439
7264.55 7.6438
7264.60 7.6436
7264.65 7.6435
7264.70 7.6434
7264.75 7.6433
7264.80 7.6431
7264.85 7.6430
7264.90 7.6429
7264.95 7.6428
7265.00 7.6426
7265.05 7.6425
7265.10 7.6424
7265.15 7.6423
7265.20 7.6421
7265.25 7.6420
7265.30 7.6419
7265.35 7.6418
7265.40 7.6416
7265.45 7.6415
7265.50 7.6414
7265.55 7.6413
7265.60 7.6411
7265.65 7.6410
7265.70 7.6409
7265.75 7.6408
7265.80 7.6407
7265.85 7.6405
7265.90 7.6404
7265.95 7.6403
7266.00 7.6402
7266.05 7.6400
7266.10 7.6399
7266.15 7.6398
7266.20 7.6397
7266.25 7.6395
7266.30 7.6394
7266.35 7.6393
7266.40 7.6392
7266.45 7.6390
7266.50 7.6389
7266.55 7.6388
7266.60 7.6387
7266.65 7.6385
7266.70 7.6384
7266.75 7.6383
7266.80 7.6382
7266.85 7.6380
7266.90 7.6379
7266.95 7.6378
7267.00 7.6377
7267.05 7.6375
7267.10 7.6374
7267.15 7.6373
7267.20 7.6372
7267.25 7.6370
7267.30 7.6369
7267.35 7.6368
7267.40 7.6367
7267.45 7.6365
7267.50 7.6364
7267.55 7.6363
7267.60 7.6362
7267.65 7.6361
7267.70 7.6359
7267.75 7.6358
7267.80 7.6357
7267.85 7.6356
7267.90 7.6354
7267.95 7.6353
7268.00 7.6352
7268.05 7.6351
7268.10 7.6349
7268.15 7.6348
7268.20 7.6347
7268.25 7.6346
7268.30 7.6344
7268.35 7.6343
7268.40 7.6342
7268.45 7.6341
7268.50 7.6339
7268.55 7.6338
7268.60 7.6337
7268.65 7.6336
7268.70 7.6334
7268.75 7.6333
7268.80 7.6332
7268.85 7.6331
7268.90 7.6329
7268.95 7.6328
7269.00 7.6327
7269.05 7.6326
7269.10 7.6324
7269.15 7.6323
7269.20 7.6322
7269.25 7.6321
7269.30 7.6320
7269.35 7.6318
7269.40 7.6317
7269.45 7.6316
7269.50 7.6315
7269.55 7.6313
7269.60 7.6312
7269.65 7.6311
7269.70 7.6310
7269.75 7.6308
7269.80 7.6307
7269.85 7.6306
7269.90 7.6305
7269.95 7.6303
7270.00 7.6302
7270.05 7.6301
7270.10 7.6300
7270.15 7.6298
7270.20 7.6297
7270.25 7.6296
7270.30 7.6295
7270.35 7.6293
7270.40 7.6292
7270.45 7.6291
7270.50 7.6290
7270.55 7.6288
7270.60 7.6287
7270.65 7.6286
7270.70 7.6285
7270.75 7.6283
7270.80 7.6282
7270.85 7.6281
7270.90 7.6280
7270.95 7.6278
7271.00 7.6277
7271.05 7.6276
7271.10 7.6275
7271.15 7.6274
7271.20 7.6272
7271.25 7.6271
7271.30 7.6270
7271.35 7.6269
7271.40 7.6267
7271.45 7.6266
7271.50 7.6265
7271.55 7.6264
7271.60 7.6262
7271.65 7.6261
7271.70 7.6260
7271.75 7.6259
7271.80 7.6257
7271.85 7.6256
7271.90 7.6255
7271.95 7.6254
7272.00 7.6252
7272.05 7.6251
7272.10 7.6250
7272.15 7.6249
7272.20 7.6247
7272.25 7.6246
7272.30 7.6245
7272.35 7.6244
7272.40 7.6242
7272.45 7.6241
7272.50 7.6240
7272.55 7.6239
7272.60 7.6237
7272.65 7.6236
7272.70 7.6235
7272.75 7.6234
7272.80 7.6232
7272.85 7.6231
7272.90 7.6230
7272.95 7.6229
7273.00 7.6228
7273.05 7.6226
7273.10 7.6225
7273.15 7.6224
7273.20 7.6223
7273.25 7.6221
7273.30 7.6220
7273.35 7.6219
7273.40 7.6218
7273.45 7.6216
7273.50 7.6215
7273.55 7.6214
7273.60 7.6213
7273.65 7.6211
7273.70 7.6210
7273.75 7.6209
7273.80 7.6208
7273.85 7.6206
7273.90 7.6205
7273.95 7.6204
7274.00 7.6203
7274.05 7.6201
7274.10 7.6200
7274.15 7.6199
7274.20 7.6198
7274.25 7.6196
7274.30 7.6195
7274.35 7.6194
7274.40 7.6193
7274.45 7.6191
7274.50 7.6190
7274.55 7.6189
7274.60 7.6188
7274.65 7.6187
7274.70 7.6185
7274.75 7.6184
7274.80 7.6183
7274.85 7.6182
7274.90 7.6180
7274.95 7.6179
7275.00 7.6178
7275.05 7.6177
7275.10 7.6175
7275.15 7.6174
7275.20 7.6173
7275.25 7.6172
7275.30 7.6170
7275.35 7.6169
7275.40 7.6168
7275.45 7.6167
7275.50 7.6165
7275.55 7.6164
7275.60 7.6163
7275.65 7.6162
7275.70 7.6160
7275.75 7.6159
7275.80 7.6158
7275.85 7.6157
7275.90 7.6155
7275.95 7.6154
7276.00 7.6153
7276.05 7.6152
7276.10 7.6150
7276.15 7.6149
7276.20 7.6148
7276.25 7.6147
7276.30 7.6145
7276.35 7.6144
7276.40 7.6143
7276.45 7.6142
7276.50 7.6141
7276.55 7.6139
7276.60 7.6138
7276.65 7.6137
7276.70 7.6136
7276.75 7.6134
7276.80 7.6133
7276.85 7.6132
7276.90 7.6131
7276.95 7.6129
7277.00 7.6128
7277.05 7.6127
7277.10 7.6126
7277.15 7.6124
7277.20 7.6123
7277.25 7.6122
7277.30 7.6121
7277.35 7.6119
7277.40 7.6118
7277.45 7.6117
7277.50 7.6116
7277.55 7.6114
7277.60 7.6113
7277.65 7.6112
7277.70 7.6111
7277.75 7.6109
7277.80 7.6108
7277.85 7.6107
7277.90 7.6106
7277.95 7.6104
7278.00 7.6103
7278.05 7.6102
7278.10 7.6101
7278.15 7.6099
7278.20 7.6098
7278.25 7.6097
7278.30 7.6096
7278.35 7.6095
7278.40 7.6093
7278.45 7.6092
7278.50 7.6091
7278.55 7.6090
7278.60 7.6088
7278.65 7.6087
7278.70 7.6086
7278.75 7.6085
7278.80 7.6083
7278.85 7.6082
7278.90 7.6081
7278.95 7.6080
7279.00 7.6078
7279.05 7.6077
7279.10 7.6076
7279.15 7.6075
7279.20 7.6073
7279.25 7.6072
7279.30 7.6071
7279.35 7.6070
7279.40 7.6068
7279.45 7.6067
7279.50 7.6066
7279.55 7.6065
7279.60 7.6063
7279.65 7.6062
7279.70 7.6061
7279.75 7.6060
7279.80 7.6058
7279.85 7.6057
7279.90 7.6056
7279.95 7.6055
7280.00 7.6054
7280.05 7.6052
7280.10 7.6051
7280.15 7.6050
7280.20 7.6049
7280.25 7.6047
7280.30 7.6046
7280.35 7.6045
7280.40 7.6044
7280.45 7.6042
7280.50 7.6041
7280.55 7.6040
7280.60 7.6039
7280.65 7.6037
7280.70 7.6036
7280.75 7.6035
7280.80 7.6034
7280.85 7.6032
7280.90 7.6031
7280.95 7.6030
7281.00 7.6029
7281.05 7.6027
7281.10 7.6026
7281.15 7.6025
7281.20 7.6024
7281.25 7.6022
7281.30 7.6021
7281.35 7.6020
7281.40 7.6019
7281.45 7.6017
7281.50 7.6016
7281.55 7.6015
7281.60 7.6014
7281.65 7.6012
7281.70 7.6011
7281.75 7.6010
7281.80 7.6009
7281.85 7.6008
7281.90 7.6006
7281.95 7.6005
7282.00 7.6004
7282.05 7.6003
7282.10 7.6001
7282.15 7.6000
7282.20 7.5999
7282.25 7.5998
7282.30 7.5996
7282.35 7.5995
7282.40 7.5994
7282.45 7.5993
7282.50 7.5991
7282.55 7.5990
7282.60 7.5989
7282.65 7.5988
7282.70 7.5986
7282.75 7.5985
7282.80 7.5984
7282.85 7.5983
7282.90 7.5981
7282.95 7.5980
7283.00 7.5979
7283.05 7.5978
7283.10 7.5976
7283.15 7.5975
7283.20 7.5974
7283.25 7.5973
7283.30 7.5971
7283.35 7.5970
7283.40 7.5969
7283.45 7.5968
7283.50 7.5966
7283.55 7.5965
7283.60 7.5964
7283.65 7.5963
7283.70 7.5962
7283.75 7.5960
7283.80 7.5959
7283.85 7.5958
7283.90 7.5957
7283.95 7.5955
7284.00 7.5954
7284.05 7.5953
7284.10 7.5952
7284.15 7.5950
7284.20 7.5949
7284.25 7.5948
7284.30 7.5947
7284.35 7.5945
7284.40 7.5944
7284.45 7.5943
7284.50 7.5942
7284.55 7.5940
7284.60 7.5939
7284.65 7.5938
7284.70 7.5937
7284.75 7.5935
7284.80 7.5934
7284.85 7.5933
7284.90 7.5932
7284.95 7.5930
7285.00 7.5929
7285.05 7.5928
7285.10 7.5927
7285.15 7.5925
7285.20 7.5924
7285.25 7.5923
7285.30 7.5922
7285.35 7.5921
7285.40 7.5919
7285.45 7.5918
7285.50 7.5917
7285.55 7.5916
7285.60 7.5914
7285.65 7.5913
7285.70 7.5912
7285.75 7.5911
7285.80 7.5909
7285.85 7.5908
7285.90 7.5907
7285.95 7.5906
7286.00 7.5904
7286.05 7.5903
7286.10 7.5902
7286.15 7.5901
7286.20 7.5899
7286.25 7.5898
7286.30 7.5897
7286.35 7.5896
7286.40 7.5894
7286.45 7.5893
7286.50 7.5892
7286.55 7.5891
7286.60 7.5889
7286.65 7.5888
7286.70 7.5887
7286.75 7.5886
7286.80 7.5884
7286.85 7.5883
7286.90 7.5882
7286.95 7.5881
7287.00 7.5879
7287.05 7.5878
7287.10 7.5877
7287.15 7.5876
7287.20 7.5875
7287.25 7.5873
7287.30 7.5872
7287.35 7.5871
7287.40 7.5870
7287.45 7.5868
7287.50 7.5867
7287.55 7.5866
7287.60 7.5865
7287.65 7.5863
7287.70 7.5862
7287.75 7.5861
7287.80 7.5860
7287.85 7.5858
7287.90 7.5857
7287.95 7.5856
7288.00 7.5855
7288.05 7.5853
7288.10 7.5852
7288.15 7.5851
7288.20 7.5850
7288.25 7.5848
7288.30 7.5847
7288.35 7.5846
7288.40 7.5845
7288.45 7.5843
7288.50 7.5842
7288.55 7.5841
7288.60 7.5840
7288.65 7.5838
7288.70 7.5837
7288.75 7.5836
7288.80 7.5835
7288.85 7.5833
7288.90 7.5832
7288.95 7.5831
7289.00 7.5830
7289.05 7.5829
7289.10 7.5827
7289.15 7.5826
7289.20 7.5825
7289.25 7.5824
7289.30 7.5822
7289.35 7.5821
7289.40 7.5820
7289.45 7.5819
7289.50 7.5817
7289.55 7.5816
7289.60 7.5815
7289.65 7.5814
7289.70 7.5812
7289.75 7.5811
7289.80 7.5810
7289.85 7.5809
7289.90 7.5807
7289.95 7.5806
7290.00 7.5805
7290.05 7.5804
7290.10 7.5802
7290.15 7.5801
7290.20 7.5800
7290.25 7.5799
7290.30 7.5797
7290.35 7.5796
7290.40 7.5795
7290.45 7.5794
7290.50 7.5792
7290.55 7.5791
7290.60 7.5790
7290.65 7.5789
7290.70 7.5788
7290.75 7.5786
7290.80 7.5785
7290.85 7.5784
7290.90 7.5783
7290.95 7.5781
7291.00 7.5780
7291.05 7.5779
7291.10 7.5778
7291.15 7.5776
7291.20 7.5775
7291.25 7.5774
7291.30 7.5773
7291.35 7.5771
7291.40 7.5770
7291.45 7.5769
7291.50 7.5768
7291.55 7.5766
7291.60 7.5765
7291.65 7.5764
7291.70 7.5763
7291.75 7.5761
7291.80 7.5760
7291.85 7.5759
7291.90 7.5758
7291.95 7.5756
7292.00 7.5755
7292.05 7.5754
7292.10 7.5753
7292.15 7.5751
7292.20 7.5750
7292.25 7.5749
7292.30 7.5748
7292.35 7.5746
7292.40 7.5745
7292.45 7.5744
7292.50 7.5743
7292.55 7.5742
7292.60 7.5740
7292.65 7.5739
7292.70 7.5738
7292.75 7.5737
7292.80 7.5735
7292.85 7.5734
7292.90 7.5733
7292.95 7.5732
7293.00 7.5730
7293.05 7.5729
7293.10 7.5728
7293.15 7.5727
7293.20 7.5725
7293.25 7.5724
7293.30 7.5723
7293.35 7.5722
7293.40 7.5720
7293.45 7.5719
7293.50 7.5718
7293.55 7.5717
7293.60 7.5715
7293.65 7.5714
7293.70 7.5713
7293.75 7.5712
7293.80 7.5710
7293.85 7.5709
7293.90 7.5708
7293.95 7.5707
7294.00 7.5705
7294.05 7.5704
7294.10 7.5703
7294.15 7.5702
7294.20 7.5700
7294.25 7.5699
7294.30 7.5698
7294.35 7.5697
7294.40 7.5696
7294.45 7.5694
7294.50 7.5693
7294.55 7.5692
7294.60 7.5691
7294.65 7.5689
7294.70 7.5688
7294.75 7.5687
7294.80 7.5686
7294.85 7.5684
7294.90 7.5683
7294.95 7.5682
7295.00 7.5681
7295.05 7.5679
7295.10 7.5678
7295.15 7.5677
7295.20 7.5676
7295.25 7.5674
7295.30 7.5673
7295.35 7.5672
7295.40 7.5671
7295.45 7.5669
7295.50 7.5668
7295.55 7.5667
7295.60 7.5666
7295.65 7.5664
7295.70 7.5663
7295.75 7.5662
7295.80 7.5661
7295.85 7.5659
7295.90 7.5658
7295.95 7.5657
7296.00 7.5656
7296.05 7.5655
7296.10 7.5653
7296.15 7.5652
7296.20 7.5651
7296.25 7.5650
7296.30 7.5648
7296.35 7.5647
7296.40 7.5646
7296.45 7.5645
7296.50 7.5643
7296.55 7.5642
7296.60 7.5641
7296.65 7.5640
7296.70 7.5638
7296.75 7.5637
7296.80 7.5636
7296.85 7.5635
7296.90 7.5633
7296.95 7.5632
7297.00 7.5631
7297.05 7.5630
7297.10 7.5628
7297.15 7.5627
7297.20 7.5626
7297.25 7.5625
7297.30 7.5623
7297.35 7.5622
7297.40 7.5621
7297.45 7.5620
7297.50 7.5618
7297.55 7.5617
7297.60 7.5616
7297.65 7.5615
7297.70 7.5613
7297.75 7.5612
7297.80 7.5611
7297.85 7.5610
7297.90 7.5609
7297.95 7.5607
7298.00 7.5606
7298.05 7.5605
7298.10 7.5604
7298.15 7.5602
7298.20 7.5601
7298.25 7.5600
7298.30 7.5599
7298.35 7.5597
7298.40 7.5596
7298.45 7.5595
7298.50 7.5594
7298.55 7.5592
7298.60 7.5591
7298.65 7.5590
7298.70 7.5589
7298.75 7.5587
7298.80 7.5586
7298.85 7.5585
7298.90 7.5584
7298.95 7.5582
7299.00 7.5581
7299.05 7.5580
7299.10 7.5579
7299.15 7.5577
7299.20 7.5576
7299.25 7.5575
7299.30 7.5574
7299.35 7.5572
7299.40 7.5571
7299.45 7.5570
7299.50 7.5569
7299.55 7.5567
7299.60 7.5566
7299.65 7.5565
7299.70 7.5564
7299.75 7.5563
7299.80 7.5561
7299.85 7.5560
7299.90 7.5559
7299.95 7.5558
7300.00 7.5556
7300.05 7.5555
7300.10 7.5554
7300.15 7.5553
7300.20 7.5551
7300.25 7.5550
7300.30 7.5549
7300.35 7.5548
7300.40 7.5546
7300.45 7.5545
7300.50 7.5544
7300.55 7.5543
7300.60 7.5541
7300.65 7.5540
7300.70 7.5539
7300.75 7.5538
7300.80 7.5536
7300.85 7.5535
7300.90 7.5534
7300.95 7.5533
7301.00 7.5531
7301.05 7.5530
7301.10 7.5529
7301.15 7.5528
7301.20 7.5526
7301.25 7.5525
7301.30 7.5524
7301.35 7.5523
7301.40 7.5522
7301.45 7.5520
7301.50 7.5519
7301.55 7.5518
7301.60 7.5517
7301.65 7.5515
7301.70 7.5514
7301.75 7.5513
7301.80 7.5512
7301.85 7.5510
7301.90 7.5509
7301.95 7.5508
7302.00 7.5507
7302.05 7.5505
7302.10 7.5504
7302.15 7.5503
7302.20 7.5502
7302.25 7.5500
7302.30 7.5499
7302.35 7.5498
7302.40 7.5497
7302.45 7.5495
7302.50 7.5494
7302.55 7.5493
7302.60 7.5492
7302.65 7.5490
7302.70 7.5489
7302.75 7.5488
7302.80 7.5487
7302.85 7.5485
7302.90 7.5484
7302.95 7.5483
7303.00 7.5482
7303.05 7.5480
7303.10 7.5479
7303.15 7.5478
7303.20 7.5477
7303.25 7.5476
7303.30 7.5474
7303.35 7.5473
7303.40 7.5472
7303.45 7.5471
7303.50 7.5469
7303.55 7.5468
7303.60 7.5467
7303.65 7.5466
7303.70 7.5464
7303.75 7.5463
7303.80 7.5462
7303.85 7.5461
7303.90 7.5459
7303.95 7.5458
7304.00 7.5457
7304.05 7.5456
7304.10 7.5454
7304.15 7.5453
7304.20 7.5452
7304.25 7.5451
7304.30 7.5449
7304.35 7.5448
7304.40 7.5447
7304.45 7.5446
7304.50 7.5444
7304.55 7.5443
7304.60 7.5442
7304.65 7.5441
7304.70 7.5439
7304.75 7.5438
7304.80 7.5437
7304.85 7.5436
7304.90 7.5434
7304.95 7.5433
7305.00 7.5432
7305.05 7.5431
7305.10 7.5430
7305.15 7.5428
7305.20 7.5427
7305.25 7.5426
7305.30 7.5425
7305.35 7.5423
7305.40 7.5422
7305.45 7.5421
7305.50 7.5420
7305.55 7.5418
7305.60 7.5417
7305.65 7.5416
7305.70 7.5415
7305.75 7.5413
7305.80 7.5412
7305.85 7.5411
7305.90 7.5410
7305.95 7.5408
7306.00 7.5407
7306.05 7.5406
7306.10 7.5405
7306.15 7.5403
7306.20 7.5402
7306.25 7.5401
7306.30 7.5400
7306.35 7.5398
7306.40 7.5397
7306.45 7.5396
7306.50 7.5395
7306.55 7.5393
7306.60 7.5392
7306.65 7.5391
7306.70 7.5390
7306.75 7.5389
7306.80 7.5387
7306.85 7.5386
7306.90 7.5385
7306.95 7.5384
7307.00 7.5382
7307.05 7.5381
7307.10 7.5380
7307.15 7.5379
7307.20 7.5377
7307.25 7.5376
7307.30 7.5375
7307.35 7.5374
7307.40 7.5372
7307.45 7.5371
7307.50 7.5370
7307.55 7.5369
7307.60 7.5367
7307.65 7.5366
7307.70 7.5365
7307.75 7.5364
7307.80 7.5362
7307.85 7.5361
7307.90 7.5360
7307.95 7.5359
7308.00 7.5357
7308.05 7.5356
7308.10 7.5355
7308.15 7.5354
7308.20 7.5353
7308.25 7.5351
7308.30 7.5350
7308.35 7.5349
7308.40 7.5348
7308.45 7.5346
7308.50 7.5345
7308.55 7.5344
7308.60 7.5343
7308.65 7.5341
7308.70 7.5340
7308.75 7.5339
7308.80 7.5338
7308.85 7.5336
7308.90 7.5335
7308.95 7.5334
7309.00 7.5333
7309.05 7.5331
7309.10 7.5330
7309.15 7.5329
7309.20 7.5328
7309.25 7.5326
7309.30 7.5325
7309.35 7.5324
7309.40 7.5323
7309.45 7.5322
7309.50 7.5320
7309.55 7.5319
7309.60 7.5318
7309.65 7.5317
7309.70 7.5315
7309.75 7.5314
7309.80 7.5313
7309.85 7.5312
7309.90 7.5310
7309.95 7.5309
7310.00 7.5308
7310.05 7.5307
7310.10 7.5305
7310.15 7.5304
7310.20 7.5303
7310.25 7.5302
7310.30 7.5300
7310.35 7.5299
7310.40 7.5298
7310.45 7.5297
7310.50 7.5296
7310.55 7.5294
7310.60 7.5293
7310.65 7.5292
7310.70 7.5291
7310.75 7.5289
7310.80 7.5288
7310.85 7.5287
7310.90 7.5286
7310.95 7.5284
7311.00 7.5283
7311.05 7.5282
7311.10 7.5281
7311.15 7.5280
7311.20 7.5278
7311.25 7.5277
7311.30 7.5276
7311.35 7.5275
7311.40 7.5273
7311.45 7.5272
7311.50 7.5271
7311.55 7.5270
7311.60 7.5268
7311.65 7.5267
7311.70 7.5266
7311.75 7.5265
7311.80 7.5264
7311.85 7.5262
7311.90 7.5261
7311.95 7.5260
7312.00 7.5259
7312.05 7.5257
7312.10 7.5256
7312.15 7.5255
7312.20 7.5254
7312.25 7.5253
7312.30 7.5251
7312.35 7.5250
7312.40 7.5249
7312.45 7.5248
7312.50 7.5247
7312.55 7.5245
7312.60 7.5244
7312.65 7.5243
7312.70 7.5242
7312.75 7.5240
7312.80 7.5239
7312.85 7.5238
7312.90 7.5237
7312.95 7.5236
7313.00 7.5234
7313.05 7.5233
7313.10 7.5232
7313.15 7.5231
7313.20 7.5230
7313.25 7.5228
7313.30 7.5227
7313.35 7.5226
7313.40 7.5225
7313.45 7.5224
7313.50 7.5222
7313.55 7.5221
7313.60 7.5220
7313.65 7.5219
7313.70 7.5218
7313.75 7.5216
7313.80 7.5215
7313.85 7.5214
7313.90 7.5213
7313.95 7.5212
7314.00 7.5210
7314.05 7.5209
7314.10 7.5208
7314.15 7.5207
7314.20 7.5206
7314.25 7.5205
7314.30 7.5203
7314.35 7.5202
7314.40 7.5201
7314.45 7.5200
7314.50 7.5199
7314.55 7.5198
7314.60 7.5196
7314.65 7.5195
7314.70 7.5194
7314.75 7.5193
7314.80 7.5192
7314.85 7.5191
7314.90 7.5189
7314.95 7.5188
7315.00 7.5187
7315.05 7.5186
7315.10 7.5185
7315.15 7.5184
7315.20 7.5182
7315.25 7.5181
7315.30 7.5180
7315.35 7.5179
7315.40 7.5178
7315.45 7.5177
7315.50 7.5176
7315.55 7.5175
7315.60 7.5173
7315.65 7.5172
7315.70 7.5171
7315.75 7.5170
7315.80 7.5169
7315.85 7.5168
7315.90 7.5167
7315.95 7.5166
7316.00 7.5165
7316.05 7.5163
7316.10 7.5162
7316.15 7.5161
7316.20 7.5160
7316.25 7.5159
7316.30 7.5158
7316.35 7.5157
7316.40 7.5156
7316.45 7.5155
7316.50 7.5154
7316.55 7.5153
7316.60 7.5152
7316.65 7.5151
7316.70 7.5149
7316.75 7.5148
7316.80 7.5147
7316.85 7.5146
7316.90 7.5145
7316.95 7.5144
7317.00 7.5143
7317.05 7.5142
7317.10 7.5141
7317.15 7.5140
7317.20 7.5139
7317.25 7.5138
7317.30 7.5137
7317.35 7.5136
7317.40 7.5135
7317.45 7.5134
7317.50 7.5133
7317.55 7.5132
7317.60 7.5131
7317.65 7.5130
7317.70 7.5129
7317.75 7.5128
7317.80 7.5127
7317.85 7.5126
7317.90 7.5125
7317.95 7.5125
7318.00 7.5124
7318.05 7.5123
7318.10 7.5122
7318.15 7.5121
7318.20 7.5120
7318.25 7.5119
7318.30 7.5118
7318.35 7.5117
7318.40 7.5116
7318.45 7.5115
7318.50 7.5115
7318.55 7.5114
7318.60 7.5113
7318.65 7.5112
7318.70 7.5111
7318.75 7.5110
7318.80 7.5110
7318.85 7.5109
7318.90 7.5108
7318.95 7.5107
7319.00 7.5106
7319.05 7.5106
7319.10 7.5105
7319.15 7.5104
7319.20 7.5103
7319.25 7.5102
7319.30 7.5102
7319.35 7.5101
7319.40 7.5100
7319.45 7.5100
7319.50 7.5099
7319.55 7.5098
7319.60 7.5097
7319.65 7.5097
7319.70 7.5096
7319.75 7.5095
7319.80 7.5095
7319.85 7.5094
7319.90 7.5093
7319.95 7.5093
7320.00 7.5092
7320.05 7.5092
7320.10 7.5091
7320.15 7.5090
7320.20 7.5090
7320.25 7.5089
7320.30 7.5089
7320.35 7.5088
7320.40 7.5088
7320.45 7.5087
7320.50 7.5087
7320.55 7.5086
7320.60 7.5086
7320.65 7.5085
7320.70 7.5085
7320.75 7.5084
7320.80 7.5084
7320.85 7.5083
7320.90 7.5083
7320.95 7.5083
7321.00 7.5082
7321.05 7.5082
7321.10 7.5082
7321.15 7.5081
7321.20 7.5081
7321.25 7.5081
7321.30 7.5080
7321.35 7.5080
7321.40 7.5080
7321.45 7.5079
7321.50 7.5079
7321.55 7.5079
7321.60 7.5079
7321.65 7.5079
7321.70 7.5078
7321.75 7.5078
7321.80 7.5078
7321.85 7.5078
7321.90 7.5078
7321.95 7.5078
7322.00 7.5078
7322.05 7.5077
7322.10 7.5077
7322.15 7.5077
7322.20 7.5077
7322.25 7.5077
7322.30 7.5077
7322.35 7.5077
7322.40 7.5077
7322.45 7.5077
7322.50 7.5078
7322.55 7.5078
7322.60 7.5078
7322.65 7.5078
7322.70 7.5078
7322.75 7.5078
7322.80 7.5078
7322.85 7.5079
7322.90 7.5079
7322.95 7.5079
7323.00 7.5079
7323.05 7.5080
7323.10 7.5080
7323.15 7.5080
7323.20 7.5081
7323.25 7.5081
7323.30 7.5081
7323.35 7.5082
7323.40 7.5082
7323.45 7.5082
7323.50 7.5083
7323.55 7.5083
7323.60 7.5084
7323.65 7.5084
7323.70 7.5085
7323.75 7.5086
7323.80 7.5086
7323.85 7.5087
7323.90 7.5087
7323.95 7.5088
7324.00 7.5089
7324.05 7.5089
7324.10 7.5090
7324.15 7.5091
7324.20 7.5092
7324.25 7.5092
7324.30 7.5093
7324.35 7.5094
7324.40 7.5095
7324.45 7.5096
7324.50 7.5097
7324.55 7.5098
7324.60 7.5099
7324.65 7.5100
7324.70 7.5101
7324.75 7.5102
7324.80 7.5103
7324.85 7.5104
7324.90 7.5105
7324.95 7.5106
7325.00 7.5107
7325.05 7.5108
7325.10 7.5110
7325.15 7.5111
7325.20 7.5112
7325.25 7.5113
7325.30 7.5115
7325.35 7.5116
7325.40 7.5117
7325.45 7.5119
7325.50 7.5120
7325.55 7.5122
7325.60 7.5123
7325.65 7.5125
7325.70 7.5126
7325.75 7.5128
7325.80 7.5129
7325.85 7.5131
7325.90 7.5132
7325.95 7.5134
7326.00 7.5136
7326.05 7.5138
7326.10 7.5139
7326.15 7.5141
7326.20 7.5143
7326.25 7.5145
7326.30 7.5147
7326.35 7.5148
7326.40 7.5150
7326.45 7.5152
7326.50 7.5154
7326.55 7.5156
7326.60 7.5158
7326.65 7.5160
7326.70 7.5162
7326.75 7.5165
7326.80 7.5167
7326.85 7.5169
7326.90 7.5171
7326.95 7.5173
7327.00 7.5176
7327.05 7.5178
7327.10 7.5180
7327.15 7.5183
7327.20 7.5185
7327.25 7.5188
7327.30 7.5190
7327.35 7.5192
7327.40 7.5195
7327.45 7.5198
7327.50 7.5200
7327.55 7.5203
7327.60 7.5205
7327.65 7.5208
7327.70 7.5211
7327.75 7.5214
7327.80 7.5216
7327.85 7.5219
7327.90 7.5222
7327.95 7.5225
7328.00 7.5228
7328.05 7.5231
7328.10 7.5234
7328.15 7.5237
7328.20 7.5240
7328.25 7.5243
7328.30 7.5246
7328.35 7.5249
7328.40 7.5252
7328.45 7.5255
7328.50 7.5258
7328.55 7.5262
7328.60 7.5265
7328.65 7.5268
7328.70 7.5272
7328.75 7.5275
7328.80 7.5278
7328.85 7.5282
7328.90 7.5285
7328.95 7.5289
7329.00 7.5292
7329.05 7.5296
7329.10 7.5300
7329.15 7.5303
7329.20 7.5307
7329.25 7.5311
7329.30 7.5314
7329.35 7.5318
7329.40 7.5322
7329.45 7.5326
7329.50 7.5329
7329.55 7.5333
7329.60 7.5337
7329.65 7.5341
7329.70 7.5345
7329.75 7.5349
7329.80 7.5353
7329.85 7.5357
7329.90 7.5361
7329.95 7.5366
7330.00 7.5370
7330.05 7.5374
7330.10 7.5378
7330.15 7.5383
7330.20 7.5387
7330.25 7.5391
7330.30 7.5396
7330.35 7.5400
7330.40 7.5404
7330.45 7.5409
7330.50 7.5413
7330.55 7.5418
7330.60 7.5422
7330.65 7.5427
7330.70 7.5432
7330.75 7.5436
7330.80 7.5441
7330.85 7.5446
7330.90 7.5450
7330.95 7.5455
7331.00 7.5460
7331.05 7.5465
7331.10 7.5470
7331.15 7.5475
7331.20 7.5479
7331.25 7.5484
7331.30 7.5489
7331.35 7.5494
7331.40 7.5499
7331.45 7.5505
7331.50 7.5510
7331.55 7.5515
7331.60 7.5520
7331.65 7.5525
7331.70 7.5530
7331.75 7.5536
7331.80 7.5541
7331.85 7.5546
7331.90 7.5551
7331.95 7.5557
7332.00 7.5562
7332.05 7.5568
7332.10 7.5573
7332.15 7.5579
7332.20 7.5584
7332.25 7.5590
7332.30 7.5595
7332.35 7.5601
7332.40 7.5606
7332.45 7.5612
7332.50 7.5618
7332.55 7.5623
7332.60 7.5629
7332.65 7.5635
7332.70 7.5641
7332.75 7.5646
7332.80 7.5652
7332.85 7.5658
7332.90 7.5664
7332.95 7.5670
7333.00 7.5676
7333.05 7.5682
7333.10 7.5688
7333.15 7.5694
7333.20 7.5700
7333.25 7.5706
7333.30 7.5712
7333.35 7.5718
7333.40 7.5724
7333.45 7.5731
7333.50 7.5737
7333.55 7.5743
7333.60 7.5749
7333.65 7.5755
7333.70 7.5762
7333.75 7.5768
7333.80 7.5774
7333.85 7.5781
7333.90 7.5787
7333.95 7.5794
7334.00 7.5800
7334.05 7.5806
7334.10 7.5813
7334.15 7.5819
7334.20 7.5826
7334.25 7.5832
7334.30 7.5839
7334.35 7.5846
7334.40 7.5852
7334.45 7.5859
7334.50 7.5865
7334.55 7.5872
7334.60 7.5879
7334.65 7.5886
7334.70 7.5892
7334.75 7.5899
7334.80 7.5906
7334.85 7.5913
7334.90 7.5919
7334.95 7.5926
7335.00 7.5933
7335.05 7.5940
7335.10 7.5947
7335.15 7.5954
7335.20 7.5961
7335.25 7.5968
7335.30 7.5975
7335.35 7.5982
7335.40 7.5989
7335.45 7.5996
7335.50 7.6003
7335.55 7.6010
7335.60 7.6017
7335.65 7.6024
7335.70 7.6031
7335.75 7.6038
7335.80 7.6045
7335.85 7.6053
7335.90 7.6060
7335.95 7.6067
7336.00 7.6074
7336.05 7.6081
7336.10 7.6089
7336.15 7.6096
7336.20 7.6103
7336.25 7.6111
7336.30 7.6118
7336.35 7.6125
7336.40 7.6133
7336.45 7.6140
7336.50 7.6147
7336.55 7.6155
7336.60 7.6162
7336.65 7.6169
7336.70 7.6177
7336.75 7.6184
7336.80 7.6192
7336.85 7.6199
7336.90 7.6207
7336.95 7.6214
7337.00 7.6222
7337.05 7.6229
7337.10 7.6237
7337.15 7.6244
7337.20 7.6252
7337.25 7.6260
7337.30 7.6267
7337.35 7.6275
7337.40 7.6282
7337.45 7.6290
7337.50 7.6298
7337.55 7.6305
7337.60 7.6313
7337.65 7.6321
7337.70 7.6328
7337.75 7.6336
7337.80 7.6344
7337.85 7.6352
7337.90 7.6359
7337.95 7.6367
7338.00 7.6375
7338.05 7.6383
7338.10 7.6390
7338.15 7.6398
7338.20 7.6406
7338.25 7.6414
7338.30 7.6422
7338.35 7.6429
7338.40 7.6437
7338.45 7.6445
7338.50 7.6453
7338.55 7.6461
7338.60 7.6469
7338.65 7.6477
7338.70 7.6485
7338.75 7.6492
7338.80 7.6500
7338.85 7.6508
7338.90 7.6516
7338.95 7.6524
7339.00 7.6532
7339.05 7.6540
7339.10 7.6548
7339.15 7.6556
7339.20 7.6564
7339.25 7.6572
7339.30 7.6580
7339.35 7.6588
7339.40 7.6596
7339.45 7.6604
7339.50 7.6612
7339.55 7.6620
7339.60 7.6628
7339.65 7.6636
7339.70 7.6644
7339.75 7.6652
7339.80 7.6660
7339.85 7.6668
7339.90 7.6676
7339.95 7.6685
7340.00 7.6693
7340.05 7.6701
7340.10 7.6709
7340.15 7.6717
7340.20 7.6725
7340.25 7.6733
7340.30 7.6741
7340.35 7.6749
7340.40 7.6758
7340.45 7.6766
7340.50 7.6774
7340.55 7.6782
7340.60 7.6790
7340.65 7.6798
7340.70 7.6806
7340.75 7.6815
7340.80 7.6823
7340.85 7.6831
7340.90 7.6839
7340.95 7.6847
7341.00 7.6856
7341.05 7.6864
7341.10 7.6872
7341.15 7.6880
7341.20 7.6888
7341.25 7.6897
7341.30 7.6905
7341.35 7.6913
7341.40 7.6921
7341.45 7.6930
7341.50 7.6938
7341.55 7.6946
7341.60 7.6954
7341.65 7.6962
7341.70 7.6971
7341.75 7.6979
7341.80 7.6987
7341.85 7.6996
7341.90 7.7004
7341.95 7.7012
7342.00 7.7020
7342.05 7.7029
7342.10 7.7037
7342.15 7.7045
7342.20 7.7053
7342.25 7.7062
7342.30 7.7070
7342.35 7.7078
7342.40 7.7087
7342.45 7.7095
7342.50 7.7103
7342.55 7.7112
7342.60 7.7120
7342.65 7.7128
7342.70 7.7136
7342.75 7.7145
7342.80 7.7153
7342.85 7.7161
7342.90 7.7170
7342.95 7.7178
7343.00 7.7186
7343.05 7.7195
7343.10 7.7203
7343.15 7.7211
7343.20 7.7220
7343.25 7.7228
7343.30 7.7236
7343.35 7.7245
7343.40 7.7253
7343.45 7.7261
7343.50 7.7270
7343.55 7.7278
7343.60 7.7286
7343.65 7.7295
7343.70 7.7303
7343.75 7.7311
7343.80 7.7320
7343.85 7.7328
7343.90 7.7337
7343.95 7.7345
7344.00 7.7353
7344.05 7.7362
7344.10 7.7370
7344.15 7.7378
7344.20 7.7387
7344.25 7.7395
7344.30 7.7403
7344.35 7.7412
7344.40 7.7420
7344.45 7.7429
7344.50 7.7437
7344.55 7.7445
7344.60 7.7454
7344.65 7.7462
7344.70 7.7470
7344.75 7.7479
7344.80 7.7487
7344.85 7.7496
7344.90 7.7504
7344.95 7.7512
7345.00 7.7521
7345.05 7.7529
7345.10 7.7537
7345.15 7.7546
7345.20 7.7554
7345.25 7.7563
7345.30 7.7571
7345.35 7.7579
7345.40 7.7588
7345.45 7.7596
7345.50 7.7605
7345.55 7.7613
7345.60 7.7621
7345.65 7.7630
7345.70 7.7638
7345.75 7.7647
7345.80 7.7655
7345.85 7.7663
7345.90 7.7672
7345.95 7.7680
7346.00 7.7689
7346.05 7.7697
7346.10 7.7705
7346.15 7.7714
7346.20 7.7722
7346.25 7.7731
7346.30 7.7739
7346.35 7.7747
7346.40 7.7756
7346.45 7.7764
7346.50 7.7773
7346.55 7.7781
7346.60 7.7789
7346.65 7.7798
7346.70 7.7806
7346.75 7.7815
7346.80 7.7823
7346.85 7.7831
7346.90 7.7840
7346.95 7.7848
7347.00 7.7857
7347.05 7.7865
7347.10 7.7874
7347.15 7.7882
7347.20 7.7890
7347.25 7.7899
7347.30 7.7907
7347.35 7.7916
7347.40 7.7924
7347.45 7.7932
7347.50 7.7941
7347.55 7.7949
7347.60 7.7958
7347.65 7.7966
7347.70 7.7974
7347.75 7.7983
7347.80 7.7991
7347.85 7.8000
7347.90 7.8008
7347.95 7.8017
7348.00 7.8025
7348.05 7.8033
7348.10 7.8042
7348.15 7.8050
7348.20 7.8059
7348.25 7.8067
7348.30 7.8075
7348.35 7.8084
7348.40 7.8092
7348.45 7.8101
7348.50 7.8109
7348.55 7.8118
7348.60 7.8126
7348.65 7.8134
7348.70 7.8143
7348.75 7.8151
7348.80 7.8160
7348.85 7.8168
7348.90 7.8176
7348.95 7.8185
7349.00 7.8193
7349.05 7.8202
7349.10 7.8210
7349.15 7.8219
7349.20 7.8227
7349.25 7.8235
7349.30 7.8244
7349.35 7.8252
7349.40 7.8261
7349.45 7.8269
7349.50 7.8277
7349.55 7.8286
7349.60 7.8294
7349.65 7.8303
7349.70 7.8311
7349.75 7.8320
7349.80 7.8328
7349.85 7.8336
7349.90 7.8345
7349.95 7.8353
7350.00 7.8362
7350.05 7.8370
7350.10 7.8379
7350.15 7.8387
7350.20 7.8395
7350.25 7.8404
7350.30 7.8412
7350.35 7.8421
7350.40 7.8429
7350.45 7.8437
7350.50 7.8446
7350.55 7.8454
7350.60 7.8463
7350.65 7.8471
7350.70 7.8480
7350.75 7.8488
7350.80 7.8496
7350.85 7.8505
7350.90 7.8513
7350.95 7.8522
7351.00 7.8530
7351.05 7.8539
7351.10 7.8547
7351.15 7.8555
7351.20 7.8564
7351.25 7.8572
7351.30 7.8581
7351.35 7.8589
7351.40 7.8597
7351.45 7.8606
7351.50 7.8614
7351.55 7.8623
7351.60 7.8631
7351.65 7.8640
7351.70 7.8648
7351.75 7.8656
7351.80 7.8665
7351.85 7.8673
7351.90 7.8682
7351.95 7.8690
7352.00 7.8699
7352.05 7.8707
7352.10 7.8715
7352.15 7.8724
7352.20 7.8732
7352.25 7.8741
7352.30 7.8749
7352.35 7.8757
7352.40 7.8766
7352.45 7.8774
7352.50 7.8783
7352.55 7.8791
7352.60 7.8800
7352.65 7.8808
7352.70 7.8816
7352.75 7.8825
7352.80 7.8833
7352.85 7.8842
7352.90 7.8850
7352.95 7.8859
7353.00 7.8867
7353.05 7.8875
7353.10 7.8884
7353.15 7.8892
7353.20 7.8901
7353.25 7.8909
7353.30 7.8917
7353.35 7.8926
7353.40 7.8934
7353.45 7.8943
7353.50 7.8951
7353.55 7.8960
7353.60 7.8968
7353.65 7.8976
7353.70 7.8985
7353.75 7.8993
7353.80 7.9002
7353.85 7.9010
7353.90 7.9019
7353.95 7.9027
7354.00 7.9035
7354.05 7.9044
7354.10 7.9052
7354.15 7.9061
7354.20 7.9069
7354.25 7.9077
7354.30 7.9086
7354.35 7.9094
7354.40 7.9103
7354.45 7.9111
7354.50 7.9120
7354.55 7.9128
7354.60 7.9136
7354.65 7.9145
7354.70 7.9153
7354.75 7.9162
7354.80 7.9170
7354.85 7.9178
7354.90 7.9187
7354.95 7.9195
7355.00 7.9204
7355.05 7.9212
7355.10 7.9221
7355.15 7.9229
7355.20 7.9237
7355.25 7.9246
7355.30 7.9254
7355.35 7.9263
7355.40 7.9271
7355.45 7.9279
7355.50 7.9288
7355.55 7.9296
7355.60 7.9305
7355.65 7.9313
7355.70 7.9321
7355.75 7.9330
7355.80 7.9338
7355.85 7.9347
7355.90 7.9355
7355.95 7.9363
7356.00 7.9372
7356.05 7.9380
7356.10 7.9389
7356.15 7.9397
7356.20 7.9406
7356.25 7.9414
7356.30 7.9422
7356.35 7.9431
7356.40 7.9439
7356.45 7.9448
7356.50 7.9456
7356.55 7.9464
7356.60 7.9473
7356.65 7.9481
7356.70 7.9490
7356.75 7.9498
7356.80 7.9506
7356.85 7.9515
7356.90 7.9523
7356.95 7.9532
7357.00 7.9540
7357.05 7.9548
7357.10 7.9557
7357.15 7.9565
7357.20 7.9574
7357.25 7.9582
7357.30 7.9590
7357.35 7.9599
7357.40 7.9607
7357.45 7.9615
7357.50 7.9624
7357.55 7.9632
7357.60 7.9641
7357.65 7.9649
7357.70 7.9657
7357.75 7.9666
7357.80 7.9674
7357.85 7.9683
7357.90 7.9691
7357.95 7.9699
7358.00 7.9708
7358.05 7.9716
7358.10 7.9724
7358.15 7.9733
7358.20 7.9741
7358.25 7.9750
7358.30 7.9758
7358.35 7.9766
7358.40 7.9775
7358.45 7.9783
7358.50 7.9791
7358.55 7.9800
7358.60 7.9808
7358.65 7.9816
7358.70 7.9825
7358.75 7.9833
7358.80 7.9842
7358.85 7.9850
7358.90 7.9858
7358.95 7.9867
7359.00 7.9875
7359.05 7.9883
7359.10 7.9892
7359.15 7.9900
7359.20 7.9908
7359.25 7.9917
7359.30 7.9925
7359.35 7.9933
7359.40 7.9942
7359.45 7.9950
7359.50 7.9958
7359.55 7.9967
7359.60 7.9975
7359.65 7.9983
7359.70 7.9992
7359.75 8.0000
7359.80 8.0008
7359.85 8.0017
7359.90 8.0025
7359.95 8.0033
7360.00 8.0041
7360.05 8.0050
7360.10 8.0058
7360.15 8.0066
7360.20 8.0075
7360.25 8.0083
7360.30 8.0091
7360.35 8.0100
7360.40 8.0108
7360.45 8.0116
7360.50 8.0124
7360.55 8.0133
7360.60 8.0141
7360.65 8.0149
7360.70 8.0157
7360.75 8.0166
7360.80 8.0174
7360.85 8.0182
7360.90 8.0190
7360.95 8.0199
7361.00 8.0207
7361.05 8.0215
7361.10 8.0223
7361.15 8.0232
7361.20 8.0240
7361.25 8.0248
7361.30 8.0256
7361.35 8.0264
7361.40 8.0273
7361.45 8.0281
7361.50 8.0289
7361.55 8.0297
7361.60 8.0305
7361.65 8.0314
7361.70 8.0322
7361.75 8.0330
7361.80 8.0338
7361.85 8.0346
7361.90 8.0354
7361.95 8.0363
7362.00 8.0371
7362.05 8.0379
7362.10 8.0387
7362.15 8.0395
7362.20 8.0403
7362.25 8.0411
7362.30 8.0419
7362.35 8.0428
7362.40 8.0436
7362.45 8.0444
7362.50 8.0452
7362.55 8.0460
7362.60 8.0468
7362.65 8.0476
7362.70 8.0484
7362.75 8.0492
7362.80 8.0500
7362.85 8.0508
7362.90 8.0516
7362.95 8.0524
7363.00 8.0532
7363.05 8.0540
7363.10 8.0548
7363.15 8.0556
7363.20 8.0564
7363.25 8.0572
7363.30 8.0580
7363.35 8.0588
7363.40 8.0596
7363.45 8.0604
7363.50 8.0612
7363.55 8.0620
7363.60 8.0628
7363.65 8.0636
7363.70 8.0644
7363.75 8.0651
7363.80 8.0659
7363.85 8.0667
7363.90 8.0675
7363.95 8.0683
7364.00 8.0691
7364.05 8.0698
7364.10 8.0706
7364.15 8.0714
7364.20 8.0722
7364.25 8.0730
7364.30 8.0737
7364.35 8.0745
7364.40 8.0753
7364.45 8.0761
7364.50 8.0768
7364.55 8.0776
7364.60 8.0784
7364.65 8.0791
7364.70 8.0799
7364.75 8.0807
7364.80 8.0814
7364.85 8.0822
7364.90 8.0830
7364.95 8.0837
7365.00 8.0845
7365.05 8.0852
7365.10 8.0860
7365.15 8.0867
7365.20 8.0875
7365.25 8.0882
7365.30 8.0890
7365.35 8.0897
7365.40 8.0905
7365.45 8.0912
7365.50 8.0920
7365.55 8.0927
7365.60 8.0935
7365.65 8.0942
7365.70 8.0949
7365.75 8.0957
7365.80 8.0964
7365.85 8.0971
7365.90 8.0979
7365.95 8.0986
7366.00 8.0993
7366.05 8.1000
7366.10 8.1008
7366.15 8.1015
7366.20 8.1022
7366.25 8.1029
7366.30 8.1036
7366.35 8.1043
7366.40 8.1051
7366.45 8.1058
7366.50 8.1065
7366.55 8.1072
7366.60 8.1079
7366.65 8.1086
7366.70 8.1093
7366.75 8.1100
7366.80 8.1107
7366.85 8.1114
7366.90 8.1121
7366.95 8.1127
7367.00 8.1134
7367.05 8.1141
7367.10 8.1148
7367.15 8.1155
7367.20 8.1161
7367.25 8.1168
7367.30 8.1175
7367.35 8.1182
7367.40 8.1188
7367.45 8.1195
7367.50 8.1202
7367.55 8.1208
7367.60 8.1215
7367.65 8.1221
7367.70 8.1228
7367.75 8.1234
7367.80 8.1241
7367.85 8.1247
7367.90 8.1254
7367.95 8.1260
7368.00 8.1266
7368.05 8.1273
7368.10 8.1279
7368.15 8.1285
7368.20 8.1292
7368.25 8.1298
7368.30 8.1304
7368.35 8.1310
7368.40 8.1316
7368.45 8.1322
7368.50 8.1328
7368.55 8.1334
7368.60 8.1340
7368.65 8.1346
7368.70 8.1352
7368.75 8.1358
7368.80 8.1364
7368.85 8.1370
7368.90 8.1376
7368.95 8.1382
7369.00 8.1387
7369.05 8.1393
7369.10 8.1399
7369.15 8.1405
7369.20 8.1410
7369.25 8.1416
7369.30 8.1421
7369.35 8.1427
7369.40 8.1432
7369.45 8.1438
7369.50 8.1443
7369.55 8.1449
7369.60 8.1454
7369.65 8.1459
7369.70 8.1464
7369.75 8.1470
7369.80 8.1475
7369.85 8.1480
7369.90 8.1485
7369.95 8.1490
7370.00 8.1495
7370.05 8.1500
7370.10 8.1505
7370.15 8.1510
7370.20 8.1515
7370.25 8.1520
7370.30 8.1525
7370.35 8.1530
7370.40 8.1534
7370.45 8.1539
7370.50 8.1544
7370.55 8.1548
7370.60 8.1553
7370.65 8.1558
7370.70 8.1562
7370.75 8.1566
7370.80 8.1571
7370.85 8.1575
7370.90 8.1580
7370.95 8.1584
7371.00 8.1588
7371.05 8.1592
7371.10 8.1596
7371.15 8.1601
7371.20 8.1605
7371.25 8.1609
7371.30 8.1613
7371.35 8.1617
7371.40 8.1621
7371.45 8.1624
7371.50 8.1628
7371.55 8.1632
7371.60 8.1636
7371.65 8.1639
7371.70 8.1643
7371.75 8.1647
7371.80 8.1650
7371.85 8.1654
7371.90 8.1657
7371.95 8.1660
7372.00 8.1664
7372.05 8.1667
7372.10 8.1670
7372.15 8.1674
7372.20 8.1677
7372.25 8.1680
7372.30 8.1683
7372.35 8.1686
7372.40 8.1689
7372.45 8.1692
7372.50 8.1695
7372.55 8.1697
7372.60 8.1700
7372.65 8.1703
7372.70 8.1706
7372.75 8.1708
7372.80 8.1711
7372.85 8.1713
7372.90 8.1716
7372.95 8.1718
7373.00 8.1721
7373.05 8.1723
7373.10 8.1725
7373.15 8.1727
7373.20 8.1730
7373.25 8.1732
7373.30 8.1734
7373.35 8.1736
7373.40 8.1738
7373.45 8.1740
7373.50 8.1741
7373.55 8.1743
7373.60 8.1745
7373.65 8.1747
7373.70 8.1748
7373.75 8.1750
7373.80 8.1752
7373.85 8.1753
7373.90 8.1754
7373.95 8.1756
7374.00 8.1757
7374.05 8.1758
7374.10 8.1760
7374.15 8.1761
7374.20 8.1762
7374.25 8.1763
7374.30 8.1764
7374.35 8.1765
7374.40 8.1766
7374.45 8.1767
7374.50 8.1768
7374.55 8.1768
7374.60 8.1769
7374.65 8.1770
7374.70 8.1770
7374.75 8.1771
7374.80 8.1771
7374.85 8.1772
7374.90 8.1772
7374.95 8.1772
7375.00 8.1773
7375.05 8.1773
7375.10 8.1773
7375.15 8.1773
7375.20 8.1773
