6328.50 3.7238
6328.55 3.7238
6328.60 3.7238
6328.65 3.7238
6328.70 3.7238
6328.75 3.7239
6328.80 3.7239
6328.85 3.7239
6328.90 3.7240
6328.95 3.7240
6329.00 3.7241
6329.05 3.7241
6329.10 3.7242
6329.15 3.7243
6329.20 3.7243
6329.25 3.7244
6329.30 3.7245
6329.35 3.7246
6329.40 3.7247
6329.45 3.7248
6329.50 3.7249
6329.55 3.7250
6329.60 3.7251
6329.65 3.7253
6329.70 3.7254
6329.75 3.7255
6329.80 3.7257
6329.85 3.7258
6329.90 3.7260
6329.95 3.7261
6330.00 3.7263
6330.05 3.7265
6330.10 3.7266
6330.15 3.7268
6330.20 3.7270
6330.25 3.7272
6330.30 3.7274
6330.35 3.7276
6330.40 3.7278
6330.45 3.7280
6330.50 3.7282
6330.55 3.7284
6330.60 3.7287
6330.65 3.7289
6330.70 3.7291
6330.75 3.7294
6330.80 3.7296
6330.85 3.7299
6330.90 3.7301
6330.95 3.7304
6331.00 3.7307
6331.05 3.7309
6331.10 3.7312
6331.15 3.7315
6331.20 3.7318
6331.25 3.7321
6331.30 3.7324
6331.35 3.7327
6331.40 3.7330
6331.45 3.7333
6331.50 3.7336
6331.55 3.7340
6331.60 3.7343
6331.65 3.7346
6331.70 3.7350
6331.75 3.7353
6331.80 3.7357
6331.85 3.7360
6331.90 3.7364
6331.95 3.7367
6332.00 3.7371
6332.05 3.7375
6332.10 3.7379
6332.15 3.7382
6332.20 3.7386
6332.25 3.7390
6332.30 3.7394
6332.35 3.7398
6332.40 3.7402
6332.45 3.7406
6332.50 3.7411
6332.55 3.7415
6332.60 3.7419
6332.65 3.7423
6332.70 3.7428
6332.75 3.7432
6332.80 3.7437
6332.85 3.7441
6332.90 3.7446
6332.95 3.7450
6333.00 3.7455
6333.05 3.7460
6333.10 3.7465
6333.15 3.7469
6333.20 3.7474
6333.25 3.7479
6333.30 3.7484
6333.35 3.7489
6333.40 3.7494
6333.45 3.7499
6333.50 3.7504
6333.55 3.7509
6333.60 3.7514
6333.65 3.7520
6333.70 3.7525
6333.75 3.7530
6333.80 3.7536
6333.85 3.7541
6333.90 3.7547
6333.95 3.7552
6334.00 3.7558
6334.05 3.7563
6334.10 3.7569
6334.15 3.7574
6334.20 3.7580
6334.25 3.7586
6334.30 3.7592
6334.35 3.7598
6334.40 3.7603
6334.45 3.7609
6334.50 3.7615
6334.55 3.7621
6334.60 3.7627
6334.65 3.7633
6334.70 3.7639
6334.75 3.7646
6334.80 3.7652
6334.85 3.7658
6334.90 3.7664
6334.95 3.7671
6335.00 3.7677
6335.05 3.7683
6335.10 3.7690
6335.15 3.7696
6335.20 3.7703
6335.25 3.7709
6335.30 3.7716
6335.35 3.7722
6335.40 3.7729
6335.45 3.7736
6335.50 3.7743
6335.55 3.7749
6335.60 3.7756
6335.65 3.7763
6335.70 3.7770
6335.75 3.7777
6335.80 3.7784
6335.85 3.7791
6335.90 3.7798
6335.95 3.7805
6336.00 3.7812
6336.05 3.7819
6336.10 3.7826
6336.15 3.7833
6336.20 3.7840
6336.25 3.7848
6336.30 3.7855
6336.35 3.7862
6336.40 3.7869
6336.45 3.7877
6336.50 3.7884
6336.55 3.7892
6336.60 3.7899
6336.65 3.7907
6336.70 3.7914
6336.75 3.7922
6336.80 3.7929
6336.85 3.7937
6336.90 3.7945
6336.95 3.7952
6337.00 3.7960
6337.05 3.7968
6337.10 3.7975
6337.15 3.7983
6337.20 3.7991
6337.25 3.7999
6337.30 3.8007
6337.35 3.8015
6337.40 3.8023
6337.45 3.8030
6337.50 3.8038
6337.55 3.8046
6337.60 3.8055
6337.65 3.8063
6337.70 3.8071
6337.75 3.8079
6337.80 3.8087
6337.85 3.8095
6337.90 3.8103
6337.95 3.8111
6338.00 3.8120
6338.05 3.8128
6338.10 3.8136
6338.15 3.8145
6338.20 3.8153
6338.25 3.8161
6338.30 3.8170
6338.35 3.8178
6338.40 3.8186
6338.45 3.8195
6338.50 3.8203
6338.55 3.8212
6338.60 3.8220
6338.65 3.8229
6338.70 3.8238
6338.75 3.8246
6338.80 3.8255
6338.85 3.8263
6338.90 3.8272
6338.95 3.8281
6339.00 3.8289
6339.05 3.8298
6339.10 3.8307
6339.15 3.8315
6339.20 3.8324
6339.25 3.8333
6339.30 3.8342
6339.35 3.8351
6339.40 3.8359
6339.45 3.8368
6339.50 3.8377
6339.55 3.8386
6339.60 3.8395
6339.65 3.8404
6339.70 3.8413
6339.75 3.8422
6339.80 3.8431
6339.85 3.8440
6339.90 3.8449
6339.95 3.8458
6340.00 3.8467
6340.05 3.8476
6340.10 3.8485
6340.15 3.8494
6340.20 3.8503
6340.25 3.8512
6340.30 3.8521
6340.35 3.8531
6340.40 3.8540
6340.45 3.8549
6340.50 3.8558
6340.55 3.8567
6340.60 3.8576
6340.65 3.8586
6340.70 3.8595
6340.75 3.8604
6340.80 3.8613
6340.85 3.8623
6340.90 3.8632
6340.95 3.8641
6341.00 3.8651
6341.05 3.8660
6341.10 3.8669
6341.15 3.8679
6341.20 3.8688
6341.25 3.8697
6341.30 3.8707
6341.35 3.8716
6341.40 3.8725
6341.45 3.8735
6341.50 3.8744
6341.55 3.8754
6341.60 3.8763
6341.65 3.8773
6341.70 3.8782
6341.75 3.8792
6341.80 3.8801
6341.85 3.8810
6341.90 3.8820
6341.95 3.8829
6342.00 3.8839
6342.05 3.8848
6342.10 3.8858
6342.15 3.8867
6342.20 3.8877
6342.25 3.8887
6342.30 3.8896
6342.35 3.8906
6342.40 3.8915
6342.45 3.8925
6342.50 3.8934
6342.55 3.8944
6342.60 3.8953
6342.65 3.8963
6342.70 3.8973
6342.75 3.8982
6342.80 3.8992
6342.85 3.9001
6342.90 3.9011
6342.95 3.9021
6343.00 3.9030
6343.05 3.9040
6343.10 3.9050
6343.15 3.9059
6343.20 3.9069
6343.25 3.9078
6343.30 3.9088
6343.35 3.9098
6343.40 3.9107
6343.45 3.9117
6343.50 3.9127
6343.55 3.9136
6343.60 3.9146
6343.65 3.9156
6343.70 3.9165
6343.75 3.9175
6343.80 3.9185
6343.85 3.9194
6343.90 3.9204
6343.95 3.9214
6344.00 3.9223
6344.05 3.9233
6344.10 3.9243
6344.15 3.9252
6344.20 3.9262
6344.25 3.9272
6344.30 3.9281
6344.35 3.9291
6344.40 3.9301
6344.45 3.9310
6344.50 3.9320
6344.55 3.9330
6344.60 3.9339
6344.65 3.9349
6344.70 3.9359
6344.75 3.9368
6344.80 3.9378
6344.85 3.9388
6344.90 3.9397
6344.95 3.9407
6345.00 3.9417
6345.05 3.9426
6345.10 3.9436
6345.15 3.9446
6345.20 3.9455
6345.25 3.9465
6345.30 3.9475
6345.35 3.9484
6345.40 3.9494
6345.45 3.9504
6345.50 3.9513
6345.55 3.9523
6345.60 3.9533
6345.65 3.9542
6345.70 3.9552
6345.75 3.9561
6345.80 3.9571
6345.85 3.9581
6345.90 3.9590
6345.95 3.9600
6346.00 3.9610
6346.05 3.9619
6346.10 3.9629
6346.15 3.9638
6346.20 3.9648
6346.25 3.9658
6346.30 3.9667
6346.35 3.9677
6346.40 3.9686
6346.45 3.9696
6346.50 3.9705
6346.55 3.9715
6346.60 3.9725
6346.65 3.9734
6346.70 3.9744
6346.75 3.9753
6346.80 3.9763
6346.85 3.9772
6346.90 3.9782
6346.95 3.9791
6347.00 3.9801
6347.05 3.9810
6347.10 3.9820
6347.15 3.9829
6347.20 3.9839
6347.25 3.9848
6347.30 3.9858
6347.35 3.9867
6347.40 3.9877
6347.45 3.9886
6347.50 3.9895
6347.55 3.9905
6347.60 3.9914
6347.65 3.9924
6347.70 3.9933
6347.75 3.9943
6347.80 3.9952
6347.85 3.9961
6347.90 3.9971
6347.95 3.9980
6348.00 3.9989
6348.05 3.9999
6348.10 4.0008
6348.15 4.0017
6348.20 4.0027
6348.25 4.0036
6348.30 4.0045
6348.35 4.0055
6348.40 4.0064
6348.45 4.0073
6348.50 4.0083
6348.55 4.0092
6348.60 4.0101
6348.65 4.0110
6348.70 4.0120
6348.75 4.0129
6348.80 4.0138
6348.85 4.0147
6348.90 4.0156
6348.95 4.0166
6349.00 4.0175
6349.05 4.0184
6349.10 4.0193
6349.15 4.0202
6349.20 4.0211
6349.25 4.0221
6349.30 4.0230
6349.35 4.0239
6349.40 4.0248
6349.45 4.0257
6349.50 4.0266
6349.55 4.0275
6349.60 4.0284
6349.65 4.0293
6349.70 4.0302
6349.75 4.0311
6349.80 4.0320
6349.85 4.0329
6349.90 4.0338
6349.95 4.0347
6350.00 4.0356
6350.05 4.0365
6350.10 4.0374
6350.15 4.0383
6350.20 4.0392
6350.25 4.0401
6350.30 4.0410
6350.35 4.0419
6350.40 4.0427
6350.45 4.0436
6350.50 4.0445
6350.55 4.0454
6350.60 4.0463
6350.65 4.0472
6350.70 4.0480
6350.75 4.0489
6350.80 4.0498
6350.85 4.0507
6350.90 4.0515
6350.95 4.0524
6351.00 4.0533
6351.05 4.0542
6351.10 4.0550
6351.15 4.0559
6351.20 4.0568
6351.25 4.0576
6351.30 4.0585
6351.35 4.0593
6351.40 4.0602
6351.45 4.0611
6351.50 4.0619
6351.55 4.0628
6351.60 4.0636
6351.65 4.0645
6351.70 4.0653
6351.75 4.0662
6351.80 4.0670
6351.85 4.0679
6351.90 4.0687
6351.95 4.0696
6352.00 4.0704
6352.05 4.0713
6352.10 4.0721
6352.15 4.0730
6352.20 4.0738
6352.25 4.0746
6352.30 4.0755
6352.35 4.0763
6352.40 4.0771
6352.45 4.0780
6352.50 4.0788
6352.55 4.0796
6352.60 4.0804
6352.65 4.0813
6352.70 4.0821
6352.75 4.0829
6352.80 4.0837
6352.85 4.0845
6352.90 4.0854
6352.95 4.0862
6353.00 4.0870
6353.05 4.0878
6353.10 4.0886
6353.15 4.0894
6353.20 4.0902
6353.25 4.0910
6353.30 4.0918
6353.35 4.0926
6353.40 4.0934
6353.45 4.0942
6353.50 4.0950
6353.55 4.0958
6353.60 4.0966
6353.65 4.0974
6353.70 4.0982
6353.75 4.0990
6353.80 4.0998
6353.85 4.1006
6353.90 4.1013
6353.95 4.1021
6354.00 4.1029
6354.05 4.1037
6354.10 4.1045
6354.15 4.1052
6354.20 4.1060
6354.25 4.1068
6354.30 4.1075
6354.35 4.1083
6354.40 4.1091
6354.45 4.1098
6354.50 4.1106
6354.55 4.1114
6354.60 4.1121
6354.65 4.1129
6354.70 4.1136
6354.75 4.1144
6354.80 4.1151
6354.85 4.1159
6354.90 4.1166
6354.95 4.1174
6355.00 4.1181
6355.05 4.1189
6355.10 4.1196
6355.15 4.1204
6355.20 4.1211
6355.25 4.1218
6355.30 4.1226
6355.35 4.1233
6355.40 4.1240
6355.45 4.1248
6355.50 4.1255
6355.55 4.1262
6355.60 4.1269
6355.65 4.1276
6355.70 4.1284
6355.75 4.1291
6355.80 4.1298
6355.85 4.1305
6355.90 4.1312
6355.95 4.1319
6356.00 4.1326
6356.05 4.1333
6356.10 4.1340
6356.15 4.1347
6356.20 4.1354
6356.25 4.1361
6356.30 4.1368
6356.35 4.1375
6356.40 4.1382
6356.45 4.1389
6356.50 4.1396
6356.55 4.1403
6356.60 4.1410
6356.65 4.1416
6356.70 4.1423
6356.75 4.1430
6356.80 4.1437
6356.85 4.1443
6356.90 4.1450
6356.95 4.1457
6357.00 4.1464
6357.05 4.1470
6357.10 4.1477
6357.15 4.1483
6357.20 4.1490
6357.25 4.1497
6357.30 4.1503
6357.35 4.1510
6357.40 4.1516
6357.45 4.1523
6357.50 4.1529
6357.55 4.1536
6357.60 4.1542
6357.65 4.1548
6357.70 4.1555
6357.75 4.1561
6357.80 4.1568
6357.85 4.1574
6357.90 4.1580
6357.95 4.1586
6358.00 4.1593
6358.05 4.1599
6358.10 4.1605
6358.15 4.1611
6358.20 4.1618
6358.25 4.1624
6358.30 4.1630
6358.35 4.1636
6358.40 4.1642
6358.45 4.1648
6358.50 4.1654
6358.55 4.1660
6358.60 4.1666
6358.65 4.1672
6358.70 4.1678
6358.75 4.1684
6358.80 4.1690
6358.85 4.1696
6358.90 4.1702
6358.95 4.1708
6359.00 4.1714
6359.05 4.1720
6359.10 4.1725
6359.15 4.1731
6359.20 4.1737
6359.25 4.1743
6359.30 4.1748
6359.35 4.1754
6359.40 4.1760
6359.45 4.1765
6359.50 4.1771
6359.55 4.1777
6359.60 4.1782
6359.65 4.1788
6359.70 4.1793
6359.75 4.1799
6359.80 4.1804
6359.85 4.1810
6359.90 4.1815
6359.95 4.1821
6360.00 4.1826
6360.05 4.1832
6360.10 4.1837
6360.15 4.1842
6360.20 4.1848
6360.25 4.1853
6360.30 4.1858
6360.35 4.1864
6360.40 4.1869
6360.45 4.1874
6360.50 4.1879
6360.55 4.1885
6360.60 4.1890
6360.65 4.1895
6360.70 4.1900
6360.75 4.1905
6360.80 4.1910
6360.85 4.1915
6360.90 4.1920
6360.95 4.1925
6361.00 4.1930
6361.05 4.1935
6361.10 4.1940
6361.15 4.1945
6361.20 4.1950
6361.25 4.1955
6361.30 4.1960
6361.35 4.1965
6361.40 4.1970
6361.45 4.1974
6361.50 4.1979
6361.55 4.1984
6361.60 4.1989
6361.65 4.1993
6361.70 4.1998
6361.75 4.2003
6361.80 4.2008
6361.85 4.2012
6361.90 4.2017
6361.95 4.2021
6362.00 4.2026
6362.05 4.2031
6362.10 4.2035
6362.15 4.2040
6362.20 4.2044
6362.25 4.2049
6362.30 4.2053
6362.35 4.2058
6362.40 4.2062
6362.45 4.2066
6362.50 4.2071
6362.55 4.2075
6362.60 4.2080
6362.65 4.2084
6362.70 4.2088
6362.75 4.2093
6362.80 4.2097
6362.85 4.2101
6362.90 4.2105
6362.95 4.2109
6363.00 4.2114
6363.05 4.2118
6363.10 4.2122
6363.15 4.2126
6363.20 4.2130
6363.25 4.2134
6363.30 4.2138
6363.35 4.2142
6363.40 4.2147
6363.45 4.2151
6363.50 4.2155
6363.55 4.2159
6363.60 4.2162
6363.65 4.2166
6363.70 4.2170
6363.75 4.2174
6363.80 4.2178
6363.85 4.2182
6363.90 4.2186
6363.95 4.2190
6364.00 4.2193
6364.05 4.2197
6364.10 4.2201
6364.15 4.2205
6364.20 4.2209
6364.25 4.2212
6364.30 4.2216
6364.35 4.2220
6364.40 4.2223
6364.45 4.2227
6364.50 4.2231
6364.55 4.2234
6364.60 4.2238
6364.65 4.2241
6364.70 4.2245
6364.75 4.2248
6364.80 4.2252
6364.85 4.2255
6364.90 4.2259
6364.95 4.2262
6365.00 4.2266
6365.05 4.2269
6365.10 4.2273
6365.15 4.2276
6365.20 4.2280
6365.25 4.2283
6365.30 4.2286
6365.35 4.2290
6365.40 4.2293
6365.45 4.2296
6365.50 4.2299
6365.55 4.2303
6365.60 4.2306
6365.65 4.2309
6365.70 4.2312
6365.75 4.2316
6365.80 4.2319
6365.85 4.2322
6365.90 4.2325
6365.95 4.2328
6366.00 4.2331
6366.05 4.2335
6366.10 4.2338
6366.15 4.2341
6366.20 4.2344
6366.25 4.2347
6366.30 4.2350
6366.35 4.2353
6366.40 4.2356
6366.45 4.2359
6366.50 4.2362
6366.55 4.2365
6366.60 4.2368
6366.65 4.2371
6366.70 4.2374
6366.75 4.2376
6366.80 4.2379
6366.85 4.2382
6366.90 4.2385
6366.95 4.2388
6367.00 4.2391
6367.05 4.2394
6367.10 4.2396
6367.15 4.2399
6367.20 4.2402
6367.25 4.2405
6367.30 4.2407
6367.35 4.2410
6367.40 4.2413
6367.45 4.2416
6367.50 4.2418
6367.55 4.2421
6367.60 4.2424
6367.65 4.2426
6367.70 4.2429
6367.75 4.2431
6367.80 4.2434
6367.85 4.2437
6367.90 4.2439
6367.95 4.2442
6368.00 4.2444
6368.05 4.2447
6368.10 4.2450
6368.15 4.2452
6368.20 4.2455
6368.25 4.2457
6368.30 4.2460
6368.35 4.2462
6368.40 4.2465
6368.45 4.2467
6368.50 4.2469
6368.55 4.2472
6368.60 4.2474
6368.65 4.2477
6368.70 4.2479
6368.75 4.2481
6368.80 4.2484
6368.85 4.2486
6368.90 4.2489
6368.95 4.2491
6369.00 4.2493
6369.05 4.2496
6369.10 4.2498
6369.15 4.2500
6369.20 4.2503
6369.25 4.2505
6369.30 4.2507
6369.35 4.2509
6369.40 4.2512
6369.45 4.2514
6369.50 4.2516
6369.55 4.2518
6369.60 4.2521
6369.65 4.2523
6369.70 4.2525
6369.75 4.2527
6369.80 4.2529
6369.85 4.2532
6369.90 4.2534
6369.95 4.2536
6370.00 4.2538
6370.05 4.2540
6370.10 4.2542
6370.15 4.2544
6370.20 4.2547
6370.25 4.2549
6370.30 4.2551
6370.35 4.2553
6370.40 4.2555
6370.45 4.2557
6370.50 4.2559
6370.55 4.2561
6370.60 4.2563
6370.65 4.2565
6370.70 4.2567
6370.75 4.2569
6370.80 4.2571
6370.85 4.2573
6370.90 4.2575
6370.95 4.2577
6371.00 4.2579
6371.05 4.2581
6371.10 4.2583
6371.15 4.2585
6371.20 4.2587
6371.25 4.2589
6371.30 4.2591
6371.35 4.2593
6371.40 4.2595
6371.45 4.2597
6371.50 4.2599
6371.55 4.2601
6371.60 4.2603
6371.65 4.2605
6371.70 4.2606
6371.75 4.2608
6371.80 4.2610
6371.85 4.2612
6371.90 4.2614
6371.95 4.2616
6372.00 4.2618
6372.05 4.2620
6372.10 4.2622
6372.15 4.2623
6372.20 4.2625
6372.25 4.2627
6372.30 4.2629
6372.35 4.2631
6372.40 4.2633
6372.45 4.2634
6372.50 4.2636
6372.55 4.2638
6372.60 4.2640
6372.65 4.2642
6372.70 4.2643
6372.75 4.2645
6372.80 4.2647
6372.85 4.2649
6372.90 4.2651
6372.95 4.2652
6373.00 4.2654
6373.05 4.2656
6373.10 4.2658
6373.15 4.2659
6373.20 4.2661
6373.25 4.2663
6373.30 4.2665
6373.35 4.2666
6373.40 4.2668
6373.45 4.2670
6373.50 4.2672
6373.55 4.2673
6373.60 4.2675
6373.65 4.2677
6373.70 4.2679
6373.75 4.2680
6373.80 4.2682
6373.85 4.2684
6373.90 4.2685
6373.95 4.2687
6374.00 4.2689
6374.05 4.2690
6374.10 4.2692
6374.15 4.2694
6374.20 4.2696
6374.25 4.2697
6374.30 4.2699
6374.35 4.2701
6374.40 4.2702
6374.45 4.2704
6374.50 4.2706
6374.55 4.2707
6374.60 4.2709
6374.65 4.2711
6374.70 4.2712
6374.75 4.2714
6374.80 4.2716
6374.85 4.2717
6374.90 4.2719
6374.95 4.2721
6375.00 4.2722
6375.05 4.2724
6375.10 4.2725
6375.15 4.2727
6375.20 4.2729
6375.25 4.2730
6375.30 4.2732
6375.35 4.2734
6375.40 4.2735
6375.45 4.2737
6375.50 4.2738
6375.55 4.2740
6375.60 4.2742
6375.65 4.2743
6375.70 4.2745
6375.75 4.2747
6375.80 4.2748
6375.85 4.2750
6375.90 4.2751
6375.95 4.2753
6376.00 4.2755
6376.05 4.2756
6376.10 4.2758
6376.15 4.2759
6376.20 4.2761
6376.25 4.2763
6376.30 4.2764
6376.35 4.2766
6376.40 4.2767
6376.45 4.2769
6376.50 4.2770
6376.55 4.2772
6376.60 4.2774
6376.65 4.2775
6376.70 4.2777
6376.75 4.2778
6376.80 4.2780
6376.85 4.2781
6376.90 4.2783
6376.95 4.2785
6377.00 4.2786
6377.05 4.2788
6377.10 4.2789
6377.15 4.2791
6377.20 4.2792
6377.25 4.2794
6377.30 4.2795
6377.35 4.2797
6377.40 4.2799
6377.45 4.2800
6377.50 4.2802
6377.55 4.2803
6377.60 4.2805
6377.65 4.2806
6377.70 4.2808
6377.75 4.2809
6377.80 4.2811
6377.85 4.2812
6377.90 4.2814
6377.95 4.2815
6378.00 4.2817
6378.05 4.2818
6378.10 4.2820
6378.15 4.2821
6378.20 4.2823
6378.25 4.2824
6378.30 4.2826
6378.35 4.2827
6378.40 4.2829
6378.45 4.2830
6378.50 4.2832
6378.55 4.2833
6378.60 4.2835
6378.65 4.2836
6378.70 4.2838
6378.75 4.2839
6378.80 4.2841
6378.85 4.2842
6378.90 4.2844
6378.95 4.2845
6379.00 4.2847
6379.05 4.2848
6379.10 4.2850
6379.15 4.2851
6379.20 4.2853
6379.25 4.2854
6379.30 4.2856
6379.35 4.2857
6379.40 4.2858
6379.45 4.2860
6379.50 4.2861
6379.55 4.2863
6379.60 4.2864
6379.65 4.2866
6379.70 4.2867
6379.75 4.2869
6379.80 4.2870
6379.85 4.2871
6379.90 4.2873
6379.95 4.2874
6380.00 4.2876
6380.05 4.2877
6380.10 4.2879
6380.15 4.2880
6380.20 4.2881
6380.25 4.2883
6380.30 4.2884
6380.35 4.2886
6380.40 4.2887
6380.45 4.2888
6380.50 4.2890
6380.55 4.2891
6380.60 4.2893
6380.65 4.2894
6380.70 4.2895
6380.75 4.2897
6380.80 4.2898
6380.85 4.2899
6380.90 4.2901
6380.95 4.2902
6381.00 4.2904
6381.05 4.2905
6381.10 4.2906
6381.15 4.2908
6381.20 4.2909
6381.25 4.2910
6381.30 4.2912
6381.35 4.2913
6381.40 4.2914
6381.45 4.2916
6381.50 4.2917
6381.55 4.2918
6381.60 4.2920
6381.65 4.2921
6381.70 4.2922
6381.75 4.2924
6381.80 4.2925
6381.85 4.2926
6381.90 4.2927
6381.95 4.2929
6382.00 4.2930
6382.05 4.2931
6382.10 4.2933
6382.15 4.2934
6382.20 4.2935
6382.25 4.2936
6382.30 4.2938
6382.35 4.2939
6382.40 4.2940
6382.45 4.2941
6382.50 4.2943
6382.55 4.2944
6382.60 4.2945
6382.65 4.2946
6382.70 4.2948
6382.75 4.2949
6382.80 4.2950
6382.85 4.2951
6382.90 4.2953
6382.95 4.2954
6383.00 4.2955
6383.05 4.2956
6383.10 4.2957
6383.15 4.2959
6383.20 4.2960
6383.25 4.2961
6383.30 4.2962
6383.35 4.2963
6383.40 4.2965
6383.45 4.2966
6383.50 4.2967
6383.55 4.2968
6383.60 4.2969
6383.65 4.2970
6383.70 4.2971
6383.75 4.2973
6383.80 4.2974
6383.85 4.2975
6383.90 4.2976
6383.95 4.2977
6384.00 4.2978
6384.05 4.2979
6384.10 4.2980
6384.15 4.2982
6384.20 4.2983
6384.25 4.2984
6384.30 4.2985
6384.35 4.2986
6384.40 4.2987
6384.45 4.2988
6384.50 4.2989
6384.55 4.2990
6384.60 4.2991
6384.65 4.2992
6384.70 4.2993
6384.75 4.2995
6384.80 4.2996
6384.85 4.2997
6384.90 4.2998
6384.95 4.2999
6385.00 4.3000
6385.05 4.3001
6385.10 4.3002
6385.15 4.3003
6385.20 4.3004
6385.25 4.3005
6385.30 4.3006
6385.35 4.3007
6385.40 4.3008
6385.45 4.3009
6385.50 4.3010
6385.55 4.3011
6385.60 4.3012
6385.65 4.3013
6385.70 4.3014
6385.75 4.3014
6385.80 4.3015
6385.85 4.3016
6385.90 4.3017
6385.95 4.3018
6386.00 4.3019
6386.05 4.3020
6386.10 4.3021
6386.15 4.3022
6386.20 4.3023
6386.25 4.3024
6386.30 4.3025
6386.35 4.3026
6386.40 4.3026
6386.45 4.3027
6386.50 4.3028
6386.55 4.3029
6386.60 4.3030
6386.65 4.3031
6386.70 4.3032
6386.75 4.3033
6386.80 4.3033
6386.85 4.3034
6386.90 4.3035
6386.95 4.3036
6387.00 4.3037
6387.05 4.3038
6387.10 4.3038
6387.15 4.3039
6387.20 4.3040
6387.25 4.3041
6387.30 4.3042
6387.35 4.3042
6387.40 4.3043
6387.45 4.3044
6387.50 4.3045
6387.55 4.3046
6387.60 4.3046
6387.65 4.3047
6387.70 4.3048
6387.75 4.3049
6387.80 4.3049
6387.85 4.3050
6387.90 4.3051
6387.95 4.3052
6388.00 4.3052
6388.05 4.3053
6388.10 4.3054
6388.15 4.3055
6388.20 4.3055
6388.25 4.3056
6388.30 4.3057
6388.35 4.3057
6388.40 4.3058
6388.45 4.3059
6388.50 4.3060
6388.55 4.3060
6388.60 4.3061
6388.65 4.3062
6388.70 4.3062
6388.75 4.3063
6388.80 4.3064
6388.85 4.3064
6388.90 4.3065
6388.95 4.3066
6389.00 4.3066
6389.05 4.3067
6389.10 4.3068
6389.15 4.3068
6389.20 4.3069
6389.25 4.3070
6389.30 4.3070
6389.35 4.3071
6389.40 4.3071
6389.45 4.3072
6389.50 4.3073
6389.55 4.3073
6389.60 4.3074
6389.65 4.3075
6389.70 4.3075
6389.75 4.3076
6389.80 4.3076
6389.85 4.3077
6389.90 4.3077
6389.95 4.3078
6390.00 4.3079
6390.05 4.3079
6390.10 4.3080
6390.15 4.3080
6390.20 4.3081
6390.25 4.3081
6390.30 4.3082
6390.35 4.3083
6390.40 4.3083
6390.45 4.3084
6390.50 4.3084
6390.55 4.3085
6390.60 4.3085
6390.65 4.3086
6390.70 4.3086
6390.75 4.3087
6390.80 4.3087
6390.85 4.3088
6390.90 4.3089
6390.95 4.3089
6391.00 4.3090
6391.05 4.3090
6391.10 4.3091
6391.15 4.3091
6391.20 4.3092
6391.25 4.3092
6391.30 4.3093
6391.35 4.3093
6391.40 4.3094
6391.45 4.3094
6391.50 4.3095
6391.55 4.3095
6391.60 4.3096
6391.65 4.3096
6391.70 4.3097
6391.75 4.3097
6391.80 4.3098
6391.85 4.3098
6391.90 4.3098
6391.95 4.3099
6392.00 4.3099
6392.05 4.3100
6392.10 4.3100
6392.15 4.3101
6392.20 4.3101
6392.25 4.3102
6392.30 4.3102
6392.35 4.3103
6392.40 4.3103
6392.45 4.3104
6392.50 4.3104
6392.55 4.3104
6392.60 4.3105
6392.65 4.3105
6392.70 4.3106
6392.75 4.3106
6392.80 4.3107
6392.85 4.3107
6392.90 4.3107
6392.95 4.3108
6393.00 4.3108
6393.05 4.3109
6393.10 4.3109
6393.15 4.3110
6393.20 4.3110
6393.25 4.3111
6393.30 4.3111
6393.35 4.3111
6393.40 4.3112
6393.45 4.3112
6393.50 4.3113
6393.55 4.3113
6393.60 4.3113
6393.65 4.3114
6393.70 4.3114
6393.75 4.3115
6393.80 4.3115
6393.85 4.3116
6393.90 4.3116
6393.95 4.3116
6394.00 4.3117
6394.05 4.3117
6394.10 4.3118
6394.15 4.3118
6394.20 4.3118
6394.25 4.3119
6394.30 4.3119
6394.35 4.3120
6394.40 4.3120
6394.45 4.3120
6394.50 4.3121
6394.55 4.3121
6394.60 4.3122
6394.65 4.3122
6394.70 4.3123
6394.75 4.3123
6394.80 4.3123
6394.85 4.3124
6394.90 4.3124
6394.95 4.3125
6395.00 4.3125
6395.05 4.3125
6395.10 4.3126
6395.15 4.3126
6395.20 4.3127
6395.25 4.3127
6395.30 4.3127
6395.35 4.3128
6395.40 4.3128
6395.45 4.3129
6395.50 4.3129
6395.55 4.3129
6395.60 4.3130
6395.65 4.3130
6395.70 4.3131
6395.75 4.3131
6395.80 4.3132
6395.85 4.3132
6395.90 4.3132
6395.95 4.3133
6396.00 4.3133
6396.05 4.3134
6396.10 4.3134
6396.15 4.3134
6396.20 4.3135
6396.25 4.3135
6396.30 4.3136
6396.35 4.3136
6396.40 4.3137
6396.45 4.3137
6396.50 4.3137
6396.55 4.3138
6396.60 4.3138
6396.65 4.3139
6396.70 4.3139
6396.75 4.3140
6396.80 4.3140
6396.85 4.3140
6396.90 4.3141
6396.95 4.3141
6397.00 4.3142
6397.05 4.3142
6397.10 4.3143
6397.15 4.3143
6397.20 4.3143
6397.25 4.3144
6397.30 4.3144
6397.35 4.3145
6397.40 4.3145
6397.45 4.3146
6397.50 4.3146
6397.55 4.3147
6397.60 4.3147
6397.65 4.3148
6397.70 4.3148
6397.75 4.3148
6397.80 4.3149
6397.85 4.3149
6397.90 4.3150
6397.95 4.3150
6398.00 4.3151
6398.05 4.3151
6398.10 4.3152
6398.15 4.3152
6398.20 4.3153
6398.25 4.3153
6398.30 4.3154
6398.35 4.3154
6398.40 4.3155
6398.45 4.3155
6398.50 4.3156
6398.55 4.3156
6398.60 4.3157
6398.65 4.3157
6398.70 4.3158
6398.75 4.3158
6398.80 4.3159
6398.85 4.3159
6398.90 4.3160
6398.95 4.3160
6399.00 4.3161
6399.05 4.3161
6399.10 4.3162
6399.15 4.3162
6399.20 4.3163
6399.25 4.3163
6399.30 4.3164
6399.35 4.3164
6399.40 4.3165
6399.45 4.3165
6399.50 4.3166
6399.55 4.3166
6399.60 4.3167
6399.65 4.3167
6399.70 4.3168
6399.75 4.3168
6399.80 4.3169
6399.85 4.3170
6399.90 4.3170
6399.95 4.3171
6400.00 4.3171
6400.05 4.3172
6400.10 4.3172
6400.15 4.3173
6400.20 4.3173
6400.25 4.3174
6400.30 4.3175
6400.35 4.3175
6400.40 4.3176
6400.45 4.3176
6400.50 4.3177
6400.55 4.3178
6400.60 4.3178
6400.65 4.3179
6400.70 4.3179
6400.75 4.3180
6400.80 4.3180
6400.85 4.3181
6400.90 4.3182
6400.95 4.3182
6401.00 4.3183
6401.05 4.3184
6401.10 4.3184
6401.15 4.3185
6401.20 4.3185
6401.25 4.3186
6401.30 4.3187
6401.35 4.3187
6401.40 4.3188
6401.45 4.3188
6401.50 4.3189
6401.55 4.3190
6401.60 4.3190
6401.65 4.3191
6401.70 4.3192
6401.75 4.3192
6401.80 4.3193
6401.85 4.3194
6401.90 4.3194
6401.95 4.3195
6402.00 4.3196
6402.05 4.3196
6402.10 4.3197
6402.15 4.3198
6402.20 4.3198
6402.25 4.3199
6402.30 4.3200
6402.35 4.3200
6402.40 4.3201
6402.45 4.3202
6402.50 4.3202
6402.55 4.3203
6402.60 4.3204
6402.65 4.3204
6402.70 4.3205
6402.75 4.3206
6402.80 4.3207
6402.85 4.3207
6402.90 4.3208
6402.95 4.3209
6403.00 4.3209
6403.05 4.3210
6403.10 4.3211
6403.15 4.3212
6403.20 4.3212
6403.25 4.3213
6403.30 4.3214
6403.35 4.3214
6403.40 4.3215
6403.45 4.3216
6403.50 4.3217
6403.55 4.3217
6403.60 4.3218
6403.65 4.3219
6403.70 4.3220
6403.75 4.3220
6403.80 4.3221
6403.85 4.3222
6403.90 4.3223
6403.95 4.3223
6404.00 4.3224
6404.05 4.3225
6404.10 4.3226
6404.15 4.3226
6404.20 4.3227
6404.25 4.3228
6404.30 4.3229
6404.35 4.3230
6404.40 4.3230
6404.45 4.3231
6404.50 4.3232
6404.55 4.3233
6404.60 4.3234
6404.65 4.3234
6404.70 4.3235
6404.75 4.3236
6404.80 4.3237
6404.85 4.3237
6404.90 4.3238
6404.95 4.3239
6405.00 4.3240
6405.05 4.3241
6405.10 4.3242
6405.15 4.3242
6405.20 4.3243
6405.25 4.3244
6405.30 4.3245
6405.35 4.3246
6405.40 4.3246
6405.45 4.3247
6405.50 4.3248
6405.55 4.3249
6405.60 4.3250
6405.65 4.3251
6405.70 4.3251
6405.75 4.3252
6405.80 4.3253
6405.85 4.3254
6405.90 4.3255
6405.95 4.3256
6406.00 4.3256
6406.05 4.3257
6406.10 4.3258
6406.15 4.3259
6406.20 4.3260
6406.25 4.3261
6406.30 4.3261
6406.35 4.3262
6406.40 4.3263
6406.45 4.3264
6406.50 4.3265
6406.55 4.3266
6406.60 4.3267
6406.65 4.3267
6406.70 4.3268
6406.75 4.3269
6406.80 4.3270
6406.85 4.3271
6406.90 4.3272
6406.95 4.3273
6407.00 4.3273
6407.05 4.3274
6407.10 4.3275
6407.15 4.3276
6407.20 4.3277
6407.25 4.3278
6407.30 4.3279
6407.35 4.3279
6407.40 4.3280
6407.45 4.3281
6407.50 4.3282
6407.55 4.3283
6407.60 4.3284
6407.65 4.3285
6407.70 4.3286
6407.75 4.3286
6407.80 4.3287
6407.85 4.3288
6407.90 4.3289
6407.95 4.3290
6408.00 4.3291
6408.05 4.3292
6408.10 4.3293
6408.15 4.3293
6408.20 4.3294
6408.25 4.3295
6408.30 4.3296
6408.35 4.3297
6408.40 4.3298
6408.45 4.3299
6408.50 4.3300
6408.55 4.3301
6408.60 4.3301
6408.65 4.3302
6408.70 4.3303
6408.75 4.3304
6408.80 4.3305
6408.85 4.3306
6408.90 4.3307
6408.95 4.3308
6409.00 4.3308
6409.05 4.3309
6409.10 4.3310
6409.15 4.3311
6409.20 4.3312
6409.25 4.3313
6409.30 4.3314
6409.35 4.3315
6409.40 4.3315
6409.45 4.3316
6409.50 4.3317
6409.55 4.3318
6409.60 4.3319
6409.65 4.3320
6409.70 4.3321
6409.75 4.3322
6409.80 4.3322
6409.85 4.3323
6409.90 4.3324
6409.95 4.3325
6410.00 4.3326
6410.05 4.3327
6410.10 4.3328
6410.15 4.3329
6410.20 4.3329
6410.25 4.3330
6410.30 4.3331
6410.35 4.3332
6410.40 4.3333
6410.45 4.3334
6410.50 4.3335
6410.55 4.3335
6410.60 4.3336
6410.65 4.3337
6410.70 4.3338
6410.75 4.3339
6410.80 4.3340
6410.85 4.3341
6410.90 4.3342
6410.95 4.3342
6411.00 4.3343
6411.05 4.3344
6411.10 4.3345
6411.15 4.3346
6411.20 4.3347
6411.25 4.3347
6411.30 4.3348
6411.35 4.3349
6411.40 4.3350
6411.45 4.3351
6411.50 4.3352
6411.55 4.3353
6411.60 4.3353
6411.65 4.3354
6411.70 4.3355
6411.75 4.3356
6411.80 4.3357
6411.85 4.3358
6411.90 4.3358
6411.95 4.3359
6412.00 4.3360
6412.05 4.3361
6412.10 4.3362
6412.15 4.3362
6412.20 4.3363
6412.25 4.3364
6412.30 4.3365
6412.35 4.3366
6412.40 4.3367
6412.45 4.3367
6412.50 4.3368
6412.55 4.3369
6412.60 4.3370
6412.65 4.3371
6412.70 4.3371
6412.75 4.3372
6412.80 4.3373
6412.85 4.3374
6412.90 4.3375
6412.95 4.3375
6413.00 4.3376
6413.05 4.3377
6413.10 4.3378
6413.15 4.3379
6413.20 4.3379
6413.25 4.3380
6413.30 4.3381
6413.35 4.3382
6413.40 4.3383
6413.45 4.3383
6413.50 4.3384
6413.55 4.3385
6413.60 4.3386
6413.65 4.3386
6413.70 4.3387
6413.75 4.3388
6413.80 4.3389
6413.85 4.3389
6413.90 4.3390
6413.95 4.3391
6414.00 4.3392
6414.05 4.3393
6414.10 4.3393
6414.15 4.3394
6414.20 4.3395
6414.25 4.3396
6414.30 4.3396
6414.35 4.3397
6414.40 4.3398
6414.45 4.3399
6414.50 4.3399
6414.55 4.3400
6414.60 4.3401
6414.65 4.3401
6414.70 4.3402
6414.75 4.3403
6414.80 4.3404
6414.85 4.3404
6414.90 4.3405
6414.95 4.3406
6415.00 4.3407
6415.05 4.3407
6415.10 4.3408
6415.15 4.3409
6415.20 4.3409
6415.25 4.3410
6415.30 4.3411
6415.35 4.3412
6415.40 4.3412
6415.45 4.3413
6415.50 4.3414
6415.55 4.3414
6415.60 4.3415
6415.65 4.3416
6415.70 4.3417
6415.75 4.3417
6415.80 4.3418
6415.85 4.3419
6415.90 4.3419
6415.95 4.3420
6416.00 4.3421
6416.05 4.3421
6416.10 4.3422
6416.15 4.3423
6416.20 4.3423
6416.25 4.3424
6416.30 4.3425
6416.35 4.3425
6416.40 4.3426
6416.45 4.3427
6416.50 4.3428
6416.55 4.3428
6416.60 4.3429
6416.65 4.3430
6416.70 4.3430
6416.75 4.3431
6416.80 4.3432
6416.85 4.3432
6416.90 4.3433
6416.95 4.3434
6417.00 4.3434
6417.05 4.3435
6417.10 4.3436
6417.15 4.3436
6417.20 4.3437
6417.25 4.3438
6417.30 4.3438
6417.35 4.3439
6417.40 4.3440
6417.45 4.3440
6417.50 4.3441
6417.55 4.3441
6417.60 4.3442
6417.65 4.3443
6417.70 4.3443
6417.75 4.3444
6417.80 4.3445
6417.85 4.3445
6417.90 4.3446
6417.95 4.3447
6418.00 4.3447
6418.05 4.3448
6418.10 4.3449
6418.15 4.3449
6418.20 4.3450
6418.25 4.3451
6418.30 4.3451
6418.35 4.3452
6418.40 4.3453
6418.45 4.3453
6418.50 4.3454
6418.55 4.3454
6418.60 4.3455
6418.65 4.3456
6418.70 4.3456
6418.75 4.3457
6418.80 4.3458
6418.85 4.3458
6418.90 4.3459
6418.95 4.3460
6419.00 4.3460
6419.05 4.3461
6419.10 4.3462
6419.15 4.3462
6419.20 4.3463
6419.25 4.3463
6419.30 4.3464
6419.35 4.3465
6419.40 4.3465
6419.45 4.3466
6419.50 4.3467
6419.55 4.3467
6419.60 4.3468
6419.65 4.3469
6419.70 4.3469
6419.75 4.3470
6419.80 4.3471
6419.85 4.3471
6419.90 4.3472
6419.95 4.3473
6420.00 4.3473
6420.05 4.3474
6420.10 4.3474
6420.15 4.3475
6420.20 4.3476
6420.25 4.3476
6420.30 4.3477
6420.35 4.3478
6420.40 4.3478
6420.45 4.3479
6420.50 4.3480
6420.55 4.3480
6420.60 4.3481
6420.65 4.3482
6420.70 4.3482
6420.75 4.3483
6420.80 4.3484
6420.85 4.3484
6420.90 4.3485
6420.95 4.3486
6421.00 4.3486
6421.05 4.3487
6421.10 4.3488
6421.15 4.3489
6421.20 4.3489
6421.25 4.3490
6421.30 4.3491
6421.35 4.3491
6421.40 4.3492
6421.45 4.3493
6421.50 4.3493
6421.55 4.3494
6421.60 4.3495
6421.65 4.3495
6421.70 4.3496
6421.75 4.3497
6421.80 4.3498
6421.85 4.3498
6421.90 4.3499
6421.95 4.3500
6422.00 4.3500
6422.05 4.3501
6422.10 4.3502
6422.15 4.3503
6422.20 4.3503
6422.25 4.3504
6422.30 4.3505
6422.35 4.3506
6422.40 4.3506
6422.45 4.3507
6422.50 4.3508
6422.55 4.3509
6422.60 4.3509
6422.65 4.3510
6422.70 4.3511
6422.75 4.3512
6422.80 4.3512
6422.85 4.3513
6422.90 4.3514
6422.95 4.3515
6423.00 4.3515
6423.05 4.3516
6423.10 4.3517
6423.15 4.3518
6423.20 4.3519
6423.25 4.3519
6423.30 4.3520
6423.35 4.3521
6423.40 4.3522
6423.45 4.3522
6423.50 4.3523
6423.55 4.3524
6423.60 4.3525
6423.65 4.3526
6423.70 4.3527
6423.75 4.3527
6423.80 4.3528
6423.85 4.3529
6423.90 4.3530
6423.95 4.3531
6424.00 4.3532
6424.05 4.3532
6424.10 4.3533
6424.15 4.3534
6424.20 4.3535
6424.25 4.3536
6424.30 4.3537
6424.35 4.3538
6424.40 4.3538
6424.45 4.3539
6424.50 4.3540
6424.55 4.3541
6424.60 4.3542
6424.65 4.3543
6424.70 4.3544
6424.75 4.3545
6424.80 4.3546
6424.85 4.3546
6424.90 4.3547
6424.95 4.3548
6425.00 4.3549
6425.05 4.3550
6425.10 4.3551
6425.15 4.3552
6425.20 4.3553
6425.25 4.3554
6425.30 4.3555
6425.35 4.3556
6425.40 4.3557
6425.45 4.3558
6425.50 4.3559
6425.55 4.3560
6425.60 4.3561
6425.65 4.3562
6425.70 4.3563
6425.75 4.3564
6425.80 4.3565
6425.85 4.3566
6425.90 4.3567
6425.95 4.3568
6426.00 4.3569
6426.05 4.3570
6426.10 4.3571
6426.15 4.3572
6426.20 4.3573
6426.25 4.3574
6426.30 4.3575
6426.35 4.3576
6426.40 4.3577
6426.45 4.3578
6426.50 4.3579
6426.55 4.3580
6426.60 4.3581
6426.65 4.3582
6426.70 4.3583
6426.75 4.3584
6426.80 4.3585
6426.85 4.3586
6426.90 4.3587
6426.95 4.3589
6427.00 4.3590
6427.05 4.3591
6427.10 4.3592
6427.15 4.3593
6427.20 4.3594
6427.25 4.3595
6427.30 4.3596
6427.35 4.3597
6427.40 4.3599
6427.45 4.3600
6427.50 4.3601
6427.55 4.3602
6427.60 4.3603
6427.65 4.3604
6427.70 4.3606
6427.75 4.3607
6427.80 4.3608
6427.85 4.3609
6427.90 4.3610
6427.95 4.3611
6428.00 4.3613
6428.05 4.3614
6428.10 4.3615
6428.15 4.3616
6428.20 4.3617
6428.25 4.3619
6428.30 4.3620
6428.35 4.3621
6428.40 4.3622
6428.45 4.3624
6428.50 4.3625
6428.55 4.3626
6428.60 4.3627
6428.65 4.3629
6428.70 4.3630
6428.75 4.3631
6428.80 4.3632
6428.85 4.3634
6428.90 4.3635
6428.95 4.3636
6429.00 4.3637
6429.05 4.3639
6429.10 4.3640
6429.15 4.3641
6429.20 4.3643
6429.25 4.3644
6429.30 4.3645
6429.35 4.3647
6429.40 4.3648
6429.45 4.3649
6429.50 4.3651
6429.55 4.3652
6429.60 4.3653
6429.65 4.3655
6429.70 4.3656
6429.75 4.3657
6429.80 4.3659
6429.85 4.3660
6429.90 4.3661
6429.95 4.3663
6430.00 4.3664
6430.05 4.3665
6430.10 4.3667
6430.15 4.3668
6430.20 4.3669
6430.25 4.3671
6430.30 4.3672
6430.35 4.3674
6430.40 4.3675
6430.45 4.3676
6430.50 4.3678
6430.55 4.3679
6430.60 4.3681
6430.65 4.3682
6430.70 4.3684
6430.75 4.3685
6430.80 4.3686
6430.85 4.3688
6430.90 4.3689
6430.95 4.3691
6431.00 4.3692
6431.05 4.3694
6431.10 4.3695
6431.15 4.3696
6431.20 4.3698
6431.25 4.3699
6431.30 4.3701
6431.35 4.3702
6431.40 4.3704
6431.45 4.3705
6431.50 4.3707
6431.55 4.3708
6431.60 4.3710
6431.65 4.3711
6431.70 4.3713
6431.75 4.3714
6431.80 4.3716
6431.85 4.3717
6431.90 4.3719
6431.95 4.3720
6432.00 4.3722
6432.05 4.3723
6432.10 4.3725
6432.15 4.3726
6432.20 4.3728
6432.25 4.3729
6432.30 4.3731
6432.35 4.3732
6432.40 4.3734
6432.45 4.3735
6432.50 4.3737
6432.55 4.3738
6432.60 4.3740
6432.65 4.3742
6432.70 4.3743
6432.75 4.3745
6432.80 4.3746
6432.85 4.3748
6432.90 4.3749
6432.95 4.3751
6433.00 4.3752
6433.05 4.3754
6433.10 4.3756
6433.15 4.3757
6433.20 4.3759
6433.25 4.3760
6433.30 4.3762
6433.35 4.3764
6433.40 4.3765
6433.45 4.3767
6433.50 4.3768
6433.55 4.3770
6433.60 4.3771
6433.65 4.3773
6433.70 4.3775
6433.75 4.3776
6433.80 4.3778
6433.85 4.3779
6433.90 4.3781
6433.95 4.3783
6434.00 4.3784
6434.05 4.3786
6434.10 4.3787
6434.15 4.3789
6434.20 4.3791
6434.25 4.3792
6434.30 4.3794
6434.35 4.3796
6434.40 4.3797
6434.45 4.3799
6434.50 4.3800
6434.55 4.3802
6434.60 4.3804
6434.65 4.3805
6434.70 4.3807
6434.75 4.3809
6434.80 4.3810
6434.85 4.3812
6434.90 4.3814
6434.95 4.3815
6435.00 4.3817
6435.05 4.3818
6435.10 4.3820
6435.15 4.3822
6435.20 4.3823
6435.25 4.3825
6435.30 4.3827
6435.35 4.3828
6435.40 4.3830
6435.45 4.3832
6435.50 4.3833
6435.55 4.3835
6435.60 4.3837
6435.65 4.3838
6435.70 4.3840
6435.75 4.3842
6435.80 4.3843
6435.85 4.3845
6435.90 4.3847
6435.95 4.3848
6436.00 4.3850
6436.05 4.3852
6436.10 4.3853
6436.15 4.3855
6436.20 4.3857
6436.25 4.3858
6436.30 4.3860
6436.35 4.3862
6436.40 4.3863
6436.45 4.3865
6436.50 4.3867
6436.55 4.3868
6436.60 4.3870
6436.65 4.3872
6436.70 4.3873
6436.75 4.3875
6436.80 4.3877
6436.85 4.3878
6436.90 4.3880
6436.95 4.3882
6437.00 4.3883
6437.05 4.3885
6437.10 4.3887
6437.15 4.3888
6437.20 4.3890
6437.25 4.3892
6437.30 4.3893
6437.35 4.3895
6437.40 4.3897
6437.45 4.3899
6437.50 4.3900
6437.55 4.3902
6437.60 4.3904
6437.65 4.3905
6437.70 4.3907
6437.75 4.3909
6437.80 4.3910
6437.85 4.3912
6437.90 4.3914
6437.95 4.3915
6438.00 4.3917
6438.05 4.3919
6438.10 4.3921
6438.15 4.3922
6438.20 4.3924
6438.25 4.3926
6438.30 4.3927
6438.35 4.3929
6438.40 4.3931
6438.45 4.3932
6438.50 4.3934
6438.55 4.3936
6438.60 4.3937
6438.65 4.3939
6438.70 4.3941
6438.75 4.3943
6438.80 4.3944
6438.85 4.3946
6438.90 4.3948
6438.95 4.3949
6439.00 4.3951
6439.05 4.3953
6439.10 4.3954
6439.15 4.3956
6439.20 4.3958
6439.25 4.3959
6439.30 4.3961
6439.35 4.3963
6439.40 4.3965
6439.45 4.3966
6439.50 4.3968
6439.55 4.3970
6439.60 4.3971
6439.65 4.3973
6439.70 4.3975
6439.75 4.3976
6439.80 4.3978
6439.85 4.3980
6439.90 4.3981
6439.95 4.3983
6440.00 4.3985
6440.05 4.3987
6440.10 4.3988
6440.15 4.3990
6440.20 4.3992
6440.25 4.3993
6440.30 4.3995
6440.35 4.3997
6440.40 4.3998
6440.45 4.4000
6440.50 4.4002
6440.55 4.4003
6440.60 4.4005
6440.65 4.4007
6440.70 4.4008
6440.75 4.4010
6440.80 4.4012
6440.85 4.4014
6440.90 4.4015
6440.95 4.4017
6441.00 4.4019
6441.05 4.4020
6441.10 4.4022
6441.15 4.4024
6441.20 4.4025
6441.25 4.4027
6441.30 4.4029
6441.35 4.4030
6441.40 4.4032
6441.45 4.4034
6441.50 4.4035
6441.55 4.4037
6441.60 4.4039
6441.65 4.4040
6441.70 4.4042
6441.75 4.4044
6441.80 4.4045
6441.85 4.4047
6441.90 4.4049
6441.95 4.4050
6442.00 4.4052
6442.05 4.4054
6442.10 4.4055
6442.15 4.4057
6442.20 4.4059
6442.25 4.4060
6442.30 4.4062
6442.35 4.4064
6442.40 4.4065
6442.45 4.4067
6442.50 4.4069
6442.55 4.4070
6442.60 4.4072
6442.65 4.4073
6442.70 4.4075
6442.75 4.4077
6442.80 4.4078
6442.85 4.4080
6442.90 4.4082
6442.95 4.4083
6443.00 4.4085
6443.05 4.4087
6443.10 4.4088
6443.15 4.4090
6443.20 4.4091
6443.25 4.4093
6443.30 4.4095
6443.35 4.4096
6443.40 4.4098
6443.45 4.4100
6443.50 4.4101
6443.55 4.4103
6443.60 4.4104
6443.65 4.4106
6443.70 4.4108
6443.75 4.4109
6443.80 4.4111
6443.85 4.4112
6443.90 4.4114
6443.95 4.4116
6444.00 4.4117
6444.05 4.4119
6444.10 4.4120
6444.15 4.4122
6444.20 4.4123
6444.25 4.4125
6444.30 4.4127
6444.35 4.4128
6444.40 4.4130
6444.45 4.4131
6444.50 4.4133
6444.55 4.4134
6444.60 4.4136
6444.65 4.4138
6444.70 4.4139
6444.75 4.4141
6444.80 4.4142
6444.85 4.4144
6444.90 4.4145
6444.95 4.4147
6445.00 4.4148
6445.05 4.4150
6445.10 4.4151
6445.15 4.4153
6445.20 4.4154
6445.25 4.4156
6445.30 4.4157
6445.35 4.4159
6445.40 4.4160
6445.45 4.4162
6445.50 4.4163
6445.55 4.4165
6445.60 4.4166
6445.65 4.4168
6445.70 4.4169
6445.75 4.4171
6445.80 4.4172
6445.85 4.4174
6445.90 4.4175
6445.95 4.4176
6446.00 4.4178
6446.05 4.4179
6446.10 4.4181
6446.15 4.4182
6446.20 4.4184
6446.25 4.4185
6446.30 4.4186
6446.35 4.4188
6446.40 4.4189
6446.45 4.4191
6446.50 4.4192
6446.55 4.4193
6446.60 4.4195
6446.65 4.4196
6446.70 4.4197
6446.75 4.4199
6446.80 4.4200
6446.85 4.4201
6446.90 4.4203
6446.95 4.4204
6447.00 4.4205
6447.05 4.4207
6447.10 4.4208
6447.15 4.4209
6447.20 4.4211
6447.25 4.4212
6447.30 4.4213
6447.35 4.4215
6447.40 4.4216
6447.45 4.4217
6447.50 4.4218
6447.55 4.4220
6447.60 4.4221
6447.65 4.4222
6447.70 4.4223
6447.75 4.4225
6447.80 4.4226
6447.85 4.4227
6447.90 4.4228
6447.95 4.4229
6448.00 4.4230
6448.05 4.4232
6448.10 4.4233
6448.15 4.4234
6448.20 4.4235
6448.25 4.4236
6448.30 4.4237
6448.35 4.4239
6448.40 4.4240
6448.45 4.4241
6448.50 4.4242
6448.55 4.4243
6448.60 4.4244
6448.65 4.4245
6448.70 4.4246
6448.75 4.4247
6448.80 4.4248
6448.85 4.4249
6448.90 4.4250
6448.95 4.4251
6449.00 4.4252
6449.05 4.4253
6449.10 4.4254
6449.15 4.4255
6449.20 4.4256
6449.25 4.4257
6449.30 4.4258
6449.35 4.4259
6449.40 4.4260
6449.45 4.4261
6449.50 4.4262
6449.55 4.4263
6449.60 4.4264
6449.65 4.4264
6449.70 4.4265
6449.75 4.4266
6449.80 4.4267
6449.85 4.4268
6449.90 4.4269
6449.95 4.4269
6450.00 4.4270
6450.05 4.4271
6450.10 4.4272
6450.15 4.4272
6450.20 4.4273
6450.25 4.4274
6450.30 4.4275
6450.35 4.4275
6450.40 4.4276
6450.45 4.4277
6450.50 4.4277
6450.55 4.4278
6450.60 4.4279
6450.65 4.4279
6450.70 4.4280
6450.75 4.4281
6450.80 4.4281
6450.85 4.4282
6450.90 4.4282
6450.95 4.4283
6451.00 4.4283
6451.05 4.4284
6451.10 4.4284
6451.15 4.4285
6451.20 4.4285
6451.25 4.4286
6451.30 4.4286
6451.35 4.4287
6451.40 4.4287
6451.45 4.4288
6451.50 4.4288
6451.55 4.4289
6451.60 4.4289
6451.65 4.4289
6451.70 4.4290
6451.75 4.4290
6451.80 4.4290
6451.85 4.4291
6451.90 4.4291
6451.95 4.4291
6452.00 4.4291
6452.05 4.4292
6452.10 4.4292
6452.15 4.4292
6452.20 4.4292
6452.25 4.4293
6452.30 4.4293
6452.35 4.4293
6452.40 4.4293
6452.45 4.4293
6452.50 4.4293
6452.55 4.4293
6452.60 4.4293
6452.65 4.4293
6452.70 4.4294
6452.75 4.4294
6452.80 4.4294
6452.85 4.4294
6452.90 4.4294
6452.95 4.4294
6453.00 4.4294
6453.05 4.4293
6453.10 4.4293
6453.15 4.4293
6453.20 4.4293
6453.25 4.4293
6453.30 4.4293
6453.35 4.4293
6453.40 4.4293
6453.45 4.4292
6453.50 4.4292
6453.55 4.4292
6453.60 4.4292
6453.65 4.4291
6453.70 4.4291
6453.75 4.4291
6453.80 4.4291
6453.85 4.4290
6453.90 4.4290
6453.95 4.4290
6454.00 4.4289
6454.05 4.4289
6454.10 4.4288
6454.15 4.4288
6454.20 4.4288
6454.25 4.4287
6454.30 4.4287
6454.35 4.4286
6454.40 4.4286
6454.45 4.4285
6454.50 4.4285
6454.55 4.4284
6454.60 4.4283
6454.65 4.4283
6454.70 4.4282
6454.75 4.4281
6454.80 4.4281
6454.85 4.4280
6454.90 4.4279
6454.95 4.4279
6455.00 4.4278
6455.05 4.4277
6455.10 4.4277
6455.15 4.4276
6455.20 4.4275
6455.25 4.4274
6455.30 4.4273
6455.35 4.4272
6455.40 4.4272
6455.45 4.4271
6455.50 4.4270
6455.55 4.4269
6455.60 4.4268
6455.65 4.4267
6455.70 4.4266
6455.75 4.4265
6455.80 4.4264
6455.85 4.4263
6455.90 4.4262
6455.95 4.4261
6456.00 4.4260
6456.05 4.4259
6456.10 4.4258
6456.15 4.4256
6456.20 4.4255
6456.25 4.4254
6456.30 4.4253
6456.35 4.4252
6456.40 4.4250
6456.45 4.4249
6456.50 4.4248
6456.55 4.4247
6456.60 4.4245
6456.65 4.4244
6456.70 4.4243
6456.75 4.4241
6456.80 4.4240
6456.85 4.4238
6456.90 4.4237
6456.95 4.4236
6457.00 4.4234
6457.05 4.4233
6457.10 4.4231
6457.15 4.4230
6457.20 4.4228
6457.25 4.4227
6457.30 4.4225
6457.35 4.4223
6457.40 4.4222
6457.45 4.4220
6457.50 4.4219
6457.55 4.4217
6457.60 4.4215
6457.65 4.4214
6457.70 4.4212
6457.75 4.4210
6457.80 4.4208
6457.85 4.4207
6457.90 4.4205
6457.95 4.4203
6458.00 4.4201
6458.05 4.4199
6458.10 4.4198
6458.15 4.4196
6458.20 4.4194
6458.25 4.4192
6458.30 4.4190
6458.35 4.4188
6458.40 4.4186
6458.45 4.4184
6458.50 4.4182
6458.55 4.4180
6458.60 4.4178
6458.65 4.4176
6458.70 4.4174
6458.75 4.4172
6458.80 4.4170
6458.85 4.4168
6458.90 4.4165
6458.95 4.4163
6459.00 4.4161
6459.05 4.4159
6459.10 4.4157
6459.15 4.4154
6459.20 4.4152
6459.25 4.4150
6459.30 4.4148
6459.35 4.4145
6459.40 4.4143
6459.45 4.4141
6459.50 4.4138
6459.55 4.4136
6459.60 4.4134
6459.65 4.4131
6459.70 4.4129
6459.75 4.4126
6459.80 4.4124
6459.85 4.4122
6459.90 4.4119
6459.95 4.4117
6460.00 4.4114
6460.05 4.4112
6460.10 4.4109
6460.15 4.4106
6460.20 4.4104
6460.25 4.4101
6460.30 4.4099
6460.35 4.4096
6460.40 4.4093
6460.45 4.4091
6460.50 4.4088
6460.55 4.4085
6460.60 4.4083
6460.65 4.4080
6460.70 4.4077
6460.75 4.4074
6460.80 4.4072
6460.85 4.4069
6460.90 4.4066
6460.95 4.4063
6461.00 4.4060
6461.05 4.4058
6461.10 4.4055
6461.15 4.4052
6461.20 4.4049
6461.25 4.4046
6461.30 4.4043
6461.35 4.4040
6461.40 4.4037
6461.45 4.4034
6461.50 4.4031
6461.55 4.4028
6461.60 4.4025
6461.65 4.4022
6461.70 4.4019
6461.75 4.4016
6461.80 4.4013
6461.85 4.4010
6461.90 4.4007
6461.95 4.4004
6462.00 4.4001
6462.05 4.3998
6462.10 4.3994
6462.15 4.3991
6462.20 4.3988
6462.25 4.3985
6462.30 4.3982
6462.35 4.3978
6462.40 4.3975
6462.45 4.3972
6462.50 4.3969
6462.55 4.3965
6462.60 4.3962
6462.65 4.3959
6462.70 4.3955
6462.75 4.3952
6462.80 4.3949
6462.85 4.3945
6462.90 4.3942
6462.95 4.3939
6463.00 4.3935
6463.05 4.3932
6463.10 4.3929
6463.15 4.3925
6463.20 4.3922
6463.25 4.3918
6463.30 4.3915
6463.35 4.3911
6463.40 4.3908
6463.45 4.3904
6463.50 4.3901
6463.55 4.3897
6463.60 4.3894
6463.65 4.3890
6463.70 4.3887
6463.75 4.3883
6463.80 4.3879
6463.85 4.3876
6463.90 4.3872
6463.95 4.3869
6464.00 4.3865
6464.05 4.3861
6464.10 4.3858
6464.15 4.3854
6464.20 4.3850
6464.25 4.3847
6464.30 4.3843
6464.35 4.3839
6464.40 4.3835
6464.45 4.3832
6464.50 4.3828
6464.55 4.3824
6464.60 4.3821
6464.65 4.3817
6464.70 4.3813
6464.75 4.3809
6464.80 4.3805
6464.85 4.3802
6464.90 4.3798
6464.95 4.3794
6465.00 4.3790
6465.05 4.3786
6465.10 4.3782
6465.15 4.3779
6465.20 4.3775
6465.25 4.3771
6465.30 4.3767
6465.35 4.3763
6465.40 4.3759
6465.45 4.3755
6465.50 4.3751
6465.55 4.3747
6465.60 4.3743
6465.65 4.3739
6465.70 4.3735
6465.75 4.3731
6465.80 4.3727
6465.85 4.3723
6465.90 4.3719
6465.95 4.3715
6466.00 4.3711
6466.05 4.3707
6466.10 4.3703
6466.15 4.3699
6466.20 4.3695
6466.25 4.3691
6466.30 4.3687
6466.35 4.3683
6466.40 4.3679
6466.45 4.3675
6466.50 4.3671
6466.55 4.3667
6466.60 4.3663
6466.65 4.3658
6466.70 4.3654
6466.75 4.3650
6466.80 4.3646
6466.85 4.3642
6466.90 4.3638
6466.95 4.3634
6467.00 4.3629
6467.05 4.3625
6467.10 4.3621
6467.15 4.3617
6467.20 4.3613
6467.25 4.3608
6467.30 4.3604
6467.35 4.3600
6467.40 4.3596
6467.45 4.3592
6467.50 4.3587
6467.55 4.3583
6467.60 4.3579
6467.65 4.3575
6467.70 4.3570
6467.75 4.3566
6467.80 4.3562
6467.85 4.3557
6467.90 4.3553
6467.95 4.3549
6468.00 4.3545
6468.05 4.3540
6468.10 4.3536
6468.15 4.3532
6468.20 4.3527
6468.25 4.3523
6468.30 4.3519
6468.35 4.3514
6468.40 4.3510
6468.45 4.3506
6468.50 4.3501
6468.55 4.3497
6468.60 4.3493
6468.65 4.3488
6468.70 4.3484
6468.75 4.3480
6468.80 4.3475
6468.85 4.3471
6468.90 4.3466
6468.95 4.3462
6469.00 4.3458
6469.05 4.3453
6469.10 4.3449
6469.15 4.3444
6469.20 4.3440
6469.25 4.3436
6469.30 4.3431
6469.35 4.3427
6469.40 4.3422
6469.45 4.3418
6469.50 4.3413
6469.55 4.3409
6469.60 4.3405
6469.65 4.3400
6469.70 4.3396
6469.75 4.3391
6469.80 4.3387
6469.85 4.3382
6469.90 4.3378
6469.95 4.3373
6470.00 4.3369
6470.05 4.3365
6470.10 4.3360
6470.15 4.3356
6470.20 4.3351
6470.25 4.3347
6470.30 4.3342
6470.35 4.3338
6470.40 4.3333
6470.45 4.3329
6470.50 4.3324
6470.55 4.3320
6470.60 4.3315
6470.65 4.3311
6470.70 4.3306
6470.75 4.3302
6470.80 4.3297
6470.85 4.3293
6470.90 4.3288
6470.95 4.3284
6471.00 4.3279
6471.05 4.3275
6471.10 4.3270
6471.15 4.3266
6471.20 4.3261
6471.25 4.3256
6471.30 4.3252
6471.35 4.3247
6471.40 4.3243
6471.45 4.3238
6471.50 4.3234
6471.55 4.3229
6471.60 4.3225
6471.65 4.3220
6471.70 4.3216
6471.75 4.3211
6471.80 4.3207
6471.85 4.3202
6471.90 4.3197
6471.95 4.3193
6472.00 4.3188
6472.05 4.3184
6472.10 4.3179
6472.15 4.3175
6472.20 4.3170
6472.25 4.3166
6472.30 4.3161
6472.35 4.3157
6472.40 4.3152
6472.45 4.3147
6472.50 4.3143
6472.55 4.3138
6472.60 4.3134
6472.65 4.3129
6472.70 4.3125
6472.75 4.3120
6472.80 4.3116
6472.85 4.3111
6472.90 4.3106
6472.95 4.3102
6473.00 4.3097
6473.05 4.3093
6473.10 4.3088
6473.15 4.3084
6473.20 4.3079
6473.25 4.3075
6473.30 4.3070
6473.35 4.3066
6473.40 4.3061
6473.45 4.3056
6473.50 4.3052
6473.55 4.3047
6473.60 4.3043
6473.65 4.3038
6473.70 4.3034
6473.75 4.3029
6473.80 4.3025
6473.85 4.3020
6473.90 4.3016
6473.95 4.3011
6474.00 4.3006
6474.05 4.3002
6474.10 4.2997
6474.15 4.2993
6474.20 4.2988
6474.25 4.2984
6474.30 4.2979
6474.35 4.2975
6474.40 4.2970
6474.45 4.2966
6474.50 4.2961
6474.55 4.2957
6474.60 4.2952
6474.65 4.2948
6474.70 4.2943
6474.75 4.2939
6474.80 4.2934
6474.85 4.2930
6474.90 4.2925
6474.95 4.2921
6475.00 4.2916
6475.05 4.2912
6475.10 4.2907
6475.15 4.2903
6475.20 4.2898
6475.25 4.2894
6475.30 4.2889
6475.35 4.2885
6475.40 4.2880
6475.45 4.2876
6475.50 4.2871
6475.55 4.2867
6475.60 4.2862
6475.65 4.2858
6475.70 4.2853
6475.75 4.2849
6475.80 4.2845
6475.85 4.2840
6475.90 4.2836
6475.95 4.2831
6476.00 4.2827
6476.05 4.2822
6476.10 4.2818
6476.15 4.2813
6476.20 4.2809
6476.25 4.2805
6476.30 4.2800
6476.35 4.2796
6476.40 4.2791
6476.45 4.2787
6476.50 4.2783
6476.55 4.2778
6476.60 4.2774
6476.65 4.2769
6476.70 4.2765
6476.75 4.2761
6476.80 4.2756
6476.85 4.2752
6476.90 4.2748
6476.95 4.2743
6477.00 4.2739
6477.05 4.2735
6477.10 4.2730
6477.15 4.2726
6477.20 4.2722
6477.25 4.2717
6477.30 4.2713
6477.35 4.2709
6477.40 4.2704
6477.45 4.2700
6477.50 4.2696
6477.55 4.2691
6477.60 4.2687
6477.65 4.2683
6477.70 4.2679
6477.75 4.2674
6477.80 4.2670
6477.85 4.2666
6477.90 4.2661
6477.95 4.2657
6478.00 4.2653
6478.05 4.2649
6478.10 4.2645
6478.15 4.2640
6478.20 4.2636
6478.25 4.2632
6478.30 4.2628
6478.35 4.2623
6478.40 4.2619
6478.45 4.2615
6478.50 4.2611
6478.55 4.2607
6478.60 4.2603
6478.65 4.2598
6478.70 4.2594
6478.75 4.2590
6478.80 4.2586
6478.85 4.2582
6478.90 4.2578
6478.95 4.2574
6479.00 4.2570
6479.05 4.2566
6479.10 4.2561
6479.15 4.2557
6479.20 4.2553
6479.25 4.2549
6479.30 4.2545
6479.35 4.2541
6479.40 4.2537
6479.45 4.2533
6479.50 4.2529
6479.55 4.2525
6479.60 4.2521
6479.65 4.2517
6479.70 4.2513
6479.75 4.2509
6479.80 4.2505
6479.85 4.2501
6479.90 4.2497
6479.95 4.2493
6480.00 4.2489
6480.05 4.2485
6480.10 4.2481
6480.15 4.2477
6480.20 4.2474
6480.25 4.2470
6480.30 4.2466
6480.35 4.2462
6480.40 4.2458
6480.45 4.2454
6480.50 4.2450
6480.55 4.2447
6480.60 4.2443
6480.65 4.2439
6480.70 4.2435
6480.75 4.2431
6480.80 4.2427
6480.85 4.2424
6480.90 4.2420
6480.95 4.2416
6481.00 4.2412
6481.05 4.2409
6481.10 4.2405
6481.15 4.2401
6481.20 4.2398
6481.25 4.2394
6481.30 4.2390
6481.35 4.2387
6481.40 4.2383
6481.45 4.2379
6481.50 4.2376
6481.55 4.2372
6481.60 4.2368
6481.65 4.2365
6481.70 4.2361
6481.75 4.2357
6481.80 4.2354
6481.85 4.2350
6481.90 4.2347
6481.95 4.2343
6482.00 4.2340
6482.05 4.2336
6482.10 4.2333
6482.15 4.2329
6482.20 4.2326
6482.25 4.2322
6482.30 4.2319
6482.35 4.2315
6482.40 4.2312
6482.45 4.2308
6482.50 4.2305
6482.55 4.2302
6482.60 4.2298
6482.65 4.2295
6482.70 4.2292
6482.75 4.2288
6482.80 4.2285
6482.85 4.2282
6482.90 4.2278
6482.95 4.2275
6483.00 4.2272
6483.05 4.2268
6483.10 4.2265
6483.15 4.2262
6483.20 4.2259
6483.25 4.2255
6483.30 4.2252
6483.35 4.2249
6483.40 4.2246
6483.45 4.2243
6483.50 4.2239
6483.55 4.2236
6483.60 4.2233
6483.65 4.2230
6483.70 4.2227
6483.75 4.2224
6483.80 4.2221
6483.85 4.2218
6483.90 4.2215
6483.95 4.2212
6484.00 4.2209
6484.05 4.2206
6484.10 4.2203
6484.15 4.2200
6484.20 4.2197
6484.25 4.2194
6484.30 4.2191
6484.35 4.2188
6484.40 4.2185
6484.45 4.2182
6484.50 4.2179
6484.55 4.2176
6484.60 4.2173
6484.65 4.2171
6484.70 4.2168
6484.75 4.2165
6484.80 4.2162
6484.85 4.2159
6484.90 4.2157
6484.95 4.2154
6485.00 4.2151
6485.05 4.2148
6485.10 4.2146
6485.15 4.2143
6485.20 4.2140
6485.25 4.2138
6485.30 4.2135
6485.35 4.2132
6485.40 4.2130
6485.45 4.2127
6485.50 4.2125
6485.55 4.2122
6485.60 4.2119
6485.65 4.2117
6485.70 4.2114
6485.75 4.2112
6485.80 4.2109
6485.85 4.2107
6485.90 4.2104
6485.95 4.2102
6486.00 4.2100
6486.05 4.2097
6486.10 4.2095
6486.15 4.2092
6486.20 4.2090
6486.25 4.2088
6486.30 4.2085
6486.35 4.2083
6486.40 4.2081
6486.45 4.2078
6486.50 4.2076
6486.55 4.2074
6486.60 4.2072
6486.65 4.2069
6486.70 4.2067
6486.75 4.2065
6486.80 4.2063
6486.85 4.2061
6486.90 4.2058
6486.95 4.2056
6487.00 4.2054
6487.05 4.2052
6487.10 4.2050
6487.15 4.2048
6487.20 4.2046
6487.25 4.2044
6487.30 4.2042
6487.35 4.2040
6487.40 4.2038
6487.45 4.2036
6487.50 4.2034
6487.55 4.2032
6487.60 4.2030
6487.65 4.2028
6487.70 4.2026
6487.75 4.2024
6487.80 4.2022
6487.85 4.2021
6487.90 4.2019
6487.95 4.2017
6488.00 4.2015
6488.05 4.2013
6488.10 4.2012
6488.15 4.2010
6488.20 4.2008
6488.25 4.2006
6488.30 4.2005
6488.35 4.2003
6488.40 4.2001
6488.45 4.2000
6488.50 4.1998
6488.55 4.1996
6488.60 4.1995
6488.65 4.1993
6488.70 4.1992
6488.75 4.1990
6488.80 4.1989
6488.85 4.1987
6488.90 4.1986
6488.95 4.1984
6489.00 4.1983
6489.05 4.1981
6489.10 4.1980
6489.15 4.1978
6489.20 4.1977
6489.25 4.1976
6489.30 4.1974
6489.35 4.1973
6489.40 4.1971
6489.45 4.1970
6489.50 4.1969
6489.55 4.1968
6489.60 4.1966
6489.65 4.1965
6489.70 4.1964
6489.75 4.1963
6489.80 4.1961
6489.85 4.1960
6489.90 4.1959
6489.95 4.1958
6490.00 4.1957
6490.05 4.1956
6490.10 4.1954
6490.15 4.1953
6490.20 4.1952
6490.25 4.1951
6490.30 4.1950
6490.35 4.1949
6490.40 4.1948
6490.45 4.1947
6490.50 4.1946
6490.55 4.1945
6490.60 4.1944
6490.65 4.1943
6490.70 4.1942
6490.75 4.1941
6490.80 4.1940
6490.85 4.1940
6490.90 4.1939
6490.95 4.1938
6491.00 4.1937
6491.05 4.1936
6491.10 4.1935
6491.15 4.1935
6491.20 4.1934
6491.25 4.1933
6491.30 4.1932
6491.35 4.1932
6491.40 4.1931
6491.45 4.1930
6491.50 4.1930
6491.55 4.1929
6491.60 4.1928
6491.65 4.1928
6491.70 4.1927
6491.75 4.1926
6491.80 4.1926
6491.85 4.1925
6491.90 4.1925
6491.95 4.1924
6492.00 4.1924
6492.05 4.1923
6492.10 4.1923
6492.15 4.1922
6492.20 4.1922
6492.25 4.1921
6492.30 4.1921
6492.35 4.1920
6492.40 4.1920
6492.45 4.1919
6492.50 4.1919
6492.55 4.1919
6492.60 4.1918
6492.65 4.1918
6492.70 4.1918
6492.75 4.1917
6492.80 4.1917
6492.85 4.1917
6492.90 4.1916
6492.95 4.1916
6493.00 4.1916
6493.05 4.1916
6493.10 4.1915
6493.15 4.1915
6493.20 4.1915
6493.25 4.1915
6493.30 4.1915
6493.35 4.1915
6493.40 4.1914
6493.45 4.1914
6493.50 4.1914
6493.55 4.1914
6493.60 4.1914
6493.65 4.1914
6493.70 4.1914
6493.75 4.1914
6493.80 4.1914
6493.85 4.1914
6493.90 4.1914
6493.95 4.1914
6494.00 4.1914
6494.05 4.1914
6494.10 4.1914
6494.15 4.1914
6494.20 4.1914
6494.25 4.1914
6494.30 4.1914
6494.35 4.1914
6494.40 4.1914
6494.45 4.1914
6494.50 4.1914
6494.55 4.1914
6494.60 4.1915
6494.65 4.1915
6494.70 4.1915
6494.75 4.1915
6494.80 4.1915
6494.85 4.1915
6494.90 4.1916
6494.95 4.1916
6495.00 4.1916
6495.05 4.1916
6495.10 4.1917
6495.15 4.1917
6495.20 4.1917
6495.25 4.1917
6495.30 4.1918
6495.35 4.1918
6495.40 4.1918
6495.45 4.1919
6495.50 4.1919
6495.55 4.1919
6495.60 4.1920
6495.65 4.1920
6495.70 4.1920
6495.75 4.1921
6495.80 4.1921
6495.85 4.1922
6495.90 4.1922
6495.95 4.1922
6496.00 4.1923
6496.05 4.1923
6496.10 4.1924
6496.15 4.1924
6496.20 4.1925
6496.25 4.1925
6496.30 4.1926
6496.35 4.1926
6496.40 4.1927
6496.45 4.1927
6496.50 4.1928
6496.55 4.1928
6496.60 4.1929
6496.65 4.1929
6496.70 4.1930
6496.75 4.1930
6496.80 4.1931
6496.85 4.1931
6496.90 4.1932
6496.95 4.1932
6497.00 4.1933
6497.05 4.1934
6497.10 4.1934
6497.15 4.1935
6497.20 4.1935
6497.25 4.1936
6497.30 4.1937
6497.35 4.1937
6497.40 4.1938
6497.45 4.1939
6497.50 4.1939
6497.55 4.1940
6497.60 4.1941
6497.65 4.1941
6497.70 4.1942
6497.75 4.1943
6497.80 4.1943
6497.85 4.1944
6497.90 4.1945
6497.95 4.1945
6498.00 4.1946
6498.05 4.1947
6498.10 4.1948
6498.15 4.1948
6498.20 4.1949
6498.25 4.1950
6498.30 4.1951
6498.35 4.1951
6498.40 4.1952
6498.45 4.1953
6498.50 4.1954
6498.55 4.1954
6498.60 4.1955
6498.65 4.1956
6498.70 4.1957
6498.75 4.1957
6498.80 4.1958
6498.85 4.1959
6498.90 4.1960
6498.95 4.1961
6499.00 4.1961
6499.05 4.1962
6499.10 4.1963
6499.15 4.1964
6499.20 4.1965
6499.25 4.1965
6499.30 4.1966
6499.35 4.1967
6499.40 4.1968
6499.45 4.1969
6499.50 4.1970
6499.55 4.1970
6499.60 4.1971
6499.65 4.1972
6499.70 4.1973
6499.75 4.1974
6499.80 4.1975
6499.85 4.1975
6499.90 4.1976
6499.95 4.1977
6500.00 4.1978
6500.05 4.1979
6500.10 4.1980
6500.15 4.1981
6500.20 4.1981
6500.25 4.1982
6500.30 4.1983
6500.35 4.1984
6500.40 4.1985
6500.45 4.1986
6500.50 4.1987
6500.55 4.1988
6500.60 4.1988
6500.65 4.1989
6500.70 4.1990
6500.75 4.1991
6500.80 4.1992
6500.85 4.1993
6500.90 4.1994
6500.95 4.1995
6501.00 4.1995
6501.05 4.1996
6501.10 4.1997
6501.15 4.1998
6501.20 4.1999
6501.25 4.2000
6501.30 4.2001
6501.35 4.2002
6501.40 4.2002
6501.45 4.2003
6501.50 4.2004
6501.55 4.2005
6501.60 4.2006
6501.65 4.2007
6501.70 4.2008
6501.75 4.2009
6501.80 4.2010
6501.85 4.2010
6501.90 4.2011
6501.95 4.2012
6502.00 4.2013
6502.05 4.2014
6502.10 4.2015
6502.15 4.2016
6502.20 4.2017
6502.25 4.2017
6502.30 4.2018
6502.35 4.2019
6502.40 4.2020
6502.45 4.2021
6502.50 4.2022
6502.55 4.2023
6502.60 4.2023
6502.65 4.2024
6502.70 4.2025
6502.75 4.2026
6502.80 4.2027
6502.85 4.2028
6502.90 4.2029
6502.95 4.2029
6503.00 4.2030
6503.05 4.2031
6503.10 4.2032
6503.15 4.2033
6503.20 4.2034
6503.25 4.2035
6503.30 4.2035
6503.35 4.2036
6503.40 4.2037
6503.45 4.2038
6503.50 4.2039
6503.55 4.2040
6503.60 4.2040
6503.65 4.2041
6503.70 4.2042
6503.75 4.2043
6503.80 4.2044
6503.85 4.2045
6503.90 4.2045
6503.95 4.2046
6504.00 4.2047
6504.05 4.2048
6504.10 4.2049
6504.15 4.2049
6504.20 4.2050
6504.25 4.2051
6504.30 4.2052
6504.35 4.2053
6504.40 4.2053
6504.45 4.2054
6504.50 4.2055
6504.55 4.2056
6504.60 4.2057
6504.65 4.2057
6504.70 4.2058
6504.75 4.2059
6504.80 4.2060
6504.85 4.2060
6504.90 4.2061
6504.95 4.2062
6505.00 4.2063
6505.05 4.2064
6505.10 4.2064
6505.15 4.2065
6505.20 4.2066
6505.25 4.2067
6505.30 4.2067
6505.35 4.2068
6505.40 4.2069
6505.45 4.2070
6505.50 4.2070
6505.55 4.2071
6505.60 4.2072
6505.65 4.2073
6505.70 4.2073
6505.75 4.2074
6505.80 4.2075
6505.85 4.2075
6505.90 4.2076
6505.95 4.2077
6506.00 4.2078
6506.05 4.2078
6506.10 4.2079
6506.15 4.2080
6506.20 4.2080
6506.25 4.2081
6506.30 4.2082
6506.35 4.2083
6506.40 4.2083
6506.45 4.2084
6506.50 4.2085
6506.55 4.2085
6506.60 4.2086
6506.65 4.2087
6506.70 4.2087
6506.75 4.2088
6506.80 4.2089
6506.85 4.2089
6506.90 4.2090
6506.95 4.2091
6507.00 4.2091
6507.05 4.2092
6507.10 4.2093
6507.15 4.2093
6507.20 4.2094
6507.25 4.2095
6507.30 4.2095
6507.35 4.2096
6507.40 4.2097
6507.45 4.2097
6507.50 4.2098
6507.55 4.2099
6507.60 4.2099
6507.65 4.2100
6507.70 4.2101
6507.75 4.2101
6507.80 4.2102
6507.85 4.2103
6507.90 4.2103
6507.95 4.2104
6508.00 4.2105
6508.05 4.2105
6508.10 4.2106
6508.15 4.2106
6508.20 4.2107
6508.25 4.2108
6508.30 4.2108
6508.35 4.2109
6508.40 4.2110
6508.45 4.2110
6508.50 4.2111
6508.55 4.2112
6508.60 4.2112
6508.65 4.2113
6508.70 4.2113
6508.75 4.2114
6508.80 4.2115
6508.85 4.2115
6508.90 4.2116
6508.95 4.2117
6509.00 4.2117
6509.05 4.2118
6509.10 4.2118
6509.15 4.2119
6509.20 4.2120
6509.25 4.2120
6509.30 4.2121
6509.35 4.2122
6509.40 4.2122
6509.45 4.2123
6509.50 4.2123
6509.55 4.2124
6509.60 4.2125
6509.65 4.2125
6509.70 4.2126
6509.75 4.2126
6509.80 4.2127
6509.85 4.2128
6509.90 4.2128
6509.95 4.2129
6510.00 4.2130
6510.05 4.2130
6510.10 4.2131
6510.15 4.2131
6510.20 4.2132
6510.25 4.2133
6510.30 4.2133
6510.35 4.2134
6510.40 4.2135
6510.45 4.2135
6510.50 4.2136
6510.55 4.2136
6510.60 4.2137
6510.65 4.2138
6510.70 4.2138
6510.75 4.2139
6510.80 4.2140
6510.85 4.2140
6510.90 4.2141
6510.95 4.2141
6511.00 4.2142
6511.05 4.2143
6511.10 4.2143
6511.15 4.2144
6511.20 4.2145
6511.25 4.2145
6511.30 4.2146
6511.35 4.2147
6511.40 4.2147
6511.45 4.2148
6511.50 4.2148
6511.55 4.2149
6511.60 4.2150
6511.65 4.2150
6511.70 4.2151
6511.75 4.2152
6511.80 4.2152
6511.85 4.2153
6511.90 4.2154
6511.95 4.2154
6512.00 4.2155
6512.05 4.2156
6512.10 4.2156
6512.15 4.2157
6512.20 4.2158
6512.25 4.2158
6512.30 4.2159
6512.35 4.2160
6512.40 4.2160
6512.45 4.2161
6512.50 4.2162
6512.55 4.2162
6512.60 4.2163
6512.65 4.2164
6512.70 4.2164
6512.75 4.2165
6512.80 4.2166
6512.85 4.2166
6512.90 4.2167
6512.95 4.2168
6513.00 4.2169
6513.05 4.2169
6513.10 4.2170
6513.15 4.2171
6513.20 4.2171
6513.25 4.2172
6513.30 4.2173
6513.35 4.2173
6513.40 4.2174
6513.45 4.2175
6513.50 4.2176
6513.55 4.2176
6513.60 4.2177
6513.65 4.2178
6513.70 4.2178
6513.75 4.2179
6513.80 4.2180
6513.85 4.2181
6513.90 4.2181
6513.95 4.2182
6514.00 4.2183
6514.05 4.2183
6514.10 4.2184
6514.15 4.2185
6514.20 4.2186
6514.25 4.2186
6514.30 4.2187
6514.35 4.2188
6514.40 4.2189
6514.45 4.2189
6514.50 4.2190
6514.55 4.2191
6514.60 4.2192
6514.65 4.2192
6514.70 4.2193
6514.75 4.2194
6514.80 4.2195
6514.85 4.2195
6514.90 4.2196
6514.95 4.2197
6515.00 4.2198
6515.05 4.2198
6515.10 4.2199
6515.15 4.2200
6515.20 4.2201
6515.25 4.2201
6515.30 4.2202
6515.35 4.2203
6515.40 4.2204
6515.45 4.2204
6515.50 4.2205
6515.55 4.2206
6515.60 4.2207
6515.65 4.2208
6515.70 4.2208
6515.75 4.2209
6515.80 4.2210
6515.85 4.2211
6515.90 4.2211
6515.95 4.2212
6516.00 4.2213
6516.05 4.2214
6516.10 4.2214
6516.15 4.2215
6516.20 4.2216
6516.25 4.2217
6516.30 4.2217
6516.35 4.2218
6516.40 4.2219
6516.45 4.2220
6516.50 4.2221
6516.55 4.2221
6516.60 4.2222
6516.65 4.2223
6516.70 4.2224
6516.75 4.2224
6516.80 4.2225
6516.85 4.2226
6516.90 4.2227
6516.95 4.2227
6517.00 4.2228
6517.05 4.2229
6517.10 4.2230
6517.15 4.2230
6517.20 4.2231
6517.25 4.2232
6517.30 4.2233
6517.35 4.2233
6517.40 4.2234
6517.45 4.2235
6517.50 4.2236
6517.55 4.2236
6517.60 4.2237
6517.65 4.2238
6517.70 4.2239
6517.75 4.2239
6517.80 4.2240
6517.85 4.2241
6517.90 4.2241
6517.95 4.2242
6518.00 4.2243
6518.05 4.2244
6518.10 4.2244
6518.15 4.2245
6518.20 4.2246
6518.25 4.2246
6518.30 4.2247
6518.35 4.2248
6518.40 4.2249
6518.45 4.2249
6518.50 4.2250
6518.55 4.2251
6518.60 4.2251
6518.65 4.2252
6518.70 4.2253
6518.75 4.2253
6518.80 4.2254
6518.85 4.2255
6518.90 4.2255
6518.95 4.2256
6519.00 4.2257
6519.05 4.2257
6519.10 4.2258
6519.15 4.2259
6519.20 4.2259
6519.25 4.2260
6519.30 4.2260
6519.35 4.2261
6519.40 4.2262
6519.45 4.2262
6519.50 4.2263
6519.55 4.2263
6519.60 4.2264
6519.65 4.2265
6519.70 4.2265
6519.75 4.2266
6519.80 4.2266
6519.85 4.2267
6519.90 4.2267
6519.95 4.2268
6520.00 4.2268
6520.05 4.2269
6520.10 4.2270
6520.15 4.2270
6520.20 4.2271
6520.25 4.2271
6520.30 4.2272
6520.35 4.2272
6520.40 4.2273
6520.45 4.2273
6520.50 4.2274
6520.55 4.2274
6520.60 4.2275
6520.65 4.2275
6520.70 4.2275
6520.75 4.2276
6520.80 4.2276
6520.85 4.2277
6520.90 4.2277
6520.95 4.2278
6521.00 4.2278
6521.05 4.2278
6521.10 4.2279
6521.15 4.2279
6521.20 4.2280
6521.25 4.2280
6521.30 4.2280
6521.35 4.2281
6521.40 4.2281
6521.45 4.2281
6521.50 4.2282
6521.55 4.2282
6521.60 4.2282
6521.65 4.2283
6521.70 4.2283
6521.75 4.2283
6521.80 4.2284
6521.85 4.2284
6521.90 4.2284
6521.95 4.2284
6522.00 4.2285
6522.05 4.2285
6522.10 4.2285
6522.15 4.2285
6522.20 4.2286
6522.25 4.2286
6522.30 4.2286
6522.35 4.2286
6522.40 4.2286
6522.45 4.2287
6522.50 4.2287
6522.55 4.2287
6522.60 4.2287
6522.65 4.2287
6522.70 4.2287
6522.75 4.2288
6522.80 4.2288
6522.85 4.2288
6522.90 4.2288
6522.95 4.2288
6523.00 4.2288
6523.05 4.2288
6523.10 4.2288
6523.15 4.2288
6523.20 4.2288
6523.25 4.2288
6523.30 4.2288
6523.35 4.2288
6523.40 4.2288
6523.45 4.2288
