4939.50 8.2639
4939.55 8.2642
4939.60 8.2645
4939.65 8.2649
4939.70 8.2652
4939.75 8.2655
4939.80 8.2658
4939.85 8.2661
4939.90 8.2664
4939.95 8.2667
4940.00 8.2670
4940.05 8.2673
4940.10 8.2676
4940.15 8.2679
4940.20 8.2682
4940.25 8.2685
4940.30 8.2688
4940.35 8.2691
4940.40 8.2694
4940.45 8.2696
4940.50 8.2699
4940.55 8.2702
4940.60 8.2705
4940.65 8.2707
4940.70 8.2710
4940.75 8.2713
4940.80 8.2715
4940.85 8.2718
4940.90 8.2720
4940.95 8.2723
4941.00 8.2725
4941.05 8.2728
4941.10 8.2730
4941.15 8.2733
4941.20 8.2735
4941.25 8.2737
4941.30 8.2740
4941.35 8.2742
4941.40 8.2744
4941.45 8.2746
4941.50 8.2749
4941.55 8.2751
4941.60 8.2753
4941.65 8.2755
4941.70 8.2757
4941.75 8.2759
4941.80 8.2761
4941.85 8.2764
4941.90 8.2766
4941.95 8.2768
4942.00 8.2770
4942.05 8.2771
4942.10 8.2773
4942.15 8.2775
4942.20 8.2777
4942.25 8.2779
4942.30 8.2781
4942.35 8.2783
4942.40 8.2784
4942.45 8.2786
4942.50 8.2788
4942.55 8.2790
4942.60 8.2791
4942.65 8.2793
4942.70 8.2794
4942.75 8.2796
4942.80 8.2798
4942.85 8.2799
4942.90 8.2801
4942.95 8.2802
4943.00 8.2804
4943.05 8.2805
4943.10 8.2807
4943.15 8.2808
4943.20 8.2809
4943.25 8.2811
4943.30 8.2812
4943.35 8.2813
4943.40 8.2815
4943.45 8.2816
4943.50 8.2817
4943.55 8.2818
4943.60 8.2819
4943.65 8.2821
4943.70 8.2822
4943.75 8.2823
4943.80 8.2824
4943.85 8.2825
4943.90 8.2826
4943.95 8.2827
4944.00 8.2828
4944.05 8.2829
4944.10 8.2830
4944.15 8.2831
4944.20 8.2832
4944.25 8.2833
4944.30 8.2833
4944.35 8.2834
4944.40 8.2835
4944.45 8.2836
4944.50 8.2837
4944.55 8.2837
4944.60 8.2838
4944.65 8.2839
4944.70 8.2839
4944.75 8.2840
4944.80 8.2841
4944.85 8.2841
4944.90 8.2842
4944.95 8.2842
4945.00 8.2843
4945.05 8.2843
4945.10 8.2844
4945.15 8.2844
4945.20 8.2845
4945.25 8.2845
4945.30 8.2846
4945.35 8.2846
4945.40 8.2846
4945.45 8.2847
4945.50 8.2847
4945.55 8.2847
4945.60 8.2848
4945.65 8.2848
4945.70 8.2848
4945.75 8.2848
4945.80 8.2848
4945.85 8.2849
4945.90 8.2849
4945.95 8.2849
4946.00 8.2849
4946.05 8.2849
4946.10 8.2849
4946.15 8.2849
4946.20 8.2849
4946.25 8.2849
4946.30 8.2849
4946.35 8.2849
4946.40 8.2849
4946.45 8.2849
4946.50 8.2849
4946.55 8.2849
4946.60 8.2848
4946.65 8.2848
4946.70 8.2848
4946.75 8.2848
4946.80 8.2848
4946.85 8.2847
4946.90 8.2847
4946.95 8.2847
4947.00 8.2846
4947.05 8.2846
4947.10 8.2846
4947.15 8.2845
4947.20 8.2845
4947.25 8.2845
4947.30 8.2844
4947.35 8.2844
4947.40 8.2843
4947.45 8.2843
4947.50 8.2842
4947.55 8.2842
4947.60 8.2841
4947.65 8.2840
4947.70 8.2840
4947.75 8.2839
4947.80 8.2838
4947.85 8.2838
4947.90 8.2837
4947.95 8.2836
4948.00 8.2836
4948.05 8.2835
4948.10 8.2834
4948.15 8.2833
4948.20 8.2833
4948.25 8.2832
4948.30 8.2831
4948.35 8.2830
4948.40 8.2829
4948.45 8.2828
4948.50 8.2827
4948.55 8.2826
4948.60 8.2825
4948.65 8.2825
4948.70 8.2824
4948.75 8.2822
4948.80 8.2821
4948.85 8.2820
4948.90 8.2819
4948.95 8.2818
4949.00 8.2817
4949.05 8.2816
4949.10 8.2815
4949.15 8.2814
4949.20 8.2813
4949.25 8.2811
4949.30 8.2810
4949.35 8.2809
4949.40 8.2808
4949.45 8.2806
4949.50 8.2805
4949.55 8.2804
4949.60 8.2802
4949.65 8.2801
4949.70 8.2800
4949.75 8.2798
4949.80 8.2797
4949.85 8.2795
4949.90 8.2794
4949.95 8.2793
4950.00 8.2791
4950.05 8.2790
4950.10 8.2788
4950.15 8.2787
4950.20 8.2785
4950.25 8.2784
4950.30 8.2782
4950.35 8.2780
4950.40 8.2779
4950.45 8.2777
4950.50 8.2775
4950.55 8.2774
4950.60 8.2772
4950.65 8.2770
4950.70 8.2769
4950.75 8.2767
4950.80 8.2765
4950.85 8.2763
4950.90 8.2762
4950.95 8.2760
4951.00 8.2758
4951.05 8.2756
4951.10 8.2754
4951.15 8.2752
4951.20 8.2751
4951.25 8.2749
4951.30 8.2747
4951.35 8.2745
4951.40 8.2743
4951.45 8.2741
4951.50 8.2739
4951.55 8.2737
4951.60 8.2735
4951.65 8.2733
4951.70 8.2731
4951.75 8.2729
4951.80 8.2727
4951.85 8.2725
4951.90 8.2722
4951.95 8.2720
4952.00 8.2718
4952.05 8.2716
4952.10 8.2714
4952.15 8.2712
4952.20 8.2709
4952.25 8.2707
4952.30 8.2705
4952.35 8.2703
4952.40 8.2700
4952.45 8.2698
4952.50 8.2696
4952.55 8.2694
4952.60 8.2691
4952.65 8.2689
4952.70 8.2686
4952.75 8.2684
4952.80 8.2682
4952.85 8.2679
4952.90 8.2677
4952.95 8.2674
4953.00 8.2672
4953.05 8.2669
4953.10 8.2667
4953.15 8.2664
4953.20 8.2662
4953.25 8.2659
4953.30 8.2657
4953.35 8.2654
4953.40 8.2652
4953.45 8.2649
4953.50 8.2647
4953.55 8.2644
4953.60 8.2641
4953.65 8.2639
4953.70 8.2636
4953.75 8.2633
4953.80 8.2631
4953.85 8.2628
4953.90 8.2625
4953.95 8.2622
4954.00 8.2620
4954.05 8.2617
4954.10 8.2614
4954.15 8.2611
4954.20 8.2609
4954.25 8.2606
4954.30 8.2603
4954.35 8.2600
4954.40 8.2597
4954.45 8.2594
4954.50 8.2591
4954.55 8.2588
4954.60 8.2586
4954.65 8.2583
4954.70 8.2580
4954.75 8.2577
4954.80 8.2574
4954.85 8.2571
4954.90 8.2568
4954.95 8.2565
4955.00 8.2562
4955.05 8.2559
4955.10 8.2556
4955.15 8.2552
4955.20 8.2549
4955.25 8.2546
4955.30 8.2543
4955.35 8.2540
4955.40 8.2537
4955.45 8.2534
4955.50 8.2531
4955.55 8.2527
4955.60 8.2524
4955.65 8.2521
4955.70 8.2518
4955.75 8.2515
4955.80 8.2511
4955.85 8.2508
4955.90 8.2505
4955.95 8.2502
4956.00 8.2498
4956.05 8.2495
4956.10 8.2492
4956.15 8.2488
4956.20 8.2485
4956.25 8.2482
4956.30 8.2478
4956.35 8.2475
4956.40 8.2471
4956.45 8.2468
4956.50 8.2465
4956.55 8.2461
4956.60 8.2458
4956.65 8.2454
4956.70 8.2451
4956.75 8.2447
4956.80 8.2444
4956.85 8.2440
4956.90 8.2437
4956.95 8.2433
4957.00 8.2430
4957.05 8.2426
4957.10 8.2423
4957.15 8.2419
4957.20 8.2415
4957.25 8.2412
4957.30 8.2408
4957.35 8.2405
4957.40 8.2401
4957.45 8.2397
4957.50 8.2394
4957.55 8.2390
4957.60 8.2386
4957.65 8.2383
4957.70 8.2379
4957.75 8.2375
4957.80 8.2371
4957.85 8.2368
4957.90 8.2364
4957.95 8.2360
4958.00 8.2356
4958.05 8.2353
4958.10 8.2349
4958.15 8.2345
4958.20 8.2341
4958.25 8.2337
4958.30 8.2334
4958.35 8.2330
4958.40 8.2326
4958.45 8.2322
4958.50 8.2318
4958.55 8.2314
4958.60 8.2310
4958.65 8.2306
4958.70 8.2302
4958.75 8.2298
4958.80 8.2295
4958.85 8.2291
4958.90 8.2287
4958.95 8.2283
4959.00 8.2279
4959.05 8.2275
4959.10 8.2271
4959.15 8.2267
4959.20 8.2263
4959.25 8.2259
4959.30 8.2254
4959.35 8.2250
4959.40 8.2246
4959.45 8.2242
4959.50 8.2238
4959.55 8.2234
4959.60 8.2230
4959.65 8.2226
4959.70 8.2222
4959.75 8.2218
4959.80 8.2213
4959.85 8.2209
4959.90 8.2205
4959.95 8.2201
4960.00 8.2197
4960.05 8.2192
4960.10 8.2188
4960.15 8.2184
4960.20 8.2180
4960.25 8.2176
4960.30 8.2171
4960.35 8.2167
4960.40 8.2163
4960.45 8.2158
4960.50 8.2154
4960.55 8.2150
4960.60 8.2146
4960.65 8.2141
4960.70 8.2137
4960.75 8.2133
4960.80 8.2128
4960.85 8.2124
4960.90 8.2120
4960.95 8.2115
4961.00 8.2111
4961.05 8.2106
4961.10 8.2102
4961.15 8.2098
4961.20 8.2093
4961.25 8.2089
4961.30 8.2084
4961.35 8.2080
4961.40 8.2075
4961.45 8.2071
4961.50 8.2066
4961.55 8.2062
4961.60 8.2057
4961.65 8.2053
4961.70 8.2048
4961.75 8.2044
4961.80 8.2039
4961.85 8.2035
4961.90 8.2030
4961.95 8.2026
4962.00 8.2021
4962.05 8.2017
4962.10 8.2012
4962.15 8.2008
4962.20 8.2003
4962.25 8.1998
4962.30 8.1994
4962.35 8.1989
4962.40 8.1984
4962.45 8.1980
4962.50 8.1975
4962.55 8.1971
4962.60 8.1966
4962.65 8.1961
4962.70 8.1957
4962.75 8.1952
4962.80 8.1947
4962.85 8.1942
4962.90 8.1938
4962.95 8.1933
4963.00 8.1928
4963.05 8.1924
4963.10 8.1919
4963.15 8.1914
4963.20 8.1909
4963.25 8.1905
4963.30 8.1900
4963.35 8.1895
4963.40 8.1890
4963.45 8.1886
4963.50 8.1881
4963.55 8.1876
4963.60 8.1871
4963.65 8.1866
4963.70 8.1861
4963.75 8.1857
4963.80 8.1852
4963.85 8.1847
4963.90 8.1842
4963.95 8.1837
4964.00 8.1832
4964.05 8.1827
4964.10 8.1823
4964.15 8.1818
4964.20 8.1813
4964.25 8.1808
4964.30 8.1803
4964.35 8.1798
4964.40 8.1793
4964.45 8.1788
4964.50 8.1783
4964.55 8.1778
4964.60 8.1773
4964.65 8.1768
4964.70 8.1763
4964.75 8.1758
4964.80 8.1753
4964.85 8.1749
4964.90 8.1744
4964.95 8.1739
4965.00 8.1734
4965.05 8.1728
4965.10 8.1723
4965.15 8.1718
4965.20 8.1713
4965.25 8.1708
4965.30 8.1703
4965.35 8.1698
4965.40 8.1693
4965.45 8.1688
4965.50 8.1683
4965.55 8.1678
4965.60 8.1673
4965.65 8.1668
4965.70 8.1663
4965.75 8.1658
4965.80 8.1653
4965.85 8.1647
4965.90 8.1642
4965.95 8.1637
4966.00 8.1632
4966.05 8.1627
4966.10 8.1622
4966.15 8.1617
4966.20 8.1611
4966.25 8.1606
4966.30 8.1601
4966.35 8.1596
4966.40 8.1591
4966.45 8.1586
4966.50 8.1580
4966.55 8.1575
4966.60 8.1570
4966.65 8.1565
4966.70 8.1560
4966.75 8.1554
4966.80 8.1549
4966.85 8.1544
4966.90 8.1539
4966.95 8.1533
4967.00 8.1528
4967.05 8.1523
4967.10 8.1518
4967.15 8.1512
4967.20 8.1507
4967.25 8.1502
4967.30 8.1497
4967.35 8.1491
4967.40 8.1486
4967.45 8.1481
4967.50 8.1475
4967.55 8.1470
4967.60 8.1465
4967.65 8.1460
4967.70 8.1454
4967.75 8.1449
4967.80 8.1444
4967.85 8.1438
4967.90 8.1433
4967.95 8.1428
4968.00 8.1422
4968.05 8.1417
4968.10 8.1412
4968.15 8.1406
4968.20 8.1401
4968.25 8.1395
4968.30 8.1390
4968.35 8.1385
4968.40 8.1379
4968.45 8.1374
4968.50 8.1369
4968.55 8.1363
4968.60 8.1358
4968.65 8.1352
4968.70 8.1347
4968.75 8.1341
4968.80 8.1336
4968.85 8.1331
4968.90 8.1325
4968.95 8.1320
4969.00 8.1314
4969.05 8.1309
4969.10 8.1303
4969.15 8.1298
4969.20 8.1293
4969.25 8.1287
4969.30 8.1282
4969.35 8.1276
4969.40 8.1271
4969.45 8.1265
4969.50 8.1260
4969.55 8.1254
4969.60 8.1249
4969.65 8.1243
4969.70 8.1238
4969.75 8.1232
4969.80 8.1227
4969.85 8.1221
4969.90 8.1216
4969.95 8.1210
4970.00 8.1205
4970.05 8.1199
4970.10 8.1194
4970.15 8.1188
4970.20 8.1183
4970.25 8.1177
4970.30 8.1172
4970.35 8.1166
4970.40 8.1160
4970.45 8.1155
4970.50 8.1149
4970.55 8.1144
4970.60 8.1138
4970.65 8.1133
4970.70 8.1127
4970.75 8.1122
4970.80 8.1116
4970.85 8.1110
4970.90 8.1105
4970.95 8.1099
4971.00 8.1094
4971.05 8.1088
4971.10 8.1082
4971.15 8.1077
4971.20 8.1071
4971.25 8.1066
4971.30 8.1060
4971.35 8.1054
4971.40 8.1049
4971.45 8.1043
4971.50 8.1038
4971.55 8.1032
4971.60 8.1026
4971.65 8.1021
4971.70 8.1015
4971.75 8.1009
4971.80 8.1004
4971.85 8.0998
4971.90 8.0993
4971.95 8.0987
4972.00 8.0981
4972.05 8.0976
4972.10 8.0970
4972.15 8.0964
4972.20 8.0959
4972.25 8.0953
4972.30 8.0947
4972.35 8.0942
4972.40 8.0936
4972.45 8.0930
4972.50 8.0925
4972.55 8.0919
4972.60 8.0913
4972.65 8.0908
4972.70 8.0902
4972.75 8.0896
4972.80 8.0891
4972.85 8.0885
4972.90 8.0879
4972.95 8.0874
4973.00 8.0868
4973.05 8.0862
4973.10 8.0856
4973.15 8.0851
4973.20 8.0845
4973.25 8.0839
4973.30 8.0834
4973.35 8.0828
4973.40 8.0822
4973.45 8.0816
4973.50 8.0811
4973.55 8.0805
4973.60 8.0799
4973.65 8.0794
4973.70 8.0788
4973.75 8.0782
4973.80 8.0776
4973.85 8.0771
4973.90 8.0765
4973.95 8.0759
4974.00 8.0753
4974.05 8.0748
4974.10 8.0742
4974.15 8.0736
4974.20 8.0730
4974.25 8.0725
4974.30 8.0719
4974.35 8.0713
4974.40 8.0707
4974.45 8.0702
4974.50 8.0696
4974.55 8.0690
4974.60 8.0684
4974.65 8.0679
4974.70 8.0673
4974.75 8.0667
4974.80 8.0661
4974.85 8.0656
4974.90 8.0650
4974.95 8.0644
4975.00 8.0638
4975.05 8.0632
4975.10 8.0627
4975.15 8.0621
4975.20 8.0615
4975.25 8.0609
4975.30 8.0604
4975.35 8.0598
4975.40 8.0592
4975.45 8.0586
4975.50 8.0580
4975.55 8.0575
4975.60 8.0569
4975.65 8.0563
4975.70 8.0557
4975.75 8.0552
4975.80 8.0546
4975.85 8.0540
4975.90 8.0534
4975.95 8.0528
4976.00 8.0523
4976.05 8.0517
4976.10 8.0511
4976.15 8.0505
4976.20 8.0499
4976.25 8.0494
4976.30 8.0488
4976.35 8.0482
4976.40 8.0476
4976.45 8.0470
4976.50 8.0465
4976.55 8.0459
4976.60 8.0453
4976.65 8.0447
4976.70 8.0441
4976.75 8.0435
4976.80 8.0430
4976.85 8.0424
4976.90 8.0418
4976.95 8.0412
4977.00 8.0406
4977.05 8.0401
4977.10 8.0395
4977.15 8.0389
4977.20 8.0383
4977.25 8.0377
4977.30 8.0372
4977.35 8.0366
4977.40 8.0360
4977.45 8.0354
4977.50 8.0348
4977.55 8.0342
4977.60 8.0337
4977.65 8.0331
4977.70 8.0325
4977.75 8.0319
4977.80 8.0313
4977.85 8.0307
4977.90 8.0302
4977.95 8.0296
4978.00 8.0290
4978.05 8.0284
4978.10 8.0278
4978.15 8.0273
4978.20 8.0267
4978.25 8.0261
4978.30 8.0255
4978.35 8.0249
4978.40 8.0243
4978.45 8.0238
4978.50 8.0232
4978.55 8.0226
4978.60 8.0220
4978.65 8.0214
4978.70 8.0208
4978.75 8.0203
4978.80 8.0197
4978.85 8.0191
4978.90 8.0185
4978.95 8.0179
4979.00 8.0174
4979.05 8.0168
4979.10 8.0162
4979.15 8.0156
4979.20 8.0150
4979.25 8.0144
4979.30 8.0139
4979.35 8.0133
4979.40 8.0127
4979.45 8.0121
4979.50 8.0115
4979.55 8.0109
4979.60 8.0104
4979.65 8.0098
4979.70 8.0092
4979.75 8.0086
4979.80 8.0080
4979.85 8.0075
4979.90 8.0069
4979.95 8.0063
4980.00 8.0057
4980.05 8.0051
4980.10 8.0045
4980.15 8.0040
4980.20 8.0034
4980.25 8.0028
4980.30 8.0022
4980.35 8.0016
4980.40 8.0010
4980.45 8.0005
4980.50 7.9999
4980.55 7.9993
4980.60 7.9987
4980.65 7.9981
4980.70 7.9976
4980.75 7.9970
4980.80 7.9964
4980.85 7.9958
4980.90 7.9952
4980.95 7.9947
4981.00 7.9941
4981.05 7.9935
4981.10 7.9929
4981.15 7.9923
4981.20 7.9917
4981.25 7.9912
4981.30 7.9906
4981.35 7.9900
4981.40 7.9894
4981.45 7.9888
4981.50 7.9883
4981.55 7.9877
4981.60 7.9871
4981.65 7.9865
4981.70 7.9859
4981.75 7.9854
4981.80 7.9848
4981.85 7.9842
4981.90 7.9836
4981.95 7.9830
4982.00 7.9825
4982.05 7.9819
4982.10 7.9813
4982.15 7.9807
4982.20 7.9802
4982.25 7.9796
4982.30 7.9790
4982.35 7.9784
4982.40 7.9778
4982.45 7.9773
4982.50 7.9767
4982.55 7.9761
4982.60 7.9755
4982.65 7.9749
4982.70 7.9744
4982.75 7.9738
4982.80 7.9732
4982.85 7.9726
4982.90 7.9721
4982.95 7.9715
4983.00 7.9709
4983.05 7.9703
4983.10 7.9698
4983.15 7.9692
4983.20 7.9686
4983.25 7.9680
4983.30 7.9674
4983.35 7.9669
4983.40 7.9663
4983.45 7.9657
4983.50 7.9651
4983.55 7.9646
4983.60 7.9640
4983.65 7.9634
4983.70 7.9628
4983.75 7.9623
4983.80 7.9617
4983.85 7.9611
4983.90 7.9605
4983.95 7.9600
4984.00 7.9594
4984.05 7.9588
4984.10 7.9582
4984.15 7.9577
4984.20 7.9571
4984.25 7.9565
4984.30 7.9560
4984.35 7.9554
4984.40 7.9548
4984.45 7.9542
4984.50 7.9537
4984.55 7.9531
4984.60 7.9525
4984.65 7.9519
4984.70 7.9514
4984.75 7.9508
4984.80 7.9502
4984.85 7.9497
4984.90 7.9491
4984.95 7.9485
4985.00 7.9479
4985.05 7.9474
4985.10 7.9468
4985.15 7.9462
4985.20 7.9457
4985.25 7.9451
4985.30 7.9445
4985.35 7.9439
4985.40 7.9434
4985.45 7.9428
4985.50 7.9422
4985.55 7.9417
4985.60 7.9411
4985.65 7.9405
4985.70 7.9400
4985.75 7.9394
4985.80 7.9388
4985.85 7.9383
4985.90 7.9377
4985.95 7.9371
4986.00 7.9366
4986.05 7.9360
4986.10 7.9354
4986.15 7.9349
4986.20 7.9343
4986.25 7.9337
4986.30 7.9332
4986.35 7.9326
4986.40 7.9320
4986.45 7.9315
4986.50 7.9309
4986.55 7.9303
4986.60 7.9298
4986.65 7.9292
4986.70 7.9286
4986.75 7.9281
4986.80 7.9275
4986.85 7.9269
4986.90 7.9264
4986.95 7.9258
4987.00 7.9253
4987.05 7.9247
4987.10 7.9241
4987.15 7.9236
4987.20 7.9230
4987.25 7.9224
4987.30 7.9219
4987.35 7.9213
4987.40 7.9208
4987.45 7.9202
4987.50 7.9196
4987.55 7.9191
4987.60 7.9185
4987.65 7.9180
4987.70 7.9174
4987.75 7.9168
4987.80 7.9163
4987.85 7.9157
4987.90 7.9152
4987.95 7.9146
4988.00 7.9140
4988.05 7.9135
4988.10 7.9129
4988.15 7.9124
4988.20 7.9118
4988.25 7.9112
4988.30 7.9107
4988.35 7.9101
4988.40 7.9096
4988.45 7.9090
4988.50 7.9085
4988.55 7.9079
4988.60 7.9074
4988.65 7.9068
4988.70 7.9062
4988.75 7.9057
4988.80 7.9051
4988.85 7.9046
4988.90 7.9040
4988.95 7.9035
4989.00 7.9029
4989.05 7.9024
4989.10 7.9018
4989.15 7.9013
4989.20 7.9007
4989.25 7.9001
4989.30 7.8996
4989.35 7.8990
4989.40 7.8985
4989.45 7.8979
4989.50 7.8974
4989.55 7.8968
4989.60 7.8963
4989.65 7.8957
4989.70 7.8952
4989.75 7.8946
4989.80 7.8941
4989.85 7.8935
4989.90 7.8930
4989.95 7.8924
4990.00 7.8919
4990.05 7.8913
4990.10 7.8908
4990.15 7.8902
4990.20 7.8897
4990.25 7.8892
4990.30 7.8886
4990.35 7.8881
4990.40 7.8875
4990.45 7.8870
4990.50 7.8864
4990.55 7.8859
4990.60 7.8853
4990.65 7.8848
4990.70 7.8842
4990.75 7.8837
4990.80 7.8831
4990.85 7.8826
4990.90 7.8821
4990.95 7.8815
4991.00 7.8810
4991.05 7.8804
4991.10 7.8799
4991.15 7.8793
4991.20 7.8788
4991.25 7.8783
4991.30 7.8777
4991.35 7.8772
4991.40 7.8766
4991.45 7.8761
4991.50 7.8756
4991.55 7.8750
4991.60 7.8745
4991.65 7.8739
4991.70 7.8734
4991.75 7.8729
4991.80 7.8723
4991.85 7.8718
4991.90 7.8712
4991.95 7.8707
4992.00 7.8702
4992.05 7.8696
4992.10 7.8691
4992.15 7.8685
4992.20 7.8680
4992.25 7.8675
4992.30 7.8669
4992.35 7.8664
4992.40 7.8659
4992.45 7.8653
4992.50 7.8648
4992.55 7.8643
4992.60 7.8637
4992.65 7.8632
4992.70 7.8627
4992.75 7.8621
4992.80 7.8616
4992.85 7.8611
4992.90 7.8605
4992.95 7.8600
4993.00 7.8595
4993.05 7.8589
4993.10 7.8584
4993.15 7.8579
4993.20 7.8573
4993.25 7.8568
4993.30 7.8563
4993.35 7.8557
4993.40 7.8552
4993.45 7.8547
4993.50 7.8542
4993.55 7.8536
4993.60 7.8531
4993.65 7.8526
4993.70 7.8520
4993.75 7.8515
4993.80 7.8510
4993.85 7.8505
4993.90 7.8499
4993.95 7.8494
4994.00 7.8489
4994.05 7.8484
4994.10 7.8478
4994.15 7.8473
4994.20 7.8468
4994.25 7.8463
4994.30 7.8457
4994.35 7.8452
4994.40 7.8447
4994.45 7.8442
4994.50 7.8436
4994.55 7.8431
4994.60 7.8426
4994.65 7.8421
4994.70 7.8416
4994.75 7.8410
4994.80 7.8405
4994.85 7.8400
4994.90 7.8395
4994.95 7.8389
4995.00 7.8384
4995.05 7.8379
4995.10 7.8374
4995.15 7.8369
4995.20 7.8363
4995.25 7.8358
4995.30 7.8353
4995.35 7.8348
4995.40 7.8343
4995.45 7.8338
4995.50 7.8332
4995.55 7.8327
4995.60 7.8322
4995.65 7.8317
4995.70 7.8312
4995.75 7.8307
4995.80 7.8301
4995.85 7.8296
4995.90 7.8291
4995.95 7.8286
4996.00 7.8281
4996.05 7.8276
4996.10 7.8271
4996.15 7.8265
4996.20 7.8260
4996.25 7.8255
4996.30 7.8250
4996.35 7.8245
4996.40 7.8240
4996.45 7.8235
4996.50 7.8230
4996.55 7.8225
4996.60 7.8219
4996.65 7.8214
4996.70 7.8209
4996.75 7.8204
4996.80 7.8199
4996.85 7.8194
4996.90 7.8189
4996.95 7.8184
4997.00 7.8179
4997.05 7.8174
4997.10 7.8169
4997.15 7.8163
4997.20 7.8158
4997.25 7.8153
4997.30 7.8148
4997.35 7.8143
4997.40 7.8138
4997.45 7.8133
4997.50 7.8128
4997.55 7.8123
4997.60 7.8118
4997.65 7.8113
4997.70 7.8108
4997.75 7.8103
4997.80 7.8098
4997.85 7.8093
4997.90 7.8088
4997.95 7.8083
4998.00 7.8078
4998.05 7.8073
4998.10 7.8068
4998.15 7.8063
4998.20 7.8058
4998.25 7.8053
4998.30 7.8048
4998.35 7.8043
4998.40 7.8038
4998.45 7.8033
4998.50 7.8028
4998.55 7.8023
4998.60 7.8018
4998.65 7.8013
4998.70 7.8008
4998.75 7.8003
4998.80 7.7998
4998.85 7.7993
4998.90 7.7988
4998.95 7.7983
4999.00 7.7978
4999.05 7.7973
4999.10 7.7968
4999.15 7.7963
4999.20 7.7958
4999.25 7.7953
4999.30 7.7948
4999.35 7.7943
4999.40 7.7938
4999.45 7.7934
4999.50 7.7929
4999.55 7.7924
4999.60 7.7919
4999.65 7.7914
4999.70 7.7909
4999.75 7.7904
4999.80 7.7899
4999.85 7.7894
4999.90 7.7889
4999.95 7.7884
5000.00 7.7880
5000.05 7.7875
5000.10 7.7870
5000.15 7.7865
5000.20 7.7860
5000.25 7.7855
5000.30 7.7850
5000.35 7.7845
5000.40 7.7840
5000.45 7.7836
5000.50 7.7831
5000.55 7.7826
5000.60 7.7821
5000.65 7.7816
5000.70 7.7811
5000.75 7.7806
5000.80 7.7802
5000.85 7.7797
5000.90 7.7792
5000.95 7.7787
5001.00 7.7782
5001.05 7.7777
5001.10 7.7772
5001.15 7.7768
5001.20 7.7763
5001.25 7.7758
5001.30 7.7753
5001.35 7.7748
5001.40 7.7744
5001.45 7.7739
5001.50 7.7734
5001.55 7.7729
5001.60 7.7724
5001.65 7.7720
5001.70 7.7715
5001.75 7.7710
5001.80 7.7705
5001.85 7.7700
5001.90 7.7696
5001.95 7.7691
5002.00 7.7686
5002.05 7.7681
5002.10 7.7676
5002.15 7.7672
5002.20 7.7667
5002.25 7.7662
5002.30 7.7657
5002.35 7.7653
5002.40 7.7648
5002.45 7.7643
5002.50 7.7638
5002.55 7.7634
5002.60 7.7629
5002.65 7.7624
5002.70 7.7619
5002.75 7.7615
5002.80 7.7610
5002.85 7.7605
5002.90 7.7600
5002.95 7.7596
5003.00 7.7591
5003.05 7.7586
5003.10 7.7581
5003.15 7.7577
5003.20 7.7572
5003.25 7.7567
5003.30 7.7563
5003.35 7.7558
5003.40 7.7553
5003.45 7.7548
5003.50 7.7544
5003.55 7.7539
5003.60 7.7534
5003.65 7.7530
5003.70 7.7525
5003.75 7.7520
5003.80 7.7516
5003.85 7.7511
5003.90 7.7506
5003.95 7.7502
5004.00 7.7497
5004.05 7.7492
5004.10 7.7488
5004.15 7.7483
5004.20 7.7478
5004.25 7.7474
5004.30 7.7469
5004.35 7.7464
5004.40 7.7460
5004.45 7.7455
5004.50 7.7450
5004.55 7.7446
5004.60 7.7441
5004.65 7.7436
5004.70 7.7432
5004.75 7.7427
5004.80 7.7422
5004.85 7.7418
5004.90 7.7413
5004.95 7.7408
5005.00 7.7404
5005.05 7.7399
5005.10 7.7395
5005.15 7.7390
5005.20 7.7385
5005.25 7.7381
5005.30 7.7376
5005.35 7.7372
5005.40 7.7367
5005.45 7.7362
5005.50 7.7358
5005.55 7.7353
5005.60 7.7349
5005.65 7.7344
5005.70 7.7339
5005.75 7.7335
5005.80 7.7330
5005.85 7.7326
5005.90 7.7321
5005.95 7.7316
5006.00 7.7312
5006.05 7.7307
5006.10 7.7303
5006.15 7.7298
5006.20 7.7294
5006.25 7.7289
5006.30 7.7284
5006.35 7.7280
5006.40 7.7275
5006.45 7.7271
5006.50 7.7266
5006.55 7.7262
5006.60 7.7257
5006.65 7.7252
5006.70 7.7248
5006.75 7.7243
5006.80 7.7239
5006.85 7.7234
5006.90 7.7230
5006.95 7.7225
5007.00 7.7221
5007.05 7.7216
5007.10 7.7212
5007.15 7.7207
5007.20 7.7203
5007.25 7.7198
5007.30 7.7193
5007.35 7.7189
5007.40 7.7184
5007.45 7.7180
5007.50 7.7175
5007.55 7.7171
5007.60 7.7166
5007.65 7.7162
5007.70 7.7157
5007.75 7.7153
5007.80 7.7148
5007.85 7.7144
5007.90 7.7139
5007.95 7.7135
5008.00 7.7130
5008.05 7.7126
5008.10 7.7121
5008.15 7.7117
5008.20 7.7112
5008.25 7.7108
5008.30 7.7103
5008.35 7.7099
5008.40 7.7094
5008.45 7.7090
5008.50 7.7085
5008.55 7.7081
5008.60 7.7077
5008.65 7.7072
5008.70 7.7068
5008.75 7.7063
5008.80 7.7059
5008.85 7.7054
5008.90 7.7050
5008.95 7.7045
5009.00 7.7041
5009.05 7.7036
5009.10 7.7032
5009.15 7.7027
5009.20 7.7023
5009.25 7.7018
5009.30 7.7014
5009.35 7.7010
5009.40 7.7005
5009.45 7.7001
5009.50 7.6996
5009.55 7.6992
5009.60 7.6987
5009.65 7.6983
5009.70 7.6978
5009.75 7.6974
5009.80 7.6970
5009.85 7.6965
5009.90 7.6961
5009.95 7.6956
5010.00 7.6952
5010.05 7.6947
5010.10 7.6943
5010.15 7.6939
5010.20 7.6934
5010.25 7.6930
5010.30 7.6925
5010.35 7.6921
5010.40 7.6916
5010.45 7.6912
5010.50 7.6908
5010.55 7.6903
5010.60 7.6899
5010.65 7.6894
5010.70 7.6890
5010.75 7.6885
5010.80 7.6881
5010.85 7.6877
5010.90 7.6872
5010.95 7.6868
5011.00 7.6863
5011.05 7.6859
5011.10 7.6855
5011.15 7.6850
5011.20 7.6846
5011.25 7.6841
5011.30 7.6837
5011.35 7.6833
5011.40 7.6828
5011.45 7.6824
5011.50 7.6819
5011.55 7.6815
5011.60 7.6811
5011.65 7.6806
5011.70 7.6802
5011.75 7.6797
5011.80 7.6793
5011.85 7.6789
5011.90 7.6784
5011.95 7.6780
5012.00 7.6775
5012.05 7.6771
5012.10 7.6767
5012.15 7.6762
5012.20 7.6758
5012.25 7.6753
5012.30 7.6749
5012.35 7.6745
5012.40 7.6740
5012.45 7.6736
5012.50 7.6732
5012.55 7.6727
5012.60 7.6723
5012.65 7.6718
5012.70 7.6714
5012.75 7.6710
5012.80 7.6705
5012.85 7.6701
5012.90 7.6697
5012.95 7.6692
5013.00 7.6688
5013.05 7.6683
5013.10 7.6679
5013.15 7.6675
5013.20 7.6670
5013.25 7.6666
5013.30 7.6662
5013.35 7.6657
5013.40 7.6653
5013.45 7.6648
5013.50 7.6644
5013.55 7.6640
5013.60 7.6635
5013.65 7.6631
5013.70 7.6627
5013.75 7.6622
5013.80 7.6618
5013.85 7.6613
5013.90 7.6609
5013.95 7.6605
5014.00 7.6600
5014.05 7.6596
5014.10 7.6592
5014.15 7.6587
5014.20 7.6583
5014.25 7.6579
5014.30 7.6574
5014.35 7.6570
5014.40 7.6565
5014.45 7.6561
5014.50 7.6557
5014.55 7.6552
5014.60 7.6548
5014.65 7.6544
5014.70 7.6539
5014.75 7.6535
5014.80 7.6530
5014.85 7.6526
5014.90 7.6522
5014.95 7.6517
5015.00 7.6513
5015.05 7.6509
5015.10 7.6504
5015.15 7.6500
5015.20 7.6496
5015.25 7.6491
5015.30 7.6487
5015.35 7.6482
5015.40 7.6478
5015.45 7.6474
5015.50 7.6469
5015.55 7.6465
5015.60 7.6461
5015.65 7.6456
5015.70 7.6452
5015.75 7.6447
5015.80 7.6443
5015.85 7.6439
5015.90 7.6434
5015.95 7.6430
5016.00 7.6426
5016.05 7.6421
5016.10 7.6417
5016.15 7.6412
5016.20 7.6408
5016.25 7.6404
5016.30 7.6399
5016.35 7.6395
5016.40 7.6391
5016.45 7.6386
5016.50 7.6382
5016.55 7.6377
5016.60 7.6373
5016.65 7.6369
5016.70 7.6364
5016.75 7.6360
5016.80 7.6356
5016.85 7.6351
5016.90 7.6347
5016.95 7.6342
5017.00 7.6338
5017.05 7.6334
5017.10 7.6329
5017.15 7.6325
5017.20 7.6320
5017.25 7.6316
5017.30 7.6312
5017.35 7.6307
5017.40 7.6303
5017.45 7.6298
5017.50 7.6294
5017.55 7.6290
5017.60 7.6285
5017.65 7.6281
5017.70 7.6276
5017.75 7.6272
5017.80 7.6268
5017.85 7.6263
5017.90 7.6259
5017.95 7.6254
5018.00 7.6250
5018.05 7.6246
5018.10 7.6241
5018.15 7.6237
5018.20 7.6232
5018.25 7.6228
5018.30 7.6224
5018.35 7.6219
5018.40 7.6215
5018.45 7.6210
5018.50 7.6206
5018.55 7.6201
5018.60 7.6197
5018.65 7.6193
5018.70 7.6188
5018.75 7.6184
5018.80 7.6179
5018.85 7.6175
5018.90 7.6170
5018.95 7.6166
5019.00 7.6162
5019.05 7.6157
5019.10 7.6153
5019.15 7.6148
5019.20 7.6144
5019.25 7.6139
5019.30 7.6135
5019.35 7.6130
5019.40 7.6126
5019.45 7.6122
5019.50 7.6117
5019.55 7.6113
5019.60 7.6108
5019.65 7.6104
5019.70 7.6099
5019.75 7.6095
5019.80 7.6090
5019.85 7.6086
5019.90 7.6081
5019.95 7.6077
5020.00 7.6072
5020.05 7.6068
5020.10 7.6064
5020.15 7.6059
5020.20 7.6055
5020.25 7.6050
5020.30 7.6046
5020.35 7.6041
5020.40 7.6037
5020.45 7.6032
5020.50 7.6028
5020.55 7.6023
5020.60 7.6019
5020.65 7.6014
5020.70 7.6010
5020.75 7.6005
5020.80 7.6001
5020.85 7.5996
5020.90 7.5992
5020.95 7.5987
5021.00 7.5982
5021.05 7.5978
5021.10 7.5973
5021.15 7.5969
5021.20 7.5964
5021.25 7.5960
5021.30 7.5955
5021.35 7.5951
5021.40 7.5946
5021.45 7.5942
5021.50 7.5937
5021.55 7.5933
5021.60 7.5928
5021.65 7.5923
5021.70 7.5919
5021.75 7.5914
5021.80 7.5910
5021.85 7.5905
5021.90 7.5901
5021.95 7.5896
5022.00 7.5891
5022.05 7.5887
5022.10 7.5882
5022.15 7.5878
5022.20 7.5873
5022.25 7.5869
5022.30 7.5864
5022.35 7.5859
5022.40 7.5855
5022.45 7.5850
5022.50 7.5846
5022.55 7.5841
5022.60 7.5836
5022.65 7.5832
5022.70 7.5827
5022.75 7.5822
5022.80 7.5818
5022.85 7.5813
5022.90 7.5809
5022.95 7.5804
5023.00 7.5799
5023.05 7.5795
5023.10 7.5790
5023.15 7.5785
5023.20 7.5781
5023.25 7.5776
5023.30 7.5771
5023.35 7.5767
5023.40 7.5762
5023.45 7.5757
5023.50 7.5753
5023.55 7.5748
5023.60 7.5743
5023.65 7.5739
5023.70 7.5734
5023.75 7.5729
5023.80 7.5724
5023.85 7.5720
5023.90 7.5715
5023.95 7.5710
5024.00 7.5706
5024.05 7.5701
5024.10 7.5696
5024.15 7.5691
5024.20 7.5687
5024.25 7.5682
5024.30 7.5677
5024.35 7.5672
5024.40 7.5668
5024.45 7.5663
5024.50 7.5658
5024.55 7.5653
5024.60 7.5649
5024.65 7.5644
5024.70 7.5639
5024.75 7.5634
5024.80 7.5630
5024.85 7.5625
5024.90 7.5620
5024.95 7.5615
5025.00 7.5610
5025.05 7.5606
5025.10 7.5601
5025.15 7.5596
5025.20 7.5591
5025.25 7.5586
5025.30 7.5581
5025.35 7.5577
5025.40 7.5572
5025.45 7.5567
5025.50 7.5562
5025.55 7.5557
5025.60 7.5552
5025.65 7.5547
5025.70 7.5543
5025.75 7.5538
5025.80 7.5533
5025.85 7.5528
5025.90 7.5523
5025.95 7.5518
5026.00 7.5513
5026.05 7.5508
5026.10 7.5503
5026.15 7.5498
5026.20 7.5494
5026.25 7.5489
5026.30 7.5484
5026.35 7.5479
5026.40 7.5474
5026.45 7.5469
5026.50 7.5464
5026.55 7.5459
5026.60 7.5454
5026.65 7.5449
5026.70 7.5444
5026.75 7.5439
5026.80 7.5434
5026.85 7.5429
5026.90 7.5424
5026.95 7.5419
5027.00 7.5414
5027.05 7.5409
5027.10 7.5404
5027.15 7.5399
5027.20 7.5394
5027.25 7.5389
5027.30 7.5384
5027.35 7.5379
5027.40 7.5374
5027.45 7.5369
5027.50 7.5364
5027.55 7.5359
5027.60 7.5354
5027.65 7.5348
5027.70 7.5343
5027.75 7.5338
5027.80 7.5333
5027.85 7.5328
5027.90 7.5323
5027.95 7.5318
5028.00 7.5313
5028.05 7.5308
5028.10 7.5302
5028.15 7.5297
5028.20 7.5292
5028.25 7.5287
5028.30 7.5282
5028.35 7.5277
5028.40 7.5271
5028.45 7.5266
5028.50 7.5261
5028.55 7.5256
5028.60 7.5251
5028.65 7.5245
5028.70 7.5240
5028.75 7.5235
5028.80 7.5230
5028.85 7.5224
5028.90 7.5219
5028.95 7.5214
5029.00 7.5209
5029.05 7.5203
5029.10 7.5198
5029.15 7.5193
5029.20 7.5188
5029.25 7.5182
5029.30 7.5177
5029.35 7.5172
5029.40 7.5166
5029.45 7.5161
5029.50 7.5156
5029.55 7.5150
5029.60 7.5145
5029.65 7.5140
5029.70 7.5134
5029.75 7.5129
5029.80 7.5124
5029.85 7.5118
5029.90 7.5113
5029.95 7.5107
5030.00 7.5102
5030.05 7.5097
5030.10 7.5091
5030.15 7.5086
5030.20 7.5080
5030.25 7.5075
5030.30 7.5069
5030.35 7.5064
5030.40 7.5059
5030.45 7.5053
5030.50 7.5048
5030.55 7.5042
5030.60 7.5037
5030.65 7.5031
5030.70 7.5026
5030.75 7.5020
5030.80 7.5014
5030.85 7.5009
5030.90 7.5003
5030.95 7.4998
5031.00 7.4992
5031.05 7.4987
5031.10 7.4981
5031.15 7.4976
5031.20 7.4970
5031.25 7.4964
5031.30 7.4959
5031.35 7.4953
5031.40 7.4948
5031.45 7.4942
5031.50 7.4936
5031.55 7.4931
5031.60 7.4925
5031.65 7.4919
5031.70 7.4914
5031.75 7.4908
5031.80 7.4902
5031.85 7.4897
5031.90 7.4891
5031.95 7.4885
5032.00 7.4879
5032.05 7.4874
5032.10 7.4868
5032.15 7.4862
5032.20 7.4856
5032.25 7.4851
5032.30 7.4845
5032.35 7.4839
5032.40 7.4833
5032.45 7.4827
5032.50 7.4822
5032.55 7.4816
5032.60 7.4810
5032.65 7.4804
5032.70 7.4798
5032.75 7.4792
5032.80 7.4786
5032.85 7.4781
5032.90 7.4775
5032.95 7.4769
5033.00 7.4763
5033.05 7.4757
5033.10 7.4751
5033.15 7.4745
5033.20 7.4739
5033.25 7.4733
5033.30 7.4727
5033.35 7.4721
5033.40 7.4715
5033.45 7.4709
5033.50 7.4703
5033.55 7.4697
5033.60 7.4691
5033.65 7.4685
5033.70 7.4679
5033.75 7.4673
5033.80 7.4667
5033.85 7.4661
5033.90 7.4655
5033.95 7.4649
5034.00 7.4643
5034.05 7.4636
5034.10 7.4630
5034.15 7.4624
5034.20 7.4618
5034.25 7.4612
5034.30 7.4606
5034.35 7.4599
5034.40 7.4593
5034.45 7.4587
5034.50 7.4581
5034.55 7.4575
5034.60 7.4568
5034.65 7.4562
5034.70 7.4556
5034.75 7.4550
5034.80 7.4543
5034.85 7.4537
5034.90 7.4531
5034.95 7.4524
5035.00 7.4518
5035.05 7.4512
5035.10 7.4505
5035.15 7.4499
5035.20 7.4493
5035.25 7.4486
5035.30 7.4480
5035.35 7.4474
5035.40 7.4467
5035.45 7.4461
5035.50 7.4454
5035.55 7.4448
5035.60 7.4441
5035.65 7.4435
5035.70 7.4429
5035.75 7.4422
5035.80 7.4416
5035.85 7.4409
5035.90 7.4402
5035.95 7.4396
5036.00 7.4389
5036.05 7.4383
5036.10 7.4376
5036.15 7.4370
5036.20 7.4363
5036.25 7.4356
5036.30 7.4350
5036.35 7.4343
5036.40 7.4337
5036.45 7.4330
5036.50 7.4323
5036.55 7.4317
5036.60 7.4310
5036.65 7.4303
5036.70 7.4297
5036.75 7.4290
5036.80 7.4283
5036.85 7.4276
5036.90 7.4270
5036.95 7.4263
5037.00 7.4256
5037.05 7.4249
5037.10 7.4242
5037.15 7.4236
5037.20 7.4229
5037.25 7.4222
5037.30 7.4215
5037.35 7.4208
5037.40 7.4201
5037.45 7.4194
5037.50 7.4187
5037.55 7.4181
5037.60 7.4174
5037.65 7.4167
5037.70 7.4160
5037.75 7.4153
5037.80 7.4146
5037.85 7.4139
5037.90 7.4132
5037.95 7.4125
5038.00 7.4118
5038.05 7.4111
5038.10 7.4103
5038.15 7.4096
5038.20 7.4089
5038.25 7.4082
5038.30 7.4075
5038.35 7.4068
5038.40 7.4061
5038.45 7.4054
5038.50 7.4046
5038.55 7.4039
5038.60 7.4032
5038.65 7.4025
5038.70 7.4018
5038.75 7.4010
5038.80 7.4003
5038.85 7.3996
5038.90 7.3989
5038.95 7.3981
5039.00 7.3974
5039.05 7.3967
5039.10 7.3959
5039.15 7.3952
5039.20 7.3945
5039.25 7.3937
5039.30 7.3930
5039.35 7.3922
5039.40 7.3915
5039.45 7.3907
5039.50 7.3900
5039.55 7.3893
5039.60 7.3885
5039.65 7.3878
5039.70 7.3870
5039.75 7.3863
5039.80 7.3855
5039.85 7.3847
5039.90 7.3840
5039.95 7.3832
5040.00 7.3825
5040.05 7.3817
5040.10 7.3809
5040.15 7.3802
5040.20 7.3794
5040.25 7.3786
5040.30 7.3779
5040.35 7.3771
5040.40 7.3763
5040.45 7.3756
5040.50 7.3748
5040.55 7.3740
5040.60 7.3732
5040.65 7.3724
5040.70 7.3717
5040.75 7.3709
5040.80 7.3701
5040.85 7.3693
5040.90 7.3685
5040.95 7.3677
5041.00 7.3669
5041.05 7.3662
5041.10 7.3654
5041.15 7.3646
5041.20 7.3638
5041.25 7.3630
5041.30 7.3622
5041.35 7.3614
5041.40 7.3606
5041.45 7.3598
5041.50 7.3590
5041.55 7.3581
5041.60 7.3573
5041.65 7.3565
5041.70 7.3557
5041.75 7.3549
5041.80 7.3541
5041.85 7.3533
5041.90 7.3524
5041.95 7.3516
5042.00 7.3508
5042.05 7.3500
5042.10 7.3492
5042.15 7.3483
5042.20 7.3475
5042.25 7.3467
5042.30 7.3458
5042.35 7.3450
5042.40 7.3442
5042.45 7.3433
5042.50 7.3425
5042.55 7.3416
5042.60 7.3408
5042.65 7.3400
5042.70 7.3391
5042.75 7.3383
5042.80 7.3374
5042.85 7.3366
5042.90 7.3357
5042.95 7.3349
5043.00 7.3340
5043.05 7.3331
5043.10 7.3323
5043.15 7.3314
5043.20 7.3306
5043.25 7.3297
5043.30 7.3288
5043.35 7.3280
5043.40 7.3271
5043.45 7.3262
5043.50 7.3253
5043.55 7.3245
5043.60 7.3236
5043.65 7.3227
5043.70 7.3218
5043.75 7.3209
5043.80 7.3201
5043.85 7.3192
5043.90 7.3183
5043.95 7.3174
5044.00 7.3165
5044.05 7.3156
5044.10 7.3147
5044.15 7.3138
5044.20 7.3129
5044.25 7.3120
5044.30 7.3111
5044.35 7.3102
5044.40 7.3093
5044.45 7.3084
5044.50 7.3075
5044.55 7.3066
5044.60 7.3056
5044.65 7.3047
5044.70 7.3038
5044.75 7.3029
5044.80 7.3020
5044.85 7.3010
5044.90 7.3001
5044.95 7.2992
5045.00 7.2983
5045.05 7.2973
5045.10 7.2964
5045.15 7.2955
5045.20 7.2945
5045.25 7.2936
5045.30 7.2926
5045.35 7.2917
5045.40 7.2908
5045.45 7.2898
5045.50 7.2889
5045.55 7.2879
5045.60 7.2870
5045.65 7.2860
5045.70 7.2850
5045.75 7.2841
5045.80 7.2831
5045.85 7.2822
5045.90 7.2812
5045.95 7.2802
5046.00 7.2793
5046.05 7.2783
5046.10 7.2773
5046.15 7.2763
5046.20 7.2754
5046.25 7.2744
5046.30 7.2734
5046.35 7.2724
5046.40 7.2714
5046.45 7.2705
5046.50 7.2695
5046.55 7.2685
5046.60 7.2675
5046.65 7.2665
5046.70 7.2655
5046.75 7.2645
5046.80 7.2635
5046.85 7.2625
5046.90 7.2615
5046.95 7.2605
5047.00 7.2595
5047.05 7.2584
5047.10 7.2574
5047.15 7.2564
5047.20 7.2554
5047.25 7.2544
5047.30 7.2534
5047.35 7.2523
5047.40 7.2513
5047.45 7.2503
5047.50 7.2492
5047.55 7.2482
5047.60 7.2472
5047.65 7.2461
5047.70 7.2451
5047.75 7.2441
5047.80 7.2430
5047.85 7.2420
5047.90 7.2409
5047.95 7.2399
5048.00 7.2388
5048.05 7.2378
5048.10 7.2367
5048.15 7.2356
5048.20 7.2346
5048.25 7.2335
5048.30 7.2325
5048.35 7.2314
5048.40 7.2303
5048.45 7.2292
5048.50 7.2282
5048.55 7.2271
5048.60 7.2260
5048.65 7.2249
5048.70 7.2238
5048.75 7.2228
5048.80 7.2217
5048.85 7.2206
5048.90 7.2195
5048.95 7.2184
5049.00 7.2173
5049.05 7.2162
5049.10 7.2151
5049.15 7.2140
5049.20 7.2129
5049.25 7.2118
5049.30 7.2107
5049.35 7.2095
5049.40 7.2084
5049.45 7.2073
5049.50 7.2062
5049.55 7.2051
5049.60 7.2039
5049.65 7.2028
5049.70 7.2017
5049.75 7.2005
5049.80 7.1994
5049.85 7.1983
5049.90 7.1971
5049.95 7.1960
5050.00 7.1948
5050.05 7.1937
5050.10 7.1925
5050.15 7.1914
5050.20 7.1902
5050.25 7.1891
5050.30 7.1879
5050.35 7.1868
5050.40 7.1856
5050.45 7.1844
5050.50 7.1833
5050.55 7.1821
5050.60 7.1809
5050.65 7.1797
5050.70 7.1786
5050.75 7.1774
5050.80 7.1762
5050.85 7.1750
5050.90 7.1738
5050.95 7.1726
5051.00 7.1714
5051.05 7.1702
5051.10 7.1690
5051.15 7.1678
5051.20 7.1666
5051.25 7.1654
5051.30 7.1642
5051.35 7.1630
5051.40 7.1618
5051.45 7.1606
5051.50 7.1594
5051.55 7.1581
5051.60 7.1569
5051.65 7.1557
5051.70 7.1545
5051.75 7.1532
5051.80 7.1520
5051.85 7.1508
5051.90 7.1495
5051.95 7.1483
5052.00 7.1470
5052.05 7.1458
5052.10 7.1445
5052.15 7.1433
5052.20 7.1420
5052.25 7.1408
5052.30 7.1395
5052.35 7.1382
5052.40 7.1370
5052.45 7.1357
5052.50 7.1344
5052.55 7.1332
5052.60 7.1319
5052.65 7.1306
5052.70 7.1293
5052.75 7.1280
5052.80 7.1267
5052.85 7.1255
5052.90 7.1242
5052.95 7.1229
5053.00 7.1216
5053.05 7.1203
5053.10 7.1190
5053.15 7.1177
5053.20 7.1164
5053.25 7.1150
5053.30 7.1137
5053.35 7.1124
5053.40 7.1111
5053.45 7.1098
5053.50 7.1084
5053.55 7.1071
5053.60 7.1058
5053.65 7.1044
5053.70 7.1031
5053.75 7.1018
5053.80 7.1004
5053.85 7.0991
5053.90 7.0977
5053.95 7.0964
5054.00 7.0950
5054.05 7.0937
5054.10 7.0923
5054.15 7.0910
5054.20 7.0896
5054.25 7.0882
5054.30 7.0869
5054.35 7.0855
5054.40 7.0841
5054.45 7.0827
5054.50 7.0813
5054.55 7.0800
5054.60 7.0786
5054.65 7.0772
5054.70 7.0758
5054.75 7.0744
5054.80 7.0730
5054.85 7.0716
5054.90 7.0702
5054.95 7.0688
5055.00 7.0674
5055.05 7.0660
5055.10 7.0645
5055.15 7.0631
5055.20 7.0617
5055.25 7.0603
5055.30 7.0588
5055.35 7.0574
5055.40 7.0560
5055.45 7.0545
5055.50 7.0531
5055.55 7.0517
5055.60 7.0502
5055.65 7.0488
5055.70 7.0473
5055.75 7.0458
5055.80 7.0444
5055.85 7.0429
5055.90 7.0415
5055.95 7.0400
5056.00 7.0385
5056.05 7.0370
5056.10 7.0356
5056.15 7.0341
5056.20 7.0326
5056.25 7.0311
5056.30 7.0296
5056.35 7.0281
5056.40 7.0266
5056.45 7.0251
