6911.50 3.7464
6911.55 3.7464
6911.60 3.7464
6911.65 3.7465
6911.70 3.7465
6911.75 3.7465
6911.80 3.7465
6911.85 3.7466
6911.90 3.7466
6911.95 3.7466
6912.00 3.7467
6912.05 3.7467
6912.10 3.7468
6912.15 3.7469
6912.20 3.7469
6912.25 3.7470
6912.30 3.7471
6912.35 3.7472
6912.40 3.7472
6912.45 3.7473
6912.50 3.7474
6912.55 3.7475
6912.60 3.7476
6912.65 3.7477
6912.70 3.7479
6912.75 3.7480
6912.80 3.7481
6912.85 3.7482
6912.90 3.7484
6912.95 3.7485
6913.00 3.7486
6913.05 3.7488
6913.10 3.7489
6913.15 3.7491
6913.20 3.7492
6913.25 3.7494
6913.30 3.7496
6913.35 3.7497
6913.40 3.7499
6913.45 3.7501
6913.50 3.7503
6913.55 3.7505
6913.60 3.7507
6913.65 3.7509
6913.70 3.7511
6913.75 3.7513
6913.80 3.7515
6913.85 3.7517
6913.90 3.7519
6913.95 3.7522
6914.00 3.7524
6914.05 3.7526
6914.10 3.7529
6914.15 3.7531
6914.20 3.7533
6914.25 3.7536
6914.30 3.7538
6914.35 3.7541
6914.40 3.7544
6914.45 3.7546
6914.50 3.7549
6914.55 3.7552
6914.60 3.7555
6914.65 3.7557
6914.70 3.7560
6914.75 3.7563
6914.80 3.7566
6914.85 3.7569
6914.90 3.7572
6914.95 3.7575
6915.00 3.7578
6915.05 3.7581
6915.10 3.7585
6915.15 3.7588
6915.20 3.7591
6915.25 3.7594
6915.30 3.7598
6915.35 3.7601
6915.40 3.7604
6915.45 3.7608
6915.50 3.7611
6915.55 3.7615
6915.60 3.7618
6915.65 3.7622
6915.70 3.7626
6915.75 3.7629
6915.80 3.7633
6915.85 3.7637
6915.90 3.7640
6915.95 3.7644
6916.00 3.7648
6916.05 3.7652
6916.10 3.7656
6916.15 3.7660
6916.20 3.7663
6916.25 3.7667
6916.30 3.7671
6916.35 3.7675
6916.40 3.7679
6916.45 3.7684
6916.50 3.7688
6916.55 3.7692
6916.60 3.7696
6916.65 3.7700
6916.70 3.7704
6916.75 3.7709
6916.80 3.7713
6916.85 3.7717
6916.90 3.7722
6916.95 3.7726
6917.00 3.7730
6917.05 3.7735
6917.10 3.7739
6917.15 3.7744
6917.20 3.7748
6917.25 3.7753
6917.30 3.7757
6917.35 3.7762
6917.40 3.7767
6917.45 3.7771
6917.50 3.7776
6917.55 3.7781
6917.60 3.7785
6917.65 3.7790
6917.70 3.7795
6917.75 3.7800
6917.80 3.7804
6917.85 3.7809
6917.90 3.7814
6917.95 3.7819
6918.00 3.7824
6918.05 3.7829
6918.10 3.7834
6918.15 3.7839
6918.20 3.7843
6918.25 3.7848
6918.30 3.7853
6918.35 3.7858
6918.40 3.7864
6918.45 3.7869
6918.50 3.7874
6918.55 3.7879
6918.60 3.7884
6918.65 3.7889
6918.70 3.7894
6918.75 3.7899
6918.80 3.7905
6918.85 3.7910
6918.90 3.7915
6918.95 3.7920
6919.00 3.7925
6919.05 3.7931
6919.10 3.7936
6919.15 3.7941
6919.20 3.7947
6919.25 3.7952
6919.30 3.7957
6919.35 3.7963
6919.40 3.7968
6919.45 3.7973
6919.50 3.7979
6919.55 3.7984
6919.60 3.7990
6919.65 3.7995
6919.70 3.8001
6919.75 3.8006
6919.80 3.8012
6919.85 3.8017
6919.90 3.8023
6919.95 3.8028
6920.00 3.8034
6920.05 3.8039
6920.10 3.8045
6920.15 3.8050
6920.20 3.8056
6920.25 3.8061
6920.30 3.8067
6920.35 3.8073
6920.40 3.8078
6920.45 3.8084
6920.50 3.8089
6920.55 3.8095
6920.60 3.8101
6920.65 3.8106
6920.70 3.8112
6920.75 3.8118
6920.80 3.8123
6920.85 3.8129
6920.90 3.8135
6920.95 3.8141
6921.00 3.8146
6921.05 3.8152
6921.10 3.8158
6921.15 3.8163
6921.20 3.8169
6921.25 3.8175
6921.30 3.8181
6921.35 3.8187
6921.40 3.8192
6921.45 3.8198
6921.50 3.8204
6921.55 3.8210
6921.60 3.8215
6921.65 3.8221
6921.70 3.8227
6921.75 3.8233
6921.80 3.8239
6921.85 3.8245
6921.90 3.8250
6921.95 3.8256
6922.00 3.8262
6922.05 3.8268
6922.10 3.8274
6922.15 3.8280
6922.20 3.8286
6922.25 3.8292
6922.30 3.8297
6922.35 3.8303
6922.40 3.8309
6922.45 3.8315
6922.50 3.8321
6922.55 3.8327
6922.60 3.8333
6922.65 3.8339
6922.70 3.8345
6922.75 3.8351
6922.80 3.8357
6922.85 3.8363
6922.90 3.8369
6922.95 3.8374
6923.00 3.8380
6923.05 3.8386
6923.10 3.8392
6923.15 3.8398
6923.20 3.8404
6923.25 3.8410
6923.30 3.8416
6923.35 3.8422
6923.40 3.8428
6923.45 3.8434
6923.50 3.8440
6923.55 3.8446
6923.60 3.8452
6923.65 3.8458
6923.70 3.8464
6923.75 3.8470
6923.80 3.8476
6923.85 3.8482
6923.90 3.8488
6923.95 3.8494
6924.00 3.8500
6924.05 3.8506
6924.10 3.8513
6924.15 3.8519
6924.20 3.8525
6924.25 3.8531
6924.30 3.8537
6924.35 3.8543
6924.40 3.8549
6924.45 3.8555
6924.50 3.8561
6924.55 3.8567
6924.60 3.8573
6924.65 3.8579
6924.70 3.8585
6924.75 3.8592
6924.80 3.8598
6924.85 3.8604
6924.90 3.8610
6924.95 3.8616
6925.00 3.8622
6925.05 3.8628
6925.10 3.8634
6925.15 3.8640
6925.20 3.8647
6925.25 3.8653
6925.30 3.8659
6925.35 3.8665
6925.40 3.8671
6925.45 3.8677
6925.50 3.8683
6925.55 3.8690
6925.60 3.8696
6925.65 3.8702
6925.70 3.8708
6925.75 3.8714
6925.80 3.8721
6925.85 3.8727
6925.90 3.8733
6925.95 3.8739
6926.00 3.8745
6926.05 3.8752
6926.10 3.8758
6926.15 3.8764
6926.20 3.8770
6926.25 3.8776
6926.30 3.8783
6926.35 3.8789
6926.40 3.8795
6926.45 3.8801
6926.50 3.8808
6926.55 3.8814
6926.60 3.8820
6926.65 3.8827
6926.70 3.8833
6926.75 3.8839
6926.80 3.8845
6926.85 3.8852
6926.90 3.8858
6926.95 3.8864
6927.00 3.8871
6927.05 3.8877
6927.10 3.8883
6927.15 3.8890
6927.20 3.8896
6927.25 3.8902
6927.30 3.8909
6927.35 3.8915
6927.40 3.8921
6927.45 3.8928
6927.50 3.8934
6927.55 3.8940
6927.60 3.8947
6927.65 3.8953
6927.70 3.8960
6927.75 3.8966
6927.80 3.8972
6927.85 3.8979
6927.90 3.8985
6927.95 3.8992
6928.00 3.8998
6928.05 3.9005
6928.10 3.9011
6928.15 3.9017
6928.20 3.9024
6928.25 3.9030
6928.30 3.9037
6928.35 3.9043
6928.40 3.9050
6928.45 3.9056
6928.50 3.9063
6928.55 3.9069
6928.60 3.9076
6928.65 3.9082
6928.70 3.9089
6928.75 3.9095
6928.80 3.9102
6928.85 3.9109
6928.90 3.9115
6928.95 3.9122
6929.00 3.9128
6929.05 3.9135
6929.10 3.9141
6929.15 3.9148
6929.20 3.9155
6929.25 3.9161
6929.30 3.9168
6929.35 3.9174
6929.40 3.9181
6929.45 3.9188
6929.50 3.9194
6929.55 3.9201
6929.60 3.9208
6929.65 3.9214
6929.70 3.9221
6929.75 3.9228
6929.80 3.9234
6929.85 3.9241
6929.90 3.9248
6929.95 3.9255
6930.00 3.9261
6930.05 3.9268
6930.10 3.9275
6930.15 3.9282
6930.20 3.9288
6930.25 3.9295
6930.30 3.9302
6930.35 3.9309
6930.40 3.9316
6930.45 3.9322
6930.50 3.9329
6930.55 3.9336
6930.60 3.9343
6930.65 3.9350
6930.70 3.9357
6930.75 3.9363
6930.80 3.9370
6930.85 3.9377
6930.90 3.9384
6930.95 3.9391
6931.00 3.9398
6931.05 3.9405
6931.10 3.9412
6931.15 3.9419
6931.20 3.9426
6931.25 3.9433
6931.30 3.9440
6931.35 3.9447
6931.40 3.9454
6931.45 3.9461
6931.50 3.9468
6931.55 3.9475
6931.60 3.9482
6931.65 3.9489
6931.70 3.9496
6931.75 3.9503
6931.80 3.9510
6931.85 3.9517
6931.90 3.9525
6931.95 3.9532
6932.00 3.9539
6932.05 3.9546
6932.10 3.9553
6932.15 3.9560
6932.20 3.9568
6932.25 3.9575
6932.30 3.9582
6932.35 3.9589
6932.40 3.9596
6932.45 3.9604
6932.50 3.9611
6932.55 3.9618
6932.60 3.9626
6932.65 3.9633
6932.70 3.9640
6932.75 3.9648
6932.80 3.9655
6932.85 3.9662
6932.90 3.9670
6932.95 3.9677
6933.00 3.9685
6933.05 3.9692
6933.10 3.9700
6933.15 3.9707
6933.20 3.9715
6933.25 3.9722
6933.30 3.9730
6933.35 3.9737
6933.40 3.9745
6933.45 3.9752
6933.50 3.9760
6933.55 3.9768
6933.60 3.9775
6933.65 3.9783
6933.70 3.9790
6933.75 3.9798
6933.80 3.9806
6933.85 3.9814
6933.90 3.9821
6933.95 3.9829
6934.00 3.9837
6934.05 3.9845
6934.10 3.9853
6934.15 3.9860
6934.20 3.9868
6934.25 3.9876
6934.30 3.9884
6934.35 3.9892
6934.40 3.9900
6934.45 3.9908
6934.50 3.9916
6934.55 3.9924
6934.60 3.9932
6934.65 3.9940
6934.70 3.9948
6934.75 3.9956
6934.80 3.9964
6934.85 3.9973
6934.90 3.9981
6934.95 3.9989
6935.00 3.9997
6935.05 4.0006
6935.10 4.0014
6935.15 4.0022
6935.20 4.0030
6935.25 4.0039
6935.30 4.0047
6935.35 4.0056
6935.40 4.0064
6935.45 4.0073
6935.50 4.0081
6935.55 4.0090
6935.60 4.0098
6935.65 4.0107
6935.70 4.0115
6935.75 4.0124
6935.80 4.0133
6935.85 4.0141
6935.90 4.0150
6935.95 4.0159
6936.00 4.0168
6936.05 4.0176
6936.10 4.0185
6936.15 4.0194
6936.20 4.0203
6936.25 4.0212
6936.30 4.0221
6936.35 4.0230
6936.40 4.0239
6936.45 4.0248
6936.50 4.0257
6936.55 4.0266
6936.60 4.0276
6936.65 4.0285
6936.70 4.0294
6936.75 4.0303
6936.80 4.0313
6936.85 4.0322
6936.90 4.0331
6936.95 4.0341
6937.00 4.0350
6937.05 4.0360
6937.10 4.0369
6937.15 4.0379
6937.20 4.0389
6937.25 4.0398
6937.30 4.0408
6937.35 4.0418
6937.40 4.0427
6937.45 4.0437
6937.50 4.0447
6937.55 4.0457
6937.60 4.0467
6937.65 4.0477
6937.70 4.0487
6937.75 4.0497
6937.80 4.0507
6937.85 4.0517
6937.90 4.0527
6937.95 4.0537
6938.00 4.0548
6938.05 4.0558
6938.10 4.0568
6938.15 4.0579
6938.20 4.0589
6938.25 4.0599
6938.30 4.0610
6938.35 4.0620
6938.40 4.0631
6938.45 4.0642
6938.50 4.0652
6938.55 4.0663
6938.60 4.0674
6938.65 4.0685
6938.70 4.0695
6938.75 4.0706
6938.80 4.0717
6938.85 4.0728
6938.90 4.0739
6938.95 4.0750
6939.00 4.0761
6939.05 4.0773
6939.10 4.0784
6939.15 4.0795
6939.20 4.0806
6939.25 4.0818
6939.30 4.0829
6939.35 4.0840
6939.40 4.0852
6939.45 4.0863
6939.50 4.0875
6939.55 4.0887
6939.60 4.0898
6939.65 4.0910
6939.70 4.0922
6939.75 4.0933
6939.80 4.0945
6939.85 4.0957
6939.90 4.0969
6939.95 4.0981
6940.00 4.0993
6940.05 4.1005
6940.10 4.1017
6940.15 4.1030
6940.20 4.1042
6940.25 4.1054
6940.30 4.1066
6940.35 4.1079
6940.40 4.1091
6940.45 4.1104
6940.50 4.1116
6940.55 4.1129
6940.60 4.1141
6940.65 4.1154
6940.70 4.1166
6940.75 4.1179
6940.80 4.1192
6940.85 4.1205
6940.90 4.1218
6940.95 4.1231
6941.00 4.1244
6941.05 4.1257
6941.10 4.1270
6941.15 4.1283
6941.20 4.1296
6941.25 4.1309
6941.30 4.1322
6941.35 4.1335
6941.40 4.1349
6941.45 4.1362
6941.50 4.1376
6941.55 4.1389
6941.60 4.1403
6941.65 4.1416
6941.70 4.1430
6941.75 4.1443
6941.80 4.1457
6941.85 4.1471
6941.90 4.1484
6941.95 4.1498
6942.00 4.1512
6942.05 4.1526
6942.10 4.1540
6942.15 4.1554
6942.20 4.1568
6942.25 4.1582
6942.30 4.1596
6942.35 4.1610
6942.40 4.1624
6942.45 4.1639
6942.50 4.1653
6942.55 4.1667
6942.60 4.1681
6942.65 4.1696
6942.70 4.1710
6942.75 4.1725
6942.80 4.1739
6942.85 4.1754
6942.90 4.1768
6942.95 4.1783
6943.00 4.1798
6943.05 4.1812
6943.10 4.1827
6943.15 4.1842
6943.20 4.1856
6943.25 4.1871
6943.30 4.1886
6943.35 4.1901
6943.40 4.1916
6943.45 4.1931
6943.50 4.1946
6943.55 4.1961
6943.60 4.1976
6943.65 4.1991
6943.70 4.2006
6943.75 4.2021
6943.80 4.2036
6943.85 4.2052
6943.90 4.2067
6943.95 4.2082
6944.00 4.2097
6944.05 4.2113
6944.10 4.2128
6944.15 4.2143
6944.20 4.2159
6944.25 4.2174
6944.30 4.2190
6944.35 4.2205
6944.40 4.2221
6944.45 4.2236
6944.50 4.2252
6944.55 4.2267
6944.60 4.2283
6944.65 4.2298
6944.70 4.2314
6944.75 4.2330
6944.80 4.2345
6944.85 4.2361
6944.90 4.2377
6944.95 4.2392
6945.00 4.2408
6945.05 4.2424
6945.10 4.2440
6945.15 4.2456
6945.20 4.2471
6945.25 4.2487
6945.30 4.2503
6945.35 4.2519
6945.40 4.2535
6945.45 4.2551
6945.50 4.2567
6945.55 4.2583
6945.60 4.2599
6945.65 4.2614
6945.70 4.2630
6945.75 4.2646
6945.80 4.2662
6945.85 4.2678
6945.90 4.2694
6945.95 4.2710
6946.00 4.2726
6946.05 4.2742
6946.10 4.2758
6946.15 4.2775
6946.20 4.2791
6946.25 4.2807
6946.30 4.2823
6946.35 4.2839
6946.40 4.2855
6946.45 4.2871
6946.50 4.2887
6946.55 4.2903
6946.60 4.2919
6946.65 4.2935
6946.70 4.2951
6946.75 4.2967
6946.80 4.2983
6946.85 4.3000
6946.90 4.3016
6946.95 4.3032
6947.00 4.3048
6947.05 4.3064
6947.10 4.3080
6947.15 4.3096
6947.20 4.3112
6947.25 4.3128
6947.30 4.3144
6947.35 4.3160
6947.40 4.3176
6947.45 4.3192
6947.50 4.3208
6947.55 4.3224
6947.60 4.3240
6947.65 4.3256
6947.70 4.3272
6947.75 4.3288
6947.80 4.3304
6947.85 4.3320
6947.90 4.3336
6947.95 4.3352
6948.00 4.3368
6948.05 4.3384
6948.10 4.3400
6948.15 4.3416
6948.20 4.3432
6948.25 4.3448
6948.30 4.3464
6948.35 4.3480
6948.40 4.3495
6948.45 4.3511
6948.50 4.3527
6948.55 4.3543
6948.60 4.3559
6948.65 4.3574
6948.70 4.3590
6948.75 4.3606
6948.80 4.3622
6948.85 4.3637
6948.90 4.3653
6948.95 4.3669
6949.00 4.3684
6949.05 4.3700
6949.10 4.3716
6949.15 4.3731
6949.20 4.3747
6949.25 4.3762
6949.30 4.3778
6949.35 4.3793
6949.40 4.3809
6949.45 4.3824
6949.50 4.3840
6949.55 4.3855
6949.60 4.3871
6949.65 4.3886
6949.70 4.3901
6949.75 4.3917
6949.80 4.3932
6949.85 4.3947
6949.90 4.3963
6949.95 4.3978
6950.00 4.3993
6950.05 4.4009
6950.10 4.4024
6950.15 4.4039
6950.20 4.4054
6950.25 4.4069
6950.30 4.4084
6950.35 4.4099
6950.40 4.4114
6950.45 4.4129
6950.50 4.4144
6950.55 4.4159
6950.60 4.4174
6950.65 4.4189
6950.70 4.4204
6950.75 4.4219
6950.80 4.4234
6950.85 4.4249
6950.90 4.4264
6950.95 4.4278
6951.00 4.4293
6951.05 4.4308
6951.10 4.4323
6951.15 4.4337
6951.20 4.4352
6951.25 4.4367
6951.30 4.4381
6951.35 4.4396
6951.40 4.4410
6951.45 4.4425
6951.50 4.4439
6951.55 4.4454
6951.60 4.4468
6951.65 4.4483
6951.70 4.4497
6951.75 4.4512
6951.80 4.4526
6951.85 4.4540
6951.90 4.4555
6951.95 4.4569
6952.00 4.4583
6952.05 4.4597
6952.10 4.4612
6952.15 4.4626
6952.20 4.4640
6952.25 4.4654
6952.30 4.4668
6952.35 4.4682
6952.40 4.4696
6952.45 4.4710
6952.50 4.4725
6952.55 4.4739
6952.60 4.4753
6952.65 4.4766
6952.70 4.4780
6952.75 4.4794
6952.80 4.4808
6952.85 4.4822
6952.90 4.4836
6952.95 4.4850
6953.00 4.4864
6953.05 4.4877
6953.10 4.4891
6953.15 4.4905
6953.20 4.4919
6953.25 4.4932
6953.30 4.4946
6953.35 4.4960
6953.40 4.4973
6953.45 4.4987
6953.50 4.5001
6953.55 4.5014
6953.60 4.5028
6953.65 4.5041
6953.70 4.5055
6953.75 4.5068
6953.80 4.5082
6953.85 4.5095
6953.90 4.5109
6953.95 4.5122
6954.00 4.5136
6954.05 4.5149
6954.10 4.5162
6954.15 4.5176
6954.20 4.5189
6954.25 4.5203
6954.30 4.5216
6954.35 4.5229
6954.40 4.5243
6954.45 4.5256
6954.50 4.5269
6954.55 4.5282
6954.60 4.5296
6954.65 4.5309
6954.70 4.5322
6954.75 4.5335
6954.80 4.5349
6954.85 4.5362
6954.90 4.5375
6954.95 4.5388
6955.00 4.5401
6955.05 4.5414
6955.10 4.5428
6955.15 4.5441
6955.20 4.5454
6955.25 4.5467
6955.30 4.5480
6955.35 4.5493
6955.40 4.5506
6955.45 4.5519
6955.50 4.5532
6955.55 4.5545
6955.60 4.5558
6955.65 4.5571
6955.70 4.5584
6955.75 4.5597
6955.80 4.5611
6955.85 4.5624
6955.90 4.5637
6955.95 4.5650
6956.00 4.5663
6956.05 4.5676
6956.10 4.5689
6956.15 4.5702
6956.20 4.5715
6956.25 4.5727
6956.30 4.5740
6956.35 4.5753
6956.40 4.5766
6956.45 4.5779
6956.50 4.5792
6956.55 4.5805
6956.60 4.5818
6956.65 4.5831
6956.70 4.5844
6956.75 4.5857
6956.80 4.5870
6956.85 4.5883
6956.90 4.5896
6956.95 4.5909
6957.00 4.5922
6957.05 4.5935
6957.10 4.5948
6957.15 4.5961
6957.20 4.5974
6957.25 4.5987
6957.30 4.6000
6957.35 4.6013
6957.40 4.6026
6957.45 4.6038
6957.50 4.6051
6957.55 4.6064
6957.60 4.6077
6957.65 4.6090
6957.70 4.6103
6957.75 4.6116
6957.80 4.6129
6957.85 4.6142
6957.90 4.6155
6957.95 4.6168
6958.00 4.6181
6958.05 4.6194
6958.10 4.6207
6958.15 4.6220
6958.20 4.6233
6958.25 4.6246
6958.30 4.6259
6958.35 4.6272
6958.40 4.6285
6958.45 4.6298
6958.50 4.6311
6958.55 4.6324
6958.60 4.6337
6958.65 4.6350
6958.70 4.6363
6958.75 4.6376
6958.80 4.6389
6958.85 4.6402
6958.90 4.6415
6958.95 4.6429
6959.00 4.6442
6959.05 4.6455
6959.10 4.6468
6959.15 4.6481
6959.20 4.6494
6959.25 4.6507
6959.30 4.6520
6959.35 4.6533
6959.40 4.6546
6959.45 4.6559
6959.50 4.6572
6959.55 4.6586
6959.60 4.6599
6959.65 4.6612
6959.70 4.6625
6959.75 4.6638
6959.80 4.6651
6959.85 4.6664
6959.90 4.6677
6959.95 4.6690
6960.00 4.6704
6960.05 4.6717
6960.10 4.6730
6960.15 4.6743
6960.20 4.6756
6960.25 4.6769
6960.30 4.6782
6960.35 4.6796
6960.40 4.6809
6960.45 4.6822
6960.50 4.6835
6960.55 4.6848
6960.60 4.6861
6960.65 4.6874
6960.70 4.6888
6960.75 4.6901
6960.80 4.6914
6960.85 4.6927
6960.90 4.6940
6960.95 4.6953
6961.00 4.6967
6961.05 4.6980
6961.10 4.6993
6961.15 4.7006
6961.20 4.7019
6961.25 4.7032
6961.30 4.7045
6961.35 4.7059
6961.40 4.7072
6961.45 4.7085
6961.50 4.7098
6961.55 4.7111
6961.60 4.7124
6961.65 4.7137
6961.70 4.7150
6961.75 4.7163
6961.80 4.7177
6961.85 4.7190
6961.90 4.7203
6961.95 4.7216
6962.00 4.7229
6962.05 4.7242
6962.10 4.7255
6962.15 4.7268
6962.20 4.7281
6962.25 4.7294
6962.30 4.7307
6962.35 4.7320
6962.40 4.7333
6962.45 4.7346
6962.50 4.7359
6962.55 4.7372
6962.60 4.7385
6962.65 4.7398
6962.70 4.7411
6962.75 4.7424
6962.80 4.7437
6962.85 4.7450
6962.90 4.7463
6962.95 4.7475
6963.00 4.7488
6963.05 4.7501
6963.10 4.7514
6963.15 4.7527
6963.20 4.7540
6963.25 4.7552
6963.30 4.7565
6963.35 4.7578
6963.40 4.7591
6963.45 4.7603
6963.50 4.7616
6963.55 4.7629
6963.60 4.7641
6963.65 4.7654
6963.70 4.7666
6963.75 4.7679
6963.80 4.7692
6963.85 4.7704
6963.90 4.7717
6963.95 4.7729
6964.00 4.7742
6964.05 4.7754
6964.10 4.7767
6964.15 4.7779
6964.20 4.7791
6964.25 4.7804
6964.30 4.7816
6964.35 4.7828
6964.40 4.7841
6964.45 4.7853
6964.50 4.7865
6964.55 4.7877
6964.60 4.7890
6964.65 4.7902
6964.70 4.7914
6964.75 4.7926
6964.80 4.7938
6964.85 4.7950
6964.90 4.7962
6964.95 4.7974
6965.00 4.7986
6965.05 4.7998
6965.10 4.8010
6965.15 4.8022
6965.20 4.8033
6965.25 4.8045
6965.30 4.8057
6965.35 4.8069
6965.40 4.8080
6965.45 4.8092
6965.50 4.8104
6965.55 4.8115
6965.60 4.8127
6965.65 4.8138
6965.70 4.8150
6965.75 4.8161
6965.80 4.8173
6965.85 4.8184
6965.90 4.8195
6965.95 4.8206
6966.00 4.8218
6966.05 4.8229
6966.10 4.8240
6966.15 4.8251
6966.20 4.8262
6966.25 4.8273
6966.30 4.8284
6966.35 4.8295
6966.40 4.8306
6966.45 4.8317
6966.50 4.8328
6966.55 4.8339
6966.60 4.8350
6966.65 4.8360
6966.70 4.8371
6966.75 4.8382
6966.80 4.8392
6966.85 4.8403
6966.90 4.8413
6966.95 4.8424
6967.00 4.8434
6967.05 4.8445
6967.10 4.8455
6967.15 4.8465
6967.20 4.8475
6967.25 4.8486
6967.30 4.8496
6967.35 4.8506
6967.40 4.8516
6967.45 4.8526
6967.50 4.8536
6967.55 4.8546
6967.60 4.8556
6967.65 4.8565
6967.70 4.8575
6967.75 4.8585
6967.80 4.8595
6967.85 4.8604
6967.90 4.8614
6967.95 4.8623
6968.00 4.8633
6968.05 4.8642
6968.10 4.8652
6968.15 4.8661
6968.20 4.8670
6968.25 4.8679
6968.30 4.8689
6968.35 4.8698
6968.40 4.8707
6968.45 4.8716
6968.50 4.8725
6968.55 4.8734
6968.60 4.8742
6968.65 4.8751
6968.70 4.8760
6968.75 4.8769
6968.80 4.8777
6968.85 4.8786
6968.90 4.8795
6968.95 4.8803
6969.00 4.8811
6969.05 4.8820
6969.10 4.8828
6969.15 4.8836
6969.20 4.8845
6969.25 4.8853
6969.30 4.8861
6969.35 4.8869
6969.40 4.8877
6969.45 4.8885
6969.50 4.8893
6969.55 4.8901
6969.60 4.8909
6969.65 4.8916
6969.70 4.8924
6969.75 4.8932
6969.80 4.8939
6969.85 4.8947
6969.90 4.8954
6969.95 4.8962
6970.00 4.8969
6970.05 4.8976
6970.10 4.8984
6970.15 4.8991
6970.20 4.8998
6970.25 4.9005
6970.30 4.9012
6970.35 4.9019
6970.40 4.9026
6970.45 4.9033
6970.50 4.9040
6970.55 4.9046
6970.60 4.9053
6970.65 4.9060
6970.70 4.9066
6970.75 4.9073
6970.80 4.9079
6970.85 4.9086
6970.90 4.9092
6970.95 4.9099
6971.00 4.9105
6971.05 4.9111
6971.10 4.9117
6971.15 4.9123
6971.20 4.9129
6971.25 4.9135
6971.30 4.9141
6971.35 4.9147
6971.40 4.9153
6971.45 4.9159
6971.50 4.9164
6971.55 4.9170
6971.60 4.9176
6971.65 4.9181
6971.70 4.9187
6971.75 4.9192
6971.80 4.9197
6971.85 4.9203
6971.90 4.9208
6971.95 4.9213
6972.00 4.9218
6972.05 4.9223
6972.10 4.9229
6972.15 4.9234
6972.20 4.9238
6972.25 4.9243
6972.30 4.9248
6972.35 4.9253
6972.40 4.9258
6972.45 4.9262
6972.50 4.9267
6972.55 4.9271
6972.60 4.9276
6972.65 4.9280
6972.70 4.9285
6972.75 4.9289
6972.80 4.9293
6972.85 4.9298
6972.90 4.9302
6972.95 4.9306
6973.00 4.9310
6973.05 4.9314
6973.10 4.9318
6973.15 4.9322
6973.20 4.9326
6973.25 4.9329
6973.30 4.9333
6973.35 4.9337
6973.40 4.9340
6973.45 4.9344
6973.50 4.9347
6973.55 4.9351
6973.60 4.9354
6973.65 4.9358
6973.70 4.9361
6973.75 4.9364
6973.80 4.9367
6973.85 4.9371
6973.90 4.9374
6973.95 4.9377
6974.00 4.9380
6974.05 4.9383
6974.10 4.9385
6974.15 4.9388
6974.20 4.9391
6974.25 4.9394
6974.30 4.9396
6974.35 4.9399
6974.40 4.9402
6974.45 4.9404
6974.50 4.9407
6974.55 4.9409
6974.60 4.9411
6974.65 4.9414
6974.70 4.9416
6974.75 4.9418
6974.80 4.9420
6974.85 4.9422
6974.90 4.9424
6974.95 4.9426
6975.00 4.9428
6975.05 4.9430
6975.10 4.9432
6975.15 4.9434
6975.20 4.9435
6975.25 4.9437
6975.30 4.9439
6975.35 4.9440
6975.40 4.9442
6975.45 4.9443
6975.50 4.9445
6975.55 4.9446
6975.60 4.9448
6975.65 4.9449
6975.70 4.9450
6975.75 4.9451
6975.80 4.9452
6975.85 4.9453
6975.90 4.9455
6975.95 4.9456
6976.00 4.9456
6976.05 4.9457
6976.10 4.9458
6976.15 4.9459
6976.20 4.9460
6976.25 4.9460
6976.30 4.9461
6976.35 4.9462
6976.40 4.9462
6976.45 4.9463
6976.50 4.9463
6976.55 4.9464
6976.60 4.9464
6976.65 4.9464
6976.70 4.9465
6976.75 4.9465
6976.80 4.9465
6976.85 4.9465
6976.90 4.9465
6976.95 4.9465
6977.00 4.9465
6977.05 4.9465
6977.10 4.9465
6977.15 4.9465
6977.20 4.9465
6977.25 4.9465
6977.30 4.9465
6977.35 4.9464
6977.40 4.9464
6977.45 4.9464
6977.50 4.9463
6977.55 4.9463
6977.60 4.9462
6977.65 4.9462
6977.70 4.9461
6977.75 4.9460
6977.80 4.9460
6977.85 4.9459
6977.90 4.9458
6977.95 4.9457
6978.00 4.9456
6978.05 4.9456
6978.10 4.9455
6978.15 4.9454
6978.20 4.9453
6978.25 4.9452
6978.30 4.9451
6978.35 4.9449
6978.40 4.9448
6978.45 4.9447
6978.50 4.9446
6978.55 4.9445
6978.60 4.9443
6978.65 4.9442
6978.70 4.9440
6978.75 4.9439
6978.80 4.9438
6978.85 4.9436
6978.90 4.9435
6978.95 4.9433
6979.00 4.9431
6979.05 4.9430
6979.10 4.9428
6979.15 4.9426
6979.20 4.9425
6979.25 4.9423
6979.30 4.9421
6979.35 4.9419
6979.40 4.9417
6979.45 4.9415
6979.50 4.9413
6979.55 4.9411
6979.60 4.9409
6979.65 4.9407
6979.70 4.9405
6979.75 4.9403
6979.80 4.9401
6979.85 4.9399
6979.90 4.9397
6979.95 4.9395
6980.00 4.9392
6980.05 4.9390
6980.10 4.9388
6980.15 4.9385
6980.20 4.9383
6980.25 4.9381
6980.30 4.9378
6980.35 4.9376
6980.40 4.9373
6980.45 4.9371
6980.50 4.9368
6980.55 4.9366
6980.60 4.9363
6980.65 4.9361
6980.70 4.9358
6980.75 4.9356
6980.80 4.9353
6980.85 4.9350
6980.90 4.9348
6980.95 4.9345
6981.00 4.9342
6981.05 4.9339
6981.10 4.9337
6981.15 4.9334
6981.20 4.9331
6981.25 4.9328
6981.30 4.9325
6981.35 4.9323
6981.40 4.9320
6981.45 4.9317
6981.50 4.9314
6981.55 4.9311
6981.60 4.9308
6981.65 4.9305
6981.70 4.9302
6981.75 4.9299
6981.80 4.9296
6981.85 4.9293
6981.90 4.9290
6981.95 4.9287
6982.00 4.9284
6982.05 4.9281
6982.10 4.9278
6982.15 4.9275
6982.20 4.9272
6982.25 4.9269
6982.30 4.9266
6982.35 4.9263
6982.40 4.9260
6982.45 4.9257
6982.50 4.9254
6982.55 4.9251
6982.60 4.9247
6982.65 4.9244
6982.70 4.9241
6982.75 4.9238
6982.80 4.9235
6982.85 4.9232
6982.90 4.9229
6982.95 4.9226
6983.00 4.9222
6983.05 4.9219
6983.10 4.9216
6983.15 4.9213
6983.20 4.9210
6983.25 4.9207
6983.30 4.9204
6983.35 4.9201
6983.40 4.9197
6983.45 4.9194
6983.50 4.9191
6983.55 4.9188
6983.60 4.9185
6983.65 4.9182
6983.70 4.9179
6983.75 4.9176
6983.80 4.9173
6983.85 4.9170
6983.90 4.9167
6983.95 4.9164
6984.00 4.9161
6984.05 4.9157
6984.10 4.9154
6984.15 4.9151
6984.20 4.9148
6984.25 4.9146
6984.30 4.9143
6984.35 4.9140
6984.40 4.9137
6984.45 4.9134
6984.50 4.9131
6984.55 4.9128
6984.60 4.9125
6984.65 4.9122
6984.70 4.9119
6984.75 4.9116
6984.80 4.9114
6984.85 4.9111
6984.90 4.9108
6984.95 4.9105
6985.00 4.9103
6985.05 4.9100
6985.10 4.9097
6985.15 4.9094
6985.20 4.9092
6985.25 4.9089
6985.30 4.9087
6985.35 4.9084
6985.40 4.9081
6985.45 4.9079
6985.50 4.9076
6985.55 4.9074
6985.60 4.9071
6985.65 4.9069
6985.70 4.9066
6985.75 4.9064
6985.80 4.9062
6985.85 4.9059
6985.90 4.9057
6985.95 4.9055
6986.00 4.9052
6986.05 4.9050
6986.10 4.9048
6986.15 4.9046
6986.20 4.9043
6986.25 4.9041
6986.30 4.9039
6986.35 4.9037
6986.40 4.9035
6986.45 4.9033
6986.50 4.9031
6986.55 4.9029
6986.60 4.9027
6986.65 4.9025
6986.70 4.9023
6986.75 4.9022
6986.80 4.9020
6986.85 4.9018
6986.90 4.9016
6986.95 4.9014
6987.00 4.9013
6987.05 4.9011
6987.10 4.9010
6987.15 4.9008
6987.20 4.9006
6987.25 4.9005
6987.30 4.9003
6987.35 4.9002
6987.40 4.9000
6987.45 4.8999
6987.50 4.8998
6987.55 4.8996
6987.60 4.8995
6987.65 4.8994
6987.70 4.8993
6987.75 4.8992
6987.80 4.8990
6987.85 4.8989
6987.90 4.8988
6987.95 4.8987
6988.00 4.8986
6988.05 4.8985
6988.10 4.8984
6988.15 4.8983
6988.20 4.8982
6988.25 4.8982
6988.30 4.8981
6988.35 4.8980
6988.40 4.8979
6988.45 4.8979
6988.50 4.8978
6988.55 4.8977
6988.60 4.8977
6988.65 4.8976
6988.70 4.8976
6988.75 4.8975
6988.80 4.8975
6988.85 4.8975
6988.90 4.8974
6988.95 4.8974
6989.00 4.8974
6989.05 4.8973
6989.10 4.8973
6989.15 4.8973
6989.20 4.8973
6989.25 4.8973
6989.30 4.8973
6989.35 4.8973
6989.40 4.8973
6989.45 4.8973
6989.50 4.8973
6989.55 4.8973
6989.60 4.8973
6989.65 4.8973
6989.70 4.8973
6989.75 4.8973
6989.80 4.8974
6989.85 4.8974
6989.90 4.8974
6989.95 4.8975
6990.00 4.8975
6990.05 4.8976
6990.10 4.8976
6990.15 4.8976
6990.20 4.8977
6990.25 4.8978
6990.30 4.8978
6990.35 4.8979
6990.40 4.8979
6990.45 4.8980
6990.50 4.8981
6990.55 4.8982
6990.60 4.8982
6990.65 4.8983
6990.70 4.8984
6990.75 4.8985
6990.80 4.8986
6990.85 4.8987
6990.90 4.8988
6990.95 4.8989
6991.00 4.8990
6991.05 4.8991
6991.10 4.8992
6991.15 4.8993
6991.20 4.8994
6991.25 4.8995
6991.30 4.8996
6991.35 4.8997
6991.40 4.8999
6991.45 4.9000
6991.50 4.9001
6991.55 4.9003
6991.60 4.9004
6991.65 4.9005
6991.70 4.9007
6991.75 4.9008
6991.80 4.9009
6991.85 4.9011
6991.90 4.9012
6991.95 4.9014
6992.00 4.9015
6992.05 4.9017
6992.10 4.9018
6992.15 4.9020
6992.20 4.9022
6992.25 4.9023
6992.30 4.9025
6992.35 4.9026
6992.40 4.9028
6992.45 4.9030
6992.50 4.9032
6992.55 4.9033
6992.60 4.9035
6992.65 4.9037
6992.70 4.9039
6992.75 4.9040
6992.80 4.9042
6992.85 4.9044
6992.90 4.9046
6992.95 4.9048
6993.00 4.9050
6993.05 4.9052
6993.10 4.9053
6993.15 4.9055
6993.20 4.9057
6993.25 4.9059
6993.30 4.9061
6993.35 4.9063
6993.40 4.9065
6993.45 4.9067
6993.50 4.9069
6993.55 4.9071
6993.60 4.9073
6993.65 4.9075
6993.70 4.9077
6993.75 4.9079
6993.80 4.9081
6993.85 4.9084
6993.90 4.9086
6993.95 4.9088
6994.00 4.9090
6994.05 4.9092
6994.10 4.9094
6994.15 4.9096
6994.20 4.9098
6994.25 4.9101
6994.30 4.9103
6994.35 4.9105
6994.40 4.9107
6994.45 4.9109
6994.50 4.9111
6994.55 4.9114
6994.60 4.9116
6994.65 4.9118
6994.70 4.9120
6994.75 4.9122
6994.80 4.9125
6994.85 4.9127
6994.90 4.9129
6994.95 4.9131
6995.00 4.9133
6995.05 4.9136
6995.10 4.9138
6995.15 4.9140
6995.20 4.9142
6995.25 4.9145
6995.30 4.9147
6995.35 4.9149
6995.40 4.9151
6995.45 4.9153
6995.50 4.9156
6995.55 4.9158
6995.60 4.9160
6995.65 4.9162
6995.70 4.9165
6995.75 4.9167
6995.80 4.9169
6995.85 4.9171
6995.90 4.9174
6995.95 4.9176
6996.00 4.9178
6996.05 4.9180
6996.10 4.9183
6996.15 4.9185
6996.20 4.9187
6996.25 4.9189
6996.30 4.9192
6996.35 4.9194
6996.40 4.9196
6996.45 4.9198
6996.50 4.9200
6996.55 4.9203
6996.60 4.9205
6996.65 4.9207
6996.70 4.9209
6996.75 4.9211
6996.80 4.9214
6996.85 4.9216
6996.90 4.9218
6996.95 4.9220
6997.00 4.9223
6997.05 4.9225
6997.10 4.9227
6997.15 4.9229
6997.20 4.9231
6997.25 4.9233
6997.30 4.9236
6997.35 4.9238
6997.40 4.9240
6997.45 4.9242
6997.50 4.9244
6997.55 4.9247
6997.60 4.9249
6997.65 4.9251
6997.70 4.9253
6997.75 4.9255
6997.80 4.9257
6997.85 4.9260
6997.90 4.9262
6997.95 4.9264
6998.00 4.9266
6998.05 4.9268
6998.10 4.9270
6998.15 4.9272
6998.20 4.9275
6998.25 4.9277
6998.30 4.9279
6998.35 4.9281
6998.40 4.9283
6998.45 4.9285
6998.50 4.9287
6998.55 4.9289
6998.60 4.9292
6998.65 4.9294
6998.70 4.9296
6998.75 4.9298
6998.80 4.9300
6998.85 4.9302
6998.90 4.9304
6998.95 4.9306
6999.00 4.9309
6999.05 4.9311
6999.10 4.9313
6999.15 4.9315
6999.20 4.9317
6999.25 4.9319
6999.30 4.9321
6999.35 4.9323
6999.40 4.9325
6999.45 4.9328
6999.50 4.9330
6999.55 4.9332
6999.60 4.9334
6999.65 4.9336
6999.70 4.9338
6999.75 4.9340
6999.80 4.9342
6999.85 4.9345
6999.90 4.9347
6999.95 4.9349
7000.00 4.9351
7000.05 4.9353
7000.10 4.9355
7000.15 4.9357
7000.20 4.9360
7000.25 4.9362
7000.30 4.9364
7000.35 4.9366
7000.40 4.9368
7000.45 4.9370
7000.50 4.9373
7000.55 4.9375
7000.60 4.9377
7000.65 4.9379
7000.70 4.9381
7000.75 4.9384
7000.80 4.9386
7000.85 4.9388
7000.90 4.9390
7000.95 4.9392
7001.00 4.9395
7001.05 4.9397
7001.10 4.9399
7001.15 4.9401
7001.20 4.9404
7001.25 4.9406
7001.30 4.9408
7001.35 4.9410
7001.40 4.9413
7001.45 4.9415
7001.50 4.9417
7001.55 4.9420
7001.60 4.9422
7001.65 4.9424
7001.70 4.9426
7001.75 4.9429
7001.80 4.9431
7001.85 4.9433
7001.90 4.9436
7001.95 4.9438
7002.00 4.9441
7002.05 4.9443
7002.10 4.9445
7002.15 4.9448
7002.20 4.9450
7002.25 4.9453
7002.30 4.9455
7002.35 4.9457
7002.40 4.9460
7002.45 4.9462
7002.50 4.9465
7002.55 4.9467
7002.60 4.9470
7002.65 4.9472
7002.70 4.9475
7002.75 4.9477
7002.80 4.9480
7002.85 4.9482
7002.90 4.9485
7002.95 4.9487
7003.00 4.9490
7003.05 4.9493
7003.10 4.9495
7003.15 4.9498
7003.20 4.9500
7003.25 4.9503
7003.30 4.9506
7003.35 4.9508
7003.40 4.9511
7003.45 4.9514
7003.50 4.9516
7003.55 4.9519
7003.60 4.9522
7003.65 4.9524
7003.70 4.9527
7003.75 4.9530
7003.80 4.9533
7003.85 4.9535
7003.90 4.9538
7003.95 4.9541
7004.00 4.9544
7004.05 4.9547
7004.10 4.9549
7004.15 4.9552
7004.20 4.9555
7004.25 4.9558
7004.30 4.9561
7004.35 4.9564
7004.40 4.9566
7004.45 4.9569
7004.50 4.9572
7004.55 4.9575
7004.60 4.9578
7004.65 4.9581
7004.70 4.9584
7004.75 4.9587
7004.80 4.9590
7004.85 4.9593
7004.90 4.9596
7004.95 4.9599
7005.00 4.9602
7005.05 4.9605
7005.10 4.9608
7005.15 4.9611
7005.20 4.9614
7005.25 4.9617
7005.30 4.9620
7005.35 4.9623
7005.40 4.9626
7005.45 4.9629
7005.50 4.9632
7005.55 4.9636
7005.60 4.9639
7005.65 4.9642
7005.70 4.9645
7005.75 4.9648
7005.80 4.9651
7005.85 4.9654
7005.90 4.9657
7005.95 4.9661
7006.00 4.9664
7006.05 4.9667
7006.10 4.9670
7006.15 4.9673
7006.20 4.9677
7006.25 4.9680
7006.30 4.9683
7006.35 4.9686
7006.40 4.9689
7006.45 4.9693
7006.50 4.9696
7006.55 4.9699
7006.60 4.9702
7006.65 4.9706
7006.70 4.9709
7006.75 4.9712
7006.80 4.9715
7006.85 4.9719
7006.90 4.9722
7006.95 4.9725
7007.00 4.9729
7007.05 4.9732
7007.10 4.9735
7007.15 4.9738
7007.20 4.9742
7007.25 4.9745
7007.30 4.9748
7007.35 4.9752
7007.40 4.9755
7007.45 4.9758
7007.50 4.9762
7007.55 4.9765
7007.60 4.9768
7007.65 4.9771
7007.70 4.9775
7007.75 4.9778
7007.80 4.9781
7007.85 4.9785
7007.90 4.9788
7007.95 4.9791
7008.00 4.9795
7008.05 4.9798
7008.10 4.9801
7008.15 4.9805
7008.20 4.9808
7008.25 4.9811
7008.30 4.9814
7008.35 4.9818
7008.40 4.9821
7008.45 4.9824
7008.50 4.9828
7008.55 4.9831
7008.60 4.9834
7008.65 4.9837
7008.70 4.9841
7008.75 4.9844
7008.80 4.9847
7008.85 4.9850
7008.90 4.9854
7008.95 4.9857
7009.00 4.9860
7009.05 4.9863
7009.10 4.9867
7009.15 4.9870
7009.20 4.9873
7009.25 4.9876
7009.30 4.9880
7009.35 4.9883
7009.40 4.9886
7009.45 4.9889
7009.50 4.9892
7009.55 4.9896
7009.60 4.9899
7009.65 4.9902
7009.70 4.9905
7009.75 4.9908
7009.80 4.9911
7009.85 4.9914
7009.90 4.9918
7009.95 4.9921
7010.00 4.9924
7010.05 4.9927
7010.10 4.9930
7010.15 4.9933
7010.20 4.9936
7010.25 4.9939
7010.30 4.9942
7010.35 4.9945
7010.40 4.9948
7010.45 4.9951
7010.50 4.9954
7010.55 4.9957
7010.60 4.9960
7010.65 4.9963
7010.70 4.9966
7010.75 4.9969
7010.80 4.9972
7010.85 4.9975
7010.90 4.9978
7010.95 4.9981
7011.00 4.9984
7011.05 4.9987
7011.10 4.9990
7011.15 4.9993
7011.20 4.9995
7011.25 4.9998
7011.30 5.0001
7011.35 5.0004
7011.40 5.0007
7011.45 5.0010
7011.50 5.0012
7011.55 5.0015
7011.60 5.0018
7011.65 5.0021
7011.70 5.0023
7011.75 5.0026
7011.80 5.0029
7011.85 5.0032
7011.90 5.0034
7011.95 5.0037
7012.00 5.0040
7012.05 5.0042
7012.10 5.0045
7012.15 5.0048
7012.20 5.0050
7012.25 5.0053
7012.30 5.0055
7012.35 5.0058
7012.40 5.0060
7012.45 5.0063
7012.50 5.0066
7012.55 5.0068
7012.60 5.0071
7012.65 5.0073
7012.70 5.0076
7012.75 5.0078
7012.80 5.0081
7012.85 5.0083
7012.90 5.0086
7012.95 5.0088
7013.00 5.0090
7013.05 5.0093
7013.10 5.0095
7013.15 5.0098
7013.20 5.0100
7013.25 5.0102
7013.30 5.0105
7013.35 5.0107
7013.40 5.0109
7013.45 5.0112
7013.50 5.0114
7013.55 5.0116
7013.60 5.0119
7013.65 5.0121
7013.70 5.0123
7013.75 5.0125
7013.80 5.0128
7013.85 5.0130
7013.90 5.0132
7013.95 5.0134
7014.00 5.0136
7014.05 5.0139
7014.10 5.0141
7014.15 5.0143
7014.20 5.0145
7014.25 5.0147
7014.30 5.0149
7014.35 5.0151
7014.40 5.0153
7014.45 5.0156
7014.50 5.0158
7014.55 5.0160
7014.60 5.0162
7014.65 5.0164
7014.70 5.0166
7014.75 5.0168
7014.80 5.0170
7014.85 5.0172
7014.90 5.0174
7014.95 5.0176
7015.00 5.0178
7015.05 5.0180
7015.10 5.0182
7015.15 5.0184
7015.20 5.0186
7015.25 5.0188
7015.30 5.0190
7015.35 5.0192
7015.40 5.0194
7015.45 5.0195
7015.50 5.0197
7015.55 5.0199
7015.60 5.0201
7015.65 5.0203
7015.70 5.0205
7015.75 5.0207
7015.80 5.0209
7015.85 5.0211
7015.90 5.0212
7015.95 5.0214
7016.00 5.0216
7016.05 5.0218
7016.10 5.0220
7016.15 5.0222
7016.20 5.0223
7016.25 5.0225
7016.30 5.0227
7016.35 5.0229
7016.40 5.0231
7016.45 5.0232
7016.50 5.0234
7016.55 5.0236
7016.60 5.0238
7016.65 5.0240
7016.70 5.0241
7016.75 5.0243
7016.80 5.0245
7016.85 5.0247
7016.90 5.0248
7016.95 5.0250
7017.00 5.0252
7017.05 5.0254
7017.10 5.0255
7017.15 5.0257
7017.20 5.0259
7017.25 5.0261
7017.30 5.0262
7017.35 5.0264
7017.40 5.0266
7017.45 5.0267
7017.50 5.0269
7017.55 5.0271
7017.60 5.0273
7017.65 5.0274
7017.70 5.0276
7017.75 5.0278
7017.80 5.0280
7017.85 5.0281
7017.90 5.0283
7017.95 5.0285
7018.00 5.0286
7018.05 5.0288
7018.10 5.0290
7018.15 5.0292
7018.20 5.0293
7018.25 5.0295
7018.30 5.0297
7018.35 5.0299
7018.40 5.0300
7018.45 5.0302
7018.50 5.0304
7018.55 5.0306
7018.60 5.0307
7018.65 5.0309
7018.70 5.0311
7018.75 5.0313
7018.80 5.0314
7018.85 5.0316
7018.90 5.0318
7018.95 5.0320
7019.00 5.0321
7019.05 5.0323
7019.10 5.0325
7019.15 5.0327
7019.20 5.0329
7019.25 5.0330
7019.30 5.0332
7019.35 5.0334
7019.40 5.0336
7019.45 5.0338
7019.50 5.0340
7019.55 5.0341
7019.60 5.0343
7019.65 5.0345
7019.70 5.0347
7019.75 5.0349
7019.80 5.0351
7019.85 5.0353
7019.90 5.0355
7019.95 5.0356
7020.00 5.0358
7020.05 5.0360
7020.10 5.0362
7020.15 5.0364
7020.20 5.0366
7020.25 5.0368
7020.30 5.0370
7020.35 5.0372
7020.40 5.0374
7020.45 5.0376
7020.50 5.0378
7020.55 5.0380
7020.60 5.0382
7020.65 5.0384
7020.70 5.0386
7020.75 5.0388
7020.80 5.0390
7020.85 5.0392
7020.90 5.0394
7020.95 5.0397
7021.00 5.0399
7021.05 5.0401
7021.10 5.0403
7021.15 5.0405
7021.20 5.0407
7021.25 5.0410
7021.30 5.0412
7021.35 5.0414
7021.40 5.0416
7021.45 5.0418
7021.50 5.0421
7021.55 5.0423
7021.60 5.0425
7021.65 5.0428
7021.70 5.0430
7021.75 5.0432
7021.80 5.0435
7021.85 5.0437
7021.90 5.0439
7021.95 5.0442
7022.00 5.0444
7022.05 5.0447
7022.10 5.0449
7022.15 5.0452
7022.20 5.0454
7022.25 5.0457
7022.30 5.0459
7022.35 5.0462
7022.40 5.0464
7022.45 5.0467
7022.50 5.0469
7022.55 5.0472
7022.60 5.0475
7022.65 5.0477
7022.70 5.0480
7022.75 5.0483
7022.80 5.0485
7022.85 5.0488
7022.90 5.0491
7022.95 5.0494
7023.00 5.0497
7023.05 5.0499
7023.10 5.0502
7023.15 5.0505
7023.20 5.0508
7023.25 5.0511
7023.30 5.0514
7023.35 5.0517
7023.40 5.0520
7023.45 5.0523
7023.50 5.0526
7023.55 5.0529
7023.60 5.0532
7023.65 5.0535
7023.70 5.0538
7023.75 5.0541
7023.80 5.0544
7023.85 5.0547
7023.90 5.0551
7023.95 5.0554
7024.00 5.0557
7024.05 5.0560
7024.10 5.0564
7024.15 5.0567
7024.20 5.0570
7024.25 5.0573
7024.30 5.0577
7024.35 5.0580
7024.40 5.0584
7024.45 5.0587
7024.50 5.0591
7024.55 5.0594
7024.60 5.0598
7024.65 5.0601
7024.70 5.0605
7024.75 5.0608
7024.80 5.0612
7024.85 5.0615
7024.90 5.0619
7024.95 5.0623
7025.00 5.0626
7025.05 5.0630
7025.10 5.0634
7025.15 5.0638
7025.20 5.0641
7025.25 5.0645
7025.30 5.0649
7025.35 5.0653
7025.40 5.0657
7025.45 5.0661
7025.50 5.0665
7025.55 5.0669
7025.60 5.0673
7025.65 5.0677
7025.70 5.0681
7025.75 5.0685
7025.80 5.0689
7025.85 5.0693
7025.90 5.0697
7025.95 5.0701
7026.00 5.0705
7026.05 5.0709
7026.10 5.0714
7026.15 5.0718
7026.20 5.0722
7026.25 5.0726
7026.30 5.0731
7026.35 5.0735
7026.40 5.0739
7026.45 5.0743
7026.50 5.0748
7026.55 5.0752
7026.60 5.0757
7026.65 5.0761
7026.70 5.0765
7026.75 5.0770
7026.80 5.0774
7026.85 5.0779
7026.90 5.0783
7026.95 5.0788
7027.00 5.0793
7027.05 5.0797
7027.10 5.0802
7027.15 5.0806
7027.20 5.0811
7027.25 5.0816
7027.30 5.0820
7027.35 5.0825
7027.40 5.0830
7027.45 5.0834
7027.50 5.0839
7027.55 5.0844
7027.60 5.0849
7027.65 5.0853
7027.70 5.0858
7027.75 5.0863
7027.80 5.0868
7027.85 5.0873
7027.90 5.0878
7027.95 5.0882
7028.00 5.0887
7028.05 5.0892
7028.10 5.0897
7028.15 5.0902
7028.20 5.0907
7028.25 5.0912
7028.30 5.0917
7028.35 5.0922
7028.40 5.0927
7028.45 5.0932
7028.50 5.0937
7028.55 5.0942
7028.60 5.0947
7028.65 5.0952
7028.70 5.0957
7028.75 5.0962
7028.80 5.0967
7028.85 5.0972
7028.90 5.0977
7028.95 5.0982
7029.00 5.0987
7029.05 5.0993
7029.10 5.0998
7029.15 5.1003
7029.20 5.1008
7029.25 5.1013
7029.30 5.1018
7029.35 5.1023
7029.40 5.1028
7029.45 5.1033
7029.50 5.1039
7029.55 5.1044
7029.60 5.1049
7029.65 5.1054
7029.70 5.1059
7029.75 5.1064
7029.80 5.1070
7029.85 5.1075
7029.90 5.1080
7029.95 5.1085
7030.00 5.1090
7030.05 5.1095
7030.10 5.1100
7030.15 5.1106
7030.20 5.1111
7030.25 5.1116
7030.30 5.1121
7030.35 5.1126
7030.40 5.1131
7030.45 5.1137
7030.50 5.1142
7030.55 5.1147
7030.60 5.1152
7030.65 5.1157
7030.70 5.1162
7030.75 5.1167
7030.80 5.1172
7030.85 5.1178
7030.90 5.1183
7030.95 5.1188
7031.00 5.1193
7031.05 5.1198
7031.10 5.1203
7031.15 5.1208
7031.20 5.1213
7031.25 5.1218
7031.30 5.1223
7031.35 5.1228
7031.40 5.1233
7031.45 5.1238
7031.50 5.1243
7031.55 5.1248
7031.60 5.1253
7031.65 5.1258
7031.70 5.1263
7031.75 5.1268
7031.80 5.1273
7031.85 5.1278
7031.90 5.1283
7031.95 5.1288
7032.00 5.1293
7032.05 5.1298
7032.10 5.1303
7032.15 5.1308
7032.20 5.1312
7032.25 5.1317
7032.30 5.1322
7032.35 5.1327
7032.40 5.1332
7032.45 5.1337
7032.50 5.1341
7032.55 5.1346
7032.60 5.1351
7032.65 5.1356
7032.70 5.1360
7032.75 5.1365
7032.80 5.1370
7032.85 5.1374
7032.90 5.1379
7032.95 5.1384
7033.00 5.1388
7033.05 5.1393
7033.10 5.1398
7033.15 5.1402
7033.20 5.1407
7033.25 5.1411
7033.30 5.1416
7033.35 5.1420
7033.40 5.1425
7033.45 5.1429
7033.50 5.1434
7033.55 5.1438
7033.60 5.1443
7033.65 5.1447
7033.70 5.1452
7033.75 5.1456
7033.80 5.1461
7033.85 5.1465
7033.90 5.1469
7033.95 5.1474
7034.00 5.1478
7034.05 5.1482
7034.10 5.1487
7034.15 5.1491
7034.20 5.1495
7034.25 5.1500
7034.30 5.1504
7034.35 5.1508
7034.40 5.1512
7034.45 5.1516
7034.50 5.1521
7034.55 5.1525
7034.60 5.1529
7034.65 5.1533
7034.70 5.1537
7034.75 5.1541
7034.80 5.1546
7034.85 5.1550
7034.90 5.1554
7034.95 5.1558
7035.00 5.1562
7035.05 5.1566
7035.10 5.1570
7035.15 5.1574
7035.20 5.1578
7035.25 5.1582
7035.30 5.1586
7035.35 5.1590
7035.40 5.1594
7035.45 5.1598
7035.50 5.1602
7035.55 5.1605
7035.60 5.1609
7035.65 5.1613
7035.70 5.1617
7035.75 5.1621
7035.80 5.1625
7035.85 5.1629
7035.90 5.1633
7035.95 5.1636
7036.00 5.1640
7036.05 5.1644
7036.10 5.1648
7036.15 5.1651
7036.20 5.1655
7036.25 5.1659
7036.30 5.1663
7036.35 5.1666
7036.40 5.1670
7036.45 5.1674
7036.50 5.1678
7036.55 5.1681
7036.60 5.1685
7036.65 5.1689
7036.70 5.1692
7036.75 5.1696
7036.80 5.1700
7036.85 5.1703
7036.90 5.1707
7036.95 5.1711
7037.00 5.1714
7037.05 5.1718
7037.10 5.1722
7037.15 5.1725
7037.20 5.1729
7037.25 5.1732
7037.30 5.1736
7037.35 5.1740
7037.40 5.1743
7037.45 5.1747
7037.50 5.1750
7037.55 5.1754
7037.60 5.1757
7037.65 5.1761
7037.70 5.1764
7037.75 5.1768
7037.80 5.1772
7037.85 5.1775
7037.90 5.1779
7037.95 5.1782
7038.00 5.1786
7038.05 5.1789
7038.10 5.1793
7038.15 5.1796
7038.20 5.1800
7038.25 5.1803
7038.30 5.1807
7038.35 5.1810
7038.40 5.1814
7038.45 5.1817
7038.50 5.1821
7038.55 5.1824
7038.60 5.1828
7038.65 5.1831
7038.70 5.1835
7038.75 5.1838
7038.80 5.1842
7038.85 5.1845
7038.90 5.1849
7038.95 5.1852
7039.00 5.1856
7039.05 5.1859
7039.10 5.1863
7039.15 5.1867
7039.20 5.1870
7039.25 5.1874
7039.30 5.1877
7039.35 5.1881
7039.40 5.1884
7039.45 5.1888
7039.50 5.1891
7039.55 5.1895
7039.60 5.1898
7039.65 5.1902
7039.70 5.1905
7039.75 5.1909
7039.80 5.1912
7039.85 5.1916
7039.90 5.1919
7039.95 5.1923
7040.00 5.1926
7040.05 5.1930
7040.10 5.1933
7040.15 5.1937
7040.20 5.1940
7040.25 5.1944
7040.30 5.1947
7040.35 5.1951
7040.40 5.1954
7040.45 5.1958
7040.50 5.1961
7040.55 5.1965
7040.60 5.1968
7040.65 5.1972
7040.70 5.1976
7040.75 5.1979
7040.80 5.1983
7040.85 5.1986
7040.90 5.1990
7040.95 5.1993
7041.00 5.1997
7041.05 5.2000
7041.10 5.2004
7041.15 5.2007
7041.20 5.2011
7041.25 5.2015
7041.30 5.2018
7041.35 5.2022
7041.40 5.2025
7041.45 5.2029
7041.50 5.2032
7041.55 5.2036
7041.60 5.2039
7041.65 5.2043
7041.70 5.2047
7041.75 5.2050
7041.80 5.2054
7041.85 5.2057
7041.90 5.2061
7041.95 5.2064
7042.00 5.2068
7042.05 5.2071
7042.10 5.2075
7042.15 5.2079
7042.20 5.2082
7042.25 5.2086
7042.30 5.2089
7042.35 5.2093
7042.40 5.2096
7042.45 5.2100
7042.50 5.2103
7042.55 5.2107
7042.60 5.2111
7042.65 5.2114
7042.70 5.2118
7042.75 5.2121
7042.80 5.2125
7042.85 5.2128
7042.90 5.2132
7042.95 5.2135
7043.00 5.2139
7043.05 5.2142
7043.10 5.2146
7043.15 5.2149
7043.20 5.2153
7043.25 5.2156
7043.30 5.2160
7043.35 5.2164
7043.40 5.2167
7043.45 5.2171
7043.50 5.2174
7043.55 5.2178
7043.60 5.2181
7043.65 5.2185
7043.70 5.2188
7043.75 5.2192
7043.80 5.2195
7043.85 5.2198
7043.90 5.2202
7043.95 5.2205
7044.00 5.2209
7044.05 5.2212
7044.10 5.2216
7044.15 5.2219
7044.20 5.2223
7044.25 5.2226
7044.30 5.2230
7044.35 5.2233
7044.40 5.2236
7044.45 5.2240
7044.50 5.2243
7044.55 5.2247
7044.60 5.2250
7044.65 5.2254
7044.70 5.2257
7044.75 5.2260
7044.80 5.2264
7044.85 5.2267
7044.90 5.2270
7044.95 5.2274
7045.00 5.2277
7045.05 5.2281
7045.10 5.2284
7045.15 5.2287
7045.20 5.2291
7045.25 5.2294
7045.30 5.2297
7045.35 5.2300
7045.40 5.2304
7045.45 5.2307
7045.50 5.2310
7045.55 5.2314
7045.60 5.2317
7045.65 5.2320
7045.70 5.2323
7045.75 5.2327
7045.80 5.2330
7045.85 5.2333
7045.90 5.2336
7045.95 5.2340
7046.00 5.2343
7046.05 5.2346
7046.10 5.2349
7046.15 5.2353
7046.20 5.2356
7046.25 5.2359
7046.30 5.2362
7046.35 5.2365
7046.40 5.2368
7046.45 5.2372
7046.50 5.2375
7046.55 5.2378
7046.60 5.2381
7046.65 5.2384
7046.70 5.2387
7046.75 5.2390
7046.80 5.2394
7046.85 5.2397
7046.90 5.2400
7046.95 5.2403
7047.00 5.2406
7047.05 5.2409
7047.10 5.2412
7047.15 5.2415
7047.20 5.2418
7047.25 5.2421
7047.30 5.2424
7047.35 5.2427
7047.40 5.2430
7047.45 5.2434
7047.50 5.2437
7047.55 5.2440
7047.60 5.2443
7047.65 5.2446
7047.70 5.2449
7047.75 5.2452
7047.80 5.2455
7047.85 5.2458
7047.90 5.2461
7047.95 5.2464
7048.00 5.2467
7048.05 5.2470
7048.10 5.2472
7048.15 5.2475
7048.20 5.2478
7048.25 5.2481
7048.30 5.2484
7048.35 5.2487
7048.40 5.2490
7048.45 5.2493
7048.50 5.2496
7048.55 5.2499
7048.60 5.2502
7048.65 5.2505
7048.70 5.2508
7048.75 5.2511
7048.80 5.2514
7048.85 5.2517
7048.90 5.2520
7048.95 5.2522
7049.00 5.2525
7049.05 5.2528
7049.10 5.2531
7049.15 5.2534
7049.20 5.2537
7049.25 5.2540
7049.30 5.2543
7049.35 5.2546
7049.40 5.2549
7049.45 5.2552
7049.50 5.2555
7049.55 5.2557
7049.60 5.2560
7049.65 5.2563
7049.70 5.2566
7049.75 5.2569
7049.80 5.2572
7049.85 5.2575
7049.90 5.2578
7049.95 5.2581
7050.00 5.2584
7050.05 5.2587
7050.10 5.2590
7050.15 5.2593
7050.20 5.2595
7050.25 5.2598
7050.30 5.2601
7050.35 5.2604
7050.40 5.2607
7050.45 5.2610
7050.50 5.2613
7050.55 5.2616
7050.60 5.2619
7050.65 5.2622
7050.70 5.2625
7050.75 5.2628
7050.80 5.2631
7050.85 5.2634
7050.90 5.2637
7050.95 5.2640
7051.00 5.2643
7051.05 5.2646
7051.10 5.2649
7051.15 5.2652
7051.20 5.2655
7051.25 5.2658
7051.30 5.2661
7051.35 5.2664
7051.40 5.2667
7051.45 5.2670
7051.50 5.2673
7051.55 5.2676
7051.60 5.2679
7051.65 5.2683
7051.70 5.2686
7051.75 5.2689
7051.80 5.2692
7051.85 5.2695
7051.90 5.2698
7051.95 5.2701
7052.00 5.2704
7052.05 5.2708
7052.10 5.2711
7052.15 5.2714
7052.20 5.2717
7052.25 5.2720
7052.30 5.2724
7052.35 5.2727
7052.40 5.2730
7052.45 5.2733
7052.50 5.2736
7052.55 5.2740
7052.60 5.2743
7052.65 5.2746
7052.70 5.2750
7052.75 5.2753
7052.80 5.2756
7052.85 5.2759
7052.90 5.2763
7052.95 5.2766
7053.00 5.2769
7053.05 5.2773
7053.10 5.2776
7053.15 5.2780
7053.20 5.2783
7053.25 5.2786
7053.30 5.2790
7053.35 5.2793
7053.40 5.2797
7053.45 5.2800
7053.50 5.2804
7053.55 5.2807
7053.60 5.2811
7053.65 5.2814
7053.70 5.2818
7053.75 5.2821
7053.80 5.2825
7053.85 5.2828
7053.90 5.2832
7053.95 5.2835
7054.00 5.2839
7054.05 5.2842
7054.10 5.2846
7054.15 5.2850
7054.20 5.2853
7054.25 5.2857
7054.30 5.2860
7054.35 5.2864
7054.40 5.2868
7054.45 5.2872
7054.50 5.2875
7054.55 5.2879
7054.60 5.2883
7054.65 5.2886
7054.70 5.2890
7054.75 5.2894
7054.80 5.2898
7054.85 5.2901
7054.90 5.2905
7054.95 5.2909
7055.00 5.2913
7055.05 5.2917
7055.10 5.2920
7055.15 5.2924
7055.20 5.2928
7055.25 5.2932
7055.30 5.2936
7055.35 5.2940
7055.40 5.2944
7055.45 5.2948
7055.50 5.2951
7055.55 5.2955
7055.60 5.2959
7055.65 5.2963
7055.70 5.2967
7055.75 5.2971
7055.80 5.2975
7055.85 5.2979
7055.90 5.2983
7055.95 5.2987
7056.00 5.2991
7056.05 5.2995
7056.10 5.2999
7056.15 5.3003
7056.20 5.3007
7056.25 5.3011
7056.30 5.3015
7056.35 5.3019
7056.40 5.3024
7056.45 5.3028
7056.50 5.3032
7056.55 5.3036
7056.60 5.3040
7056.65 5.3044
7056.70 5.3048
7056.75 5.3052
7056.80 5.3056
7056.85 5.3061
7056.90 5.3065
7056.95 5.3069
7057.00 5.3073
7057.05 5.3077
7057.10 5.3081
7057.15 5.3086
7057.20 5.3090
7057.25 5.3094
7057.30 5.3098
7057.35 5.3102
7057.40 5.3107
7057.45 5.3111
7057.50 5.3115
7057.55 5.3119
7057.60 5.3123
7057.65 5.3128
7057.70 5.3132
7057.75 5.3136
7057.80 5.3140
7057.85 5.3145
7057.90 5.3149
7057.95 5.3153
7058.00 5.3157
7058.05 5.3161
7058.10 5.3166
7058.15 5.3170
7058.20 5.3174
7058.25 5.3178
7058.30 5.3183
7058.35 5.3187
7058.40 5.3191
7058.45 5.3195
7058.50 5.3200
7058.55 5.3204
7058.60 5.3208
7058.65 5.3212
7058.70 5.3217
7058.75 5.3221
7058.80 5.3225
7058.85 5.3229
7058.90 5.3234
7058.95 5.3238
7059.00 5.3242
7059.05 5.3246
7059.10 5.3250
7059.15 5.3255
7059.20 5.3259
7059.25 5.3263
7059.30 5.3267
7059.35 5.3271
7059.40 5.3276
7059.45 5.3280
7059.50 5.3284
7059.55 5.3288
7059.60 5.3292
7059.65 5.3296
7059.70 5.3300
7059.75 5.3305
7059.80 5.3309
7059.85 5.3313
7059.90 5.3317
7059.95 5.3321
7060.00 5.3325
7060.05 5.3329
7060.10 5.3333
7060.15 5.3337
7060.20 5.3341
7060.25 5.3345
7060.30 5.3350
7060.35 5.3354
7060.40 5.3358
7060.45 5.3362
7060.50 5.3366
7060.55 5.3370
7060.60 5.3373
7060.65 5.3377
7060.70 5.3381
7060.75 5.3385
7060.80 5.3389
7060.85 5.3393
7060.90 5.3397
7060.95 5.3401
7061.00 5.3405
7061.05 5.3409
7061.10 5.3412
7061.15 5.3416
7061.20 5.3420
7061.25 5.3424
7061.30 5.3427
7061.35 5.3431
7061.40 5.3435
7061.45 5.3439
7061.50 5.3442
7061.55 5.3446
7061.60 5.3450
7061.65 5.3453
7061.70 5.3457
7061.75 5.3461
7061.80 5.3464
7061.85 5.3468
7061.90 5.3471
7061.95 5.3475
7062.00 5.3478
7062.05 5.3482
7062.10 5.3485
7062.15 5.3489
7062.20 5.3492
7062.25 5.3495
7062.30 5.3499
7062.35 5.3502
7062.40 5.3505
7062.45 5.3509
7062.50 5.3512
7062.55 5.3515
7062.60 5.3518
7062.65 5.3522
7062.70 5.3525
7062.75 5.3528
7062.80 5.3531
7062.85 5.3534
7062.90 5.3537
7062.95 5.3540
7063.00 5.3543
7063.05 5.3546
7063.10 5.3549
7063.15 5.3552
7063.20 5.3555
7063.25 5.3558
7063.30 5.3561
7063.35 5.3564
7063.40 5.3567
7063.45 5.3569
7063.50 5.3572
7063.55 5.3575
7063.60 5.3578
7063.65 5.3580
7063.70 5.3583
7063.75 5.3586
7063.80 5.3588
7063.85 5.3591
7063.90 5.3593
7063.95 5.3596
7064.00 5.3598
7064.05 5.3601
7064.10 5.3603
7064.15 5.3605
7064.20 5.3608
7064.25 5.3610
7064.30 5.3612
7064.35 5.3614
7064.40 5.3617
7064.45 5.3619
7064.50 5.3621
7064.55 5.3623
7064.60 5.3625
7064.65 5.3627
7064.70 5.3629
7064.75 5.3631
7064.80 5.3633
7064.85 5.3635
7064.90 5.3637
7064.95 5.3639
7065.00 5.3640
7065.05 5.3642
7065.10 5.3644
7065.15 5.3646
7065.20 5.3647
7065.25 5.3649
7065.30 5.3651
7065.35 5.3652
7065.40 5.3654
7065.45 5.3655
7065.50 5.3656
7065.55 5.3658
7065.60 5.3659
7065.65 5.3661
7065.70 5.3662
7065.75 5.3663
7065.80 5.3664
7065.85 5.3665
7065.90 5.3667
7065.95 5.3668
7066.00 5.3669
7066.05 5.3670
7066.10 5.3671
7066.15 5.3672
7066.20 5.3673
7066.25 5.3673
7066.30 5.3674
7066.35 5.3675
7066.40 5.3676
7066.45 5.3676
7066.50 5.3677
7066.55 5.3678
7066.60 5.3678
7066.65 5.3679
7066.70 5.3679
7066.75 5.3680
7066.80 5.3680
7066.85 5.3681
7066.90 5.3681
7066.95 5.3681
7067.00 5.3682
7067.05 5.3682
7067.10 5.3682
7067.15 5.3682
7067.20 5.3682
7067.25 5.3682
7067.30 5.3682
7067.35 5.3682
7067.40 5.3682
7067.45 5.3682
7067.50 5.3682
7067.55 5.3682
7067.60 5.3682
7067.65 5.3681
7067.70 5.3681
7067.75 5.3681
7067.80 5.3680
7067.85 5.3680
7067.90 5.3679
7067.95 5.3679
7068.00 5.3678
7068.05 5.3678
7068.10 5.3677
7068.15 5.3676
7068.20 5.3676
7068.25 5.3675
7068.30 5.3674
7068.35 5.3673
7068.40 5.3672
7068.45 5.3672
7068.50 5.3671
7068.55 5.3670
7068.60 5.3669
7068.65 5.3668
7068.70 5.3666
7068.75 5.3665
7068.80 5.3664
7068.85 5.3663
7068.90 5.3662
7068.95 5.3660
7069.00 5.3659
7069.05 5.3657
7069.10 5.3656
7069.15 5.3655
7069.20 5.3653
7069.25 5.3651
7069.30 5.3650
7069.35 5.3648
7069.40 5.3647
7069.45 5.3645
7069.50 5.3643
7069.55 5.3641
7069.60 5.3640
7069.65 5.3638
7069.70 5.3636
7069.75 5.3634
7069.80 5.3632
7069.85 5.3630
7069.90 5.3628
7069.95 5.3626
7070.00 5.3624
7070.05 5.3621
7070.10 5.3619
7070.15 5.3617
7070.20 5.3615
7070.25 5.3612
7070.30 5.3610
7070.35 5.3608
7070.40 5.3605
7070.45 5.3603
7070.50 5.3600
7070.55 5.3598
7070.60 5.3595
7070.65 5.3593
7070.70 5.3590
7070.75 5.3588
7070.80 5.3585
7070.85 5.3582
7070.90 5.3579
7070.95 5.3577
7071.00 5.3574
7071.05 5.3571
7071.10 5.3568
7071.15 5.3565
7071.20 5.3562
7071.25 5.3559
7071.30 5.3556
7071.35 5.3553
7071.40 5.3550
7071.45 5.3547
7071.50 5.3544
7071.55 5.3541
7071.60 5.3538
7071.65 5.3535
7071.70 5.3532
7071.75 5.3528
7071.80 5.3525
7071.85 5.3522
7071.90 5.3518
7071.95 5.3515
7072.00 5.3512
7072.05 5.3508
7072.10 5.3505
7072.15 5.3501
7072.20 5.3498
7072.25 5.3494
7072.30 5.3491
7072.35 5.3487
7072.40 5.3484
7072.45 5.3480
7072.50 5.3477
7072.55 5.3473
7072.60 5.3469
7072.65 5.3466
7072.70 5.3462
7072.75 5.3458
7072.80 5.3455
7072.85 5.3451
7072.90 5.3447
7072.95 5.3443
7073.00 5.3439
7073.05 5.3436
7073.10 5.3432
7073.15 5.3428
7073.20 5.3424
7073.25 5.3420
7073.30 5.3416
7073.35 5.3412
7073.40 5.3408
7073.45 5.3404
7073.50 5.3401
7073.55 5.3397
7073.60 5.3393
7073.65 5.3389
7073.70 5.3385
7073.75 5.3381
7073.80 5.3376
7073.85 5.3372
7073.90 5.3368
7073.95 5.3364
7074.00 5.3360
7074.05 5.3356
7074.10 5.3352
7074.15 5.3348
7074.20 5.3344
7074.25 5.3340
7074.30 5.3336
7074.35 5.3331
7074.40 5.3327
7074.45 5.3323
7074.50 5.3319
7074.55 5.3315
7074.60 5.3311
7074.65 5.3306
7074.70 5.3302
7074.75 5.3298
7074.80 5.3294
7074.85 5.3290
7074.90 5.3286
7074.95 5.3281
7075.00 5.3277
7075.05 5.3273
7075.10 5.3269
7075.15 5.3265
7075.20 5.3260
7075.25 5.3256
7075.30 5.3252
7075.35 5.3248
7075.40 5.3244
7075.45 5.3239
7075.50 5.3235
7075.55 5.3231
7075.60 5.3227
7075.65 5.3223
7075.70 5.3218
7075.75 5.3214
7075.80 5.3210
7075.85 5.3206
7075.90 5.3202
7075.95 5.3197
7076.00 5.3193
7076.05 5.3189
7076.10 5.3185
7076.15 5.3181
7076.20 5.3177
7076.25 5.3173
7076.30 5.3168
7076.35 5.3164
7076.40 5.3160
7076.45 5.3156
7076.50 5.3152
7076.55 5.3148
7076.60 5.3144
7076.65 5.3140
7076.70 5.3136
7076.75 5.3132
7076.80 5.3128
7076.85 5.3124
7076.90 5.3120
7076.95 5.3116
7077.00 5.3112
7077.05 5.3108
7077.10 5.3104
7077.15 5.3100
7077.20 5.3096
7077.25 5.3092
7077.30 5.3088
7077.35 5.3084
7077.40 5.3080
7077.45 5.3076
7077.50 5.3072
7077.55 5.3068
7077.60 5.3065
7077.65 5.3061
7077.70 5.3057
7077.75 5.3053
7077.80 5.3049
7077.85 5.3045
7077.90 5.3042
7077.95 5.3038
7078.00 5.3034
7078.05 5.3030
7078.10 5.3027
7078.15 5.3023
7078.20 5.3019
7078.25 5.3016
7078.30 5.3012
7078.35 5.3008
7078.40 5.3005
7078.45 5.3001
7078.50 5.2998
7078.55 5.2994
7078.60 5.2991
7078.65 5.2987
7078.70 5.2984
7078.75 5.2980
7078.80 5.2977
7078.85 5.2973
7078.90 5.2970
7078.95 5.2966
7079.00 5.2963
7079.05 5.2959
7079.10 5.2956
7079.15 5.2953
7079.20 5.2949
7079.25 5.2946
7079.30 5.2943
7079.35 5.2939
7079.40 5.2936
7079.45 5.2933
7079.50 5.2930
7079.55 5.2927
7079.60 5.2923
7079.65 5.2920
7079.70 5.2917
7079.75 5.2914
7079.80 5.2911
7079.85 5.2908
7079.90 5.2905
7079.95 5.2901
7080.00 5.2898
7080.05 5.2895
7080.10 5.2892
7080.15 5.2889
7080.20 5.2886
7080.25 5.2883
7080.30 5.2880
7080.35 5.2877
7080.40 5.2875
7080.45 5.2872
7080.50 5.2869
7080.55 5.2866
7080.60 5.2863
7080.65 5.2860
7080.70 5.2857
7080.75 5.2855
7080.80 5.2852
7080.85 5.2849
7080.90 5.2846
7080.95 5.2844
7081.00 5.2841
7081.05 5.2838
7081.10 5.2836
7081.15 5.2833
7081.20 5.2830
7081.25 5.2828
7081.30 5.2825
7081.35 5.2822
7081.40 5.2820
7081.45 5.2817
7081.50 5.2815
7081.55 5.2812
7081.60 5.2810
7081.65 5.2807
7081.70 5.2805
7081.75 5.2802
7081.80 5.2800
7081.85 5.2797
7081.90 5.2795
7081.95 5.2792
7082.00 5.2790
7082.05 5.2788
7082.10 5.2785
7082.15 5.2783
7082.20 5.2781
7082.25 5.2778
7082.30 5.2776
7082.35 5.2774
7082.40 5.2771
7082.45 5.2769
7082.50 5.2767
7082.55 5.2764
7082.60 5.2762
7082.65 5.2760
7082.70 5.2758
7082.75 5.2756
7082.80 5.2753
7082.85 5.2751
7082.90 5.2749
7082.95 5.2747
7083.00 5.2745
7083.05 5.2743
7083.10 5.2740
7083.15 5.2738
7083.20 5.2736
7083.25 5.2734
7083.30 5.2732
7083.35 5.2730
7083.40 5.2728
7083.45 5.2726
7083.50 5.2724
7083.55 5.2722
7083.60 5.2720
7083.65 5.2718
7083.70 5.2716
7083.75 5.2714
7083.80 5.2712
7083.85 5.2710
7083.90 5.2708
7083.95 5.2706
7084.00 5.2704
7084.05 5.2702
7084.10 5.2700
7084.15 5.2698
7084.20 5.2696
7084.25 5.2694
7084.30 5.2692
7084.35 5.2690
7084.40 5.2688
7084.45 5.2686
7084.50 5.2685
7084.55 5.2683
7084.60 5.2681
7084.65 5.2679
7084.70 5.2677
7084.75 5.2675
7084.80 5.2673
7084.85 5.2671
7084.90 5.2670
7084.95 5.2668
7085.00 5.2666
7085.05 5.2664
7085.10 5.2662
7085.15 5.2660
7085.20 5.2659
7085.25 5.2657
7085.30 5.2655
7085.35 5.2653
7085.40 5.2651
7085.45 5.2649
7085.50 5.2648
7085.55 5.2646
7085.60 5.2644
7085.65 5.2642
7085.70 5.2640
7085.75 5.2639
7085.80 5.2637
7085.85 5.2635
7085.90 5.2633
7085.95 5.2631
7086.00 5.2630
7086.05 5.2628
7086.10 5.2626
7086.15 5.2624
7086.20 5.2623
7086.25 5.2621
7086.30 5.2619
7086.35 5.2617
7086.40 5.2615
7086.45 5.2614
7086.50 5.2612
7086.55 5.2610
7086.60 5.2608
7086.65 5.2607
7086.70 5.2605
7086.75 5.2603
7086.80 5.2601
7086.85 5.2599
7086.90 5.2598
7086.95 5.2596
7087.00 5.2594
7087.05 5.2592
7087.10 5.2590
7087.15 5.2589
7087.20 5.2587
7087.25 5.2585
7087.30 5.2583
7087.35 5.2582
7087.40 5.2580
7087.45 5.2578
7087.50 5.2576
7087.55 5.2574
7087.60 5.2573
7087.65 5.2571
7087.70 5.2569
7087.75 5.2567
7087.80 5.2565
7087.85 5.2564
7087.90 5.2562
7087.95 5.2560
7088.00 5.2558
7088.05 5.2556
7088.10 5.2554
7088.15 5.2553
7088.20 5.2551
7088.25 5.2549
7088.30 5.2547
7088.35 5.2545
7088.40 5.2543
7088.45 5.2542
7088.50 5.2540
7088.55 5.2538
7088.60 5.2536
7088.65 5.2534
7088.70 5.2532
7088.75 5.2530
7088.80 5.2529
7088.85 5.2527
7088.90 5.2525
7088.95 5.2523
7089.00 5.2521
7089.05 5.2519
7089.10 5.2517
7089.15 5.2516
7089.20 5.2514
7089.25 5.2512
7089.30 5.2510
7089.35 5.2508
7089.40 5.2506
7089.45 5.2504
7089.50 5.2502
7089.55 5.2500
7089.60 5.2498
7089.65 5.2496
7089.70 5.2495
7089.75 5.2493
7089.80 5.2491
7089.85 5.2489
7089.90 5.2487
7089.95 5.2485
7090.00 5.2483
7090.05 5.2481
7090.10 5.2479
7090.15 5.2477
7090.20 5.2475
7090.25 5.2473
7090.30 5.2471
7090.35 5.2469
7090.40 5.2467
7090.45 5.2465
7090.50 5.2463
7090.55 5.2461
7090.60 5.2459
7090.65 5.2457
7090.70 5.2455
7090.75 5.2453
7090.80 5.2451
7090.85 5.2449
7090.90 5.2447
7090.95 5.2445
7091.00 5.2443
7091.05 5.2441
7091.10 5.2439
7091.15 5.2437
7091.20 5.2435
7091.25 5.2433
7091.30 5.2431
7091.35 5.2429
7091.40 5.2427
7091.45 5.2425
7091.50 5.2423
7091.55 5.2421
7091.60 5.2419
7091.65 5.2417
7091.70 5.2415
7091.75 5.2413
7091.80 5.2411
7091.85 5.2409
7091.90 5.2407
7091.95 5.2405
7092.00 5.2403
7092.05 5.2401
7092.10 5.2399
7092.15 5.2397
7092.20 5.2395
7092.25 5.2393
7092.30 5.2390
7092.35 5.2388
7092.40 5.2386
7092.45 5.2384
7092.50 5.2382
7092.55 5.2380
7092.60 5.2378
7092.65 5.2376
7092.70 5.2374
7092.75 5.2372
7092.80 5.2370
7092.85 5.2368
7092.90 5.2366
7092.95 5.2364
7093.00 5.2362
7093.05 5.2360
7093.10 5.2358
7093.15 5.2355
7093.20 5.2353
7093.25 5.2351
7093.30 5.2349
7093.35 5.2347
7093.40 5.2345
7093.45 5.2343
7093.50 5.2341
7093.55 5.2339
7093.60 5.2337
7093.65 5.2335
7093.70 5.2333
7093.75 5.2331
7093.80 5.2329
7093.85 5.2327
7093.90 5.2325
7093.95 5.2323
7094.00 5.2321
7094.05 5.2319
7094.10 5.2317
7094.15 5.2315
7094.20 5.2313
7094.25 5.2311
7094.30 5.2309
7094.35 5.2307
7094.40 5.2305
7094.45 5.2303
7094.50 5.2301
7094.55 5.2299
7094.60 5.2297
7094.65 5.2295
7094.70 5.2293
7094.75 5.2291
7094.80 5.2289
7094.85 5.2287
7094.90 5.2285
7094.95 5.2284
7095.00 5.2282
7095.05 5.2280
7095.10 5.2278
7095.15 5.2276
7095.20 5.2274
7095.25 5.2272
7095.30 5.2270
7095.35 5.2269
7095.40 5.2267
7095.45 5.2265
7095.50 5.2263
7095.55 5.2261
7095.60 5.2259
7095.65 5.2258
7095.70 5.2256
7095.75 5.2254
7095.80 5.2252
7095.85 5.2251
7095.90 5.2249
7095.95 5.2247
7096.00 5.2245
7096.05 5.2244
7096.10 5.2242
7096.15 5.2240
7096.20 5.2239
7096.25 5.2237
7096.30 5.2235
7096.35 5.2234
7096.40 5.2232
7096.45 5.2230
7096.50 5.2229
7096.55 5.2227
7096.60 5.2226
7096.65 5.2224
7096.70 5.2223
7096.75 5.2221
7096.80 5.2220
7096.85 5.2218
7096.90 5.2217
7096.95 5.2215
7097.00 5.2214
7097.05 5.2212
7097.10 5.2211
7097.15 5.2209
7097.20 5.2208
7097.25 5.2207
7097.30 5.2205
7097.35 5.2204
7097.40 5.2203
7097.45 5.2201
7097.50 5.2200
7097.55 5.2199
7097.60 5.2198
7097.65 5.2196
7097.70 5.2195
7097.75 5.2194
7097.80 5.2193
7097.85 5.2192
7097.90 5.2191
7097.95 5.2189
7098.00 5.2188
7098.05 5.2187
7098.10 5.2186
7098.15 5.2185
7098.20 5.2184
7098.25 5.2183
7098.30 5.2182
7098.35 5.2181
7098.40 5.2180
7098.45 5.2179
7098.50 5.2179
7098.55 5.2178
7098.60 5.2177
7098.65 5.2176
7098.70 5.2175
7098.75 5.2175
7098.80 5.2174
7098.85 5.2173
7098.90 5.2172
7098.95 5.2172
7099.00 5.2171
7099.05 5.2171
7099.10 5.2170
7099.15 5.2169
7099.20 5.2169
7099.25 5.2168
7099.30 5.2168
7099.35 5.2167
7099.40 5.2167
7099.45 5.2167
7099.50 5.2166
7099.55 5.2166
7099.60 5.2165
7099.65 5.2165
7099.70 5.2165
7099.75 5.2165
7099.80 5.2164
7099.85 5.2164
7099.90 5.2164
7099.95 5.2164
7100.00 5.2164
7100.05 5.2164
7100.10 5.2164
7100.15 5.2164
7100.20 5.2164
7100.25 5.2164
7100.30 5.2164
7100.35 5.2164
7100.40 5.2164
7100.45 5.2164
7100.50 5.2164
7100.55 5.2165
7100.60 5.2165
7100.65 5.2165
7100.70 5.2165
7100.75 5.2166
7100.80 5.2166
7100.85 5.2167
7100.90 5.2167
7100.95 5.2167
7101.00 5.2168
7101.05 5.2168
7101.10 5.2169
7101.15 5.2170
7101.20 5.2170
7101.25 5.2171
7101.30 5.2172
7101.35 5.2172
7101.40 5.2173
7101.45 5.2174
7101.50 5.2175
7101.55 5.2175
7101.60 5.2176
7101.65 5.2177
7101.70 5.2178
7101.75 5.2179
7101.80 5.2180
7101.85 5.2181
7101.90 5.2182
7101.95 5.2183
7102.00 5.2184
7102.05 5.2186
7102.10 5.2187
7102.15 5.2188
7102.20 5.2189
7102.25 5.2191
7102.30 5.2192
7102.35 5.2193
7102.40 5.2195
7102.45 5.2196
7102.50 5.2198
7102.55 5.2199
7102.60 5.2201
7102.65 5.2202
7102.70 5.2204
7102.75 5.2206
7102.80 5.2207
7102.85 5.2209
7102.90 5.2211
7102.95 5.2212
7103.00 5.2214
7103.05 5.2216
7103.10 5.2218
7103.15 5.2220
7103.20 5.2222
7103.25 5.2224
7103.30 5.2226
7103.35 5.2228
7103.40 5.2230
7103.45 5.2232
7103.50 5.2234
7103.55 5.2236
7103.60 5.2238
7103.65 5.2241
7103.70 5.2243
7103.75 5.2245
7103.80 5.2248
7103.85 5.2250
7103.90 5.2252
7103.95 5.2255
7104.00 5.2257
7104.05 5.2260
7104.10 5.2262
7104.15 5.2265
7104.20 5.2267
7104.25 5.2270
7104.30 5.2273
7104.35 5.2275
7104.40 5.2278
7104.45 5.2281
7104.50 5.2284
7104.55 5.2286
7104.60 5.2289
7104.65 5.2292
7104.70 5.2295
7104.75 5.2298
7104.80 5.2301
7104.85 5.2304
7104.90 5.2307
7104.95 5.2310
7105.00 5.2313
7105.05 5.2316
7105.10 5.2319
7105.15 5.2322
7105.20 5.2326
7105.25 5.2329
7105.30 5.2332
7105.35 5.2335
7105.40 5.2339
7105.45 5.2342
7105.50 5.2345
7105.55 5.2349
7105.60 5.2352
7105.65 5.2356
7105.70 5.2359
7105.75 5.2363
7105.80 5.2366
7105.85 5.2370
7105.90 5.2373
7105.95 5.2377
7106.00 5.2380
7106.05 5.2384
7106.10 5.2388
7106.15 5.2391
7106.20 5.2395
7106.25 5.2399
7106.30 5.2403
7106.35 5.2406
7106.40 5.2410
7106.45 5.2414
7106.50 5.2418
7106.55 5.2422
7106.60 5.2426
7106.65 5.2430
7106.70 5.2434
7106.75 5.2438
7106.80 5.2442
7106.85 5.2446
7106.90 5.2450
7106.95 5.2454
7107.00 5.2458
7107.05 5.2462
7107.10 5.2466
7107.15 5.2470
7107.20 5.2474
7107.25 5.2479
7107.30 5.2483
7107.35 5.2487
7107.40 5.2491
7107.45 5.2496
7107.50 5.2500
7107.55 5.2504
7107.60 5.2508
7107.65 5.2513
7107.70 5.2517
7107.75 5.2521
7107.80 5.2526
7107.85 5.2530
7107.90 5.2535
7107.95 5.2539
7108.00 5.2544
7108.05 5.2548
7108.10 5.2552
7108.15 5.2557
7108.20 5.2561
7108.25 5.2566
7108.30 5.2570
7108.35 5.2575
7108.40 5.2580
7108.45 5.2584
7108.50 5.2589
7108.55 5.2593
7108.60 5.2598
7108.65 5.2602
7108.70 5.2607
7108.75 5.2612
7108.80 5.2616
7108.85 5.2621
7108.90 5.2626
7108.95 5.2630
7109.00 5.2635
7109.05 5.2640
7109.10 5.2644
7109.15 5.2649
7109.20 5.2654
7109.25 5.2659
7109.30 5.2663
7109.35 5.2668
7109.40 5.2673
7109.45 5.2678
7109.50 5.2682
7109.55 5.2687
7109.60 5.2692
7109.65 5.2697
7109.70 5.2701
7109.75 5.2706
7109.80 5.2711
7109.85 5.2716
7109.90 5.2721
7109.95 5.2725
7110.00 5.2730
7110.05 5.2735
7110.10 5.2740
7110.15 5.2745
7110.20 5.2750
7110.25 5.2754
7110.30 5.2759
7110.35 5.2764
7110.40 5.2769
7110.45 5.2774
7110.50 5.2779
7110.55 5.2783
7110.60 5.2788
7110.65 5.2793
7110.70 5.2798
7110.75 5.2803
7110.80 5.2808
7110.85 5.2813
7110.90 5.2817
7110.95 5.2822
7111.00 5.2827
7111.05 5.2832
7111.10 5.2837
7111.15 5.2842
7111.20 5.2847
7111.25 5.2851
7111.30 5.2856
7111.35 5.2861
7111.40 5.2866
7111.45 5.2871
7111.50 5.2876
7111.55 5.2881
7111.60 5.2885
7111.65 5.2890
7111.70 5.2895
7111.75 5.2900
7111.80 5.2905
7111.85 5.2910
7111.90 5.2915
7111.95 5.2919
7112.00 5.2924
7112.05 5.2929
7112.10 5.2934
7112.15 5.2939
7112.20 5.2943
7112.25 5.2948
7112.30 5.2953
7112.35 5.2958
7112.40 5.2963
7112.45 5.2968
7112.50 5.2972
7112.55 5.2977
7112.60 5.2982
7112.65 5.2987
7112.70 5.2992
7112.75 5.2996
7112.80 5.3001
7112.85 5.3006
7112.90 5.3011
7112.95 5.3015
7113.00 5.3020
7113.05 5.3025
7113.10 5.3030
7113.15 5.3035
7113.20 5.3039
7113.25 5.3044
7113.30 5.3049
7113.35 5.3054
7113.40 5.3058
7113.45 5.3063
7113.50 5.3068
7113.55 5.3072
7113.60 5.3077
7113.65 5.3082
7113.70 5.3087
7113.75 5.3091
7113.80 5.3096
7113.85 5.3101
7113.90 5.3106
7113.95 5.3110
7114.00 5.3115
7114.05 5.3120
7114.10 5.3124
7114.15 5.3129
7114.20 5.3134
7114.25 5.3138
7114.30 5.3143
7114.35 5.3148
7114.40 5.3153
7114.45 5.3157
7114.50 5.3162
7114.55 5.3167
7114.60 5.3171
7114.65 5.3176
7114.70 5.3181
7114.75 5.3185
7114.80 5.3190
7114.85 5.3195
7114.90 5.3199
7114.95 5.3204
7115.00 5.3209
7115.05 5.3213
7115.10 5.3218
7115.15 5.3223
7115.20 5.3228
7115.25 5.3232
7115.30 5.3237
7115.35 5.3242
7115.40 5.3246
7115.45 5.3251
7115.50 5.3256
7115.55 5.3260
7115.60 5.3265
7115.65 5.3270
7115.70 5.3274
7115.75 5.3279
7115.80 5.3284
7115.85 5.3289
7115.90 5.3293
7115.95 5.3298
7116.00 5.3303
7116.05 5.3307
7116.10 5.3312
7116.15 5.3317
7116.20 5.3322
7116.25 5.3326
7116.30 5.3331
7116.35 5.3336
7116.40 5.3341
7116.45 5.3345
7116.50 5.3350
7116.55 5.3355
7116.60 5.3360
7116.65 5.3365
7116.70 5.3369
7116.75 5.3374
7116.80 5.3379
7116.85 5.3384
7116.90 5.3389
7116.95 5.3393
7117.00 5.3398
7117.05 5.3403
7117.10 5.3408
7117.15 5.3413
7117.20 5.3418
7117.25 5.3423
7117.30 5.3428
7117.35 5.3433
7117.40 5.3437
7117.45 5.3442
7117.50 5.3447
7117.55 5.3452
7117.60 5.3457
7117.65 5.3462
7117.70 5.3467
7117.75 5.3472
7117.80 5.3477
7117.85 5.3482
7117.90 5.3487
7117.95 5.3493
7118.00 5.3498
7118.05 5.3503
7118.10 5.3508
7118.15 5.3513
7118.20 5.3518
7118.25 5.3523
7118.30 5.3529
7118.35 5.3534
7118.40 5.3539
7118.45 5.3544
7118.50 5.3549
7118.55 5.3555
7118.60 5.3560
7118.65 5.3565
7118.70 5.3571
7118.75 5.3576
7118.80 5.3581
7118.85 5.3587
7118.90 5.3592
7118.95 5.3598
7119.00 5.3603
7119.05 5.3608
7119.10 5.3614
7119.15 5.3619
7119.20 5.3625
7119.25 5.3631
7119.30 5.3636
7119.35 5.3642
7119.40 5.3647
7119.45 5.3653
7119.50 5.3659
7119.55 5.3664
7119.60 5.3670
7119.65 5.3676
7119.70 5.3682
7119.75 5.3687
7119.80 5.3693
7119.85 5.3699
7119.90 5.3705
7119.95 5.3711
7120.00 5.3717
7120.05 5.3723
7120.10 5.3729
7120.15 5.3734
7120.20 5.3740
7120.25 5.3747
7120.30 5.3753
7120.35 5.3759
7120.40 5.3765
7120.45 5.3771
7120.50 5.3777
7120.55 5.3783
7120.60 5.3790
7120.65 5.3796
7120.70 5.3802
7120.75 5.3808
7120.80 5.3815
7120.85 5.3821
7120.90 5.3828
7120.95 5.3834
7121.00 5.3840
7121.05 5.3847
7121.10 5.3853
7121.15 5.3860
7121.20 5.3867
7121.25 5.3873
7121.30 5.3880
7121.35 5.3886
7121.40 5.3893
7121.45 5.3900
7121.50 5.3907
7121.55 5.3913
7121.60 5.3920
7121.65 5.3927
7121.70 5.3934
7121.75 5.3941
7121.80 5.3948
7121.85 5.3955
7121.90 5.3962
7121.95 5.3969
7122.00 5.3976
7122.05 5.3983
7122.10 5.3990
7122.15 5.3997
7122.20 5.4005
7122.25 5.4012
7122.30 5.4019
7122.35 5.4026
7122.40 5.4034
7122.45 5.4041
7122.50 5.4048
7122.55 5.4056
7122.60 5.4063
7122.65 5.4071
7122.70 5.4078
7122.75 5.4086
7122.80 5.4093
7122.85 5.4101
7122.90 5.4109
7122.95 5.4116
7123.00 5.4124
7123.05 5.4132
7123.10 5.4140
7123.15 5.4147
7123.20 5.4155
7123.25 5.4163
7123.30 5.4171
7123.35 5.4179
7123.40 5.4187
7123.45 5.4195
7123.50 5.4203
7123.55 5.4211
7123.60 5.4219
7123.65 5.4227
7123.70 5.4235
7123.75 5.4244
7123.80 5.4252
7123.85 5.4260
7123.90 5.4268
7123.95 5.4277
7124.00 5.4285
7124.05 5.4293
7124.10 5.4302
7124.15 5.4310
7124.20 5.4319
7124.25 5.4327
7124.30 5.4336
7124.35 5.4344
7124.40 5.4353
7124.45 5.4361
7124.50 5.4370
7124.55 5.4379
7124.60 5.4387
7124.65 5.4396
7124.70 5.4405
7124.75 5.4413
7124.80 5.4422
7124.85 5.4431
7124.90 5.4440
7124.95 5.4449
7125.00 5.4458
7125.05 5.4467
7125.10 5.4476
7125.15 5.4484
7125.20 5.4493
7125.25 5.4503
7125.30 5.4512
7125.35 5.4521
7125.40 5.4530
7125.45 5.4539
7125.50 5.4548
7125.55 5.4557
7125.60 5.4566
7125.65 5.4576
7125.70 5.4585
7125.75 5.4594
7125.80 5.4603
7125.85 5.4613
7125.90 5.4622
7125.95 5.4631
7126.00 5.4641
7126.05 5.4650
7126.10 5.4659
7126.15 5.4669
7126.20 5.4678
7126.25 5.4688
7126.30 5.4697
7126.35 5.4707
7126.40 5.4716
7126.45 5.4726
7126.50 5.4735
7126.55 5.4745
7126.60 5.4754
7126.65 5.4764
7126.70 5.4773
7126.75 5.4783
7126.80 5.4793
7126.85 5.4802
7126.90 5.4812
7126.95 5.4822
7127.00 5.4831
7127.05 5.4841
7127.10 5.4851
7127.15 5.4860
7127.20 5.4870
7127.25 5.4880
7127.30 5.4889
7127.35 5.4899
7127.40 5.4909
7127.45 5.4919
7127.50 5.4928
7127.55 5.4938
7127.60 5.4948
7127.65 5.4958
7127.70 5.4967
7127.75 5.4977
7127.80 5.4987
7127.85 5.4997
7127.90 5.5007
7127.95 5.5016
7128.00 5.5026
7128.05 5.5036
7128.10 5.5046
7128.15 5.5056
7128.20 5.5065
7128.25 5.5075
7128.30 5.5085
7128.35 5.5095
7128.40 5.5104
7128.45 5.5114
7128.50 5.5124
7128.55 5.5134
7128.60 5.5144
7128.65 5.5153
7128.70 5.5163
7128.75 5.5173
7128.80 5.5183
7128.85 5.5192
7128.90 5.5202
7128.95 5.5212
7129.00 5.5221
7129.05 5.5231
7129.10 5.5241
7129.15 5.5250
7129.20 5.5260
7129.25 5.5270
7129.30 5.5279
7129.35 5.5289
7129.40 5.5299
7129.45 5.5308
7129.50 5.5318
7129.55 5.5327
7129.60 5.5337
7129.65 5.5346
7129.70 5.5356
7129.75 5.5365
7129.80 5.5375
7129.85 5.5384
7129.90 5.5394
7129.95 5.5403
7130.00 5.5413
7130.05 5.5422
7130.10 5.5431
7130.15 5.5441
7130.20 5.5450
7130.25 5.5459
7130.30 5.5469
7130.35 5.5478
7130.40 5.5487
7130.45 5.5496
7130.50 5.5505
7130.55 5.5515
7130.60 5.5524
7130.65 5.5533
7130.70 5.5542
7130.75 5.5551
7130.80 5.5560
7130.85 5.5569
7130.90 5.5578
7130.95 5.5587
7131.00 5.5596
7131.05 5.5604
7131.10 5.5613
7131.15 5.5622
7131.20 5.5631
7131.25 5.5640
7131.30 5.5648
7131.35 5.5657
7131.40 5.5666
7131.45 5.5674
7131.50 5.5683
7131.55 5.5691
7131.60 5.5700
7131.65 5.5708
7131.70 5.5717
7131.75 5.5725
7131.80 5.5733
7131.85 5.5742
7131.90 5.5750
7131.95 5.5758
7132.00 5.5766
7132.05 5.5774
7132.10 5.5782
7132.15 5.5791
7132.20 5.5799
7132.25 5.5807
7132.30 5.5814
7132.35 5.5822
7132.40 5.5830
7132.45 5.5838
7132.50 5.5846
7132.55 5.5853
7132.60 5.5861
7132.65 5.5869
7132.70 5.5876
7132.75 5.5884
7132.80 5.5891
7132.85 5.5899
7132.90 5.5906
7132.95 5.5914
7133.00 5.5921
7133.05 5.5928
7133.10 5.5936
7133.15 5.5943
7133.20 5.5950
7133.25 5.5957
7133.30 5.5964
7133.35 5.5971
7133.40 5.5978
7133.45 5.5985
7133.50 5.5992
7133.55 5.5998
7133.60 5.6005
7133.65 5.6012
7133.70 5.6019
7133.75 5.6025
7133.80 5.6032
7133.85 5.6038
7133.90 5.6045
7133.95 5.6051
7134.00 5.6058
7134.05 5.6064
7134.10 5.6070
7134.15 5.6076
7134.20 5.6082
7134.25 5.6089
7134.30 5.6095
7134.35 5.6101
7134.40 5.6107
7134.45 5.6113
7134.50 5.6118
7134.55 5.6124
7134.60 5.6130
7134.65 5.6136
7134.70 5.6141
7134.75 5.6147
7134.80 5.6152
7134.85 5.6158
7134.90 5.6163
7134.95 5.6169
7135.00 5.6174
7135.05 5.6179
7135.10 5.6185
7135.15 5.6190
7135.20 5.6195
7135.25 5.6200
7135.30 5.6205
7135.35 5.6210
7135.40 5.6215
7135.45 5.6220
7135.50 5.6225
7135.55 5.6230
7135.60 5.6234
7135.65 5.6239
7135.70 5.6244
7135.75 5.6248
7135.80 5.6253
7135.85 5.6257
7135.90 5.6262
7135.95 5.6266
7136.00 5.6270
7136.05 5.6275
7136.10 5.6279
7136.15 5.6283
7136.20 5.6287
7136.25 5.6291
7136.30 5.6295
7136.35 5.6299
7136.40 5.6303
7136.45 5.6307
7136.50 5.6311
7136.55 5.6315
7136.60 5.6319
7136.65 5.6322
7136.70 5.6326
7136.75 5.6330
7136.80 5.6333
7136.85 5.6337
7136.90 5.6340
7136.95 5.6344
7137.00 5.6347
7137.05 5.6350
7137.10 5.6354
7137.15 5.6357
7137.20 5.6360
7137.25 5.6363
7137.30 5.6366
7137.35 5.6369
7137.40 5.6372
7137.45 5.6375
7137.50 5.6378
7137.55 5.6381
7137.60 5.6384
7137.65 5.6387
7137.70 5.6390
7137.75 5.6392
7137.80 5.6395
7137.85 5.6398
7137.90 5.6400
7137.95 5.6403
7138.00 5.6405
7138.05 5.6408
7138.10 5.6410
7138.15 5.6412
7138.20 5.6415
7138.25 5.6417
7138.30 5.6419
7138.35 5.6421
7138.40 5.6424
7138.45 5.6426
7138.50 5.6428
7138.55 5.6430
7138.60 5.6432
7138.65 5.6434
7138.70 5.6436
7138.75 5.6438
7138.80 5.6439
7138.85 5.6441
7138.90 5.6443
7138.95 5.6445
7139.00 5.6446
7139.05 5.6448
7139.10 5.6450
7139.15 5.6451
7139.20 5.6453
7139.25 5.6454
7139.30 5.6456
7139.35 5.6457
7139.40 5.6459
7139.45 5.6460
7139.50 5.6461
7139.55 5.6463
7139.60 5.6464
7139.65 5.6465
7139.70 5.6466
7139.75 5.6468
7139.80 5.6469
7139.85 5.6470
7139.90 5.6471
7139.95 5.6472
7140.00 5.6473
7140.05 5.6474
7140.10 5.6475
7140.15 5.6475
7140.20 5.6476
7140.25 5.6477
7140.30 5.6478
7140.35 5.6479
7140.40 5.6479
7140.45 5.6480
7140.50 5.6481
7140.55 5.6481
7140.60 5.6482
7140.65 5.6482
7140.70 5.6483
7140.75 5.6483
7140.80 5.6484
7140.85 5.6484
7140.90 5.6485
7140.95 5.6485
7141.00 5.6485
7141.05 5.6486
7141.10 5.6486
7141.15 5.6486
7141.20 5.6486
7141.25 5.6486
7141.30 5.6487
7141.35 5.6487
7141.40 5.6487
7141.45 5.6487
