5287.50 6.5910
5287.55 6.5911
5287.60 6.5911
5287.65 6.5911
5287.70 6.5911
5287.75 6.5911
5287.80 6.5911
5287.85 6.5912
5287.90 6.5912
5287.95 6.5913
5288.00 6.5913
5288.05 6.5914
5288.10 6.5914
5288.15 6.5915
5288.20 6.5915
5288.25 6.5916
5288.30 6.5917
5288.35 6.5918
5288.40 6.5919
5288.45 6.5919
5288.50 6.5920
5288.55 6.5921
5288.60 6.5922
5288.65 6.5923
5288.70 6.5925
5288.75 6.5926
5288.80 6.5927
5288.85 6.5928
5288.90 6.5930
5288.95 6.5931
5289.00 6.5932
5289.05 6.5934
5289.10 6.5935
5289.15 6.5937
5289.20 6.5938
5289.25 6.5940
5289.30 6.5942
5289.35 6.5943
5289.40 6.5945
5289.45 6.5947
5289.50 6.5949
5289.55 6.5951
5289.60 6.5952
5289.65 6.5954
5289.70 6.5956
5289.75 6.5958
5289.80 6.5960
5289.85 6.5963
5289.90 6.5965
5289.95 6.5967
5290.00 6.5969
5290.05 6.5971
5290.10 6.5974
5290.15 6.5976
5290.20 6.5979
5290.25 6.5981
5290.30 6.5983
5290.35 6.5986
5290.40 6.5988
5290.45 6.5991
5290.50 6.5994
5290.55 6.5996
5290.60 6.5999
5290.65 6.6002
5290.70 6.6004
5290.75 6.6007
5290.80 6.6010
5290.85 6.6013
5290.90 6.6016
5290.95 6.6019
5291.00 6.6022
5291.05 6.6025
5291.10 6.6028
5291.15 6.6031
5291.20 6.6034
5291.25 6.6037
5291.30 6.6040
5291.35 6.6043
5291.40 6.6046
5291.45 6.6050
5291.50 6.6053
5291.55 6.6056
5291.60 6.6060
5291.65 6.6063
5291.70 6.6066
5291.75 6.6070
5291.80 6.6073
5291.85 6.6076
5291.90 6.6080
5291.95 6.6083
5292.00 6.6087
5292.05 6.6090
5292.10 6.6094
5292.15 6.6098
5292.20 6.6101
5292.25 6.6105
5292.30 6.6109
5292.35 6.6112
5292.40 6.6116
5292.45 6.6120
5292.50 6.6123
5292.55 6.6127
5292.60 6.6131
5292.65 6.6135
5292.70 6.6138
5292.75 6.6142
5292.80 6.6146
5292.85 6.6150
5292.90 6.6154
5292.95 6.6158
5293.00 6.6162
5293.05 6.6165
5293.10 6.6169
5293.15 6.6173
5293.20 6.6177
5293.25 6.6181
5293.30 6.6185
5293.35 6.6189
5293.40 6.6193
5293.45 6.6197
5293.50 6.6201
5293.55 6.6205
5293.60 6.6209
5293.65 6.6213
5293.70 6.6217
5293.75 6.6221
5293.80 6.6226
5293.85 6.6230
5293.90 6.6234
5293.95 6.6238
5294.00 6.6242
5294.05 6.6246
5294.10 6.6250
5294.15 6.6254
5294.20 6.6258
5294.25 6.6262
5294.30 6.6266
5294.35 6.6271
5294.40 6.6275
5294.45 6.6279
5294.50 6.6283
5294.55 6.6287
5294.60 6.6291
5294.65 6.6295
5294.70 6.6299
5294.75 6.6304
5294.80 6.6308
5294.85 6.6312
5294.90 6.6316
5294.95 6.6320
5295.00 6.6324
5295.05 6.6328
5295.10 6.6332
5295.15 6.6336
5295.20 6.6340
5295.25 6.6345
5295.30 6.6349
5295.35 6.6353
5295.40 6.6357
5295.45 6.6361
5295.50 6.6365
5295.55 6.6369
5295.60 6.6373
5295.65 6.6377
5295.70 6.6381
5295.75 6.6385
5295.80 6.6389
5295.85 6.6393
5295.90 6.6397
5295.95 6.6401
5296.00 6.6405
5296.05 6.6409
5296.10 6.6413
5296.15 6.6417
5296.20 6.6421
5296.25 6.6424
5296.30 6.6428
5296.35 6.6432
5296.40 6.6436
5296.45 6.6440
5296.50 6.6444
5296.55 6.6447
5296.60 6.6451
5296.65 6.6455
5296.70 6.6459
5296.75 6.6462
5296.80 6.6466
5296.85 6.6470
5296.90 6.6474
5296.95 6.6477
5297.00 6.6481
5297.05 6.6485
5297.10 6.6488
5297.15 6.6492
5297.20 6.6495
5297.25 6.6499
5297.30 6.6503
5297.35 6.6506
5297.40 6.6510
5297.45 6.6513
5297.50 6.6516
5297.55 6.6520
5297.60 6.6523
5297.65 6.6527
5297.70 6.6530
5297.75 6.6534
5297.80 6.6537
5297.85 6.6540
5297.90 6.6543
5297.95 6.6547
5298.00 6.6550
5298.05 6.6553
5298.10 6.6556
5298.15 6.6560
5298.20 6.6563
5298.25 6.6566
5298.30 6.6569
5298.35 6.6572
5298.40 6.6575
5298.45 6.6578
5298.50 6.6581
5298.55 6.6584
5298.60 6.6587
5298.65 6.6590
5298.70 6.6593
5298.75 6.6596
5298.80 6.6599
5298.85 6.6602
5298.90 6.6605
5298.95 6.6607
5299.00 6.6610
5299.05 6.6613
5299.10 6.6616
5299.15 6.6618
5299.20 6.6621
5299.25 6.6624
5299.30 6.6626
5299.35 6.6629
5299.40 6.6631
5299.45 6.6634
5299.50 6.6636
5299.55 6.6639
5299.60 6.6641
5299.65 6.6644
5299.70 6.6646
5299.75 6.6649
5299.80 6.6651
5299.85 6.6653
5299.90 6.6655
5299.95 6.6658
5300.00 6.6660
5300.05 6.6662
5300.10 6.6664
5300.15 6.6667
5300.20 6.6669
5300.25 6.6671
5300.30 6.6673
5300.35 6.6675
5300.40 6.6677
5300.45 6.6679
5300.50 6.6681
5300.55 6.6683
5300.60 6.6685
5300.65 6.6687
5300.70 6.6689
5300.75 6.6690
5300.80 6.6692
5300.85 6.6694
5300.90 6.6696
5300.95 6.6698
5301.00 6.6699
5301.05 6.6701
5301.10 6.6703
5301.15 6.6704
5301.20 6.6706
5301.25 6.6707
5301.30 6.6709
5301.35 6.6710
5301.40 6.6712
5301.45 6.6713
5301.50 6.6715
5301.55 6.6716
5301.60 6.6718
5301.65 6.6719
5301.70 6.6720
5301.75 6.6722
5301.80 6.6723
5301.85 6.6724
5301.90 6.6725
5301.95 6.6727
5302.00 6.6728
5302.05 6.6729
5302.10 6.6730
5302.15 6.6731
5302.20 6.6732
5302.25 6.6733
5302.30 6.6734
5302.35 6.6735
5302.40 6.6736
5302.45 6.6737
5302.50 6.6738
5302.55 6.6739
5302.60 6.6740
5302.65 6.6741
5302.70 6.6741
5302.75 6.6742
5302.80 6.6743
5302.85 6.6744
5302.90 6.6744
5302.95 6.6745
5303.00 6.6746
5303.05 6.6746
5303.10 6.6747
5303.15 6.6748
5303.20 6.6748
5303.25 6.6749
5303.30 6.6749
5303.35 6.6750
5303.40 6.6750
5303.45 6.6751
5303.50 6.6751
5303.55 6.6751
5303.60 6.6752
5303.65 6.6752
5303.70 6.6753
5303.75 6.6753
5303.80 6.6753
5303.85 6.6753
5303.90 6.6754
5303.95 6.6754
5304.00 6.6754
5304.05 6.6754
5304.10 6.6754
5304.15 6.6755
5304.20 6.6755
5304.25 6.6755
5304.30 6.6755
5304.35 6.6755
5304.40 6.6755
5304.45 6.6755
5304.50 6.6755
5304.55 6.6755
5304.60 6.6755
5304.65 6.6755
5304.70 6.6755
5304.75 6.6754
5304.80 6.6754
5304.85 6.6754
5304.90 6.6754
5304.95 6.6754
5305.00 6.6753
5305.05 6.6753
5305.10 6.6753
5305.15 6.6753
5305.20 6.6752
5305.25 6.6752
5305.30 6.6752
5305.35 6.6751
5305.40 6.6751
5305.45 6.6751
5305.50 6.6750
5305.55 6.6750
5305.60 6.6749
5305.65 6.6749
5305.70 6.6748
5305.75 6.6748
5305.80 6.6747
5305.85 6.6747
5305.90 6.6746
5305.95 6.6745
5306.00 6.6745
5306.05 6.6744
5306.10 6.6744
5306.15 6.6743
5306.20 6.6742
5306.25 6.6742
5306.30 6.6741
5306.35 6.6740
5306.40 6.6739
5306.45 6.6739
5306.50 6.6738
5306.55 6.6737
5306.60 6.6736
5306.65 6.6736
5306.70 6.6735
5306.75 6.6734
5306.80 6.6733
5306.85 6.6732
5306.90 6.6731
5306.95 6.6730
5307.00 6.6729
5307.05 6.6728
5307.10 6.6727
5307.15 6.6726
5307.20 6.6725
5307.25 6.6724
5307.30 6.6723
5307.35 6.6722
5307.40 6.6721
5307.45 6.6720
5307.50 6.6719
5307.55 6.6718
5307.60 6.6717
5307.65 6.6716
5307.70 6.6715
5307.75 6.6714
5307.80 6.6712
5307.85 6.6711
5307.90 6.6710
5307.95 6.6709
5308.00 6.6708
5308.05 6.6706
5308.10 6.6705
5308.15 6.6704
5308.20 6.6703
5308.25 6.6701
5308.30 6.6700
5308.35 6.6699
5308.40 6.6698
5308.45 6.6696
5308.50 6.6695
5308.55 6.6694
5308.60 6.6692
5308.65 6.6691
5308.70 6.6689
5308.75 6.6688
5308.80 6.6687
5308.85 6.6685
5308.90 6.6684
5308.95 6.6682
5309.00 6.6681
5309.05 6.6679
5309.10 6.6678
5309.15 6.6677
5309.20 6.6675
5309.25 6.6674
5309.30 6.6672
5309.35 6.6671
5309.40 6.6669
5309.45 6.6667
5309.50 6.6666
5309.55 6.6664
5309.60 6.6663
5309.65 6.6661
5309.70 6.6660
5309.75 6.6658
5309.80 6.6656
5309.85 6.6655
5309.90 6.6653
5309.95 6.6652
5310.00 6.6650
5310.05 6.6648
5310.10 6.6647
5310.15 6.6645
5310.20 6.6643
5310.25 6.6642
5310.30 6.6640
5310.35 6.6638
5310.40 6.6636
5310.45 6.6635
5310.50 6.6633
5310.55 6.6631
5310.60 6.6630
5310.65 6.6628
5310.70 6.6626
5310.75 6.6624
5310.80 6.6623
5310.85 6.6621
5310.90 6.6619
5310.95 6.6617
5311.00 6.6615
5311.05 6.6614
5311.10 6.6612
5311.15 6.6610
5311.20 6.6608
5311.25 6.6606
5311.30 6.6604
5311.35 6.6603
5311.40 6.6601
5311.45 6.6599
5311.50 6.6597
5311.55 6.6595
5311.60 6.6593
5311.65 6.6591
5311.70 6.6590
5311.75 6.6588
5311.80 6.6586
5311.85 6.6584
5311.90 6.6582
5311.95 6.6580
5312.00 6.6578
5312.05 6.6576
5312.10 6.6574
5312.15 6.6572
5312.20 6.6570
5312.25 6.6569
5312.30 6.6567
5312.35 6.6565
5312.40 6.6563
5312.45 6.6561
5312.50 6.6559
5312.55 6.6557
5312.60 6.6555
5312.65 6.6553
5312.70 6.6551
5312.75 6.6549
5312.80 6.6547
5312.85 6.6545
5312.90 6.6543
5312.95 6.6541
5313.00 6.6539
5313.05 6.6537
5313.10 6.6535
5313.15 6.6533
5313.20 6.6531
5313.25 6.6529
5313.30 6.6527
5313.35 6.6525
5313.40 6.6523
5313.45 6.6521
5313.50 6.6518
5313.55 6.6516
5313.60 6.6514
5313.65 6.6512
5313.70 6.6510
5313.75 6.6508
5313.80 6.6506
5313.85 6.6504
5313.90 6.6502
5313.95 6.6500
5314.00 6.6498
5314.05 6.6496
5314.10 6.6494
5314.15 6.6491
5314.20 6.6489
5314.25 6.6487
5314.30 6.6485
5314.35 6.6483
5314.40 6.6481
5314.45 6.6479
5314.50 6.6477
5314.55 6.6475
5314.60 6.6472
5314.65 6.6470
5314.70 6.6468
5314.75 6.6466
5314.80 6.6464
5314.85 6.6462
5314.90 6.6460
5314.95 6.6458
5315.00 6.6455
5315.05 6.6453
5315.10 6.6451
5315.15 6.6449
5315.20 6.6447
5315.25 6.6445
5315.30 6.6442
5315.35 6.6440
5315.40 6.6438
5315.45 6.6436
5315.50 6.6434
5315.55 6.6431
5315.60 6.6429
5315.65 6.6427
5315.70 6.6425
5315.75 6.6423
5315.80 6.6420
5315.85 6.6418
5315.90 6.6416
5315.95 6.6414
5316.00 6.6412
5316.05 6.6409
5316.10 6.6407
5316.15 6.6405
5316.20 6.6403
5316.25 6.6400
5316.30 6.6398
5316.35 6.6396
5316.40 6.6394
5316.45 6.6391
5316.50 6.6389
5316.55 6.6387
5316.60 6.6385
5316.65 6.6382
5316.70 6.6380
5316.75 6.6378
5316.80 6.6376
5316.85 6.6373
5316.90 6.6371
5316.95 6.6369
5317.00 6.6366
5317.05 6.6364
5317.10 6.6362
5317.15 6.6359
5317.20 6.6357
5317.25 6.6355
5317.30 6.6352
5317.35 6.6350
5317.40 6.6348
5317.45 6.6345
5317.50 6.6343
5317.55 6.6341
5317.60 6.6338
5317.65 6.6336
5317.70 6.6333
5317.75 6.6331
5317.80 6.6329
5317.85 6.6326
5317.90 6.6324
5317.95 6.6321
5318.00 6.6319
5318.05 6.6317
5318.10 6.6314
5318.15 6.6312
5318.20 6.6309
5318.25 6.6307
5318.30 6.6304
5318.35 6.6302
5318.40 6.6299
5318.45 6.6297
5318.50 6.6294
5318.55 6.6292
5318.60 6.6289
5318.65 6.6287
5318.70 6.6284
5318.75 6.6282
5318.80 6.6279
5318.85 6.6277
5318.90 6.6274
5318.95 6.6272
5319.00 6.6269
5319.05 6.6267
5319.10 6.6264
5319.15 6.6261
5319.20 6.6259
5319.25 6.6256
5319.30 6.6254
5319.35 6.6251
5319.40 6.6248
5319.45 6.6246
5319.50 6.6243
5319.55 6.6240
5319.60 6.6238
5319.65 6.6235
5319.70 6.6232
5319.75 6.6230
5319.80 6.6227
5319.85 6.6224
5319.90 6.6222
5319.95 6.6219
5320.00 6.6216
5320.05 6.6213
5320.10 6.6211
5320.15 6.6208
5320.20 6.6205
5320.25 6.6202
5320.30 6.6199
5320.35 6.6197
5320.40 6.6194
5320.45 6.6191
5320.50 6.6188
5320.55 6.6185
5320.60 6.6182
5320.65 6.6180
5320.70 6.6177
5320.75 6.6174
5320.80 6.6171
5320.85 6.6168
5320.90 6.6165
5320.95 6.6162
5321.00 6.6159
5321.05 6.6156
5321.10 6.6153
5321.15 6.6150
5321.20 6.6147
5321.25 6.6144
5321.30 6.6141
5321.35 6.6138
5321.40 6.6135
5321.45 6.6132
5321.50 6.6129
5321.55 6.6126
5321.60 6.6123
5321.65 6.6120
5321.70 6.6117
5321.75 6.6113
5321.80 6.6110
5321.85 6.6107
5321.90 6.6104
5321.95 6.6101
5322.00 6.6098
5322.05 6.6095
5322.10 6.6091
5322.15 6.6088
5322.20 6.6085
5322.25 6.6082
5322.30 6.6078
5322.35 6.6075
5322.40 6.6072
5322.45 6.6069
5322.50 6.6065
5322.55 6.6062
5322.60 6.6059
5322.65 6.6055
5322.70 6.6052
5322.75 6.6049
5322.80 6.6045
5322.85 6.6042
5322.90 6.6038
5322.95 6.6035
5323.00 6.6032
5323.05 6.6028
5323.10 6.6025
5323.15 6.6021
5323.20 6.6018
5323.25 6.6014
5323.30 6.6011
5323.35 6.6007
5323.40 6.6004
5323.45 6.6000
5323.50 6.5997
5323.55 6.5993
5323.60 6.5990
5323.65 6.5986
5323.70 6.5982
5323.75 6.5979
5323.80 6.5975
5323.85 6.5972
5323.90 6.5968
5323.95 6.5964
5324.00 6.5961
5324.05 6.5957
5324.10 6.5953
5324.15 6.5950
5324.20 6.5946
5324.25 6.5942
5324.30 6.5939
5324.35 6.5935
5324.40 6.5931
5324.45 6.5927
5324.50 6.5924
5324.55 6.5920
5324.60 6.5916
5324.65 6.5912
5324.70 6.5908
5324.75 6.5905
5324.80 6.5901
5324.85 6.5897
5324.90 6.5893
5324.95 6.5889
5325.00 6.5885
5325.05 6.5882
5325.10 6.5878
5325.15 6.5874
5325.20 6.5870
5325.25 6.5866
5325.30 6.5862
5325.35 6.5858
5325.40 6.5854
5325.45 6.5850
5325.50 6.5846
5325.55 6.5842
5325.60 6.5838
5325.65 6.5835
5325.70 6.5831
5325.75 6.5827
5325.80 6.5823
5325.85 6.5819
5325.90 6.5815
5325.95 6.5811
5326.00 6.5806
5326.05 6.5802
5326.10 6.5798
5326.15 6.5794
5326.20 6.5790
5326.25 6.5786
5326.30 6.5782
5326.35 6.5778
5326.40 6.5774
5326.45 6.5770
5326.50 6.5766
5326.55 6.5762
5326.60 6.5758
5326.65 6.5753
5326.70 6.5749
5326.75 6.5745
5326.80 6.5741
5326.85 6.5737
5326.90 6.5733
5326.95 6.5729
5327.00 6.5725
5327.05 6.5720
5327.10 6.5716
5327.15 6.5712
5327.20 6.5708
5327.25 6.5704
5327.30 6.5700
5327.35 6.5695
5327.40 6.5691
5327.45 6.5687
5327.50 6.5683
5327.55 6.5679
5327.60 6.5674
5327.65 6.5670
5327.70 6.5666
5327.75 6.5662
5327.80 6.5658
5327.85 6.5653
5327.90 6.5649
5327.95 6.5645
5328.00 6.5641
5328.05 6.5636
5328.10 6.5632
5328.15 6.5628
5328.20 6.5624
5328.25 6.5620
5328.30 6.5615
5328.35 6.5611
5328.40 6.5607
5328.45 6.5603
5328.50 6.5598
5328.55 6.5594
5328.60 6.5590
5328.65 6.5586
5328.70 6.5581
5328.75 6.5577
5328.80 6.5573
5328.85 6.5569
5328.90 6.5564
5328.95 6.5560
5329.00 6.5556
5329.05 6.5552
5329.10 6.5548
5329.15 6.5543
5329.20 6.5539
5329.25 6.5535
5329.30 6.5531
5329.35 6.5526
5329.40 6.5522
5329.45 6.5518
5329.50 6.5514
5329.55 6.5509
5329.60 6.5505
5329.65 6.5501
5329.70 6.5497
5329.75 6.5493
5329.80 6.5488
5329.85 6.5484
5329.90 6.5480
5329.95 6.5476
5330.00 6.5472
5330.05 6.5467
5330.10 6.5463
5330.15 6.5459
5330.20 6.5455
5330.25 6.5451
5330.30 6.5446
5330.35 6.5442
5330.40 6.5438
5330.45 6.5434
5330.50 6.5430
5330.55 6.5426
5330.60 6.5421
5330.65 6.5417
5330.70 6.5413
5330.75 6.5409
5330.80 6.5405
5330.85 6.5401
5330.90 6.5397
5330.95 6.5393
5331.00 6.5388
5331.05 6.5384
5331.10 6.5380
5331.15 6.5376
5331.20 6.5372
5331.25 6.5368
5331.30 6.5364
5331.35 6.5360
5331.40 6.5356
5331.45 6.5352
5331.50 6.5348
5331.55 6.5344
5331.60 6.5340
5331.65 6.5335
5331.70 6.5331
5331.75 6.5327
5331.80 6.5323
5331.85 6.5319
5331.90 6.5315
5331.95 6.5311
5332.00 6.5307
5332.05 6.5303
5332.10 6.5299
5332.15 6.5296
5332.20 6.5292
5332.25 6.5288
5332.30 6.5284
5332.35 6.5280
5332.40 6.5276
5332.45 6.5272
5332.50 6.5268
5332.55 6.5264
5332.60 6.5260
5332.65 6.5256
5332.70 6.5252
5332.75 6.5249
5332.80 6.5245
5332.85 6.5241
5332.90 6.5237
5332.95 6.5233
5333.00 6.5229
5333.05 6.5226
5333.10 6.5222
5333.15 6.5218
5333.20 6.5214
5333.25 6.5210
5333.30 6.5207
5333.35 6.5203
5333.40 6.5199
5333.45 6.5195
5333.50 6.5192
5333.55 6.5188
5333.60 6.5184
5333.65 6.5181
5333.70 6.5177
5333.75 6.5173
5333.80 6.5170
5333.85 6.5166
5333.90 6.5162
5333.95 6.5159
5334.00 6.5155
5334.05 6.5151
5334.10 6.5148
5334.15 6.5144
5334.20 6.5141
5334.25 6.5137
5334.30 6.5133
5334.35 6.5130
5334.40 6.5126
5334.45 6.5123
5334.50 6.5119
5334.55 6.5116
5334.60 6.5112
5334.65 6.5109
5334.70 6.5105
5334.75 6.5102
5334.80 6.5098
5334.85 6.5095
5334.90 6.5091
5334.95 6.5088
5335.00 6.5085
5335.05 6.5081
5335.10 6.5078
5335.15 6.5074
5335.20 6.5071
5335.25 6.5068
5335.30 6.5064
5335.35 6.5061
5335.40 6.5058
5335.45 6.5054
5335.50 6.5051
5335.55 6.5048
5335.60 6.5044
5335.65 6.5041
5335.70 6.5038
5335.75 6.5034
5335.80 6.5031
5335.85 6.5028
5335.90 6.5025
5335.95 6.5022
5336.00 6.5018
5336.05 6.5015
5336.10 6.5012
5336.15 6.5009
5336.20 6.5006
5336.25 6.5002
5336.30 6.4999
5336.35 6.4996
5336.40 6.4993
5336.45 6.4990
5336.50 6.4987
5336.55 6.4984
5336.60 6.4981
5336.65 6.4978
5336.70 6.4975
5336.75 6.4972
5336.80 6.4969
5336.85 6.4966
5336.90 6.4963
5336.95 6.4960
5337.00 6.4957
5337.05 6.4954
5337.10 6.4951
5337.15 6.4948
5337.20 6.4945
5337.25 6.4942
5337.30 6.4939
5337.35 6.4936
5337.40 6.4933
5337.45 6.4930
5337.50 6.4927
5337.55 6.4924
5337.60 6.4921
5337.65 6.4919
5337.70 6.4916
5337.75 6.4913
5337.80 6.4910
5337.85 6.4907
5337.90 6.4905
5337.95 6.4902
5338.00 6.4899
5338.05 6.4896
5338.10 6.4893
5338.15 6.4891
5338.20 6.4888
5338.25 6.4885
5338.30 6.4882
5338.35 6.4880
5338.40 6.4877
5338.45 6.4874
5338.50 6.4872
5338.55 6.4869
5338.60 6.4866
5338.65 6.4864
5338.70 6.4861
5338.75 6.4858
5338.80 6.4856
5338.85 6.4853
5338.90 6.4851
5338.95 6.4848
5339.00 6.4845
5339.05 6.4843
5339.10 6.4840
5339.15 6.4838
5339.20 6.4835
5339.25 6.4833
5339.30 6.4830
5339.35 6.4827
5339.40 6.4825
5339.45 6.4822
5339.50 6.4820
5339.55 6.4817
5339.60 6.4815
5339.65 6.4812
5339.70 6.4810
5339.75 6.4808
5339.80 6.4805
5339.85 6.4803
5339.90 6.4800
5339.95 6.4798
5340.00 6.4795
5340.05 6.4793
5340.10 6.4791
5340.15 6.4788
5340.20 6.4786
5340.25 6.4783
5340.30 6.4781
5340.35 6.4779
5340.40 6.4776
5340.45 6.4774
5340.50 6.4772
5340.55 6.4769
5340.60 6.4767
5340.65 6.4765
5340.70 6.4762
5340.75 6.4760
5340.80 6.4758
5340.85 6.4755
5340.90 6.4753
5340.95 6.4751
5341.00 6.4748
5341.05 6.4746
5341.10 6.4744
5341.15 6.4742
5341.20 6.4739
5341.25 6.4737
5341.30 6.4735
5341.35 6.4733
5341.40 6.4730
5341.45 6.4728
5341.50 6.4726
5341.55 6.4724
5341.60 6.4721
5341.65 6.4719
5341.70 6.4717
5341.75 6.4715
5341.80 6.4713
5341.85 6.4710
5341.90 6.4708
5341.95 6.4706
5342.00 6.4704
5342.05 6.4702
5342.10 6.4700
5342.15 6.4697
5342.20 6.4695
5342.25 6.4693
5342.30 6.4691
5342.35 6.4689
5342.40 6.4687
5342.45 6.4684
5342.50 6.4682
5342.55 6.4680
5342.60 6.4678
5342.65 6.4676
5342.70 6.4674
5342.75 6.4672
5342.80 6.4670
5342.85 6.4667
5342.90 6.4665
5342.95 6.4663
5343.00 6.4661
5343.05 6.4659
5343.10 6.4657
5343.15 6.4655
5343.20 6.4653
5343.25 6.4651
5343.30 6.4649
5343.35 6.4646
5343.40 6.4644
5343.45 6.4642
5343.50 6.4640
5343.55 6.4638
5343.60 6.4636
5343.65 6.4634
5343.70 6.4632
5343.75 6.4630
5343.80 6.4628
5343.85 6.4626
5343.90 6.4624
5343.95 6.4621
5344.00 6.4619
5344.05 6.4617
5344.10 6.4615
5344.15 6.4613
5344.20 6.4611
5344.25 6.4609
5344.30 6.4607
5344.35 6.4605
5344.40 6.4603
5344.45 6.4601
5344.50 6.4599
5344.55 6.4597
5344.60 6.4595
5344.65 6.4592
5344.70 6.4590
5344.75 6.4588
5344.80 6.4586
5344.85 6.4584
5344.90 6.4582
5344.95 6.4580
5345.00 6.4578
5345.05 6.4576
5345.10 6.4574
5345.15 6.4572
5345.20 6.4570
5345.25 6.4568
5345.30 6.4565
5345.35 6.4563
5345.40 6.4561
5345.45 6.4559
5345.50 6.4557
5345.55 6.4555
5345.60 6.4553
5345.65 6.4551
5345.70 6.4549
5345.75 6.4547
5345.80 6.4545
5345.85 6.4542
5345.90 6.4540
5345.95 6.4538
5346.00 6.4536
5346.05 6.4534
5346.10 6.4532
5346.15 6.4530
5346.20 6.4528
5346.25 6.4526
5346.30 6.4523
5346.35 6.4521
5346.40 6.4519
5346.45 6.4517
5346.50 6.4515
5346.55 6.4513
5346.60 6.4511
5346.65 6.4508
5346.70 6.4506
5346.75 6.4504
5346.80 6.4502
5346.85 6.4500
5346.90 6.4498
5346.95 6.4495
5347.00 6.4493
5347.05 6.4491
5347.10 6.4489
5347.15 6.4487
5347.20 6.4485
5347.25 6.4482
5347.30 6.4480
5347.35 6.4478
5347.40 6.4476
5347.45 6.4474
5347.50 6.4471
5347.55 6.4469
5347.60 6.4467
5347.65 6.4465
5347.70 6.4462
5347.75 6.4460
5347.80 6.4458
5347.85 6.4456
5347.90 6.4453
5347.95 6.4451
5348.00 6.4449
5348.05 6.4447
5348.10 6.4444
5348.15 6.4442
5348.20 6.4440
5348.25 6.4438
5348.30 6.4435
5348.35 6.4433
5348.40 6.4431
5348.45 6.4428
5348.50 6.4426
5348.55 6.4424
5348.60 6.4421
5348.65 6.4419
5348.70 6.4417
5348.75 6.4414
5348.80 6.4412
5348.85 6.4410
5348.90 6.4407
5348.95 6.4405
5349.00 6.4402
5349.05 6.4400
5349.10 6.4398
5349.15 6.4395
5349.20 6.4393
5349.25 6.4390
5349.30 6.4388
5349.35 6.4386
5349.40 6.4383
5349.45 6.4381
5349.50 6.4378
5349.55 6.4376
5349.60 6.4373
5349.65 6.4371
5349.70 6.4368
5349.75 6.4366
5349.80 6.4363
5349.85 6.4361
5349.90 6.4358
5349.95 6.4356
5350.00 6.4353
5350.05 6.4351
5350.10 6.4348
5350.15 6.4346
5350.20 6.4343
5350.25 6.4341
5350.30 6.4338
5350.35 6.4336
5350.40 6.4333
5350.45 6.4330
5350.50 6.4328
5350.55 6.4325
5350.60 6.4323
5350.65 6.4320
5350.70 6.4317
5350.75 6.4315
5350.80 6.4312
5350.85 6.4309
5350.90 6.4307
5350.95 6.4304
5351.00 6.4301
5351.05 6.4299
5351.10 6.4296
5351.15 6.4293
5351.20 6.4291
5351.25 6.4288
5351.30 6.4285
5351.35 6.4282
5351.40 6.4280
5351.45 6.4277
5351.50 6.4274
5351.55 6.4272
5351.60 6.4269
5351.65 6.4266
5351.70 6.4263
5351.75 6.4260
5351.80 6.4258
5351.85 6.4255
5351.90 6.4252
5351.95 6.4249
5352.00 6.4246
5352.05 6.4243
5352.10 6.4241
5352.15 6.4238
5352.20 6.4235
5352.25 6.4232
5352.30 6.4229
5352.35 6.4226
5352.40 6.4223
5352.45 6.4221
5352.50 6.4218
5352.55 6.4215
5352.60 6.4212
5352.65 6.4209
5352.70 6.4206
5352.75 6.4203
5352.80 6.4200
5352.85 6.4197
5352.90 6.4194
5352.95 6.4191
5353.00 6.4188
5353.05 6.4185
5353.10 6.4182
5353.15 6.4179
5353.20 6.4176
5353.25 6.4173
5353.30 6.4170
5353.35 6.4167
5353.40 6.4164
5353.45 6.4161
5353.50 6.4158
5353.55 6.4155
5353.60 6.4152
5353.65 6.4149
5353.70 6.4146
5353.75 6.4142
5353.80 6.4139
5353.85 6.4136
5353.90 6.4133
5353.95 6.4130
5354.00 6.4127
5354.05 6.4124
5354.10 6.4121
5354.15 6.4118
5354.20 6.4114
5354.25 6.4111
5354.30 6.4108
5354.35 6.4105
5354.40 6.4102
5354.45 6.4099
5354.50 6.4095
5354.55 6.4092
5354.60 6.4089
5354.65 6.4086
5354.70 6.4083
5354.75 6.4079
5354.80 6.4076
5354.85 6.4073
5354.90 6.4070
5354.95 6.4066
5355.00 6.4063
5355.05 6.4060
5355.10 6.4057
5355.15 6.4053
5355.20 6.4050
5355.25 6.4047
5355.30 6.4044
5355.35 6.4040
5355.40 6.4037
5355.45 6.4034
5355.50 6.4031
5355.55 6.4027
5355.60 6.4024
5355.65 6.4021
5355.70 6.4017
5355.75 6.4014
5355.80 6.4011
5355.85 6.4007
5355.90 6.4004
5355.95 6.4001
5356.00 6.3998
5356.05 6.3994
5356.10 6.3991
5356.15 6.3988
5356.20 6.3984
5356.25 6.3981
5356.30 6.3978
5356.35 6.3974
5356.40 6.3971
5356.45 6.3968
5356.50 6.3964
5356.55 6.3961
5356.60 6.3958
5356.65 6.3954
5356.70 6.3951
5356.75 6.3948
5356.80 6.3944
5356.85 6.3941
5356.90 6.3938
5356.95 6.3934
5357.00 6.3931
5357.05 6.3927
5357.10 6.3924
5357.15 6.3921
5357.20 6.3917
5357.25 6.3914
5357.30 6.3911
5357.35 6.3907
5357.40 6.3904
5357.45 6.3901
5357.50 6.3897
5357.55 6.3894
5357.60 6.3891
5357.65 6.3887
5357.70 6.3884
5357.75 6.3881
5357.80 6.3877
5357.85 6.3874
5357.90 6.3871
5357.95 6.3867
5358.00 6.3864
5358.05 6.3861
5358.10 6.3857
5358.15 6.3854
5358.20 6.3851
5358.25 6.3848
5358.30 6.3844
5358.35 6.3841
5358.40 6.3838
5358.45 6.3834
5358.50 6.3831
5358.55 6.3828
5358.60 6.3824
5358.65 6.3821
5358.70 6.3818
5358.75 6.3815
5358.80 6.3811
5358.85 6.3808
5358.90 6.3805
5358.95 6.3802
5359.00 6.3798
5359.05 6.3795
5359.10 6.3792
5359.15 6.3789
5359.20 6.3786
5359.25 6.3782
5359.30 6.3779
5359.35 6.3776
5359.40 6.3773
5359.45 6.3770
5359.50 6.3766
5359.55 6.3763
5359.60 6.3760
5359.65 6.3757
5359.70 6.3754
5359.75 6.3751
5359.80 6.3747
5359.85 6.3744
5359.90 6.3741
5359.95 6.3738
5360.00 6.3735
5360.05 6.3732
5360.10 6.3729
5360.15 6.3726
5360.20 6.3722
5360.25 6.3719
5360.30 6.3716
5360.35 6.3713
5360.40 6.3710
5360.45 6.3707
5360.50 6.3704
5360.55 6.3701
5360.60 6.3698
5360.65 6.3695
5360.70 6.3692
5360.75 6.3689
5360.80 6.3686
5360.85 6.3683
5360.90 6.3680
5360.95 6.3677
5361.00 6.3674
5361.05 6.3671
5361.10 6.3668
5361.15 6.3666
5361.20 6.3663
5361.25 6.3660
5361.30 6.3657
5361.35 6.3654
5361.40 6.3651
5361.45 6.3648
5361.50 6.3645
5361.55 6.3643
5361.60 6.3640
5361.65 6.3637
5361.70 6.3634
5361.75 6.3631
5361.80 6.3629
5361.85 6.3626
5361.90 6.3623
5361.95 6.3620
5362.00 6.3618
5362.05 6.3615
5362.10 6.3612
5362.15 6.3609
5362.20 6.3607
5362.25 6.3604
5362.30 6.3601
5362.35 6.3599
5362.40 6.3596
5362.45 6.3593
5362.50 6.3591
5362.55 6.3588
5362.60 6.3585
5362.65 6.3583
5362.70 6.3580
5362.75 6.3578
5362.80 6.3575
5362.85 6.3572
5362.90 6.3570
5362.95 6.3567
5363.00 6.3565
5363.05 6.3562
5363.10 6.3560
5363.15 6.3557
5363.20 6.3555
5363.25 6.3552
5363.30 6.3550
5363.35 6.3547
5363.40 6.3545
5363.45 6.3542
5363.50 6.3540
5363.55 6.3537
5363.60 6.3535
5363.65 6.3533
5363.70 6.3530
5363.75 6.3528
5363.80 6.3525
5363.85 6.3523
5363.90 6.3521
5363.95 6.3518
5364.00 6.3516
5364.05 6.3514
5364.10 6.3511
5364.15 6.3509
5364.20 6.3507
5364.25 6.3504
5364.30 6.3502
5364.35 6.3500
5364.40 6.3498
5364.45 6.3495
5364.50 6.3493
5364.55 6.3491
5364.60 6.3489
5364.65 6.3486
5364.70 6.3484
5364.75 6.3482
5364.80 6.3480
5364.85 6.3478
5364.90 6.3475
5364.95 6.3473
5365.00 6.3471
5365.05 6.3469
5365.10 6.3467
5365.15 6.3465
5365.20 6.3463
5365.25 6.3460
5365.30 6.3458
5365.35 6.3456
5365.40 6.3454
5365.45 6.3452
5365.50 6.3450
5365.55 6.3448
5365.60 6.3446
5365.65 6.3444
5365.70 6.3442
5365.75 6.3440
5365.80 6.3437
5365.85 6.3435
5365.90 6.3433
5365.95 6.3431
5366.00 6.3429
5366.05 6.3427
5366.10 6.3425
5366.15 6.3423
5366.20 6.3421
5366.25 6.3419
5366.30 6.3417
5366.35 6.3415
5366.40 6.3413
5366.45 6.3411
5366.50 6.3409
5366.55 6.3407
5366.60 6.3405
5366.65 6.3404
5366.70 6.3402
5366.75 6.3400
5366.80 6.3398
5366.85 6.3396
5366.90 6.3394
5366.95 6.3392
5367.00 6.3390
5367.05 6.3388
5367.10 6.3386
5367.15 6.3384
5367.20 6.3382
5367.25 6.3380
5367.30 6.3378
5367.35 6.3377
5367.40 6.3375
5367.45 6.3373
5367.50 6.3371
5367.55 6.3369
5367.60 6.3367
5367.65 6.3365
5367.70 6.3363
5367.75 6.3361
5367.80 6.3359
5367.85 6.3358
5367.90 6.3356
5367.95 6.3354
5368.00 6.3352
5368.05 6.3350
5368.10 6.3348
5368.15 6.3346
5368.20 6.3344
5368.25 6.3343
5368.30 6.3341
5368.35 6.3339
5368.40 6.3337
5368.45 6.3335
5368.50 6.3333
5368.55 6.3331
5368.60 6.3329
5368.65 6.3327
5368.70 6.3326
5368.75 6.3324
5368.80 6.3322
5368.85 6.3320
5368.90 6.3318
5368.95 6.3316
5369.00 6.3314
5369.05 6.3312
5369.10 6.3311
5369.15 6.3309
5369.20 6.3307
5369.25 6.3305
5369.30 6.3303
5369.35 6.3301
5369.40 6.3299
5369.45 6.3297
5369.50 6.3295
5369.55 6.3293
5369.60 6.3291
5369.65 6.3290
5369.70 6.3288
5369.75 6.3286
5369.80 6.3284
5369.85 6.3282
5369.90 6.3280
5369.95 6.3278
5370.00 6.3276
5370.05 6.3274
5370.10 6.3272
5370.15 6.3270
5370.20 6.3268
5370.25 6.3266
5370.30 6.3264
5370.35 6.3262
5370.40 6.3260
5370.45 6.3258
5370.50 6.3256
5370.55 6.3254
5370.60 6.3253
5370.65 6.3251
5370.70 6.3249
5370.75 6.3247
5370.80 6.3245
5370.85 6.3242
5370.90 6.3240
5370.95 6.3238
5371.00 6.3236
5371.05 6.3234
5371.10 6.3232
5371.15 6.3230
5371.20 6.3228
5371.25 6.3226
5371.30 6.3224
5371.35 6.3222
5371.40 6.3220
5371.45 6.3218
5371.50 6.3216
5371.55 6.3214
5371.60 6.3212
5371.65 6.3210
5371.70 6.3207
5371.75 6.3205
5371.80 6.3203
5371.85 6.3201
5371.90 6.3199
5371.95 6.3197
5372.00 6.3195
5372.05 6.3192
5372.10 6.3190
5372.15 6.3188
5372.20 6.3186
5372.25 6.3184
5372.30 6.3182
5372.35 6.3179
5372.40 6.3177
5372.45 6.3175
5372.50 6.3173
5372.55 6.3171
5372.60 6.3168
5372.65 6.3166
5372.70 6.3164
5372.75 6.3162
5372.80 6.3159
5372.85 6.3157
5372.90 6.3155
5372.95 6.3152
5373.00 6.3150
5373.05 6.3148
5373.10 6.3146
5373.15 6.3143
5373.20 6.3141
5373.25 6.3139
5373.30 6.3136
5373.35 6.3134
5373.40 6.3132
5373.45 6.3129
5373.50 6.3127
5373.55 6.3124
5373.60 6.3122
5373.65 6.3120
5373.70 6.3117
5373.75 6.3115
5373.80 6.3112
5373.85 6.3110
5373.90 6.3108
5373.95 6.3105
5374.00 6.3103
5374.05 6.3100
5374.10 6.3098
5374.15 6.3095
5374.20 6.3093
5374.25 6.3090
5374.30 6.3088
5374.35 6.3085
5374.40 6.3083
5374.45 6.3080
5374.50 6.3078
5374.55 6.3075
5374.60 6.3073
5374.65 6.3070
5374.70 6.3068
5374.75 6.3065
5374.80 6.3063
5374.85 6.3060
5374.90 6.3057
5374.95 6.3055
5375.00 6.3052
5375.05 6.3050
5375.10 6.3047
5375.15 6.3044
5375.20 6.3042
5375.25 6.3039
5375.30 6.3036
5375.35 6.3034
5375.40 6.3031
5375.45 6.3029
5375.50 6.3026
5375.55 6.3023
5375.60 6.3020
5375.65 6.3018
5375.70 6.3015
5375.75 6.3012
5375.80 6.3010
5375.85 6.3007
5375.90 6.3004
5375.95 6.3001
5376.00 6.2999
5376.05 6.2996
5376.10 6.2993
5376.15 6.2990
5376.20 6.2988
5376.25 6.2985
5376.30 6.2982
5376.35 6.2979
5376.40 6.2977
5376.45 6.2974
5376.50 6.2971
5376.55 6.2968
5376.60 6.2965
5376.65 6.2962
5376.70 6.2960
5376.75 6.2957
5376.80 6.2954
5376.85 6.2951
5376.90 6.2948
5376.95 6.2945
5377.00 6.2942
5377.05 6.2940
5377.10 6.2937
5377.15 6.2934
5377.20 6.2931
5377.25 6.2928
5377.30 6.2925
5377.35 6.2922
5377.40 6.2919
5377.45 6.2916
5377.50 6.2913
5377.55 6.2910
5377.60 6.2908
5377.65 6.2905
5377.70 6.2902
5377.75 6.2899
5377.80 6.2896
5377.85 6.2893
5377.90 6.2890
5377.95 6.2887
5378.00 6.2884
5378.05 6.2881
5378.10 6.2878
5378.15 6.2875
5378.20 6.2872
5378.25 6.2869
5378.30 6.2866
5378.35 6.2863
5378.40 6.2860
5378.45 6.2857
5378.50 6.2854
5378.55 6.2851
5378.60 6.2848
5378.65 6.2845
5378.70 6.2842
5378.75 6.2839
5378.80 6.2836
5378.85 6.2833
5378.90 6.2830
5378.95 6.2826
5379.00 6.2823
5379.05 6.2820
5379.10 6.2817
5379.15 6.2814
5379.20 6.2811
5379.25 6.2808
5379.30 6.2805
5379.35 6.2802
5379.40 6.2799
5379.45 6.2796
5379.50 6.2793
5379.55 6.2790
5379.60 6.2786
5379.65 6.2783
5379.70 6.2780
5379.75 6.2777
5379.80 6.2774
5379.85 6.2771
5379.90 6.2768
5379.95 6.2765
5380.00 6.2762
5380.05 6.2759
5380.10 6.2755
5380.15 6.2752
5380.20 6.2749
5380.25 6.2746
5380.30 6.2743
5380.35 6.2740
5380.40 6.2737
5380.45 6.2734
5380.50 6.2730
5380.55 6.2727
5380.60 6.2724
5380.65 6.2721
5380.70 6.2718
5380.75 6.2715
5380.80 6.2712
5380.85 6.2709
5380.90 6.2705
5380.95 6.2702
5381.00 6.2699
5381.05 6.2696
5381.10 6.2693
5381.15 6.2690
5381.20 6.2687
5381.25 6.2683
5381.30 6.2680
5381.35 6.2677
5381.40 6.2674
5381.45 6.2671
5381.50 6.2668
5381.55 6.2665
5381.60 6.2661
5381.65 6.2658
5381.70 6.2655
5381.75 6.2652
5381.80 6.2649
5381.85 6.2646
5381.90 6.2643
5381.95 6.2639
5382.00 6.2636
5382.05 6.2633
5382.10 6.2630
5382.15 6.2627
5382.20 6.2624
5382.25 6.2621
5382.30 6.2617
5382.35 6.2614
5382.40 6.2611
5382.45 6.2608
5382.50 6.2605
5382.55 6.2602
5382.60 6.2599
5382.65 6.2596
5382.70 6.2592
5382.75 6.2589
5382.80 6.2586
5382.85 6.2583
5382.90 6.2580
5382.95 6.2577
5383.00 6.2574
5383.05 6.2570
5383.10 6.2567
5383.15 6.2564
5383.20 6.2561
5383.25 6.2558
5383.30 6.2555
5383.35 6.2552
5383.40 6.2548
5383.45 6.2545
5383.50 6.2542
5383.55 6.2539
5383.60 6.2536
5383.65 6.2533
5383.70 6.2530
5383.75 6.2527
5383.80 6.2523
5383.85 6.2520
5383.90 6.2517
5383.95 6.2514
5384.00 6.2511
5384.05 6.2508
5384.10 6.2505
5384.15 6.2501
5384.20 6.2498
5384.25 6.2495
5384.30 6.2492
5384.35 6.2489
5384.40 6.2486
5384.45 6.2483
5384.50 6.2480
5384.55 6.2476
5384.60 6.2473
5384.65 6.2470
5384.70 6.2467
5384.75 6.2464
5384.80 6.2461
5384.85 6.2458
5384.90 6.2454
5384.95 6.2451
5385.00 6.2448
5385.05 6.2445
5385.10 6.2442
5385.15 6.2439
5385.20 6.2436
5385.25 6.2432
5385.30 6.2429
5385.35 6.2426
5385.40 6.2423
5385.45 6.2420
5385.50 6.2417
5385.55 6.2413
5385.60 6.2410
5385.65 6.2407
5385.70 6.2404
5385.75 6.2401
5385.80 6.2398
5385.85 6.2394
5385.90 6.2391
5385.95 6.2388
5386.00 6.2385
5386.05 6.2382
5386.10 6.2378
5386.15 6.2375
5386.20 6.2372
5386.25 6.2369
5386.30 6.2366
5386.35 6.2362
5386.40 6.2359
5386.45 6.2356
5386.50 6.2353
5386.55 6.2350
5386.60 6.2346
5386.65 6.2343
5386.70 6.2340
5386.75 6.2337
5386.80 6.2333
5386.85 6.2330
5386.90 6.2327
5386.95 6.2324
5387.00 6.2320
5387.05 6.2317
5387.10 6.2314
5387.15 6.2310
5387.20 6.2307
5387.25 6.2304
5387.30 6.2301
5387.35 6.2297
5387.40 6.2294
5387.45 6.2291
5387.50 6.2287
5387.55 6.2284
5387.60 6.2281
5387.65 6.2277
5387.70 6.2274
5387.75 6.2271
5387.80 6.2267
5387.85 6.2264
5387.90 6.2260
5387.95 6.2257
5388.00 6.2254
5388.05 6.2250
5388.10 6.2247
5388.15 6.2243
5388.20 6.2240
5388.25 6.2236
5388.30 6.2233
5388.35 6.2229
5388.40 6.2226
5388.45 6.2222
5388.50 6.2219
5388.55 6.2215
5388.60 6.2212
5388.65 6.2208
5388.70 6.2205
5388.75 6.2201
5388.80 6.2198
5388.85 6.2194
5388.90 6.2191
5388.95 6.2187
5389.00 6.2183
5389.05 6.2180
5389.10 6.2176
5389.15 6.2172
5389.20 6.2169
5389.25 6.2165
5389.30 6.2161
5389.35 6.2158
5389.40 6.2154
5389.45 6.2150
5389.50 6.2146
5389.55 6.2143
5389.60 6.2139
5389.65 6.2135
5389.70 6.2131
5389.75 6.2128
5389.80 6.2124
5389.85 6.2120
5389.90 6.2116
5389.95 6.2112
5390.00 6.2108
5390.05 6.2104
5390.10 6.2100
5390.15 6.2097
5390.20 6.2093
5390.25 6.2089
5390.30 6.2085
5390.35 6.2081
5390.40 6.2077
5390.45 6.2073
5390.50 6.2069
5390.55 6.2065
5390.60 6.2060
5390.65 6.2056
5390.70 6.2052
5390.75 6.2048
5390.80 6.2044
5390.85 6.2040
5390.90 6.2036
5390.95 6.2031
5391.00 6.2027
5391.05 6.2023
5391.10 6.2019
5391.15 6.2014
5391.20 6.2010
5391.25 6.2006
5391.30 6.2002
5391.35 6.1997
5391.40 6.1993
5391.45 6.1988
5391.50 6.1984
5391.55 6.1980
5391.60 6.1975
5391.65 6.1971
5391.70 6.1966
5391.75 6.1962
5391.80 6.1957
5391.85 6.1953
5391.90 6.1948
5391.95 6.1943
5392.00 6.1939
5392.05 6.1934
5392.10 6.1930
5392.15 6.1925
5392.20 6.1920
5392.25 6.1915
5392.30 6.1911
5392.35 6.1906
5392.40 6.1901
5392.45 6.1896
5392.50 6.1892
5392.55 6.1887
5392.60 6.1882
5392.65 6.1877
5392.70 6.1872
5392.75 6.1867
5392.80 6.1862
5392.85 6.1857
5392.90 6.1852
5392.95 6.1847
5393.00 6.1842
5393.05 6.1837
5393.10 6.1832
5393.15 6.1827
5393.20 6.1822
5393.25 6.1817
5393.30 6.1811
5393.35 6.1806
5393.40 6.1801
5393.45 6.1796
5393.50 6.1790
5393.55 6.1785
5393.60 6.1780
5393.65 6.1774
5393.70 6.1769
5393.75 6.1764
5393.80 6.1758
5393.85 6.1753
5393.90 6.1747
5393.95 6.1742
5394.00 6.1736
5394.05 6.1731
5394.10 6.1725
5394.15 6.1719
5394.20 6.1714
5394.25 6.1708
5394.30 6.1703
5394.35 6.1697
5394.40 6.1691
5394.45 6.1685
5394.50 6.1680
5394.55 6.1674
5394.60 6.1668
5394.65 6.1662
5394.70 6.1656
5394.75 6.1650
5394.80 6.1644
5394.85 6.1638
5394.90 6.1632
5394.95 6.1626
5395.00 6.1620
5395.05 6.1614
5395.10 6.1608
5395.15 6.1602
5395.20 6.1596
5395.25 6.1590
5395.30 6.1584
5395.35 6.1578
5395.40 6.1571
5395.45 6.1565
5395.50 6.1559
5395.55 6.1552
5395.60 6.1546
5395.65 6.1540
5395.70 6.1533
5395.75 6.1527
5395.80 6.1520
5395.85 6.1514
5395.90 6.1508
5395.95 6.1501
5396.00 6.1494
5396.05 6.1488
5396.10 6.1481
5396.15 6.1475
5396.20 6.1468
5396.25 6.1461
5396.30 6.1455
5396.35 6.1448
5396.40 6.1441
5396.45 6.1434
5396.50 6.1428
5396.55 6.1421
5396.60 6.1414
5396.65 6.1407
5396.70 6.1400
5396.75 6.1393
5396.80 6.1386
5396.85 6.1379
5396.90 6.1372
5396.95 6.1365
5397.00 6.1358
5397.05 6.1351
5397.10 6.1344
5397.15 6.1337
5397.20 6.1330
5397.25 6.1322
5397.30 6.1315
5397.35 6.1308
5397.40 6.1301
5397.45 6.1293
5397.50 6.1286
5397.55 6.1279
5397.60 6.1271
5397.65 6.1264
5397.70 6.1257
5397.75 6.1249
5397.80 6.1242
5397.85 6.1234
5397.90 6.1227
5397.95 6.1219
5398.00 6.1211
5398.05 6.1204
5398.10 6.1196
5398.15 6.1189
5398.20 6.1181
5398.25 6.1173
5398.30 6.1165
5398.35 6.1158
5398.40 6.1150
5398.45 6.1142
5398.50 6.1134
5398.55 6.1126
5398.60 6.1119
5398.65 6.1111
5398.70 6.1103
5398.75 6.1095
5398.80 6.1087
5398.85 6.1079
5398.90 6.1071
5398.95 6.1063
5399.00 6.1055
5399.05 6.1046
5399.10 6.1038
5399.15 6.1030
5399.20 6.1022
5399.25 6.1014
5399.30 6.1006
5399.35 6.0997
5399.40 6.0989
5399.45 6.0981
5399.50 6.0972
5399.55 6.0964
5399.60 6.0956
5399.65 6.0947
5399.70 6.0939
5399.75 6.0930
5399.80 6.0922
5399.85 6.0913
5399.90 6.0905
5399.95 6.0896
5400.00 6.0888
5400.05 6.0879
5400.10 6.0870
5400.15 6.0862
5400.20 6.0853
5400.25 6.0844
5400.30 6.0836
5400.35 6.0827
5400.40 6.0818
5400.45 6.0809
5400.50 6.0801
5400.55 6.0792
5400.60 6.0783
5400.65 6.0774
5400.70 6.0765
5400.75 6.0756
5400.80 6.0747
5400.85 6.0738
5400.90 6.0729
5400.95 6.0720
5401.00 6.0711
5401.05 6.0702
5401.10 6.0693
5401.15 6.0684
5401.20 6.0675
5401.25 6.0665
5401.30 6.0656
5401.35 6.0647
5401.40 6.0638
5401.45 6.0628
5401.50 6.0619
5401.55 6.0610
5401.60 6.0601
5401.65 6.0591
5401.70 6.0582
5401.75 6.0572
5401.80 6.0563
5401.85 6.0554
5401.90 6.0544
5401.95 6.0535
5402.00 6.0525
5402.05 6.0515
5402.10 6.0506
5402.15 6.0496
5402.20 6.0487
5402.25 6.0477
5402.30 6.0467
5402.35 6.0458
5402.40 6.0448
5402.45 6.0438
5402.50 6.0429
5402.55 6.0419
5402.60 6.0409
5402.65 6.0399
5402.70 6.0389
5402.75 6.0380
5402.80 6.0370
5402.85 6.0360
5402.90 6.0350
5402.95 6.0340
5403.00 6.0330
5403.05 6.0320
5403.10 6.0310
5403.15 6.0300
5403.20 6.0290
5403.25 6.0280
5403.30 6.0270
5403.35 6.0260
5403.40 6.0249
5403.45 6.0239
5403.50 6.0229
5403.55 6.0219
5403.60 6.0209
5403.65 6.0199
5403.70 6.0188
5403.75 6.0178
5403.80 6.0168
5403.85 6.0157
5403.90 6.0147
5403.95 6.0137
5404.00 6.0126
5404.05 6.0116
5404.10 6.0105
5404.15 6.0095
5404.20 6.0085
5404.25 6.0074
5404.30 6.0064
5404.35 6.0053
5404.40 6.0043
5404.45 6.0032
5404.50 6.0021
5404.55 6.0011
5404.60 6.0000
5404.65 5.9990
5404.70 5.9979
5404.75 5.9968
5404.80 5.9958
5404.85 5.9947
5404.90 5.9936
5404.95 5.9925
5405.00 5.9915
5405.05 5.9904
5405.10 5.9893
5405.15 5.9882
5405.20 5.9871
5405.25 5.9861
5405.30 5.9850
5405.35 5.9839
5405.40 5.9828
5405.45 5.9817
5405.50 5.9806
5405.55 5.9795
5405.60 5.9784
5405.65 5.9773
5405.70 5.9762
5405.75 5.9751
5405.80 5.9740
5405.85 5.9729
5405.90 5.9718
5405.95 5.9707
5406.00 5.9696
5406.05 5.9685
5406.10 5.9673
5406.15 5.9662
5406.20 5.9651
5406.25 5.9640
5406.30 5.9629
5406.35 5.9617
5406.40 5.9606
5406.45 5.9595
5406.50 5.9584
5406.55 5.9572
5406.60 5.9561
5406.65 5.9550
5406.70 5.9539
5406.75 5.9527
5406.80 5.9516
5406.85 5.9505
5406.90 5.9493
5406.95 5.9482
5407.00 5.9470
5407.05 5.9459
5407.10 5.9448
5407.15 5.9436
5407.20 5.9425
5407.25 5.9413
5407.30 5.9402
5407.35 5.9390
5407.40 5.9379
5407.45 5.9367
5407.50 5.9356
5407.55 5.9344
5407.60 5.9333
5407.65 5.9321
5407.70 5.9310
5407.75 5.9298
5407.80 5.9287
5407.85 5.9275
5407.90 5.9263
5407.95 5.9252
5408.00 5.9240
5408.05 5.9229
5408.10 5.9217
5408.15 5.9205
5408.20 5.9194
5408.25 5.9182
5408.30 5.9170
5408.35 5.9159
5408.40 5.9147
5408.45 5.9135
5408.50 5.9124
5408.55 5.9112
5408.60 5.9100
5408.65 5.9089
5408.70 5.9077
5408.75 5.9065
5408.80 5.9053
5408.85 5.9042
5408.90 5.9030
5408.95 5.9018
5409.00 5.9006
5409.05 5.8995
5409.10 5.8983
5409.15 5.8971
5409.20 5.8959
5409.25 5.8948
5409.30 5.8936
5409.35 5.8924
5409.40 5.8912
5409.45 5.8901
5409.50 5.8889
5409.55 5.8877
5409.60 5.8865
5409.65 5.8854
5409.70 5.8842
5409.75 5.8830
5409.80 5.8818
5409.85 5.8806
5409.90 5.8795
5409.95 5.8783
5410.00 5.8771
5410.05 5.8759
5410.10 5.8748
5410.15 5.8736
5410.20 5.8724
5410.25 5.8712
5410.30 5.8701
5410.35 5.8689
5410.40 5.8677
5410.45 5.8665
5410.50 5.8654
5410.55 5.8642
5410.60 5.8630
5410.65 5.8619
5410.70 5.8607
5410.75 5.8595
5410.80 5.8583
5410.85 5.8572
5410.90 5.8560
5410.95 5.8548
5411.00 5.8537
5411.05 5.8525
5411.10 5.8513
5411.15 5.8502
5411.20 5.8490
5411.25 5.8478
5411.30 5.8467
5411.35 5.8455
5411.40 5.8444
5411.45 5.8432
5411.50 5.8420
5411.55 5.8409
5411.60 5.8397
5411.65 5.8386
5411.70 5.8374
5411.75 5.8363
5411.80 5.8351
5411.85 5.8340
5411.90 5.8328
5411.95 5.8317
5412.00 5.8305
5412.05 5.8294
5412.10 5.8283
5412.15 5.8271
5412.20 5.8260
5412.25 5.8249
5412.30 5.8237
5412.35 5.8226
5412.40 5.8215
5412.45 5.8203
5412.50 5.8192
5412.55 5.8181
5412.60 5.8170
5412.65 5.8158
5412.70 5.8147
5412.75 5.8136
5412.80 5.8125
5412.85 5.8114
5412.90 5.8103
5412.95 5.8092
5413.00 5.8081
5413.05 5.8070
5413.10 5.8059
5413.15 5.8048
5413.20 5.8037
5413.25 5.8026
5413.30 5.8015
5413.35 5.8004
5413.40 5.7993
5413.45 5.7982
5413.50 5.7971
5413.55 5.7961
5413.60 5.7950
5413.65 5.7939
5413.70 5.7928
5413.75 5.7918
5413.80 5.7907
5413.85 5.7897
5413.90 5.7886
5413.95 5.7875
5414.00 5.7865
5414.05 5.7854
5414.10 5.7844
5414.15 5.7834
5414.20 5.7823
5414.25 5.7813
5414.30 5.7803
5414.35 5.7792
5414.40 5.7782
5414.45 5.7772
5414.50 5.7762
5414.55 5.7752
5414.60 5.7741
5414.65 5.7731
5414.70 5.7721
5414.75 5.7711
5414.80 5.7701
5414.85 5.7691
5414.90 5.7682
5414.95 5.7672
5415.00 5.7662
5415.05 5.7652
5415.10 5.7643
5415.15 5.7633
5415.20 5.7623
5415.25 5.7614
5415.30 5.7604
5415.35 5.7595
5415.40 5.7585
5415.45 5.7576
5415.50 5.7566
5415.55 5.7557
5415.60 5.7548
5415.65 5.7538
5415.70 5.7529
5415.75 5.7520
5415.80 5.7511
5415.85 5.7502
5415.90 5.7493
5415.95 5.7484
5416.00 5.7475
5416.05 5.7466
5416.10 5.7457
5416.15 5.7449
5416.20 5.7440
5416.25 5.7431
5416.30 5.7423
5416.35 5.7414
5416.40 5.7405
5416.45 5.7397
5416.50 5.7389
5416.55 5.7380
5416.60 5.7372
5416.65 5.7364
5416.70 5.7355
5416.75 5.7347
5416.80 5.7339
5416.85 5.7331
5416.90 5.7323
5416.95 5.7315
5417.00 5.7307
5417.05 5.7300
5417.10 5.7292
5417.15 5.7284
5417.20 5.7276
5417.25 5.7269
5417.30 5.7261
5417.35 5.7254
5417.40 5.7246
5417.45 5.7239
5417.50 5.7232
5417.55 5.7225
5417.60 5.7217
5417.65 5.7210
5417.70 5.7203
5417.75 5.7196
5417.80 5.7189
5417.85 5.7182
5417.90 5.7176
5417.95 5.7169
5418.00 5.7162
5418.05 5.7156
5418.10 5.7149
5418.15 5.7142
5418.20 5.7136
5418.25 5.7130
5418.30 5.7123
5418.35 5.7117
5418.40 5.7111
5418.45 5.7105
5418.50 5.7099
5418.55 5.7093
5418.60 5.7087
5418.65 5.7081
5418.70 5.7075
5418.75 5.7070
5418.80 5.7064
5418.85 5.7059
5418.90 5.7053
5418.95 5.7048
5419.00 5.7042
5419.05 5.7037
5419.10 5.7032
5419.15 5.7027
5419.20 5.7022
5419.25 5.7017
5419.30 5.7012
5419.35 5.7007
5419.40 5.7002
5419.45 5.6997
5419.50 5.6993
5419.55 5.6988
5419.60 5.6984
5419.65 5.6979
5419.70 5.6975
5419.75 5.6971
5419.80 5.6966
5419.85 5.6962
5419.90 5.6958
5419.95 5.6954
5420.00 5.6950
5420.05 5.6946
5420.10 5.6943
5420.15 5.6939
5420.20 5.6935
5420.25 5.6932
5420.30 5.6928
5420.35 5.6925
5420.40 5.6922
5420.45 5.6919
5420.50 5.6915
5420.55 5.6912
5420.60 5.6909
5420.65 5.6906
5420.70 5.6904
5420.75 5.6901
5420.80 5.6898
5420.85 5.6895
5420.90 5.6893
5420.95 5.6890
5421.00 5.6888
5421.05 5.6886
5421.10 5.6884
5421.15 5.6881
5421.20 5.6879
5421.25 5.6877
5421.30 5.6875
5421.35 5.6874
5421.40 5.6872
5421.45 5.6870
5421.50 5.6869
5421.55 5.6867
5421.60 5.6866
5421.65 5.6864
5421.70 5.6863
5421.75 5.6862
5421.80 5.6861
5421.85 5.6860
5421.90 5.6859
5421.95 5.6858
5422.00 5.6857
5422.05 5.6856
5422.10 5.6856
5422.15 5.6855
5422.20 5.6855
5422.25 5.6854
5422.30 5.6854
5422.35 5.6854
5422.40 5.6854
5422.45 5.6853
