5991.50 3.7237
5991.55 3.7237
5991.60 3.7237
5991.65 3.7237
5991.70 3.7238
5991.75 3.7238
5991.80 3.7238
5991.85 3.7239
5991.90 3.7239
5991.95 3.7240
5992.00 3.7241
5992.05 3.7241
5992.10 3.7242
5992.15 3.7243
5992.20 3.7244
5992.25 3.7245
5992.30 3.7246
5992.35 3.7248
5992.40 3.7249
5992.45 3.7250
5992.50 3.7252
5992.55 3.7253
5992.60 3.7255
5992.65 3.7256
5992.70 3.7258
5992.75 3.7260
5992.80 3.7261
5992.85 3.7263
5992.90 3.7265
5992.95 3.7267
5993.00 3.7269
5993.05 3.7272
5993.10 3.7274
5993.15 3.7276
5993.20 3.7278
5993.25 3.7281
5993.30 3.7283
5993.35 3.7286
5993.40 3.7289
5993.45 3.7291
5993.50 3.7294
5993.55 3.7297
5993.60 3.7300
5993.65 3.7303
5993.70 3.7306
5993.75 3.7309
5993.80 3.7312
5993.85 3.7315
5993.90 3.7318
5993.95 3.7322
5994.00 3.7325
5994.05 3.7329
5994.10 3.7332
5994.15 3.7336
5994.20 3.7339
5994.25 3.7343
5994.30 3.7347
5994.35 3.7351
5994.40 3.7355
5994.45 3.7359
5994.50 3.7363
5994.55 3.7367
5994.60 3.7371
5994.65 3.7375
5994.70 3.7379
5994.75 3.7384
5994.80 3.7388
5994.85 3.7393
5994.90 3.7397
5994.95 3.7402
5995.00 3.7406
5995.05 3.7411
5995.10 3.7416
5995.15 3.7421
5995.20 3.7425
5995.25 3.7430
5995.30 3.7435
5995.35 3.7440
5995.40 3.7445
5995.45 3.7451
5995.50 3.7456
5995.55 3.7461
5995.60 3.7466
5995.65 3.7472
5995.70 3.7477
5995.75 3.7482
5995.80 3.7488
5995.85 3.7494
5995.90 3.7499
5995.95 3.7505
5996.00 3.7511
5996.05 3.7516
5996.10 3.7522
5996.15 3.7528
5996.20 3.7534
5996.25 3.7540
5996.30 3.7546
5996.35 3.7552
5996.40 3.7558
5996.45 3.7564
5996.50 3.7570
5996.55 3.7577
5996.60 3.7583
5996.65 3.7589
5996.70 3.7596
5996.75 3.7602
5996.80 3.7608
5996.85 3.7615
5996.90 3.7622
5996.95 3.7628
5997.00 3.7635
5997.05 3.7641
5997.10 3.7648
5997.15 3.7655
5997.20 3.7662
5997.25 3.7669
5997.30 3.7675
5997.35 3.7682
5997.40 3.7689
5997.45 3.7696
5997.50 3.7703
5997.55 3.7710
5997.60 3.7717
5997.65 3.7725
5997.70 3.7732
5997.75 3.7739
5997.80 3.7746
5997.85 3.7754
5997.90 3.7761
5997.95 3.7768
5998.00 3.7776
5998.05 3.7783
5998.10 3.7790
5998.15 3.7798
5998.20 3.7805
5998.25 3.7813
5998.30 3.7821
5998.35 3.7828
5998.40 3.7836
5998.45 3.7843
5998.50 3.7851
5998.55 3.7859
5998.60 3.7867
5998.65 3.7874
5998.70 3.7882
5998.75 3.7890
5998.80 3.7898
5998.85 3.7906
5998.90 3.7914
5998.95 3.7922
5999.00 3.7930
5999.05 3.7938
5999.10 3.7946
5999.15 3.7954
5999.20 3.7962
5999.25 3.7970
5999.30 3.7978
5999.35 3.7986
5999.40 3.7994
5999.45 3.8002
5999.50 3.8010
5999.55 3.8018
5999.60 3.8027
5999.65 3.8035
5999.70 3.8043
5999.75 3.8051
5999.80 3.8060
5999.85 3.8068
5999.90 3.8076
5999.95 3.8085
6000.00 3.8093
6000.05 3.8101
6000.10 3.8110
6000.15 3.8118
6000.20 3.8126
6000.25 3.8135
6000.30 3.8143
6000.35 3.8152
6000.40 3.8160
6000.45 3.8168
6000.50 3.8177
6000.55 3.8185
6000.60 3.8194
6000.65 3.8202
6000.70 3.8211
6000.75 3.8219
6000.80 3.8228
6000.85 3.8236
6000.90 3.8245
6000.95 3.8253
6001.00 3.8262
6001.05 3.8270
6001.10 3.8279
6001.15 3.8288
6001.20 3.8296
6001.25 3.8305
6001.30 3.8313
6001.35 3.8322
6001.40 3.8330
6001.45 3.8339
6001.50 3.8348
6001.55 3.8356
6001.60 3.8365
6001.65 3.8373
6001.70 3.8382
6001.75 3.8391
6001.80 3.8399
6001.85 3.8408
6001.90 3.8416
6001.95 3.8425
6002.00 3.8433
6002.05 3.8442
6002.10 3.8451
6002.15 3.8459
6002.20 3.8468
6002.25 3.8476
6002.30 3.8485
6002.35 3.8493
6002.40 3.8502
6002.45 3.8511
6002.50 3.8519
6002.55 3.8528
6002.60 3.8536
6002.65 3.8545
6002.70 3.8553
6002.75 3.8562
6002.80 3.8570
6002.85 3.8579
6002.90 3.8587
6002.95 3.8596
6003.00 3.8604
6003.05 3.8613
6003.10 3.8621
6003.15 3.8630
6003.20 3.8638
6003.25 3.8647
6003.30 3.8655
6003.35 3.8663
6003.40 3.8672
6003.45 3.8680
6003.50 3.8689
6003.55 3.8697
6003.60 3.8705
6003.65 3.8714
6003.70 3.8722
6003.75 3.8730
6003.80 3.8739
6003.85 3.8747
6003.90 3.8755
6003.95 3.8763
6004.00 3.8772
6004.05 3.8780
6004.10 3.8788
6004.15 3.8796
6004.20 3.8805
6004.25 3.8813
6004.30 3.8821
6004.35 3.8829
6004.40 3.8837
6004.45 3.8845
6004.50 3.8853
6004.55 3.8862
6004.60 3.8870
6004.65 3.8878
6004.70 3.8886
6004.75 3.8894
6004.80 3.8902
6004.85 3.8910
6004.90 3.8918
6004.95 3.8926
6005.00 3.8933
6005.05 3.8941
6005.10 3.8949
6005.15 3.8957
6005.20 3.8965
6005.25 3.8973
6005.30 3.8981
6005.35 3.8988
6005.40 3.8996
6005.45 3.9004
6005.50 3.9012
6005.55 3.9019
6005.60 3.9027
6005.65 3.9035
6005.70 3.9042
6005.75 3.9050
6005.80 3.9057
6005.85 3.9065
6005.90 3.9073
6005.95 3.9080
6006.00 3.9088
6006.05 3.9095
6006.10 3.9103
6006.15 3.9110
6006.20 3.9117
6006.25 3.9125
6006.30 3.9132
6006.35 3.9140
6006.40 3.9147
6006.45 3.9154
6006.50 3.9161
6006.55 3.9169
6006.60 3.9176
6006.65 3.9183
6006.70 3.9190
6006.75 3.9198
6006.80 3.9205
6006.85 3.9212
6006.90 3.9219
6006.95 3.9226
6007.00 3.9233
6007.05 3.9240
6007.10 3.9247
6007.15 3.9254
6007.20 3.9261
6007.25 3.9268
6007.30 3.9275
6007.35 3.9281
6007.40 3.9288
6007.45 3.9295
6007.50 3.9302
6007.55 3.9309
6007.60 3.9315
6007.65 3.9322
6007.70 3.9329
6007.75 3.9335
6007.80 3.9342
6007.85 3.9349
6007.90 3.9355
6007.95 3.9362
6008.00 3.9368
6008.05 3.9375
6008.10 3.9381
6008.15 3.9388
6008.20 3.9394
6008.25 3.9400
6008.30 3.9407
6008.35 3.9413
6008.40 3.9419
6008.45 3.9426
6008.50 3.9432
6008.55 3.9438
6008.60 3.9444
6008.65 3.9451
6008.70 3.9457
6008.75 3.9463
6008.80 3.9469
6008.85 3.9475
6008.90 3.9481
6008.95 3.9487
6009.00 3.9493
6009.05 3.9499
6009.10 3.9505
6009.15 3.9511
6009.20 3.9517
6009.25 3.9523
6009.30 3.9528
6009.35 3.9534
6009.40 3.9540
6009.45 3.9546
6009.50 3.9551
6009.55 3.9557
6009.60 3.9563
6009.65 3.9568
6009.70 3.9574
6009.75 3.9580
6009.80 3.9585
6009.85 3.9591
6009.90 3.9596
6009.95 3.9602
6010.00 3.9607
6010.05 3.9612
6010.10 3.9618
6010.15 3.9623
6010.20 3.9628
6010.25 3.9634
6010.30 3.9639
6010.35 3.9644
6010.40 3.9650
6010.45 3.9655
6010.50 3.9660
6010.55 3.9665
6010.60 3.9670
6010.65 3.9675
6010.70 3.9680
6010.75 3.9685
6010.80 3.9690
6010.85 3.9695
6010.90 3.9700
6010.95 3.9705
6011.00 3.9710
6011.05 3.9715
6011.10 3.9720
6011.15 3.9725
6011.20 3.9730
6011.25 3.9734
6011.30 3.9739
6011.35 3.9744
6011.40 3.9748
6011.45 3.9753
6011.50 3.9758
6011.55 3.9762
6011.60 3.9767
6011.65 3.9772
6011.70 3.9776
6011.75 3.9781
6011.80 3.9785
6011.85 3.9790
6011.90 3.9794
6011.95 3.9798
6012.00 3.9803
6012.05 3.9807
6012.10 3.9812
6012.15 3.9816
6012.20 3.9820
6012.25 3.9824
6012.30 3.9829
6012.35 3.9833
6012.40 3.9837
6012.45 3.9841
6012.50 3.9845
6012.55 3.9849
6012.60 3.9854
6012.65 3.9858
6012.70 3.9862
6012.75 3.9866
6012.80 3.9870
6012.85 3.9874
6012.90 3.9878
6012.95 3.9881
6013.00 3.9885
6013.05 3.9889
6013.10 3.9893
6013.15 3.9897
6013.20 3.9901
6013.25 3.9905
6013.30 3.9908
6013.35 3.9912
6013.40 3.9916
6013.45 3.9919
6013.50 3.9923
6013.55 3.9927
6013.60 3.9930
6013.65 3.9934
6013.70 3.9938
6013.75 3.9941
6013.80 3.9945
6013.85 3.9948
6013.90 3.9952
6013.95 3.9955
6014.00 3.9958
6014.05 3.9962
6014.10 3.9965
6014.15 3.9969
6014.20 3.9972
6014.25 3.9975
6014.30 3.9979
6014.35 3.9982
6014.40 3.9985
6014.45 3.9988
6014.50 3.9992
6014.55 3.9995
6014.60 3.9998
6014.65 4.0001
6014.70 4.0004
6014.75 4.0008
6014.80 4.0011
6014.85 4.0014
6014.90 4.0017
6014.95 4.0020
6015.00 4.0023
6015.05 4.0026
6015.10 4.0029
6015.15 4.0032
6015.20 4.0035
6015.25 4.0038
6015.30 4.0041
6015.35 4.0043
6015.40 4.0046
6015.45 4.0049
6015.50 4.0052
6015.55 4.0055
6015.60 4.0058
6015.65 4.0060
6015.70 4.0063
6015.75 4.0066
6015.80 4.0069
6015.85 4.0071
6015.90 4.0074
6015.95 4.0077
6016.00 4.0079
6016.05 4.0082
6016.10 4.0084
6016.15 4.0087
6016.20 4.0090
6016.25 4.0092
6016.30 4.0095
6016.35 4.0097
6016.40 4.0100
6016.45 4.0102
6016.50 4.0105
6016.55 4.0107
6016.60 4.0110
6016.65 4.0112
6016.70 4.0114
6016.75 4.0117
6016.80 4.0119
6016.85 4.0122
6016.90 4.0124
6016.95 4.0126
6017.00 4.0129
6017.05 4.0131
6017.10 4.0133
6017.15 4.0135
6017.20 4.0138
6017.25 4.0140
6017.30 4.0142
6017.35 4.0144
6017.40 4.0147
6017.45 4.0149
6017.50 4.0151
6017.55 4.0153
6017.60 4.0155
6017.65 4.0157
6017.70 4.0159
6017.75 4.0162
6017.80 4.0164
6017.85 4.0166
6017.90 4.0168
6017.95 4.0170
6018.00 4.0172
6018.05 4.0174
6018.10 4.0176
6018.15 4.0178
6018.20 4.0180
6018.25 4.0182
6018.30 4.0184
6018.35 4.0186
6018.40 4.0188
6018.45 4.0190
6018.50 4.0191
6018.55 4.0193
6018.60 4.0195
6018.65 4.0197
6018.70 4.0199
6018.75 4.0201
6018.80 4.0203
6018.85 4.0205
6018.90 4.0206
6018.95 4.0208
6019.00 4.0210
6019.05 4.0212
6019.10 4.0214
6019.15 4.0215
6019.20 4.0217
6019.25 4.0219
6019.30 4.0221
6019.35 4.0222
6019.40 4.0224
6019.45 4.0226
6019.50 4.0227
6019.55 4.0229
6019.60 4.0231
6019.65 4.0232
6019.70 4.0234
6019.75 4.0236
6019.80 4.0237
6019.85 4.0239
6019.90 4.0241
6019.95 4.0242
6020.00 4.0244
6020.05 4.0245
6020.10 4.0247
6020.15 4.0249
6020.20 4.0250
6020.25 4.0252
6020.30 4.0253
6020.35 4.0255
6020.40 4.0256
6020.45 4.0258
6020.50 4.0260
6020.55 4.0261
6020.60 4.0263
6020.65 4.0264
6020.70 4.0266
6020.75 4.0267
6020.80 4.0269
6020.85 4.0270
6020.90 4.0272
6020.95 4.0273
6021.00 4.0275
6021.05 4.0276
6021.10 4.0277
6021.15 4.0279
6021.20 4.0280
6021.25 4.0282
6021.30 4.0283
6021.35 4.0285
6021.40 4.0286
6021.45 4.0287
6021.50 4.0289
6021.55 4.0290
6021.60 4.0292
6021.65 4.0293
6021.70 4.0294
6021.75 4.0296
6021.80 4.0297
6021.85 4.0299
6021.90 4.0300
6021.95 4.0301
6022.00 4.0303
6022.05 4.0304
6022.10 4.0305
6022.15 4.0307
6022.20 4.0308
6022.25 4.0309
6022.30 4.0311
6022.35 4.0312
6022.40 4.0313
6022.45 4.0315
6022.50 4.0316
6022.55 4.0317
6022.60 4.0319
6022.65 4.0320
6022.70 4.0321
6022.75 4.0323
6022.80 4.0324
6022.85 4.0325
6022.90 4.0326
6022.95 4.0328
6023.00 4.0329
6023.05 4.0330
6023.10 4.0332
6023.15 4.0333
6023.20 4.0334
6023.25 4.0335
6023.30 4.0337
6023.35 4.0338
6023.40 4.0339
6023.45 4.0340
6023.50 4.0342
6023.55 4.0343
6023.60 4.0344
6023.65 4.0345
6023.70 4.0347
6023.75 4.0348
6023.80 4.0349
6023.85 4.0350
6023.90 4.0352
6023.95 4.0353
6024.00 4.0354
6024.05 4.0355
6024.10 4.0356
6024.15 4.0358
6024.20 4.0359
6024.25 4.0360
6024.30 4.0361
6024.35 4.0363
6024.40 4.0364
6024.45 4.0365
6024.50 4.0366
6024.55 4.0367
6024.60 4.0369
6024.65 4.0370
6024.70 4.0371
6024.75 4.0372
6024.80 4.0373
6024.85 4.0375
6024.90 4.0376
6024.95 4.0377
6025.00 4.0378
6025.05 4.0379
6025.10 4.0381
6025.15 4.0382
6025.20 4.0383
6025.25 4.0384
6025.30 4.0385
6025.35 4.0387
6025.40 4.0388
6025.45 4.0389
6025.50 4.0390
6025.55 4.0391
6025.60 4.0392
6025.65 4.0394
6025.70 4.0395
6025.75 4.0396
6025.80 4.0397
6025.85 4.0398
6025.90 4.0399
6025.95 4.0401
6026.00 4.0402
6026.05 4.0403
6026.10 4.0404
6026.15 4.0405
6026.20 4.0406
6026.25 4.0408
6026.30 4.0409
6026.35 4.0410
6026.40 4.0411
6026.45 4.0412
6026.50 4.0413
6026.55 4.0414
6026.60 4.0416
6026.65 4.0417
6026.70 4.0418
6026.75 4.0419
6026.80 4.0420
6026.85 4.0421
6026.90 4.0423
6026.95 4.0424
6027.00 4.0425
6027.05 4.0426
6027.10 4.0427
6027.15 4.0428
6027.20 4.0429
6027.25 4.0431
6027.30 4.0432
6027.35 4.0433
6027.40 4.0434
6027.45 4.0435
6027.50 4.0436
6027.55 4.0437
6027.60 4.0438
6027.65 4.0440
6027.70 4.0441
6027.75 4.0442
6027.80 4.0443
6027.85 4.0444
6027.90 4.0445
6027.95 4.0446
6028.00 4.0447
6028.05 4.0449
6028.10 4.0450
6028.15 4.0451
6028.20 4.0452
6028.25 4.0453
6028.30 4.0454
6028.35 4.0455
6028.40 4.0456
6028.45 4.0458
6028.50 4.0459
6028.55 4.0460
6028.60 4.0461
6028.65 4.0462
6028.70 4.0463
6028.75 4.0464
6028.80 4.0465
6028.85 4.0466
6028.90 4.0467
6028.95 4.0469
6029.00 4.0470
6029.05 4.0471
6029.10 4.0472
6029.15 4.0473
6029.20 4.0474
6029.25 4.0475
6029.30 4.0476
6029.35 4.0477
6029.40 4.0478
6029.45 4.0480
6029.50 4.0481
6029.55 4.0482
6029.60 4.0483
6029.65 4.0484
6029.70 4.0485
6029.75 4.0486
6029.80 4.0487
6029.85 4.0488
6029.90 4.0489
6029.95 4.0490
6030.00 4.0492
6030.05 4.0493
6030.10 4.0494
6030.15 4.0495
6030.20 4.0496
6030.25 4.0497
6030.30 4.0498
6030.35 4.0499
6030.40 4.0500
6030.45 4.0501
6030.50 4.0502
6030.55 4.0503
6030.60 4.0504
6030.65 4.0505
6030.70 4.0507
6030.75 4.0508
6030.80 4.0509
6030.85 4.0510
6030.90 4.0511
6030.95 4.0512
6031.00 4.0513
6031.05 4.0514
6031.10 4.0515
6031.15 4.0516
6031.20 4.0517
6031.25 4.0518
6031.30 4.0519
6031.35 4.0520
6031.40 4.0521
6031.45 4.0522
6031.50 4.0523
6031.55 4.0524
6031.60 4.0525
6031.65 4.0527
6031.70 4.0528
6031.75 4.0529
6031.80 4.0530
6031.85 4.0531
6031.90 4.0532
6031.95 4.0533
6032.00 4.0534
6032.05 4.0535
6032.10 4.0536
6032.15 4.0537
6032.20 4.0538
6032.25 4.0539
6032.30 4.0540
6032.35 4.0541
6032.40 4.0542
6032.45 4.0543
6032.50 4.0544
6032.55 4.0545
6032.60 4.0546
6032.65 4.0547
6032.70 4.0548
6032.75 4.0549
6032.80 4.0550
6032.85 4.0551
6032.90 4.0552
6032.95 4.0553
6033.00 4.0554
6033.05 4.0555
6033.10 4.0556
6033.15 4.0557
6033.20 4.0558
6033.25 4.0559
6033.30 4.0560
6033.35 4.0561
6033.40 4.0562
6033.45 4.0563
6033.50 4.0564
6033.55 4.0565
6033.60 4.0566
6033.65 4.0567
6033.70 4.0568
6033.75 4.0569
6033.80 4.0570
6033.85 4.0571
6033.90 4.0572
6033.95 4.0573
6034.00 4.0574
6034.05 4.0575
6034.10 4.0576
6034.15 4.0577
6034.20 4.0578
6034.25 4.0579
6034.30 4.0580
6034.35 4.0581
6034.40 4.0582
6034.45 4.0583
6034.50 4.0584
6034.55 4.0585
6034.60 4.0586
6034.65 4.0587
6034.70 4.0588
6034.75 4.0589
6034.80 4.0590
6034.85 4.0591
6034.90 4.0592
6034.95 4.0593
6035.00 4.0594
6035.05 4.0595
6035.10 4.0596
6035.15 4.0597
6035.20 4.0598
6035.25 4.0599
6035.30 4.0600
6035.35 4.0601
6035.40 4.0602
6035.45 4.0603
6035.50 4.0604
6035.55 4.0605
6035.60 4.0606
6035.65 4.0607
6035.70 4.0608
6035.75 4.0608
6035.80 4.0609
6035.85 4.0610
6035.90 4.0611
6035.95 4.0612
6036.00 4.0613
6036.05 4.0614
6036.10 4.0615
6036.15 4.0616
6036.20 4.0617
6036.25 4.0618
6036.30 4.0619
6036.35 4.0620
6036.40 4.0621
6036.45 4.0622
6036.50 4.0623
6036.55 4.0624
6036.60 4.0625
6036.65 4.0625
6036.70 4.0626
6036.75 4.0627
6036.80 4.0628
6036.85 4.0629
6036.90 4.0630
6036.95 4.0631
6037.00 4.0632
6037.05 4.0633
6037.10 4.0634
6037.15 4.0635
6037.20 4.0636
6037.25 4.0636
6037.30 4.0637
6037.35 4.0638
6037.40 4.0639
6037.45 4.0640
6037.50 4.0641
6037.55 4.0642
6037.60 4.0643
6037.65 4.0644
6037.70 4.0645
6037.75 4.0646
6037.80 4.0646
6037.85 4.0647
6037.90 4.0648
6037.95 4.0649
6038.00 4.0650
6038.05 4.0651
6038.10 4.0652
6038.15 4.0653
6038.20 4.0653
6038.25 4.0654
6038.30 4.0655
6038.35 4.0656
6038.40 4.0657
6038.45 4.0658
6038.50 4.0659
6038.55 4.0660
6038.60 4.0660
6038.65 4.0661
6038.70 4.0662
6038.75 4.0663
6038.80 4.0664
6038.85 4.0665
6038.90 4.0666
6038.95 4.0666
6039.00 4.0667
6039.05 4.0668
6039.10 4.0669
6039.15 4.0670
6039.20 4.0671
6039.25 4.0671
6039.30 4.0672
6039.35 4.0673
6039.40 4.0674
6039.45 4.0675
6039.50 4.0675
6039.55 4.0676
6039.60 4.0677
6039.65 4.0678
6039.70 4.0679
6039.75 4.0679
6039.80 4.0680
6039.85 4.0681
6039.90 4.0682
6039.95 4.0683
6040.00 4.0683
6040.05 4.0684
6040.10 4.0685
6040.15 4.0686
6040.20 4.0687
6040.25 4.0687
6040.30 4.0688
6040.35 4.0689
6040.40 4.0690
6040.45 4.0690
6040.50 4.0691
6040.55 4.0692
6040.60 4.0693
6040.65 4.0693
6040.70 4.0694
6040.75 4.0695
6040.80 4.0695
6040.85 4.0696
6040.90 4.0697
6040.95 4.0698
6041.00 4.0698
6041.05 4.0699
6041.10 4.0700
6041.15 4.0700
6041.20 4.0701
6041.25 4.0702
6041.30 4.0702
6041.35 4.0703
6041.40 4.0704
6041.45 4.0704
6041.50 4.0705
6041.55 4.0706
6041.60 4.0706
6041.65 4.0707
6041.70 4.0708
6041.75 4.0708
6041.80 4.0709
6041.85 4.0710
6041.90 4.0710
6041.95 4.0711
6042.00 4.0711
6042.05 4.0712
6042.10 4.0713
6042.15 4.0713
6042.20 4.0714
6042.25 4.0714
6042.30 4.0715
6042.35 4.0716
6042.40 4.0716
6042.45 4.0717
6042.50 4.0717
6042.55 4.0718
6042.60 4.0718
6042.65 4.0719
6042.70 4.0720
6042.75 4.0720
6042.80 4.0721
6042.85 4.0721
6042.90 4.0722
6042.95 4.0722
6043.00 4.0723
6043.05 4.0723
6043.10 4.0724
6043.15 4.0724
6043.20 4.0725
6043.25 4.0725
6043.30 4.0726
6043.35 4.0726
6043.40 4.0726
6043.45 4.0727
6043.50 4.0727
6043.55 4.0728
6043.60 4.0728
6043.65 4.0729
6043.70 4.0729
6043.75 4.0730
6043.80 4.0730
6043.85 4.0730
6043.90 4.0731
6043.95 4.0731
6044.00 4.0731
6044.05 4.0732
6044.10 4.0732
6044.15 4.0733
6044.20 4.0733
6044.25 4.0733
6044.30 4.0734
6044.35 4.0734
6044.40 4.0734
6044.45 4.0735
6044.50 4.0735
6044.55 4.0735
6044.60 4.0736
6044.65 4.0736
6044.70 4.0736
6044.75 4.0736
6044.80 4.0737
6044.85 4.0737
6044.90 4.0737
6044.95 4.0737
6045.00 4.0738
6045.05 4.0738
6045.10 4.0738
6045.15 4.0738
6045.20 4.0739
6045.25 4.0739
6045.30 4.0739
6045.35 4.0739
6045.40 4.0739
6045.45 4.0739
6045.50 4.0740
6045.55 4.0740
6045.60 4.0740
6045.65 4.0740
6045.70 4.0740
6045.75 4.0740
6045.80 4.0740
6045.85 4.0741
6045.90 4.0741
6045.95 4.0741
6046.00 4.0741
6046.05 4.0741
6046.10 4.0741
6046.15 4.0741
6046.20 4.0741
6046.25 4.0741
6046.30 4.0741
6046.35 4.0741
6046.40 4.0741
6046.45 4.0741
6046.50 4.0741
6046.55 4.0741
6046.60 4.0741
6046.65 4.0741
6046.70 4.0741
6046.75 4.0741
6046.80 4.0741
6046.85 4.0741
6046.90 4.0741
6046.95 4.0741
6047.00 4.0741
6047.05 4.0741
6047.10 4.0741
6047.15 4.0741
6047.20 4.0741
6047.25 4.0741
6047.30 4.0740
6047.35 4.0740
6047.40 4.0740
6047.45 4.0740
6047.50 4.0740
6047.55 4.0740
6047.60 4.0740
6047.65 4.0739
6047.70 4.0739
6047.75 4.0739
6047.80 4.0739
6047.85 4.0739
6047.90 4.0739
6047.95 4.0738
6048.00 4.0738
6048.05 4.0738
6048.10 4.0738
6048.15 4.0737
6048.20 4.0737
6048.25 4.0737
6048.30 4.0737
6048.35 4.0736
6048.40 4.0736
6048.45 4.0736
6048.50 4.0736
6048.55 4.0735
6048.60 4.0735
6048.65 4.0735
6048.70 4.0734
6048.75 4.0734
6048.80 4.0734
6048.85 4.0733
6048.90 4.0733
6048.95 4.0733
6049.00 4.0732
6049.05 4.0732
6049.10 4.0732
6049.15 4.0731
6049.20 4.0731
6049.25 4.0730
6049.30 4.0730
6049.35 4.0730
6049.40 4.0729
6049.45 4.0729
6049.50 4.0728
6049.55 4.0728
6049.60 4.0728
6049.65 4.0727
6049.70 4.0727
6049.75 4.0726
6049.80 4.0726
6049.85 4.0725
6049.90 4.0725
6049.95 4.0724
6050.00 4.0724
6050.05 4.0723
6050.10 4.0723
6050.15 4.0722
6050.20 4.0722
6050.25 4.0721
6050.30 4.0721
6050.35 4.0720
6050.40 4.0720
6050.45 4.0719
6050.50 4.0719
6050.55 4.0718
6050.60 4.0718
6050.65 4.0717
6050.70 4.0717
6050.75 4.0716
6050.80 4.0715
6050.85 4.0715
6050.90 4.0714
6050.95 4.0714
6051.00 4.0713
6051.05 4.0712
6051.10 4.0712
6051.15 4.0711
6051.20 4.0711
6051.25 4.0710
6051.30 4.0710
6051.35 4.0709
6051.40 4.0708
6051.45 4.0708
6051.50 4.0707
6051.55 4.0706
6051.60 4.0706
6051.65 4.0705
6051.70 4.0705
6051.75 4.0704
6051.80 4.0703
6051.85 4.0703
6051.90 4.0702
6051.95 4.0701
6052.00 4.0701
6052.05 4.0700
6052.10 4.0699
6052.15 4.0699
6052.20 4.0698
6052.25 4.0697
6052.30 4.0697
6052.35 4.0696
6052.40 4.0695
6052.45 4.0695
6052.50 4.0694
6052.55 4.0693
6052.60 4.0692
6052.65 4.0692
6052.70 4.0691
6052.75 4.0690
6052.80 4.0690
6052.85 4.0689
6052.90 4.0688
6052.95 4.0688
6053.00 4.0687
6053.05 4.0686
6053.10 4.0685
6053.15 4.0685
6053.20 4.0684
6053.25 4.0683
6053.30 4.0683
6053.35 4.0682
6053.40 4.0681
6053.45 4.0680
6053.50 4.0680
6053.55 4.0679
6053.60 4.0678
6053.65 4.0678
6053.70 4.0677
6053.75 4.0676
6053.80 4.0675
6053.85 4.0675
6053.90 4.0674
6053.95 4.0673
6054.00 4.0672
6054.05 4.0672
6054.10 4.0671
6054.15 4.0670
6054.20 4.0670
6054.25 4.0669
6054.30 4.0668
6054.35 4.0667
6054.40 4.0667
6054.45 4.0666
6054.50 4.0665
6054.55 4.0664
6054.60 4.0664
6054.65 4.0663
6054.70 4.0662
6054.75 4.0661
6054.80 4.0661
6054.85 4.0660
6054.90 4.0659
6054.95 4.0659
6055.00 4.0658
6055.05 4.0657
6055.10 4.0656
6055.15 4.0656
6055.20 4.0655
6055.25 4.0654
6055.30 4.0653
6055.35 4.0653
6055.40 4.0652
6055.45 4.0651
6055.50 4.0650
6055.55 4.0650
6055.60 4.0649
6055.65 4.0648
6055.70 4.0648
6055.75 4.0647
6055.80 4.0646
6055.85 4.0645
6055.90 4.0645
6055.95 4.0644
6056.00 4.0643
6056.05 4.0642
6056.10 4.0642
6056.15 4.0641
6056.20 4.0640
6056.25 4.0639
6056.30 4.0639
6056.35 4.0638
6056.40 4.0637
6056.45 4.0637
6056.50 4.0636
6056.55 4.0635
6056.60 4.0634
6056.65 4.0634
6056.70 4.0633
6056.75 4.0632
6056.80 4.0632
6056.85 4.0631
6056.90 4.0630
6056.95 4.0629
6057.00 4.0629
6057.05 4.0628
6057.10 4.0627
6057.15 4.0627
6057.20 4.0626
6057.25 4.0625
6057.30 4.0624
6057.35 4.0624
6057.40 4.0623
6057.45 4.0622
6057.50 4.0622
6057.55 4.0621
6057.60 4.0620
6057.65 4.0619
6057.70 4.0619
6057.75 4.0618
6057.80 4.0617
6057.85 4.0617
6057.90 4.0616
6057.95 4.0615
6058.00 4.0614
6058.05 4.0614
6058.10 4.0613
6058.15 4.0612
6058.20 4.0612
6058.25 4.0611
6058.30 4.0610
6058.35 4.0610
6058.40 4.0609
6058.45 4.0608
6058.50 4.0607
6058.55 4.0607
6058.60 4.0606
6058.65 4.0605
6058.70 4.0605
6058.75 4.0604
6058.80 4.0603
6058.85 4.0603
6058.90 4.0602
6058.95 4.0601
6059.00 4.0600
6059.05 4.0600
6059.10 4.0599
6059.15 4.0598
6059.20 4.0598
6059.25 4.0597
6059.30 4.0596
6059.35 4.0596
6059.40 4.0595
6059.45 4.0594
6059.50 4.0593
6059.55 4.0593
6059.60 4.0592
6059.65 4.0591
6059.70 4.0591
6059.75 4.0590
6059.80 4.0589
6059.85 4.0589
6059.90 4.0588
6059.95 4.0587
6060.00 4.0586
6060.05 4.0586
6060.10 4.0585
6060.15 4.0584
6060.20 4.0584
6060.25 4.0583
6060.30 4.0582
6060.35 4.0581
6060.40 4.0581
6060.45 4.0580
6060.50 4.0579
6060.55 4.0579
6060.60 4.0578
6060.65 4.0577
6060.70 4.0577
6060.75 4.0576
6060.80 4.0575
6060.85 4.0574
6060.90 4.0574
6060.95 4.0573
6061.00 4.0572
6061.05 4.0572
6061.10 4.0571
6061.15 4.0570
6061.20 4.0569
6061.25 4.0569
6061.30 4.0568
6061.35 4.0567
6061.40 4.0567
6061.45 4.0566
6061.50 4.0565
6061.55 4.0564
6061.60 4.0564
6061.65 4.0563
6061.70 4.0562
6061.75 4.0562
6061.80 4.0561
6061.85 4.0560
6061.90 4.0559
6061.95 4.0559
6062.00 4.0558
6062.05 4.0557
6062.10 4.0556
6062.15 4.0556
6062.20 4.0555
6062.25 4.0554
6062.30 4.0554
6062.35 4.0553
6062.40 4.0552
6062.45 4.0551
6062.50 4.0551
6062.55 4.0550
6062.60 4.0549
6062.65 4.0548
6062.70 4.0548
6062.75 4.0547
6062.80 4.0546
6062.85 4.0545
6062.90 4.0545
6062.95 4.0544
6063.00 4.0543
6063.05 4.0542
6063.10 4.0542
6063.15 4.0541
6063.20 4.0540
6063.25 4.0540
6063.30 4.0539
6063.35 4.0538
6063.40 4.0537
6063.45 4.0537
6063.50 4.0536
6063.55 4.0535
6063.60 4.0534
6063.65 4.0534
6063.70 4.0533
6063.75 4.0532
6063.80 4.0531
6063.85 4.0531
6063.90 4.0530
6063.95 4.0529
6064.00 4.0528
6064.05 4.0528
6064.10 4.0527
6064.15 4.0526
6064.20 4.0525
6064.25 4.0525
6064.30 4.0524
6064.35 4.0523
6064.40 4.0522
6064.45 4.0522
6064.50 4.0521
6064.55 4.0520
6064.60 4.0519
6064.65 4.0519
6064.70 4.0518
6064.75 4.0517
6064.80 4.0516
6064.85 4.0516
6064.90 4.0515
6064.95 4.0514
6065.00 4.0513
6065.05 4.0513
6065.10 4.0512
6065.15 4.0511
6065.20 4.0510
6065.25 4.0510
6065.30 4.0509
6065.35 4.0508
6065.40 4.0507
6065.45 4.0507
6065.50 4.0506
6065.55 4.0505
6065.60 4.0504
6065.65 4.0504
6065.70 4.0503
6065.75 4.0502
6065.80 4.0501
6065.85 4.0501
6065.90 4.0500
6065.95 4.0499
6066.00 4.0498
6066.05 4.0498
6066.10 4.0497
6066.15 4.0496
6066.20 4.0495
6066.25 4.0495
6066.30 4.0494
6066.35 4.0493
6066.40 4.0493
6066.45 4.0492
6066.50 4.0491
6066.55 4.0490
6066.60 4.0490
6066.65 4.0489
6066.70 4.0488
6066.75 4.0487
6066.80 4.0487
6066.85 4.0486
6066.90 4.0485
6066.95 4.0485
6067.00 4.0484
6067.05 4.0483
6067.10 4.0482
6067.15 4.0482
6067.20 4.0481
6067.25 4.0480
6067.30 4.0480
6067.35 4.0479
6067.40 4.0478
6067.45 4.0478
6067.50 4.0477
6067.55 4.0476
6067.60 4.0475
6067.65 4.0475
6067.70 4.0474
6067.75 4.0473
6067.80 4.0473
6067.85 4.0472
6067.90 4.0471
6067.95 4.0471
6068.00 4.0470
6068.05 4.0469
6068.10 4.0469
6068.15 4.0468
6068.20 4.0467
6068.25 4.0467
6068.30 4.0466
6068.35 4.0465
6068.40 4.0465
6068.45 4.0464
6068.50 4.0463
6068.55 4.0463
6068.60 4.0462
6068.65 4.0461
6068.70 4.0461
6068.75 4.0460
6068.80 4.0459
6068.85 4.0459
6068.90 4.0458
6068.95 4.0457
6069.00 4.0457
6069.05 4.0456
6069.10 4.0455
6069.15 4.0455
6069.20 4.0454
6069.25 4.0453
6069.30 4.0453
6069.35 4.0452
6069.40 4.0452
6069.45 4.0451
6069.50 4.0450
6069.55 4.0450
6069.60 4.0449
6069.65 4.0448
6069.70 4.0448
6069.75 4.0447
6069.80 4.0447
6069.85 4.0446
6069.90 4.0445
6069.95 4.0445
6070.00 4.0444
6070.05 4.0443
6070.10 4.0443
6070.15 4.0442
6070.20 4.0442
6070.25 4.0441
6070.30 4.0440
6070.35 4.0440
6070.40 4.0439
6070.45 4.0439
6070.50 4.0438
6070.55 4.0437
6070.60 4.0437
6070.65 4.0436
6070.70 4.0436
6070.75 4.0435
6070.80 4.0434
6070.85 4.0434
6070.90 4.0433
6070.95 4.0433
6071.00 4.0432
6071.05 4.0432
6071.10 4.0431
6071.15 4.0430
6071.20 4.0430
6071.25 4.0429
6071.30 4.0429
6071.35 4.0428
6071.40 4.0427
6071.45 4.0427
6071.50 4.0426
6071.55 4.0426
6071.60 4.0425
6071.65 4.0425
6071.70 4.0424
6071.75 4.0423
6071.80 4.0423
6071.85 4.0422
6071.90 4.0422
6071.95 4.0421
6072.00 4.0420
6072.05 4.0420
6072.10 4.0419
6072.15 4.0419
6072.20 4.0418
6072.25 4.0418
6072.30 4.0417
6072.35 4.0416
6072.40 4.0416
6072.45 4.0415
6072.50 4.0415
6072.55 4.0414
6072.60 4.0414
6072.65 4.0413
6072.70 4.0412
6072.75 4.0412
6072.80 4.0411
6072.85 4.0411
6072.90 4.0410
6072.95 4.0409
6073.00 4.0409
6073.05 4.0408
6073.10 4.0408
6073.15 4.0407
6073.20 4.0406
6073.25 4.0406
6073.30 4.0405
6073.35 4.0405
6073.40 4.0404
6073.45 4.0403
6073.50 4.0403
6073.55 4.0402
6073.60 4.0402
6073.65 4.0401
6073.70 4.0400
6073.75 4.0400
6073.80 4.0399
6073.85 4.0399
6073.90 4.0398
6073.95 4.0397
6074.00 4.0397
6074.05 4.0396
6074.10 4.0395
6074.15 4.0395
6074.20 4.0394
6074.25 4.0394
6074.30 4.0393
6074.35 4.0392
6074.40 4.0392
6074.45 4.0391
6074.50 4.0390
6074.55 4.0390
6074.60 4.0389
6074.65 4.0388
6074.70 4.0388
6074.75 4.0387
6074.80 4.0386
6074.85 4.0386
6074.90 4.0385
6074.95 4.0384
6075.00 4.0384
6075.05 4.0383
6075.10 4.0382
6075.15 4.0382
6075.20 4.0381
6075.25 4.0380
6075.30 4.0380
6075.35 4.0379
6075.40 4.0378
6075.45 4.0377
6075.50 4.0377
6075.55 4.0376
6075.60 4.0375
6075.65 4.0375
6075.70 4.0374
6075.75 4.0373
6075.80 4.0372
6075.85 4.0372
6075.90 4.0371
6075.95 4.0370
6076.00 4.0369
6076.05 4.0369
6076.10 4.0368
6076.15 4.0367
6076.20 4.0366
6076.25 4.0366
6076.30 4.0365
6076.35 4.0364
6076.40 4.0363
6076.45 4.0363
6076.50 4.0362
6076.55 4.0361
6076.60 4.0360
6076.65 4.0359
6076.70 4.0359
6076.75 4.0358
6076.80 4.0357
6076.85 4.0356
6076.90 4.0355
6076.95 4.0355
6077.00 4.0354
6077.05 4.0353
6077.10 4.0352
6077.15 4.0351
6077.20 4.0350
6077.25 4.0350
6077.30 4.0349
6077.35 4.0348
6077.40 4.0347
6077.45 4.0346
6077.50 4.0345
6077.55 4.0345
6077.60 4.0344
6077.65 4.0343
6077.70 4.0342
6077.75 4.0341
6077.80 4.0340
6077.85 4.0339
6077.90 4.0339
6077.95 4.0338
6078.00 4.0337
6078.05 4.0336
6078.10 4.0335
6078.15 4.0334
6078.20 4.0333
6078.25 4.0332
6078.30 4.0331
6078.35 4.0330
6078.40 4.0330
6078.45 4.0329
6078.50 4.0328
6078.55 4.0327
6078.60 4.0326
6078.65 4.0325
6078.70 4.0324
6078.75 4.0323
6078.80 4.0322
6078.85 4.0321
6078.90 4.0320
6078.95 4.0319
6079.00 4.0318
6079.05 4.0318
6079.10 4.0317
6079.15 4.0316
6079.20 4.0315
6079.25 4.0314
6079.30 4.0313
6079.35 4.0312
6079.40 4.0311
6079.45 4.0310
6079.50 4.0309
6079.55 4.0308
6079.60 4.0307
6079.65 4.0306
6079.70 4.0305
6079.75 4.0304
6079.80 4.0303
6079.85 4.0302
6079.90 4.0301
6079.95 4.0300
6080.00 4.0299
6080.05 4.0299
6080.10 4.0298
6080.15 4.0297
6080.20 4.0296
6080.25 4.0295
6080.30 4.0294
6080.35 4.0293
6080.40 4.0292
6080.45 4.0291
6080.50 4.0290
6080.55 4.0289
6080.60 4.0288
6080.65 4.0287
6080.70 4.0286
6080.75 4.0285
6080.80 4.0284
6080.85 4.0283
6080.90 4.0282
6080.95 4.0281
6081.00 4.0280
6081.05 4.0279
6081.10 4.0278
6081.15 4.0277
6081.20 4.0276
6081.25 4.0276
6081.30 4.0275
6081.35 4.0274
6081.40 4.0273
6081.45 4.0272
6081.50 4.0271
6081.55 4.0270
6081.60 4.0269
6081.65 4.0268
6081.70 4.0267
6081.75 4.0266
6081.80 4.0265
6081.85 4.0264
6081.90 4.0263
6081.95 4.0263
6082.00 4.0262
6082.05 4.0261
6082.10 4.0260
6082.15 4.0259
6082.20 4.0258
6082.25 4.0257
6082.30 4.0256
6082.35 4.0255
6082.40 4.0254
6082.45 4.0254
6082.50 4.0253
6082.55 4.0252
6082.60 4.0251
6082.65 4.0250
6082.70 4.0249
6082.75 4.0248
6082.80 4.0248
6082.85 4.0247
6082.90 4.0246
6082.95 4.0245
6083.00 4.0244
6083.05 4.0243
6083.10 4.0243
6083.15 4.0242
6083.20 4.0241
6083.25 4.0240
6083.30 4.0239
6083.35 4.0239
6083.40 4.0238
6083.45 4.0237
6083.50 4.0236
6083.55 4.0235
6083.60 4.0235
6083.65 4.0234
6083.70 4.0233
6083.75 4.0232
6083.80 4.0232
6083.85 4.0231
6083.90 4.0230
6083.95 4.0229
6084.00 4.0229
6084.05 4.0228
6084.10 4.0227
6084.15 4.0227
6084.20 4.0226
6084.25 4.0225
6084.30 4.0224
6084.35 4.0224
6084.40 4.0223
6084.45 4.0222
6084.50 4.0222
6084.55 4.0221
6084.60 4.0220
6084.65 4.0220
6084.70 4.0219
6084.75 4.0219
6084.80 4.0218
6084.85 4.0217
6084.90 4.0217
6084.95 4.0216
6085.00 4.0215
6085.05 4.0215
6085.10 4.0214
6085.15 4.0214
6085.20 4.0213
6085.25 4.0213
6085.30 4.0212
6085.35 4.0211
6085.40 4.0211
6085.45 4.0210
6085.50 4.0210
6085.55 4.0209
6085.60 4.0209
6085.65 4.0208
6085.70 4.0208
6085.75 4.0207
6085.80 4.0207
6085.85 4.0206
6085.90 4.0206
6085.95 4.0205
6086.00 4.0205
6086.05 4.0204
6086.10 4.0204
6086.15 4.0203
6086.20 4.0203
6086.25 4.0203
6086.30 4.0202
6086.35 4.0202
6086.40 4.0201
6086.45 4.0201
6086.50 4.0201
6086.55 4.0200
6086.60 4.0200
6086.65 4.0199
6086.70 4.0199
6086.75 4.0199
6086.80 4.0198
6086.85 4.0198
6086.90 4.0198
6086.95 4.0197
6087.00 4.0197
6087.05 4.0197
6087.10 4.0196
6087.15 4.0196
6087.20 4.0196
6087.25 4.0195
6087.30 4.0195
6087.35 4.0195
6087.40 4.0194
6087.45 4.0194
6087.50 4.0194
6087.55 4.0193
6087.60 4.0193
6087.65 4.0193
6087.70 4.0193
6087.75 4.0192
6087.80 4.0192
6087.85 4.0192
6087.90 4.0192
6087.95 4.0191
6088.00 4.0191
6088.05 4.0191
6088.10 4.0191
6088.15 4.0190
6088.20 4.0190
6088.25 4.0190
6088.30 4.0190
6088.35 4.0190
6088.40 4.0189
6088.45 4.0189
6088.50 4.0189
6088.55 4.0189
6088.60 4.0189
6088.65 4.0188
6088.70 4.0188
6088.75 4.0188
6088.80 4.0188
6088.85 4.0188
6088.90 4.0188
6088.95 4.0187
6089.00 4.0187
6089.05 4.0187
6089.10 4.0187
6089.15 4.0187
6089.20 4.0187
6089.25 4.0186
6089.30 4.0186
6089.35 4.0186
6089.40 4.0186
6089.45 4.0186
6089.50 4.0186
6089.55 4.0186
6089.60 4.0185
6089.65 4.0185
6089.70 4.0185
6089.75 4.0185
6089.80 4.0185
6089.85 4.0185
6089.90 4.0185
6089.95 4.0184
6090.00 4.0184
6090.05 4.0184
6090.10 4.0184
6090.15 4.0184
6090.20 4.0184
6090.25 4.0184
6090.30 4.0184
6090.35 4.0183
6090.40 4.0183
6090.45 4.0183
6090.50 4.0183
6090.55 4.0183
6090.60 4.0183
6090.65 4.0183
6090.70 4.0183
6090.75 4.0182
6090.80 4.0182
6090.85 4.0182
6090.90 4.0182
6090.95 4.0182
6091.00 4.0182
6091.05 4.0182
6091.10 4.0182
6091.15 4.0181
6091.20 4.0181
6091.25 4.0181
6091.30 4.0181
6091.35 4.0181
6091.40 4.0181
6091.45 4.0181
6091.50 4.0180
6091.55 4.0180
6091.60 4.0180
6091.65 4.0180
6091.70 4.0180
6091.75 4.0180
6091.80 4.0179
6091.85 4.0179
6091.90 4.0179
6091.95 4.0179
6092.00 4.0179
6092.05 4.0179
6092.10 4.0178
6092.15 4.0178
6092.20 4.0178
6092.25 4.0178
6092.30 4.0178
6092.35 4.0178
6092.40 4.0177
6092.45 4.0177
6092.50 4.0177
6092.55 4.0177
6092.60 4.0177
6092.65 4.0176
6092.70 4.0176
6092.75 4.0176
6092.80 4.0176
6092.85 4.0175
6092.90 4.0175
6092.95 4.0175
6093.00 4.0175
6093.05 4.0175
6093.10 4.0174
6093.15 4.0174
6093.20 4.0174
6093.25 4.0174
6093.30 4.0173
6093.35 4.0173
6093.40 4.0173
6093.45 4.0172
6093.50 4.0172
6093.55 4.0172
6093.60 4.0172
6093.65 4.0171
6093.70 4.0171
6093.75 4.0171
6093.80 4.0170
6093.85 4.0170
6093.90 4.0170
6093.95 4.0170
6094.00 4.0169
6094.05 4.0169
6094.10 4.0169
6094.15 4.0168
6094.20 4.0168
6094.25 4.0168
6094.30 4.0167
6094.35 4.0167
6094.40 4.0167
6094.45 4.0166
6094.50 4.0166
6094.55 4.0165
6094.60 4.0165
6094.65 4.0165
6094.70 4.0164
6094.75 4.0164
6094.80 4.0164
6094.85 4.0163
6094.90 4.0163
6094.95 4.0162
6095.00 4.0162
6095.05 4.0162
6095.10 4.0161
6095.15 4.0161
6095.20 4.0160
6095.25 4.0160
6095.30 4.0160
6095.35 4.0159
6095.40 4.0159
6095.45 4.0158
6095.50 4.0158
6095.55 4.0157
6095.60 4.0157
6095.65 4.0157
6095.70 4.0156
6095.75 4.0156
6095.80 4.0155
6095.85 4.0155
6095.90 4.0154
6095.95 4.0154
6096.00 4.0153
6096.05 4.0153
6096.10 4.0152
6096.15 4.0152
6096.20 4.0151
6096.25 4.0151
6096.30 4.0151
6096.35 4.0150
6096.40 4.0150
6096.45 4.0149
6096.50 4.0149
6096.55 4.0148
6096.60 4.0148
6096.65 4.0147
6096.70 4.0147
6096.75 4.0146
6096.80 4.0146
6096.85 4.0145
6096.90 4.0145
6096.95 4.0144
6097.00 4.0144
6097.05 4.0143
6097.10 4.0142
6097.15 4.0142
6097.20 4.0141
6097.25 4.0141
6097.30 4.0140
6097.35 4.0140
6097.40 4.0139
6097.45 4.0139
6097.50 4.0138
6097.55 4.0138
6097.60 4.0137
6097.65 4.0137
6097.70 4.0136
6097.75 4.0136
6097.80 4.0135
6097.85 4.0135
6097.90 4.0134
6097.95 4.0134
6098.00 4.0133
6098.05 4.0133
6098.10 4.0132
6098.15 4.0132
6098.20 4.0131
6098.25 4.0131
6098.30 4.0130
6098.35 4.0130
6098.40 4.0129
6098.45 4.0128
6098.50 4.0128
6098.55 4.0127
6098.60 4.0127
6098.65 4.0126
6098.70 4.0126
6098.75 4.0125
6098.80 4.0125
6098.85 4.0124
6098.90 4.0124
6098.95 4.0123
6099.00 4.0123
6099.05 4.0122
6099.10 4.0122
6099.15 4.0121
6099.20 4.0121
6099.25 4.0121
6099.30 4.0120
6099.35 4.0120
6099.40 4.0119
6099.45 4.0119
6099.50 4.0118
6099.55 4.0118
6099.60 4.0117
6099.65 4.0117
6099.70 4.0116
6099.75 4.0116
6099.80 4.0115
6099.85 4.0115
6099.90 4.0115
6099.95 4.0114
6100.00 4.0114
6100.05 4.0113
6100.10 4.0113
6100.15 4.0112
6100.20 4.0112
6100.25 4.0112
6100.30 4.0111
6100.35 4.0111
6100.40 4.0110
6100.45 4.0110
6100.50 4.0109
6100.55 4.0109
6100.60 4.0109
6100.65 4.0108
6100.70 4.0108
6100.75 4.0108
6100.80 4.0107
6100.85 4.0107
6100.90 4.0106
6100.95 4.0106
6101.00 4.0106
6101.05 4.0105
6101.10 4.0105
6101.15 4.0105
6101.20 4.0104
6101.25 4.0104
6101.30 4.0104
6101.35 4.0103
6101.40 4.0103
6101.45 4.0103
6101.50 4.0103
6101.55 4.0102
6101.60 4.0102
6101.65 4.0102
6101.70 4.0101
6101.75 4.0101
6101.80 4.0101
6101.85 4.0101
6101.90 4.0100
6101.95 4.0100
6102.00 4.0100
6102.05 4.0100
6102.10 4.0099
6102.15 4.0099
6102.20 4.0099
6102.25 4.0099
6102.30 4.0098
6102.35 4.0098
6102.40 4.0098
6102.45 4.0098
6102.50 4.0098
6102.55 4.0097
6102.60 4.0097
6102.65 4.0097
6102.70 4.0097
6102.75 4.0097
6102.80 4.0097
6102.85 4.0096
6102.90 4.0096
6102.95 4.0096
6103.00 4.0096
6103.05 4.0096
6103.10 4.0096
6103.15 4.0095
6103.20 4.0095
6103.25 4.0095
6103.30 4.0095
6103.35 4.0095
6103.40 4.0095
6103.45 4.0095
6103.50 4.0095
6103.55 4.0095
6103.60 4.0094
6103.65 4.0094
6103.70 4.0094
6103.75 4.0094
6103.80 4.0094
6103.85 4.0094
6103.90 4.0094
6103.95 4.0094
6104.00 4.0094
6104.05 4.0094
6104.10 4.0094
6104.15 4.0094
6104.20 4.0094
6104.25 4.0093
6104.30 4.0093
6104.35 4.0093
6104.40 4.0093
6104.45 4.0093
6104.50 4.0093
6104.55 4.0093
6104.60 4.0093
6104.65 4.0093
6104.70 4.0093
6104.75 4.0093
6104.80 4.0093
6104.85 4.0093
6104.90 4.0093
6104.95 4.0093
6105.00 4.0093
6105.05 4.0093
6105.10 4.0093
6105.15 4.0093
6105.20 4.0093
6105.25 4.0093
6105.30 4.0093
6105.35 4.0093
6105.40 4.0093
6105.45 4.0093
6105.50 4.0093
6105.55 4.0093
6105.60 4.0093
6105.65 4.0093
6105.70 4.0093
6105.75 4.0093
6105.80 4.0093
6105.85 4.0093
6105.90 4.0093
6105.95 4.0093
6106.00 4.0093
6106.05 4.0093
6106.10 4.0093
6106.15 4.0093
6106.20 4.0093
6106.25 4.0093
6106.30 4.0093
6106.35 4.0093
6106.40 4.0093
6106.45 4.0093
6106.50 4.0093
6106.55 4.0093
6106.60 4.0093
6106.65 4.0093
6106.70 4.0093
6106.75 4.0093
6106.80 4.0093
6106.85 4.0093
6106.90 4.0093
6106.95 4.0093
6107.00 4.0092
6107.05 4.0092
6107.10 4.0092
6107.15 4.0092
6107.20 4.0092
6107.25 4.0092
6107.30 4.0092
6107.35 4.0092
6107.40 4.0092
6107.45 4.0092
6107.50 4.0092
6107.55 4.0092
6107.60 4.0092
6107.65 4.0092
6107.70 4.0092
6107.75 4.0091
6107.80 4.0091
6107.85 4.0091
6107.90 4.0091
6107.95 4.0091
6108.00 4.0091
6108.05 4.0091
6108.10 4.0091
6108.15 4.0090
6108.20 4.0090
6108.25 4.0090
6108.30 4.0090
6108.35 4.0090
6108.40 4.0090
6108.45 4.0090
6108.50 4.0089
6108.55 4.0089
6108.60 4.0089
6108.65 4.0089
6108.70 4.0089
6108.75 4.0088
6108.80 4.0088
6108.85 4.0088
6108.90 4.0088
6108.95 4.0087
6109.00 4.0087
6109.05 4.0087
6109.10 4.0087
6109.15 4.0086
6109.20 4.0086
6109.25 4.0086
6109.30 4.0086
6109.35 4.0085
6109.40 4.0085
6109.45 4.0085
6109.50 4.0084
6109.55 4.0084
6109.60 4.0084
6109.65 4.0083
6109.70 4.0083
6109.75 4.0083
6109.80 4.0082
6109.85 4.0082
6109.90 4.0081
6109.95 4.0081
6110.00 4.0081
6110.05 4.0080
6110.10 4.0080
6110.15 4.0079
6110.20 4.0079
6110.25 4.0078
6110.30 4.0078
6110.35 4.0078
6110.40 4.0077
6110.45 4.0077
6110.50 4.0076
6110.55 4.0076
6110.60 4.0075
6110.65 4.0075
6110.70 4.0074
6110.75 4.0073
6110.80 4.0073
6110.85 4.0072
6110.90 4.0072
6110.95 4.0071
6111.00 4.0071
6111.05 4.0070
6111.10 4.0069
6111.15 4.0069
6111.20 4.0068
6111.25 4.0068
6111.30 4.0067
6111.35 4.0066
6111.40 4.0066
6111.45 4.0065
6111.50 4.0064
6111.55 4.0064
6111.60 4.0063
6111.65 4.0062
6111.70 4.0061
6111.75 4.0061
6111.80 4.0060
6111.85 4.0059
6111.90 4.0058
6111.95 4.0058
6112.00 4.0057
6112.05 4.0056
6112.10 4.0055
6112.15 4.0054
6112.20 4.0054
6112.25 4.0053
6112.30 4.0052
6112.35 4.0051
6112.40 4.0050
6112.45 4.0049
6112.50 4.0048
6112.55 4.0048
6112.60 4.0047
6112.65 4.0046
6112.70 4.0045
6112.75 4.0044
6112.80 4.0043
6112.85 4.0042
6112.90 4.0041
6112.95 4.0040
6113.00 4.0039
6113.05 4.0038
6113.10 4.0037
6113.15 4.0036
6113.20 4.0035
6113.25 4.0034
6113.30 4.0033
6113.35 4.0032
6113.40 4.0031
6113.45 4.0030
6113.50 4.0029
6113.55 4.0028
6113.60 4.0027
6113.65 4.0026
6113.70 4.0025
6113.75 4.0023
6113.80 4.0022
6113.85 4.0021
6113.90 4.0020
6113.95 4.0019
6114.00 4.0018
6114.05 4.0016
6114.10 4.0015
6114.15 4.0014
6114.20 4.0013
6114.25 4.0012
6114.30 4.0010
6114.35 4.0009
6114.40 4.0008
6114.45 4.0007
6114.50 4.0006
6114.55 4.0004
6114.60 4.0003
6114.65 4.0002
6114.70 4.0000
6114.75 3.9999
6114.80 3.9998
6114.85 3.9996
6114.90 3.9995
6114.95 3.9994
6115.00 3.9992
6115.05 3.9991
6115.10 3.9990
6115.15 3.9988
6115.20 3.9987
6115.25 3.9986
6115.30 3.9984
6115.35 3.9983
6115.40 3.9981
6115.45 3.9980
6115.50 3.9979
6115.55 3.9977
6115.60 3.9976
6115.65 3.9974
6115.70 3.9973
6115.75 3.9971
6115.80 3.9970
6115.85 3.9968
6115.90 3.9967
6115.95 3.9965
6116.00 3.9964
6116.05 3.9962
6116.10 3.9961
6116.15 3.9959
6116.20 3.9958
6116.25 3.9956
6116.30 3.9955
6116.35 3.9953
6116.40 3.9951
6116.45 3.9950
6116.50 3.9948
6116.55 3.9947
6116.60 3.9945
6116.65 3.9943
6116.70 3.9942
6116.75 3.9940
6116.80 3.9939
6116.85 3.9937
6116.90 3.9935
6116.95 3.9934
6117.00 3.9932
6117.05 3.9930
6117.10 3.9929
6117.15 3.9927
6117.20 3.9925
6117.25 3.9923
6117.30 3.9922
6117.35 3.9920
6117.40 3.9918
6117.45 3.9917
6117.50 3.9915
6117.55 3.9913
6117.60 3.9911
6117.65 3.9910
6117.70 3.9908
6117.75 3.9906
6117.80 3.9904
6117.85 3.9902
6117.90 3.9901
6117.95 3.9899
6118.00 3.9897
6118.05 3.9895
6118.10 3.9893
6118.15 3.9891
6118.20 3.9890
6118.25 3.9888
6118.30 3.9886
6118.35 3.9884
6118.40 3.9882
6118.45 3.9880
6118.50 3.9878
6118.55 3.9876
6118.60 3.9874
6118.65 3.9873
6118.70 3.9871
6118.75 3.9869
6118.80 3.9867
6118.85 3.9865
6118.90 3.9863
6118.95 3.9861
6119.00 3.9859
6119.05 3.9857
6119.10 3.9855
6119.15 3.9853
6119.20 3.9851
6119.25 3.9849
6119.30 3.9847
6119.35 3.9845
6119.40 3.9843
6119.45 3.9841
6119.50 3.9839
6119.55 3.9837
6119.60 3.9835
6119.65 3.9832
6119.70 3.9830
6119.75 3.9828
6119.80 3.9826
6119.85 3.9824
6119.90 3.9822
6119.95 3.9820
6120.00 3.9818
6120.05 3.9815
6120.10 3.9813
6120.15 3.9811
6120.20 3.9809
6120.25 3.9807
6120.30 3.9805
6120.35 3.9802
6120.40 3.9800
6120.45 3.9798
6120.50 3.9796
6120.55 3.9794
6120.60 3.9791
6120.65 3.9789
6120.70 3.9787
6120.75 3.9785
6120.80 3.9782
6120.85 3.9780
6120.90 3.9778
6120.95 3.9775
6121.00 3.9773
6121.05 3.9771
6121.10 3.9768
6121.15 3.9766
6121.20 3.9764
6121.25 3.9761
6121.30 3.9759
6121.35 3.9757
6121.40 3.9754
6121.45 3.9752
6121.50 3.9750
6121.55 3.9747
6121.60 3.9745
6121.65 3.9742
6121.70 3.9740
6121.75 3.9737
6121.80 3.9735
6121.85 3.9732
6121.90 3.9730
6121.95 3.9728
6122.00 3.9725
6122.05 3.9723
6122.10 3.9720
6122.15 3.9717
6122.20 3.9715
6122.25 3.9712
6122.30 3.9710
6122.35 3.9707
6122.40 3.9705
6122.45 3.9702
6122.50 3.9700
6122.55 3.9697
6122.60 3.9694
6122.65 3.9692
6122.70 3.9689
6122.75 3.9686
6122.80 3.9684
6122.85 3.9681
6122.90 3.9678
6122.95 3.9676
6123.00 3.9673
6123.05 3.9670
6123.10 3.9668
6123.15 3.9665
6123.20 3.9662
6123.25 3.9659
6123.30 3.9657
6123.35 3.9654
6123.40 3.9651
6123.45 3.9648
6123.50 3.9645
6123.55 3.9643
6123.60 3.9640
6123.65 3.9637
6123.70 3.9634
6123.75 3.9631
6123.80 3.9628
6123.85 3.9626
6123.90 3.9623
6123.95 3.9620
6124.00 3.9617
6124.05 3.9614
6124.10 3.9611
6124.15 3.9608
6124.20 3.9605
6124.25 3.9602
6124.30 3.9599
6124.35 3.9596
6124.40 3.9593
6124.45 3.9590
6124.50 3.9587
6124.55 3.9584
6124.60 3.9581
6124.65 3.9578
6124.70 3.9575
6124.75 3.9572
6124.80 3.9569
6124.85 3.9565
6124.90 3.9562
6124.95 3.9559
6125.00 3.9556
6125.05 3.9553
6125.10 3.9550
6125.15 3.9546
6125.20 3.9543
6125.25 3.9540
6125.30 3.9537
6125.35 3.9534
6125.40 3.9530
6125.45 3.9527
6125.50 3.9524
6125.55 3.9520
6125.60 3.9517
6125.65 3.9514
6125.70 3.9511
6125.75 3.9507
6125.80 3.9504
6125.85 3.9500
6125.90 3.9497
6125.95 3.9494
6126.00 3.9490
6126.05 3.9487
6126.10 3.9483
6126.15 3.9480
6126.20 3.9477
6126.25 3.9473
6126.30 3.9470
6126.35 3.9466
6126.40 3.9463
6126.45 3.9459
6126.50 3.9456
6126.55 3.9452
6126.60 3.9448
6126.65 3.9445
6126.70 3.9441
6126.75 3.9438
6126.80 3.9434
6126.85 3.9430
6126.90 3.9427
6126.95 3.9423
6127.00 3.9419
6127.05 3.9416
6127.10 3.9412
6127.15 3.9408
6127.20 3.9405
6127.25 3.9401
6127.30 3.9397
6127.35 3.9393
6127.40 3.9390
6127.45 3.9386
6127.50 3.9382
6127.55 3.9378
6127.60 3.9374
6127.65 3.9370
6127.70 3.9367
6127.75 3.9363
6127.80 3.9359
6127.85 3.9355
6127.90 3.9351
6127.95 3.9347
6128.00 3.9343
6128.05 3.9339
6128.10 3.9335
6128.15 3.9331
6128.20 3.9327
6128.25 3.9323
6128.30 3.9319
6128.35 3.9315
6128.40 3.9311
6128.45 3.9307
6128.50 3.9303
6128.55 3.9299
6128.60 3.9295
6128.65 3.9291
6128.70 3.9287
6128.75 3.9282
6128.80 3.9278
6128.85 3.9274
6128.90 3.9270
6128.95 3.9266
6129.00 3.9262
6129.05 3.9257
6129.10 3.9253
6129.15 3.9249
6129.20 3.9245
6129.25 3.9240
6129.30 3.9236
6129.35 3.9232
6129.40 3.9227
6129.45 3.9223
6129.50 3.9219
6129.55 3.9214
6129.60 3.9210
6129.65 3.9206
6129.70 3.9201
6129.75 3.9197
6129.80 3.9192
6129.85 3.9188
6129.90 3.9183
6129.95 3.9179
6130.00 3.9175
6130.05 3.9170
6130.10 3.9166
6130.15 3.9161
6130.20 3.9157
6130.25 3.9152
6130.30 3.9147
6130.35 3.9143
6130.40 3.9138
6130.45 3.9134
6130.50 3.9129
6130.55 3.9125
6130.60 3.9120
6130.65 3.9115
6130.70 3.9111
6130.75 3.9106
6130.80 3.9101
6130.85 3.9097
6130.90 3.9092
6130.95 3.9087
6131.00 3.9082
6131.05 3.9078
6131.10 3.9073
6131.15 3.9068
6131.20 3.9063
6131.25 3.9059
6131.30 3.9054
6131.35 3.9049
6131.40 3.9044
6131.45 3.9039
6131.50 3.9035
6131.55 3.9030
6131.60 3.9025
6131.65 3.9020
6131.70 3.9015
6131.75 3.9010
6131.80 3.9005
6131.85 3.9000
6131.90 3.8996
6131.95 3.8991
6132.00 3.8986
6132.05 3.8981
6132.10 3.8976
6132.15 3.8971
6132.20 3.8966
6132.25 3.8961
6132.30 3.8956
6132.35 3.8951
6132.40 3.8946
6132.45 3.8941
6132.50 3.8936
6132.55 3.8931
6132.60 3.8926
6132.65 3.8921
6132.70 3.8916
6132.75 3.8910
6132.80 3.8905
6132.85 3.8900
6132.90 3.8895
6132.95 3.8890
6133.00 3.8885
6133.05 3.8880
6133.10 3.8875
6133.15 3.8869
6133.20 3.8864
6133.25 3.8859
6133.30 3.8854
6133.35 3.8849
6133.40 3.8844
6133.45 3.8838
6133.50 3.8833
6133.55 3.8828
6133.60 3.8823
6133.65 3.8818
6133.70 3.8812
6133.75 3.8807
6133.80 3.8802
6133.85 3.8797
6133.90 3.8791
6133.95 3.8786
6134.00 3.8781
6134.05 3.8776
6134.10 3.8770
6134.15 3.8765
6134.20 3.8760
6134.25 3.8755
6134.30 3.8749
6134.35 3.8744
6134.40 3.8739
6134.45 3.8734
6134.50 3.8728
6134.55 3.8723
6134.60 3.8718
6134.65 3.8712
6134.70 3.8707
6134.75 3.8702
6134.80 3.8696
6134.85 3.8691
6134.90 3.8686
6134.95 3.8680
6135.00 3.8675
6135.05 3.8670
6135.10 3.8664
6135.15 3.8659
6135.20 3.8654
6135.25 3.8648
6135.30 3.8643
6135.35 3.8638
6135.40 3.8632
6135.45 3.8627
6135.50 3.8622
6135.55 3.8616
6135.60 3.8611
6135.65 3.8606
6135.70 3.8600
6135.75 3.8595
6135.80 3.8590
6135.85 3.8584
6135.90 3.8579
6135.95 3.8574
6136.00 3.8568
6136.05 3.8563
6136.10 3.8558
6136.15 3.8552
6136.20 3.8547
6136.25 3.8542
6136.30 3.8537
6136.35 3.8531
6136.40 3.8526
6136.45 3.8521
6136.50 3.8515
6136.55 3.8510
6136.60 3.8505
6136.65 3.8499
6136.70 3.8494
6136.75 3.8489
6136.80 3.8484
6136.85 3.8478
6136.90 3.8473
6136.95 3.8468
6137.00 3.8463
6137.05 3.8457
6137.10 3.8452
6137.15 3.8447
6137.20 3.8442
6137.25 3.8436
6137.30 3.8431
6137.35 3.8426
6137.40 3.8421
6137.45 3.8416
6137.50 3.8410
6137.55 3.8405
6137.60 3.8400
6137.65 3.8395
6137.70 3.8390
6137.75 3.8385
6137.80 3.8380
6137.85 3.8374
6137.90 3.8369
6137.95 3.8364
6138.00 3.8359
6138.05 3.8354
6138.10 3.8349
6138.15 3.8344
6138.20 3.8339
6138.25 3.8334
6138.30 3.8329
6138.35 3.8324
6138.40 3.8319
6138.45 3.8314
6138.50 3.8309
6138.55 3.8304
6138.60 3.8299
6138.65 3.8294
6138.70 3.8289
6138.75 3.8284
6138.80 3.8279
6138.85 3.8274
6138.90 3.8269
6138.95 3.8264
6139.00 3.8259
6139.05 3.8255
6139.10 3.8250
6139.15 3.8245
6139.20 3.8240
6139.25 3.8235
6139.30 3.8230
6139.35 3.8226
6139.40 3.8221
6139.45 3.8216
6139.50 3.8211
6139.55 3.8207
6139.60 3.8202
6139.65 3.8197
6139.70 3.8193
6139.75 3.8188
6139.80 3.8183
6139.85 3.8179
6139.90 3.8174
6139.95 3.8170
6140.00 3.8165
6140.05 3.8160
6140.10 3.8156
6140.15 3.8151
6140.20 3.8147
6140.25 3.8142
6140.30 3.8138
6140.35 3.8133
6140.40 3.8129
6140.45 3.8125
6140.50 3.8120
6140.55 3.8116
6140.60 3.8111
6140.65 3.8107
6140.70 3.8103
6140.75 3.8098
6140.80 3.8094
6140.85 3.8090
6140.90 3.8086
6140.95 3.8081
6141.00 3.8077
6141.05 3.8073
6141.10 3.8069
6141.15 3.8065
6141.20 3.8060
6141.25 3.8056
6141.30 3.8052
6141.35 3.8048
6141.40 3.8044
6141.45 3.8040
6141.50 3.8036
6141.55 3.8032
6141.60 3.8028
6141.65 3.8024
6141.70 3.8020
6141.75 3.8016
6141.80 3.8012
6141.85 3.8008
6141.90 3.8005
6141.95 3.8001
6142.00 3.7997
6142.05 3.7993
6142.10 3.7989
6142.15 3.7986
6142.20 3.7982
6142.25 3.7978
6142.30 3.7974
6142.35 3.7971
6142.40 3.7967
6142.45 3.7963
6142.50 3.7960
6142.55 3.7956
6142.60 3.7953
6142.65 3.7949
6142.70 3.7946
6142.75 3.7942
6142.80 3.7939
6142.85 3.7935
6142.90 3.7932
6142.95 3.7928
6143.00 3.7925
6143.05 3.7921
6143.10 3.7918
6143.15 3.7915
6143.20 3.7911
6143.25 3.7908
6143.30 3.7905
6143.35 3.7902
6143.40 3.7898
6143.45 3.7895
6143.50 3.7892
6143.55 3.7889
6143.60 3.7886
6143.65 3.7883
6143.70 3.7879
6143.75 3.7876
6143.80 3.7873
6143.85 3.7870
6143.90 3.7867
6143.95 3.7864
6144.00 3.7861
6144.05 3.7858
6144.10 3.7855
6144.15 3.7853
6144.20 3.7850
6144.25 3.7847
6144.30 3.7844
6144.35 3.7841
6144.40 3.7838
6144.45 3.7836
6144.50 3.7833
6144.55 3.7830
6144.60 3.7827
6144.65 3.7825
6144.70 3.7822
6144.75 3.7819
6144.80 3.7817
6144.85 3.7814
6144.90 3.7812
6144.95 3.7809
6145.00 3.7806
6145.05 3.7804
6145.10 3.7801
6145.15 3.7799
6145.20 3.7797
6145.25 3.7794
6145.30 3.7792
6145.35 3.7789
6145.40 3.7787
6145.45 3.7785
6145.50 3.7782
6145.55 3.7780
6145.60 3.7778
6145.65 3.7775
6145.70 3.7773
6145.75 3.7771
6145.80 3.7769
6145.85 3.7766
6145.90 3.7764
6145.95 3.7762
6146.00 3.7760
6146.05 3.7758
6146.10 3.7756
6146.15 3.7754
6146.20 3.7752
6146.25 3.7750
6146.30 3.7748
6146.35 3.7746
6146.40 3.7744
6146.45 3.7742
6146.50 3.7740
6146.55 3.7738
6146.60 3.7736
6146.65 3.7734
6146.70 3.7732
6146.75 3.7731
6146.80 3.7729
6146.85 3.7727
6146.90 3.7725
6146.95 3.7723
6147.00 3.7722
6147.05 3.7720
6147.10 3.7718
6147.15 3.7717
6147.20 3.7715
6147.25 3.7713
6147.30 3.7712
6147.35 3.7710
6147.40 3.7708
6147.45 3.7707
6147.50 3.7705
6147.55 3.7704
6147.60 3.7702
6147.65 3.7701
6147.70 3.7699
6147.75 3.7698
6147.80 3.7696
6147.85 3.7695
6147.90 3.7693
6147.95 3.7692
6148.00 3.7691
6148.05 3.7689
6148.10 3.7688
6148.15 3.7687
6148.20 3.7685
6148.25 3.7684
6148.30 3.7683
6148.35 3.7681
6148.40 3.7680
6148.45 3.7679
6148.50 3.7678
6148.55 3.7676
6148.60 3.7675
6148.65 3.7674
6148.70 3.7673
6148.75 3.7672
6148.80 3.7671
6148.85 3.7669
6148.90 3.7668
6148.95 3.7667
6149.00 3.7666
6149.05 3.7665
6149.10 3.7664
6149.15 3.7663
6149.20 3.7662
6149.25 3.7661
6149.30 3.7660
6149.35 3.7659
6149.40 3.7658
6149.45 3.7657
6149.50 3.7656
6149.55 3.7655
6149.60 3.7654
6149.65 3.7654
6149.70 3.7653
6149.75 3.7652
6149.80 3.7651
6149.85 3.7650
6149.90 3.7649
6149.95 3.7648
6150.00 3.7648
6150.05 3.7647
6150.10 3.7646
6150.15 3.7645
6150.20 3.7645
6150.25 3.7644
6150.30 3.7643
6150.35 3.7642
6150.40 3.7642
6150.45 3.7641
6150.50 3.7640
6150.55 3.7640
6150.60 3.7639
6150.65 3.7638
6150.70 3.7638
6150.75 3.7637
6150.80 3.7637
6150.85 3.7636
6150.90 3.7635
6150.95 3.7635
6151.00 3.7634
6151.05 3.7634
6151.10 3.7633
6151.15 3.7633
6151.20 3.7632
6151.25 3.7632
6151.30 3.7631
6151.35 3.7631
6151.40 3.7630
6151.45 3.7630
6151.50 3.7629
6151.55 3.7629
6151.60 3.7629
6151.65 3.7628
6151.70 3.7628
6151.75 3.7627
6151.80 3.7627
6151.85 3.7627
6151.90 3.7626
6151.95 3.7626
6152.00 3.7626
6152.05 3.7625
6152.10 3.7625
6152.15 3.7625
6152.20 3.7624
6152.25 3.7624
6152.30 3.7624
6152.35 3.7623
6152.40 3.7623
6152.45 3.7623
6152.50 3.7623
6152.55 3.7622
6152.60 3.7622
6152.65 3.7622
6152.70 3.7622
6152.75 3.7622
6152.80 3.7621
6152.85 3.7621
6152.90 3.7621
6152.95 3.7621
6153.00 3.7621
6153.05 3.7621
6153.10 3.7620
6153.15 3.7620
6153.20 3.7620
6153.25 3.7620
6153.30 3.7620
6153.35 3.7620
6153.40 3.7620
6153.45 3.7620
6153.50 3.7620
6153.55 3.7620
6153.60 3.7620
6153.65 3.7620
6153.70 3.7619
6153.75 3.7619
6153.80 3.7619
6153.85 3.7619
6153.90 3.7619
6153.95 3.7619
6154.00 3.7619
6154.05 3.7619
6154.10 3.7619
6154.15 3.7620
6154.20 3.7620
6154.25 3.7620
6154.30 3.7620
6154.35 3.7620
6154.40 3.7620
6154.45 3.7620
6154.50 3.7620
6154.55 3.7620
6154.60 3.7620
6154.65 3.7620
6154.70 3.7620
6154.75 3.7620
6154.80 3.7621
6154.85 3.7621
6154.90 3.7621
6154.95 3.7621
6155.00 3.7621
6155.05 3.7621
6155.10 3.7622
6155.15 3.7622
6155.20 3.7622
6155.25 3.7622
6155.30 3.7622
6155.35 3.7622
6155.40 3.7623
6155.45 3.7623
6155.50 3.7623
6155.55 3.7623
6155.60 3.7624
6155.65 3.7624
6155.70 3.7624
6155.75 3.7624
6155.80 3.7625
6155.85 3.7625
6155.90 3.7625
6155.95 3.7625
6156.00 3.7626
6156.05 3.7626
6156.10 3.7626
6156.15 3.7627
6156.20 3.7627
6156.25 3.7627
6156.30 3.7627
6156.35 3.7628
6156.40 3.7628
6156.45 3.7628
6156.50 3.7629
6156.55 3.7629
6156.60 3.7630
6156.65 3.7630
6156.70 3.7630
6156.75 3.7631
6156.80 3.7631
6156.85 3.7631
6156.90 3.7632
6156.95 3.7632
6157.00 3.7633
6157.05 3.7633
6157.10 3.7633
6157.15 3.7634
6157.20 3.7634
6157.25 3.7635
6157.30 3.7635
6157.35 3.7635
6157.40 3.7636
6157.45 3.7636
6157.50 3.7637
6157.55 3.7637
6157.60 3.7638
6157.65 3.7638
6157.70 3.7639
6157.75 3.7639
6157.80 3.7639
6157.85 3.7640
6157.90 3.7640
6157.95 3.7641
6158.00 3.7641
6158.05 3.7642
6158.10 3.7642
6158.15 3.7643
6158.20 3.7643
6158.25 3.7644
6158.30 3.7644
6158.35 3.7645
6158.40 3.7645
6158.45 3.7646
6158.50 3.7646
6158.55 3.7647
6158.60 3.7647
6158.65 3.7648
6158.70 3.7649
6158.75 3.7649
6158.80 3.7650
6158.85 3.7650
6158.90 3.7651
6158.95 3.7651
6159.00 3.7652
6159.05 3.7652
6159.10 3.7653
6159.15 3.7653
6159.20 3.7654
6159.25 3.7655
6159.30 3.7655
6159.35 3.7656
6159.40 3.7656
6159.45 3.7657
6159.50 3.7657
6159.55 3.7658
6159.60 3.7659
6159.65 3.7659
6159.70 3.7660
6159.75 3.7660
6159.80 3.7661
6159.85 3.7661
6159.90 3.7662
6159.95 3.7663
6160.00 3.7663
6160.05 3.7664
6160.10 3.7664
6160.15 3.7665
6160.20 3.7666
6160.25 3.7666
6160.30 3.7667
6160.35 3.7667
6160.40 3.7668
6160.45 3.7668
6160.50 3.7669
6160.55 3.7670
6160.60 3.7670
6160.65 3.7671
6160.70 3.7671
6160.75 3.7672
6160.80 3.7673
6160.85 3.7673
6160.90 3.7674
6160.95 3.7674
6161.00 3.7675
6161.05 3.7675
6161.10 3.7676
6161.15 3.7677
6161.20 3.7677
6161.25 3.7678
6161.30 3.7678
6161.35 3.7679
6161.40 3.7680
6161.45 3.7680
6161.50 3.7681
6161.55 3.7681
6161.60 3.7682
6161.65 3.7682
6161.70 3.7683
6161.75 3.7684
6161.80 3.7684
6161.85 3.7685
6161.90 3.7685
6161.95 3.7686
6162.00 3.7686
6162.05 3.7687
6162.10 3.7687
6162.15 3.7688
6162.20 3.7688
6162.25 3.7689
6162.30 3.7689
6162.35 3.7690
6162.40 3.7691
6162.45 3.7691
6162.50 3.7692
6162.55 3.7692
6162.60 3.7693
6162.65 3.7693
6162.70 3.7694
6162.75 3.7694
6162.80 3.7695
6162.85 3.7695
6162.90 3.7696
6162.95 3.7696
6163.00 3.7697
6163.05 3.7697
6163.10 3.7697
6163.15 3.7698
6163.20 3.7698
6163.25 3.7699
6163.30 3.7699
6163.35 3.7700
6163.40 3.7700
6163.45 3.7701
6163.50 3.7701
6163.55 3.7701
6163.60 3.7702
6163.65 3.7702
6163.70 3.7703
6163.75 3.7703
6163.80 3.7703
6163.85 3.7704
6163.90 3.7704
6163.95 3.7705
6164.00 3.7705
6164.05 3.7705
6164.10 3.7706
6164.15 3.7706
6164.20 3.7706
6164.25 3.7707
6164.30 3.7707
6164.35 3.7707
6164.40 3.7708
6164.45 3.7708
6164.50 3.7708
6164.55 3.7709
6164.60 3.7709
6164.65 3.7709
6164.70 3.7709
6164.75 3.7710
6164.80 3.7710
6164.85 3.7710
6164.90 3.7710
6164.95 3.7711
6165.00 3.7711
6165.05 3.7711
6165.10 3.7711
6165.15 3.7712
6165.20 3.7712
6165.25 3.7712
6165.30 3.7712
6165.35 3.7712
6165.40 3.7712
6165.45 3.7713
6165.50 3.7713
6165.55 3.7713
6165.60 3.7713
6165.65 3.7713
6165.70 3.7713
6165.75 3.7713
6165.80 3.7714
6165.85 3.7714
6165.90 3.7714
6165.95 3.7714
6166.00 3.7714
6166.05 3.7714
6166.10 3.7714
6166.15 3.7714
6166.20 3.7714
6166.25 3.7714
6166.30 3.7714
6166.35 3.7714
6166.40 3.7714
6166.45 3.7714
