5165.50 7.8482
5165.55 7.8482
5165.60 7.8482
5165.65 7.8482
5165.70 7.8482
5165.75 7.8482
5165.80 7.8481
5165.85 7.8481
5165.90 7.8480
5165.95 7.8480
5166.00 7.8479
5166.05 7.8479
5166.10 7.8478
5166.15 7.8477
5166.20 7.8477
5166.25 7.8476
5166.30 7.8475
5166.35 7.8474
5166.40 7.8473
5166.45 7.8472
5166.50 7.8471
5166.55 7.8470
5166.60 7.8469
5166.65 7.8467
5166.70 7.8466
5166.75 7.8465
5166.80 7.8463
5166.85 7.8462
5166.90 7.8460
5166.95 7.8459
5167.00 7.8457
5167.05 7.8455
5167.10 7.8454
5167.15 7.8452
5167.20 7.8450
5167.25 7.8448
5167.30 7.8446
5167.35 7.8444
5167.40 7.8442
5167.45 7.8440
5167.50 7.8438
5167.55 7.8436
5167.60 7.8434
5167.65 7.8431
5167.70 7.8429
5167.75 7.8427
5167.80 7.8424
5167.85 7.8422
5167.90 7.8419
5167.95 7.8417
5168.00 7.8414
5168.05 7.8411
5168.10 7.8409
5168.15 7.8406
5168.20 7.8403
5168.25 7.8400
5168.30 7.8398
5168.35 7.8395
5168.40 7.8392
5168.45 7.8389
5168.50 7.8386
5168.55 7.8382
5168.60 7.8379
5168.65 7.8376
5168.70 7.8373
5168.75 7.8370
5168.80 7.8366
5168.85 7.8363
5168.90 7.8360
5168.95 7.8356
5169.00 7.8353
5169.05 7.8349
5169.10 7.8346
5169.15 7.8342
5169.20 7.8338
5169.25 7.8335
5169.30 7.8331
5169.35 7.8327
5169.40 7.8323
5169.45 7.8320
5169.50 7.8316
5169.55 7.8312
5169.60 7.8308
5169.65 7.8304
5169.70 7.8300
5169.75 7.8296
5169.80 7.8292
5169.85 7.8288
5169.90 7.8284
5169.95 7.8280
5170.00 7.8276
5170.05 7.8271
5170.10 7.8267
5170.15 7.8263
5170.20 7.8259
5170.25 7.8254
5170.30 7.8250
5170.35 7.8246
5170.40 7.8241
5170.45 7.8237
5170.50 7.8232
5170.55 7.8228
5170.60 7.8224
5170.65 7.8219
5170.70 7.8215
5170.75 7.8210
5170.80 7.8205
5170.85 7.8201
5170.90 7.8196
5170.95 7.8192
5171.00 7.8187
5171.05 7.8183
5171.10 7.8178
5171.15 7.8173
5171.20 7.8169
5171.25 7.8164
5171.30 7.8159
5171.35 7.8155
5171.40 7.8150
5171.45 7.8145
5171.50 7.8140
5171.55 7.8136
5171.60 7.8131
5171.65 7.8126
5171.70 7.8121
5171.75 7.8117
5171.80 7.8112
5171.85 7.8107
5171.90 7.8102
5171.95 7.8098
5172.00 7.8093
5172.05 7.8088
5172.10 7.8083
5172.15 7.8079
5172.20 7.8074
5172.25 7.8069
5172.30 7.8064
5172.35 7.8060
5172.40 7.8055
5172.45 7.8050
5172.50 7.8045
5172.55 7.8041
5172.60 7.8036
5172.65 7.8031
5172.70 7.8027
5172.75 7.8022
5172.80 7.8017
5172.85 7.8013
5172.90 7.8008
5172.95 7.8003
5173.00 7.7999
5173.05 7.7994
5173.10 7.7990
5173.15 7.7985
5173.20 7.7981
5173.25 7.7976
5173.30 7.7972
5173.35 7.7967
5173.40 7.7963
5173.45 7.7958
5173.50 7.7954
5173.55 7.7949
5173.60 7.7945
5173.65 7.7941
5173.70 7.7936
5173.75 7.7932
5173.80 7.7928
5173.85 7.7924
5173.90 7.7920
5173.95 7.7915
5174.00 7.7911
5174.05 7.7907
5174.10 7.7903
5174.15 7.7899
5174.20 7.7895
5174.25 7.7891
5174.30 7.7887
5174.35 7.7883
5174.40 7.7879
5174.45 7.7876
5174.50 7.7872
5174.55 7.7868
5174.60 7.7864
5174.65 7.7861
5174.70 7.7857
5174.75 7.7854
5174.80 7.7850
5174.85 7.7847
5174.90 7.7843
5174.95 7.7840
5175.00 7.7836
5175.05 7.7833
5175.10 7.7830
5175.15 7.7827
5175.20 7.7823
5175.25 7.7820
5175.30 7.7817
5175.35 7.7814
5175.40 7.7811
5175.45 7.7808
5175.50 7.7805
5175.55 7.7802
5175.60 7.7800
5175.65 7.7797
5175.70 7.7794
5175.75 7.7791
5175.80 7.7789
5175.85 7.7786
5175.90 7.7784
5175.95 7.7781
5176.00 7.7779
5176.05 7.7777
5176.10 7.7774
5176.15 7.7772
5176.20 7.7770
5176.25 7.7768
5176.30 7.7766
5176.35 7.7764
5176.40 7.7762
5176.45 7.7760
5176.50 7.7758
5176.55 7.7756
5176.60 7.7754
5176.65 7.7752
5176.70 7.7751
5176.75 7.7749
5176.80 7.7748
5176.85 7.7746
5176.90 7.7745
5176.95 7.7743
5177.00 7.7742
5177.05 7.7741
5177.10 7.7739
5177.15 7.7738
5177.20 7.7737
5177.25 7.7736
5177.30 7.7735
5177.35 7.7734
5177.40 7.7733
5177.45 7.7732
5177.50 7.7731
5177.55 7.7731
5177.60 7.7730
5177.65 7.7729
5177.70 7.7728
5177.75 7.7728
5177.80 7.7727
5177.85 7.7727
5177.90 7.7726
5177.95 7.7726
5178.00 7.7726
5178.05 7.7725
5178.10 7.7725
5178.15 7.7725
5178.20 7.7725
5178.25 7.7725
5178.30 7.7725
5178.35 7.7725
5178.40 7.7725
5178.45 7.7725
5178.50 7.7725
5178.55 7.7725
5178.60 7.7725
5178.65 7.7725
5178.70 7.7725
5178.75 7.7726
5178.80 7.7726
5178.85 7.7726
5178.90 7.7727
5178.95 7.7727
5179.00 7.7728
5179.05 7.7728
5179.10 7.7729
5179.15 7.7729
5179.20 7.7730
5179.25 7.7731
5179.30 7.7731
5179.35 7.7732
5179.40 7.7733
5179.45 7.7733
5179.50 7.7734
5179.55 7.7735
5179.60 7.7736
5179.65 7.7737
5179.70 7.7737
5179.75 7.7738
5179.80 7.7739
5179.85 7.7740
5179.90 7.7741
5179.95 7.7742
5180.00 7.7743
5180.05 7.7744
5180.10 7.7745
5180.15 7.7746
5180.20 7.7747
5180.25 7.7748
5180.30 7.7749
5180.35 7.7750
5180.40 7.7751
5180.45 7.7752
5180.50 7.7753
5180.55 7.7754
5180.60 7.7755
5180.65 7.7756
5180.70 7.7757
5180.75 7.7758
5180.80 7.7759
5180.85 7.7760
5180.90 7.7762
5180.95 7.7763
5181.00 7.7764
5181.05 7.7765
5181.10 7.7766
5181.15 7.7767
5181.20 7.7768
5181.25 7.7769
5181.30 7.7770
5181.35 7.7771
5181.40 7.7771
5181.45 7.7772
5181.50 7.7773
5181.55 7.7774
5181.60 7.7775
5181.65 7.7776
5181.70 7.7777
5181.75 7.7777
5181.80 7.7778
5181.85 7.7779
5181.90 7.7780
5181.95 7.7780
5182.00 7.7781
5182.05 7.7782
5182.10 7.7782
5182.15 7.7783
5182.20 7.7783
5182.25 7.7784
5182.30 7.7784
5182.35 7.7785
5182.40 7.7785
5182.45 7.7785
5182.50 7.7786
5182.55 7.7786
5182.60 7.7786
5182.65 7.7786
5182.70 7.7786
5182.75 7.7787
5182.80 7.7787
5182.85 7.7787
5182.90 7.7787
5182.95 7.7786
5183.00 7.7786
5183.05 7.7786
5183.10 7.7786
5183.15 7.7785
5183.20 7.7785
5183.25 7.7785
5183.30 7.7784
5183.35 7.7784
5183.40 7.7783
5183.45 7.7782
5183.50 7.7782
5183.55 7.7781
5183.60 7.7780
5183.65 7.7779
5183.70 7.7778
5183.75 7.7777
5183.80 7.7776
5183.85 7.7775
5183.90 7.7774
5183.95 7.7773
5184.00 7.7772
5184.05 7.7770
5184.10 7.7769
5184.15 7.7767
5184.20 7.7766
5184.25 7.7764
5184.30 7.7762
5184.35 7.7761
5184.40 7.7759
5184.45 7.7757
5184.50 7.7755
5184.55 7.7753
5184.60 7.7751
5184.65 7.7749
5184.70 7.7746
5184.75 7.7744
5184.80 7.7742
5184.85 7.7739
5184.90 7.7737
5184.95 7.7734
5185.00 7.7731
5185.05 7.7729
5185.10 7.7726
5185.15 7.7723
5185.20 7.7720
5185.25 7.7717
5185.30 7.7714
5185.35 7.7711
5185.40 7.7708
5185.45 7.7704
5185.50 7.7701
5185.55 7.7698
5185.60 7.7694
5185.65 7.7690
5185.70 7.7687
5185.75 7.7683
5185.80 7.7679
5185.85 7.7675
5185.90 7.7672
5185.95 7.7668
5186.00 7.7663
5186.05 7.7659
5186.10 7.7655
5186.15 7.7651
5186.20 7.7647
5186.25 7.7642
5186.30 7.7638
5186.35 7.7633
5186.40 7.7629
5186.45 7.7624
5186.50 7.7619
5186.55 7.7614
5186.60 7.7609
5186.65 7.7605
5186.70 7.7600
5186.75 7.7594
5186.80 7.7589
5186.85 7.7584
5186.90 7.7579
5186.95 7.7574
5187.00 7.7568
5187.05 7.7563
5187.10 7.7557
5187.15 7.7552
5187.20 7.7546
5187.25 7.7541
5187.30 7.7535
5187.35 7.7529
5187.40 7.7523
5187.45 7.7517
5187.50 7.7511
5187.55 7.7505
5187.60 7.7499
5187.65 7.7493
5187.70 7.7487
5187.75 7.7481
5187.80 7.7475
5187.85 7.7469
5187.90 7.7462
5187.95 7.7456
5188.00 7.7449
5188.05 7.7443
5188.10 7.7436
5188.15 7.7430
5188.20 7.7423
5188.25 7.7417
5188.30 7.7410
5188.35 7.7403
5188.40 7.7397
5188.45 7.7390
5188.50 7.7383
5188.55 7.7376
5188.60 7.7369
5188.65 7.7362
5188.70 7.7355
5188.75 7.7348
5188.80 7.7341
5188.85 7.7334
5188.90 7.7327
5188.95 7.7320
5189.00 7.7313
5189.05 7.7306
5189.10 7.7299
5189.15 7.7292
5189.20 7.7284
5189.25 7.7277
5189.30 7.7270
5189.35 7.7263
5189.40 7.7255
5189.45 7.7248
5189.50 7.7241
5189.55 7.7233
5189.60 7.7226
5189.65 7.7219
5189.70 7.7211
5189.75 7.7204
5189.80 7.7196
5189.85 7.7189
5189.90 7.7181
5189.95 7.7174
5190.00 7.7167
5190.05 7.7159
5190.10 7.7152
5190.15 7.7144
5190.20 7.7137
5190.25 7.7129
5190.30 7.7122
5190.35 7.7114
5190.40 7.7107
5190.45 7.7099
5190.50 7.7092
5190.55 7.7084
5190.60 7.7077
5190.65 7.7069
5190.70 7.7062
5190.75 7.7055
5190.80 7.7047
5190.85 7.7040
5190.90 7.7032
5190.95 7.7025
5191.00 7.7017
5191.05 7.7010
5191.10 7.7003
5191.15 7.6995
5191.20 7.6988
5191.25 7.6981
5191.30 7.6973
5191.35 7.6966
5191.40 7.6959
5191.45 7.6951
5191.50 7.6944
5191.55 7.6937
5191.60 7.6930
5191.65 7.6922
5191.70 7.6915
5191.75 7.6908
5191.80 7.6901
5191.85 7.6894
5191.90 7.6887
5191.95 7.6880
5192.00 7.6872
5192.05 7.6865
5192.10 7.6858
5192.15 7.6851
5192.20 7.6844
5192.25 7.6838
5192.30 7.6831
5192.35 7.6824
5192.40 7.6817
5192.45 7.6810
5192.50 7.6803
5192.55 7.6797
5192.60 7.6790
5192.65 7.6783
5192.70 7.6776
5192.75 7.6770
5192.80 7.6763
5192.85 7.6757
5192.90 7.6750
5192.95 7.6744
5193.00 7.6737
5193.05 7.6731
5193.10 7.6724
5193.15 7.6718
5193.20 7.6712
5193.25 7.6705
5193.30 7.6699
5193.35 7.6693
5193.40 7.6687
5193.45 7.6680
5193.50 7.6674
5193.55 7.6668
5193.60 7.6662
5193.65 7.6656
5193.70 7.6650
5193.75 7.6644
5193.80 7.6638
5193.85 7.6632
5193.90 7.6626
5193.95 7.6621
5194.00 7.6615
5194.05 7.6609
5194.10 7.6603
5194.15 7.6598
5194.20 7.6592
5194.25 7.6587
5194.30 7.6581
5194.35 7.6576
5194.40 7.6570
5194.45 7.6565
5194.50 7.6559
5194.55 7.6554
5194.60 7.6549
5194.65 7.6543
5194.70 7.6538
5194.75 7.6533
5194.80 7.6528
5194.85 7.6523
5194.90 7.6517
5194.95 7.6512
5195.00 7.6507
5195.05 7.6502
5195.10 7.6497
5195.15 7.6493
5195.20 7.6488
5195.25 7.6483
5195.30 7.6478
5195.35 7.6473
5195.40 7.6468
5195.45 7.6464
5195.50 7.6459
5195.55 7.6454
5195.60 7.6450
5195.65 7.6445
5195.70 7.6441
5195.75 7.6436
5195.80 7.6432
5195.85 7.6427
5195.90 7.6423
5195.95 7.6419
5196.00 7.6414
5196.05 7.6410
5196.10 7.6406
5196.15 7.6402
5196.20 7.6397
5196.25 7.6393
5196.30 7.6389
5196.35 7.6385
5196.40 7.6381
5196.45 7.6377
5196.50 7.6373
5196.55 7.6369
5196.60 7.6365
5196.65 7.6361
5196.70 7.6357
5196.75 7.6353
5196.80 7.6349
5196.85 7.6346
5196.90 7.6342
5196.95 7.6338
5197.00 7.6334
5197.05 7.6331
5197.10 7.6327
5197.15 7.6323
5197.20 7.6320
5197.25 7.6316
5197.30 7.6313
5197.35 7.6309
5197.40 7.6306
5197.45 7.6302
5197.50 7.6299
5197.55 7.6295
5197.60 7.6292
5197.65 7.6289
5197.70 7.6285
5197.75 7.6282
5197.80 7.6279
5197.85 7.6275
5197.90 7.6272
5197.95 7.6269
5198.00 7.6266
5198.05 7.6262
5198.10 7.6259
5198.15 7.6256
5198.20 7.6253
5198.25 7.6250
5198.30 7.6247
5198.35 7.6244
5198.40 7.6241
5198.45 7.6238
5198.50 7.6235
5198.55 7.6232
5198.60 7.6229
5198.65 7.6226
5198.70 7.6223
5198.75 7.6220
5198.80 7.6217
5198.85 7.6214
5198.90 7.6211
5198.95 7.6208
5199.00 7.6205
5199.05 7.6203
5199.10 7.6200
5199.15 7.6197
5199.20 7.6194
5199.25 7.6192
5199.30 7.6189
5199.35 7.6186
5199.40 7.6183
5199.45 7.6181
5199.50 7.6178
5199.55 7.6175
5199.60 7.6173
5199.65 7.6170
5199.70 7.6168
5199.75 7.6165
5199.80 7.6162
5199.85 7.6160
5199.90 7.6157
5199.95 7.6155
5200.00 7.6152
5200.05 7.6150
5200.10 7.6147
5200.15 7.6145
5200.20 7.6142
5200.25 7.6140
5200.30 7.6137
5200.35 7.6135
5200.40 7.6132
5200.45 7.6130
5200.50 7.6128
5200.55 7.6125
5200.60 7.6123
5200.65 7.6120
5200.70 7.6118
5200.75 7.6116
5200.80 7.6113
5200.85 7.6111
5200.90 7.6109
5200.95 7.6106
5201.00 7.6104
5201.05 7.6102
5201.10 7.6099
5201.15 7.6097
5201.20 7.6095
5201.25 7.6093
5201.30 7.6090
5201.35 7.6088
5201.40 7.6086
5201.45 7.6084
5201.50 7.6081
5201.55 7.6079
5201.60 7.6077
5201.65 7.6075
5201.70 7.6072
5201.75 7.6070
5201.80 7.6068
5201.85 7.6066
5201.90 7.6064
5201.95 7.6061
5202.00 7.6059
5202.05 7.6057
5202.10 7.6055
5202.15 7.6053
5202.20 7.6051
5202.25 7.6048
5202.30 7.6046
5202.35 7.6044
5202.40 7.6042
5202.45 7.6040
5202.50 7.6038
5202.55 7.6036
5202.60 7.6034
5202.65 7.6031
5202.70 7.6029
5202.75 7.6027
5202.80 7.6025
5202.85 7.6023
5202.90 7.6021
5202.95 7.6019
5203.00 7.6017
5203.05 7.6015
5203.10 7.6012
5203.15 7.6010
5203.20 7.6008
5203.25 7.6006
5203.30 7.6004
5203.35 7.6002
5203.40 7.6000
5203.45 7.5998
5203.50 7.5996
5203.55 7.5994
5203.60 7.5992
5203.65 7.5989
5203.70 7.5987
5203.75 7.5985
5203.80 7.5983
5203.85 7.5981
5203.90 7.5979
5203.95 7.5977
5204.00 7.5975
5204.05 7.5973
5204.10 7.5971
5204.15 7.5969
5204.20 7.5966
5204.25 7.5964
5204.30 7.5962
5204.35 7.5960
5204.40 7.5958
5204.45 7.5956
5204.50 7.5954
5204.55 7.5952
5204.60 7.5950
5204.65 7.5947
5204.70 7.5945
5204.75 7.5943
5204.80 7.5941
5204.85 7.5939
5204.90 7.5937
5204.95 7.5935
5205.00 7.5933
5205.05 7.5930
5205.10 7.5928
5205.15 7.5926
5205.20 7.5924
5205.25 7.5922
5205.30 7.5920
5205.35 7.5917
5205.40 7.5915
5205.45 7.5913
5205.50 7.5911
5205.55 7.5909
5205.60 7.5906
5205.65 7.5904
5205.70 7.5902
5205.75 7.5900
5205.80 7.5898
5205.85 7.5895
5205.90 7.5893
5205.95 7.5891
5206.00 7.5889
5206.05 7.5886
5206.10 7.5884
5206.15 7.5882
5206.20 7.5880
5206.25 7.5877
5206.30 7.5875
5206.35 7.5873
5206.40 7.5871
5206.45 7.5868
5206.50 7.5866
5206.55 7.5864
5206.60 7.5861
5206.65 7.5859
5206.70 7.5857
5206.75 7.5854
5206.80 7.5852
5206.85 7.5850
5206.90 7.5847
5206.95 7.5845
5207.00 7.5842
5207.05 7.5840
5207.10 7.5838
5207.15 7.5835
5207.20 7.5833
5207.25 7.5830
5207.30 7.5828
5207.35 7.5826
5207.40 7.5823
5207.45 7.5821
5207.50 7.5818
5207.55 7.5816
5207.60 7.5813
5207.65 7.5811
5207.70 7.5808
5207.75 7.5806
5207.80 7.5803
5207.85 7.5801
5207.90 7.5798
5207.95 7.5796
5208.00 7.5793
5208.05 7.5791
5208.10 7.5788
5208.15 7.5786
5208.20 7.5783
5208.25 7.5780
5208.30 7.5778
5208.35 7.5775
5208.40 7.5773
5208.45 7.5770
5208.50 7.5768
5208.55 7.5765
5208.60 7.5762
5208.65 7.5760
5208.70 7.5757
5208.75 7.5754
5208.80 7.5752
5208.85 7.5749
5208.90 7.5746
5208.95 7.5744
5209.00 7.5741
5209.05 7.5739
5209.10 7.5736
5209.15 7.5733
5209.20 7.5730
5209.25 7.5728
5209.30 7.5725
5209.35 7.5722
5209.40 7.5720
5209.45 7.5717
5209.50 7.5714
5209.55 7.5712
5209.60 7.5709
5209.65 7.5706
5209.70 7.5703
5209.75 7.5701
5209.80 7.5698
5209.85 7.5695
5209.90 7.5692
5209.95 7.5690
5210.00 7.5687
5210.05 7.5684
5210.10 7.5681
5210.15 7.5679
5210.20 7.5676
5210.25 7.5673
5210.30 7.5670
5210.35 7.5667
5210.40 7.5665
5210.45 7.5662
5210.50 7.5659
5210.55 7.5656
5210.60 7.5654
5210.65 7.5651
5210.70 7.5648
5210.75 7.5645
5210.80 7.5642
5210.85 7.5640
5210.90 7.5637
5210.95 7.5634
5211.00 7.5631
5211.05 7.5628
5211.10 7.5625
5211.15 7.5623
5211.20 7.5620
5211.25 7.5617
5211.30 7.5614
5211.35 7.5611
5211.40 7.5609
5211.45 7.5606
5211.50 7.5603
5211.55 7.5600
5211.60 7.5597
5211.65 7.5594
5211.70 7.5592
5211.75 7.5589
5211.80 7.5586
5211.85 7.5583
5211.90 7.5580
5211.95 7.5578
5212.00 7.5575
5212.05 7.5572
5212.10 7.5569
5212.15 7.5566
5212.20 7.5563
5212.25 7.5561
5212.30 7.5558
5212.35 7.5555
5212.40 7.5552
5212.45 7.5549
5212.50 7.5547
5212.55 7.5544
5212.60 7.5541
5212.65 7.5538
5212.70 7.5535
5212.75 7.5532
5212.80 7.5530
5212.85 7.5527
5212.90 7.5524
5212.95 7.5521
5213.00 7.5518
5213.05 7.5516
5213.10 7.5513
5213.15 7.5510
5213.20 7.5507
5213.25 7.5504
5213.30 7.5502
5213.35 7.5499
5213.40 7.5496
5213.45 7.5493
5213.50 7.5491
5213.55 7.5488
5213.60 7.5485
5213.65 7.5482
5213.70 7.5479
5213.75 7.5477
5213.80 7.5474
5213.85 7.5471
5213.90 7.5468
5213.95 7.5466
5214.00 7.5463
5214.05 7.5460
5214.10 7.5457
5214.15 7.5454
5214.20 7.5452
5214.25 7.5449
5214.30 7.5446
5214.35 7.5443
5214.40 7.5441
5214.45 7.5438
5214.50 7.5435
5214.55 7.5432
5214.60 7.5430
5214.65 7.5427
5214.70 7.5424
5214.75 7.5421
5214.80 7.5419
5214.85 7.5416
5214.90 7.5413
5214.95 7.5410
5215.00 7.5408
5215.05 7.5405
5215.10 7.5402
5215.15 7.5399
5215.20 7.5397
5215.25 7.5394
5215.30 7.5391
5215.35 7.5389
5215.40 7.5386
5215.45 7.5383
5215.50 7.5380
5215.55 7.5378
5215.60 7.5375
5215.65 7.5372
5215.70 7.5369
5215.75 7.5367
5215.80 7.5364
5215.85 7.5361
5215.90 7.5359
5215.95 7.5356
5216.00 7.5353
5216.05 7.5350
5216.10 7.5348
5216.15 7.5345
5216.20 7.5342
5216.25 7.5339
5216.30 7.5337
5216.35 7.5334
5216.40 7.5331
5216.45 7.5328
5216.50 7.5326
5216.55 7.5323
5216.60 7.5320
5216.65 7.5318
5216.70 7.5315
5216.75 7.5312
5216.80 7.5309
5216.85 7.5307
5216.90 7.5304
5216.95 7.5301
5217.00 7.5298
5217.05 7.5296
5217.10 7.5293
5217.15 7.5290
5217.20 7.5287
5217.25 7.5285
5217.30 7.5282
5217.35 7.5279
5217.40 7.5276
5217.45 7.5274
5217.50 7.5271
5217.55 7.5268
5217.60 7.5265
5217.65 7.5263
5217.70 7.5260
5217.75 7.5257
5217.80 7.5254
5217.85 7.5251
5217.90 7.5249
5217.95 7.5246
5218.00 7.5243
5218.05 7.5240
5218.10 7.5238
5218.15 7.5235
5218.20 7.5232
5218.25 7.5229
5218.30 7.5226
5218.35 7.5224
5218.40 7.5221
5218.45 7.5218
5218.50 7.5215
5218.55 7.5212
5218.60 7.5210
5218.65 7.5207
5218.70 7.5204
5218.75 7.5201
5218.80 7.5198
5218.85 7.5196
5218.90 7.5193
5218.95 7.5190
5219.00 7.5187
5219.05 7.5184
5219.10 7.5182
5219.15 7.5179
5219.20 7.5176
5219.25 7.5173
5219.30 7.5170
5219.35 7.5167
5219.40 7.5165
5219.45 7.5162
5219.50 7.5159
5219.55 7.5156
5219.60 7.5153
5219.65 7.5150
5219.70 7.5148
5219.75 7.5145
5219.80 7.5142
5219.85 7.5139
5219.90 7.5136
5219.95 7.5133
5220.00 7.5131
5220.05 7.5128
5220.10 7.5125
5220.15 7.5122
5220.20 7.5119
5220.25 7.5116
5220.30 7.5114
5220.35 7.5111
5220.40 7.5108
5220.45 7.5105
5220.50 7.5102
5220.55 7.5099
5220.60 7.5097
5220.65 7.5094
5220.70 7.5091
5220.75 7.5088
5220.80 7.5085
5220.85 7.5082
5220.90 7.5080
5220.95 7.5077
5221.00 7.5074
5221.05 7.5071
5221.10 7.5068
5221.15 7.5066
5221.20 7.5063
5221.25 7.5060
5221.30 7.5057
5221.35 7.5054
5221.40 7.5052
5221.45 7.5049
5221.50 7.5046
5221.55 7.5043
5221.60 7.5041
5221.65 7.5038
5221.70 7.5035
5221.75 7.5032
5221.80 7.5030
5221.85 7.5027
5221.90 7.5024
5221.95 7.5022
5222.00 7.5019
5222.05 7.5016
5222.10 7.5013
5222.15 7.5011
5222.20 7.5008
5222.25 7.5005
5222.30 7.5003
5222.35 7.5000
5222.40 7.4998
5222.45 7.4995
5222.50 7.4992
5222.55 7.4990
5222.60 7.4987
5222.65 7.4985
5222.70 7.4982
5222.75 7.4980
5222.80 7.4977
5222.85 7.4975
5222.90 7.4972
5222.95 7.4970
5223.00 7.4967
5223.05 7.4965
5223.10 7.4962
5223.15 7.4960
5223.20 7.4958
5223.25 7.4955
5223.30 7.4953
5223.35 7.4951
5223.40 7.4948
5223.45 7.4946
5223.50 7.4944
5223.55 7.4942
5223.60 7.4939
5223.65 7.4937
5223.70 7.4935
5223.75 7.4933
5223.80 7.4931
5223.85 7.4928
5223.90 7.4926
5223.95 7.4924
5224.00 7.4922
5224.05 7.4920
5224.10 7.4918
5224.15 7.4916
5224.20 7.4914
5224.25 7.4912
5224.30 7.4910
5224.35 7.4909
5224.40 7.4907
5224.45 7.4905
5224.50 7.4903
5224.55 7.4901
5224.60 7.4900
5224.65 7.4898
5224.70 7.4896
5224.75 7.4895
5224.80 7.4893
5224.85 7.4891
5224.90 7.4890
5224.95 7.4888
5225.00 7.4887
5225.05 7.4885
5225.10 7.4884
5225.15 7.4882
5225.20 7.4881
5225.25 7.4880
5225.30 7.4878
5225.35 7.4877
5225.40 7.4876
5225.45 7.4874
5225.50 7.4873
5225.55 7.4872
5225.60 7.4871
5225.65 7.4870
5225.70 7.4869
5225.75 7.4868
5225.80 7.4867
5225.85 7.4866
5225.90 7.4865
5225.95 7.4864
5226.00 7.4863
5226.05 7.4862
5226.10 7.4862
5226.15 7.4861
5226.20 7.4860
5226.25 7.4860
5226.30 7.4859
5226.35 7.4858
5226.40 7.4858
5226.45 7.4857
5226.50 7.4857
5226.55 7.4856
5226.60 7.4856
5226.65 7.4856
5226.70 7.4855
5226.75 7.4855
5226.80 7.4855
5226.85 7.4854
5226.90 7.4854
5226.95 7.4854
5227.00 7.4854
5227.05 7.4854
5227.10 7.4854
5227.15 7.4854
5227.20 7.4854
5227.25 7.4854
5227.30 7.4854
5227.35 7.4854
5227.40 7.4854
5227.45 7.4854
5227.50 7.4855
5227.55 7.4855
5227.60 7.4855
5227.65 7.4855
5227.70 7.4856
5227.75 7.4856
5227.80 7.4857
5227.85 7.4857
5227.90 7.4858
5227.95 7.4858
5228.00 7.4859
5228.05 7.4859
5228.10 7.4860
5228.15 7.4860
5228.20 7.4861
5228.25 7.4862
5228.30 7.4862
5228.35 7.4863
5228.40 7.4864
5228.45 7.4865
5228.50 7.4866
5228.55 7.4866
5228.60 7.4867
5228.65 7.4868
5228.70 7.4869
5228.75 7.4870
5228.80 7.4871
5228.85 7.4872
5228.90 7.4873
5228.95 7.4874
5229.00 7.4875
5229.05 7.4876
5229.10 7.4877
5229.15 7.4879
5229.20 7.4880
5229.25 7.4881
5229.30 7.4882
5229.35 7.4883
5229.40 7.4884
5229.45 7.4886
5229.50 7.4887
5229.55 7.4888
5229.60 7.4889
5229.65 7.4891
5229.70 7.4892
5229.75 7.4893
5229.80 7.4894
5229.85 7.4896
5229.90 7.4897
5229.95 7.4898
5230.00 7.4900
5230.05 7.4901
5230.10 7.4902
5230.15 7.4904
5230.20 7.4905
5230.25 7.4906
5230.30 7.4907
5230.35 7.4909
5230.40 7.4910
5230.45 7.4911
5230.50 7.4913
5230.55 7.4914
5230.60 7.4915
5230.65 7.4917
5230.70 7.4918
5230.75 7.4919
5230.80 7.4920
5230.85 7.4922
5230.90 7.4923
5230.95 7.4924
5231.00 7.4925
5231.05 7.4927
5231.10 7.4928
5231.15 7.4929
5231.20 7.4930
5231.25 7.4931
5231.30 7.4932
5231.35 7.4934
5231.40 7.4935
5231.45 7.4936
5231.50 7.4937
5231.55 7.4938
5231.60 7.4939
5231.65 7.4940
5231.70 7.4941
5231.75 7.4942
5231.80 7.4942
5231.85 7.4943
5231.90 7.4944
5231.95 7.4945
5232.00 7.4946
5232.05 7.4946
5232.10 7.4947
5232.15 7.4948
5232.20 7.4948
5232.25 7.4949
5232.30 7.4950
5232.35 7.4950
5232.40 7.4951
5232.45 7.4951
5232.50 7.4952
5232.55 7.4952
5232.60 7.4952
5232.65 7.4953
5232.70 7.4953
5232.75 7.4953
5232.80 7.4953
5232.85 7.4953
5232.90 7.4953
5232.95 7.4953
5233.00 7.4953
5233.05 7.4953
5233.10 7.4953
5233.15 7.4953
5233.20 7.4953
5233.25 7.4953
5233.30 7.4952
5233.35 7.4952
5233.40 7.4952
5233.45 7.4951
5233.50 7.4951
5233.55 7.4950
5233.60 7.4950
5233.65 7.4949
5233.70 7.4948
5233.75 7.4947
5233.80 7.4947
5233.85 7.4946
5233.90 7.4945
5233.95 7.4944
5234.00 7.4943
5234.05 7.4942
5234.10 7.4941
5234.15 7.4939
5234.20 7.4938
5234.25 7.4937
5234.30 7.4936
5234.35 7.4934
5234.40 7.4933
5234.45 7.4931
5234.50 7.4930
5234.55 7.4928
5234.60 7.4926
5234.65 7.4925
5234.70 7.4923
5234.75 7.4921
5234.80 7.4919
5234.85 7.4917
5234.90 7.4915
5234.95 7.4913
5235.00 7.4911
5235.05 7.4909
5235.10 7.4906
5235.15 7.4904
5235.20 7.4902
5235.25 7.4899
5235.30 7.4897
5235.35 7.4894
5235.40 7.4892
5235.45 7.4889
5235.50 7.4886
5235.55 7.4884
5235.60 7.4881
5235.65 7.4878
5235.70 7.4875
5235.75 7.4872
5235.80 7.4869
5235.85 7.4866
5235.90 7.4863
5235.95 7.4860
5236.00 7.4856
5236.05 7.4853
5236.10 7.4850
5236.15 7.4847
5236.20 7.4843
5236.25 7.4840
5236.30 7.4836
5236.35 7.4833
5236.40 7.4829
5236.45 7.4825
5236.50 7.4822
5236.55 7.4818
5236.60 7.4814
5236.65 7.4810
5236.70 7.4806
5236.75 7.4802
5236.80 7.4798
5236.85 7.4794
5236.90 7.4790
5236.95 7.4786
5237.00 7.4782
5237.05 7.4778
5237.10 7.4774
5237.15 7.4770
5237.20 7.4765
5237.25 7.4761
5237.30 7.4757
5237.35 7.4752
5237.40 7.4748
5237.45 7.4743
5237.50 7.4739
5237.55 7.4734
5237.60 7.4730
5237.65 7.4725
5237.70 7.4720
5237.75 7.4716
5237.80 7.4711
5237.85 7.4706
5237.90 7.4702
5237.95 7.4697
5238.00 7.4692
5238.05 7.4687
5238.10 7.4682
5238.15 7.4677
5238.20 7.4673
5238.25 7.4668
5238.30 7.4663
5238.35 7.4658
5238.40 7.4653
5238.45 7.4648
5238.50 7.4643
5238.55 7.4638
5238.60 7.4633
5238.65 7.4627
5238.70 7.4622
5238.75 7.4617
5238.80 7.4612
5238.85 7.4607
5238.90 7.4602
5238.95 7.4597
5239.00 7.4591
5239.05 7.4586
5239.10 7.4581
5239.15 7.4576
5239.20 7.4570
5239.25 7.4565
5239.30 7.4560
5239.35 7.4555
5239.40 7.4549
5239.45 7.4544
5239.50 7.4539
5239.55 7.4534
5239.60 7.4528
5239.65 7.4523
5239.70 7.4518
5239.75 7.4512
5239.80 7.4507
5239.85 7.4502
5239.90 7.4496
5239.95 7.4491
5240.00 7.4486
5240.05 7.4480
5240.10 7.4475
5240.15 7.4470
5240.20 7.4465
5240.25 7.4459
5240.30 7.4454
5240.35 7.4449
5240.40 7.4443
5240.45 7.4438
5240.50 7.4433
5240.55 7.4427
5240.60 7.4422
5240.65 7.4417
5240.70 7.4412
5240.75 7.4406
5240.80 7.4401
5240.85 7.4396
5240.90 7.4391
5240.95 7.4385
5241.00 7.4380
5241.05 7.4375
5241.10 7.4370
5241.15 7.4364
5241.20 7.4359
5241.25 7.4354
5241.30 7.4349
5241.35 7.4344
5241.40 7.4339
5241.45 7.4333
5241.50 7.4328
5241.55 7.4323
5241.60 7.4318
5241.65 7.4313
5241.70 7.4308
5241.75 7.4303
5241.80 7.4298
5241.85 7.4293
5241.90 7.4288
5241.95 7.4283
5242.00 7.4278
5242.05 7.4273
5242.10 7.4268
5242.15 7.4263
5242.20 7.4258
5242.25 7.4253
5242.30 7.4248
5242.35 7.4243
5242.40 7.4239
5242.45 7.4234
5242.50 7.4229
5242.55 7.4224
5242.60 7.4219
5242.65 7.4214
5242.70 7.4210
5242.75 7.4205
5242.80 7.4200
5242.85 7.4196
5242.90 7.4191
5242.95 7.4186
5243.00 7.4182
5243.05 7.4177
5243.10 7.4172
5243.15 7.4168
5243.20 7.4163
5243.25 7.4159
5243.30 7.4154
5243.35 7.4149
5243.40 7.4145
5243.45 7.4140
5243.50 7.4136
5243.55 7.4132
5243.60 7.4127
5243.65 7.4123
5243.70 7.4118
5243.75 7.4114
5243.80 7.4110
5243.85 7.4105
5243.90 7.4101
5243.95 7.4097
5244.00 7.4092
5244.05 7.4088
5244.10 7.4084
5244.15 7.4080
5244.20 7.4076
5244.25 7.4071
5244.30 7.4067
5244.35 7.4063
5244.40 7.4059
5244.45 7.4055
5244.50 7.4051
5244.55 7.4047
5244.60 7.4043
5244.65 7.4039
5244.70 7.4035
5244.75 7.4031
5244.80 7.4027
5244.85 7.4023
5244.90 7.4019
5244.95 7.4015
5245.00 7.4011
5245.05 7.4007
5245.10 7.4004
5245.15 7.4000
5245.20 7.3996
5245.25 7.3992
5245.30 7.3989
5245.35 7.3985
5245.40 7.3981
5245.45 7.3977
5245.50 7.3974
5245.55 7.3970
5245.60 7.3967
5245.65 7.3963
5245.70 7.3959
5245.75 7.3956
5245.80 7.3952
5245.85 7.3949
5245.90 7.3945
5245.95 7.3942
5246.00 7.3939
5246.05 7.3935
5246.10 7.3932
5246.15 7.3928
5246.20 7.3925
5246.25 7.3922
5246.30 7.3919
5246.35 7.3915
5246.40 7.3912
5246.45 7.3909
5246.50 7.3906
5246.55 7.3902
5246.60 7.3899
5246.65 7.3896
5246.70 7.3893
5246.75 7.3890
5246.80 7.3887
5246.85 7.3884
5246.90 7.3881
5246.95 7.3878
5247.00 7.3875
5247.05 7.3872
5247.10 7.3869
5247.15 7.3866
5247.20 7.3864
5247.25 7.3861
5247.30 7.3858
5247.35 7.3855
5247.40 7.3852
5247.45 7.3850
5247.50 7.3847
5247.55 7.3844
5247.60 7.3842
5247.65 7.3839
5247.70 7.3837
5247.75 7.3834
5247.80 7.3831
5247.85 7.3829
5247.90 7.3826
5247.95 7.3824
5248.00 7.3822
5248.05 7.3819
5248.10 7.3817
5248.15 7.3814
5248.20 7.3812
5248.25 7.3810
5248.30 7.3807
5248.35 7.3805
5248.40 7.3803
5248.45 7.3801
5248.50 7.3799
5248.55 7.3796
5248.60 7.3794
5248.65 7.3792
5248.70 7.3790
5248.75 7.3788
5248.80 7.3786
5248.85 7.3784
5248.90 7.3782
5248.95 7.3780
5249.00 7.3778
5249.05 7.3776
5249.10 7.3775
5249.15 7.3773
5249.20 7.3771
5249.25 7.3769
5249.30 7.3767
5249.35 7.3766
5249.40 7.3764
5249.45 7.3762
5249.50 7.3761
5249.55 7.3759
5249.60 7.3758
5249.65 7.3756
5249.70 7.3755
5249.75 7.3753
5249.80 7.3752
5249.85 7.3750
5249.90 7.3749
5249.95 7.3747
5250.00 7.3746
5250.05 7.3744
5250.10 7.3743
5250.15 7.3742
5250.20 7.3741
5250.25 7.3739
5250.30 7.3738
5250.35 7.3737
5250.40 7.3736
5250.45 7.3735
5250.50 7.3733
5250.55 7.3732
5250.60 7.3731
5250.65 7.3730
5250.70 7.3729
5250.75 7.3728
5250.80 7.3727
5250.85 7.3726
5250.90 7.3725
5250.95 7.3724
5251.00 7.3723
5251.05 7.3723
5251.10 7.3722
5251.15 7.3721
5251.20 7.3720
5251.25 7.3719
5251.30 7.3719
5251.35 7.3718
5251.40 7.3717
5251.45 7.3716
5251.50 7.3716
5251.55 7.3715
5251.60 7.3714
5251.65 7.3714
5251.70 7.3713
5251.75 7.3713
5251.80 7.3712
5251.85 7.3711
5251.90 7.3711
5251.95 7.3710
5252.00 7.3710
5252.05 7.3709
5252.10 7.3709
5252.15 7.3708
5252.20 7.3708
5252.25 7.3708
5252.30 7.3707
5252.35 7.3707
5252.40 7.3706
5252.45 7.3706
5252.50 7.3706
5252.55 7.3705
5252.60 7.3705
5252.65 7.3705
5252.70 7.3704
5252.75 7.3704
5252.80 7.3704
5252.85 7.3703
5252.90 7.3703
5252.95 7.3703
5253.00 7.3703
5253.05 7.3702
5253.10 7.3702
5253.15 7.3702
5253.20 7.3702
5253.25 7.3702
5253.30 7.3701
5253.35 7.3701
5253.40 7.3701
5253.45 7.3701
5253.50 7.3701
5253.55 7.3700
5253.60 7.3700
5253.65 7.3700
5253.70 7.3700
5253.75 7.3700
5253.80 7.3700
5253.85 7.3700
5253.90 7.3699
5253.95 7.3699
5254.00 7.3699
5254.05 7.3699
5254.10 7.3699
5254.15 7.3699
5254.20 7.3698
5254.25 7.3698
5254.30 7.3698
5254.35 7.3698
5254.40 7.3698
5254.45 7.3698
5254.50 7.3698
5254.55 7.3697
5254.60 7.3697
5254.65 7.3697
5254.70 7.3697
5254.75 7.3697
5254.80 7.3696
5254.85 7.3696
5254.90 7.3696
5254.95 7.3696
5255.00 7.3696
5255.05 7.3695
5255.10 7.3695
5255.15 7.3695
5255.20 7.3695
5255.25 7.3694
5255.30 7.3694
5255.35 7.3694
5255.40 7.3693
5255.45 7.3693
5255.50 7.3693
5255.55 7.3692
5255.60 7.3692
5255.65 7.3692
5255.70 7.3691
5255.75 7.3691
5255.80 7.3691
5255.85 7.3690
5255.90 7.3690
5255.95 7.3689
5256.00 7.3689
5256.05 7.3688
5256.10 7.3688
5256.15 7.3687
5256.20 7.3687
5256.25 7.3686
5256.30 7.3685
5256.35 7.3685
5256.40 7.3684
5256.45 7.3683
5256.50 7.3683
5256.55 7.3682
5256.60 7.3681
5256.65 7.3681
5256.70 7.3680
5256.75 7.3679
5256.80 7.3678
5256.85 7.3677
5256.90 7.3677
5256.95 7.3676
5257.00 7.3675
5257.05 7.3674
5257.10 7.3673
5257.15 7.3672
5257.20 7.3671
5257.25 7.3670
5257.30 7.3669
5257.35 7.3668
5257.40 7.3666
5257.45 7.3665
5257.50 7.3664
5257.55 7.3663
5257.60 7.3662
5257.65 7.3660
5257.70 7.3659
5257.75 7.3658
5257.80 7.3656
5257.85 7.3655
5257.90 7.3653
5257.95 7.3652
5258.00 7.3650
5258.05 7.3649
5258.10 7.3647
5258.15 7.3646
5258.20 7.3644
5258.25 7.3642
5258.30 7.3641
5258.35 7.3639
5258.40 7.3637
5258.45 7.3635
5258.50 7.3634
5258.55 7.3632
5258.60 7.3630
5258.65 7.3628
5258.70 7.3626
5258.75 7.3624
5258.80 7.3622
5258.85 7.3620
5258.90 7.3618
5258.95 7.3615
5259.00 7.3613
5259.05 7.3611
5259.10 7.3609
5259.15 7.3606
5259.20 7.3604
5259.25 7.3602
5259.30 7.3599
5259.35 7.3597
5259.40 7.3594
5259.45 7.3592
5259.50 7.3589
5259.55 7.3586
5259.60 7.3584
5259.65 7.3581
5259.70 7.3578
5259.75 7.3575
5259.80 7.3572
5259.85 7.3570
5259.90 7.3567
5259.95 7.3564
5260.00 7.3561
5260.05 7.3558
5260.10 7.3554
5260.15 7.3551
5260.20 7.3548
5260.25 7.3545
5260.30 7.3542
5260.35 7.3538
5260.40 7.3535
5260.45 7.3531
5260.50 7.3528
5260.55 7.3525
5260.60 7.3521
5260.65 7.3517
5260.70 7.3514
5260.75 7.3510
5260.80 7.3506
5260.85 7.3503
5260.90 7.3499
5260.95 7.3495
5261.00 7.3491
5261.05 7.3487
5261.10 7.3483
5261.15 7.3479
5261.20 7.3475
5261.25 7.3471
5261.30 7.3467
5261.35 7.3463
5261.40 7.3459
5261.45 7.3454
5261.50 7.3450
5261.55 7.3446
5261.60 7.3441
5261.65 7.3437
5261.70 7.3432
5261.75 7.3428
5261.80 7.3423
5261.85 7.3418
5261.90 7.3414
5261.95 7.3409
5262.00 7.3404
5262.05 7.3399
5262.10 7.3395
5262.15 7.3390
5262.20 7.3385
5262.25 7.3380
5262.30 7.3375
5262.35 7.3370
5262.40 7.3365
5262.45 7.3360
5262.50 7.3354
5262.55 7.3349
5262.60 7.3344
5262.65 7.3339
5262.70 7.3333
5262.75 7.3328
5262.80 7.3322
5262.85 7.3317
5262.90 7.3311
5262.95 7.3306
5263.00 7.3300
5263.05 7.3295
5263.10 7.3289
5263.15 7.3283
5263.20 7.3278
5263.25 7.3272
5263.30 7.3266
5263.35 7.3260
5263.40 7.3254
5263.45 7.3248
5263.50 7.3242
5263.55 7.3236
5263.60 7.3230
5263.65 7.3224
5263.70 7.3218
5263.75 7.3212
5263.80 7.3206
5263.85 7.3200
5263.90 7.3193
5263.95 7.3187
5264.00 7.3181
5264.05 7.3174
5264.10 7.3168
5264.15 7.3161
5264.20 7.3155
5264.25 7.3148
5264.30 7.3142
5264.35 7.3135
5264.40 7.3129
5264.45 7.3122
5264.50 7.3116
5264.55 7.3109
5264.60 7.3102
5264.65 7.3095
5264.70 7.3089
5264.75 7.3082
5264.80 7.3075
5264.85 7.3068
5264.90 7.3061
5264.95 7.3054
5265.00 7.3047
5265.05 7.3040
5265.10 7.3033
5265.15 7.3026
5265.20 7.3019
5265.25 7.3012
5265.30 7.3005
5265.35 7.2998
5265.40 7.2991
5265.45 7.2984
5265.50 7.2976
5265.55 7.2969
5265.60 7.2962
5265.65 7.2955
5265.70 7.2947
5265.75 7.2940
5265.80 7.2933
5265.85 7.2925
5265.90 7.2918
5265.95 7.2911
5266.00 7.2903
5266.05 7.2896
5266.10 7.2888
5266.15 7.2881
5266.20 7.2873
5266.25 7.2866
5266.30 7.2858
5266.35 7.2851
5266.40 7.2843
5266.45 7.2835
5266.50 7.2828
5266.55 7.2820
5266.60 7.2813
5266.65 7.2805
5266.70 7.2797
5266.75 7.2790
5266.80 7.2782
5266.85 7.2774
5266.90 7.2766
5266.95 7.2759
5267.00 7.2751
5267.05 7.2743
5267.10 7.2735
5267.15 7.2728
5267.20 7.2720
5267.25 7.2712
5267.30 7.2704
5267.35 7.2696
5267.40 7.2689
5267.45 7.2681
5267.50 7.2673
5267.55 7.2665
5267.60 7.2657
5267.65 7.2649
5267.70 7.2641
5267.75 7.2633
5267.80 7.2625
5267.85 7.2618
5267.90 7.2610
5267.95 7.2602
5268.00 7.2594
5268.05 7.2586
5268.10 7.2578
5268.15 7.2570
5268.20 7.2562
5268.25 7.2554
5268.30 7.2546
5268.35 7.2538
5268.40 7.2530
5268.45 7.2522
5268.50 7.2514
5268.55 7.2506
5268.60 7.2498
5268.65 7.2490
5268.70 7.2482
5268.75 7.2474
5268.80 7.2466
5268.85 7.2457
5268.90 7.2449
5268.95 7.2441
5269.00 7.2433
5269.05 7.2425
5269.10 7.2417
5269.15 7.2409
5269.20 7.2401
5269.25 7.2393
5269.30 7.2385
5269.35 7.2377
5269.40 7.2369
5269.45 7.2360
5269.50 7.2352
5269.55 7.2344
5269.60 7.2336
5269.65 7.2328
5269.70 7.2320
5269.75 7.2312
5269.80 7.2304
5269.85 7.2295
5269.90 7.2287
5269.95 7.2279
5270.00 7.2271
5270.05 7.2263
5270.10 7.2255
5270.15 7.2246
5270.20 7.2238
5270.25 7.2230
5270.30 7.2222
5270.35 7.2214
5270.40 7.2205
5270.45 7.2197
5270.50 7.2189
5270.55 7.2181
5270.60 7.2173
5270.65 7.2164
5270.70 7.2156
5270.75 7.2148
5270.80 7.2140
5270.85 7.2131
5270.90 7.2123
5270.95 7.2115
5271.00 7.2107
5271.05 7.2098
5271.10 7.2090
5271.15 7.2082
5271.20 7.2073
5271.25 7.2065
5271.30 7.2057
5271.35 7.2048
5271.40 7.2040
5271.45 7.2032
5271.50 7.2023
5271.55 7.2015
5271.60 7.2007
5271.65 7.1998
5271.70 7.1990
5271.75 7.1982
5271.80 7.1973
5271.85 7.1965
5271.90 7.1956
5271.95 7.1948
5272.00 7.1939
5272.05 7.1931
5272.10 7.1922
5272.15 7.1914
5272.20 7.1905
5272.25 7.1897
5272.30 7.1888
5272.35 7.1880
5272.40 7.1871
5272.45 7.1863
5272.50 7.1854
5272.55 7.1845
5272.60 7.1837
5272.65 7.1828
5272.70 7.1820
5272.75 7.1811
5272.80 7.1802
5272.85 7.1793
5272.90 7.1785
5272.95 7.1776
5273.00 7.1767
5273.05 7.1758
5273.10 7.1750
5273.15 7.1741
5273.20 7.1732
5273.25 7.1723
5273.30 7.1714
5273.35 7.1705
5273.40 7.1696
5273.45 7.1688
5273.50 7.1679
5273.55 7.1670
5273.60 7.1661
5273.65 7.1652
5273.70 7.1642
5273.75 7.1633
5273.80 7.1624
5273.85 7.1615
5273.90 7.1606
5273.95 7.1597
5274.00 7.1588
5274.05 7.1578
5274.10 7.1569
5274.15 7.1560
5274.20 7.1551
5274.25 7.1541
5274.30 7.1532
5274.35 7.1523
5274.40 7.1513
5274.45 7.1504
5274.50 7.1494
5274.55 7.1485
5274.60 7.1475
5274.65 7.1466
5274.70 7.1456
5274.75 7.1447
5274.80 7.1437
5274.85 7.1427
5274.90 7.1417
5274.95 7.1408
5275.00 7.1398
5275.05 7.1388
5275.10 7.1378
5275.15 7.1368
5275.20 7.1359
5275.25 7.1349
5275.30 7.1339
5275.35 7.1329
5275.40 7.1319
5275.45 7.1309
5275.50 7.1298
5275.55 7.1288
5275.60 7.1278
5275.65 7.1268
5275.70 7.1258
5275.75 7.1247
5275.80 7.1237
5275.85 7.1227
5275.90 7.1216
5275.95 7.1206
5276.00 7.1195
5276.05 7.1185
5276.10 7.1174
5276.15 7.1164
5276.20 7.1153
5276.25 7.1142
5276.30 7.1132
5276.35 7.1121
5276.40 7.1110
5276.45 7.1099
5276.50 7.1088
5276.55 7.1077
5276.60 7.1066
5276.65 7.1055
5276.70 7.1044
5276.75 7.1033
5276.80 7.1022
5276.85 7.1011
5276.90 7.1000
5276.95 7.0989
5277.00 7.0977
5277.05 7.0966
5277.10 7.0954
5277.15 7.0943
5277.20 7.0932
5277.25 7.0920
5277.30 7.0908
5277.35 7.0897
5277.40 7.0885
5277.45 7.0874
5277.50 7.0862
5277.55 7.0850
5277.60 7.0838
5277.65 7.0826
5277.70 7.0814
5277.75 7.0802
5277.80 7.0790
5277.85 7.0778
5277.90 7.0766
5277.95 7.0754
5278.00 7.0742
5278.05 7.0730
5278.10 7.0717
5278.15 7.0705
5278.20 7.0693
5278.25 7.0680
5278.30 7.0668
5278.35 7.0655
5278.40 7.0643
5278.45 7.0630
5278.50 7.0617
5278.55 7.0604
5278.60 7.0592
5278.65 7.0579
5278.70 7.0566
5278.75 7.0553
5278.80 7.0540
5278.85 7.0527
5278.90 7.0514
5278.95 7.0501
5279.00 7.0488
5279.05 7.0475
5279.10 7.0461
5279.15 7.0448
5279.20 7.0435
5279.25 7.0421
5279.30 7.0408
5279.35 7.0394
5279.40 7.0381
5279.45 7.0367
5279.50 7.0354
5279.55 7.0340
5279.60 7.0326
5279.65 7.0312
5279.70 7.0299
5279.75 7.0285
5279.80 7.0271
5279.85 7.0257
5279.90 7.0243
5279.95 7.0229
5280.00 7.0215
5280.05 7.0200
5280.10 7.0186
5280.15 7.0172
5280.20 7.0158
5280.25 7.0143
5280.30 7.0129
5280.35 7.0114
5280.40 7.0100
5280.45 7.0085
5280.50 7.0071
5280.55 7.0056
5280.60 7.0042
5280.65 7.0027
5280.70 7.0012
5280.75 6.9997
5280.80 6.9982
5280.85 6.9968
5280.90 6.9953
5280.95 6.9938
5281.00 6.9923
5281.05 6.9907
5281.10 6.9892
5281.15 6.9877
5281.20 6.9862
5281.25 6.9847
5281.30 6.9831
5281.35 6.9816
5281.40 6.9801
5281.45 6.9785
5281.50 6.9770
5281.55 6.9754
5281.60 6.9739
5281.65 6.9723
5281.70 6.9708
5281.75 6.9692
5281.80 6.9676
5281.85 6.9660
5281.90 6.9645
5281.95 6.9629
5282.00 6.9613
5282.05 6.9597
5282.10 6.9581
5282.15 6.9565
5282.20 6.9549
5282.25 6.9533
5282.30 6.9517
5282.35 6.9501
5282.40 6.9484
5282.45 6.9468
5282.50 6.9452
5282.55 6.9436
5282.60 6.9419
5282.65 6.9403
5282.70 6.9387
5282.75 6.9370
5282.80 6.9354
5282.85 6.9337
5282.90 6.9321
5282.95 6.9304
5283.00 6.9288
5283.05 6.9271
5283.10 6.9254
5283.15 6.9238
5283.20 6.9221
5283.25 6.9204
5283.30 6.9188
5283.35 6.9171
5283.40 6.9154
5283.45 6.9137
5283.50 6.9120
5283.55 6.9103
5283.60 6.9087
5283.65 6.9070
5283.70 6.9053
5283.75 6.9036
5283.80 6.9019
5283.85 6.9002
5283.90 6.8985
5283.95 6.8968
5284.00 6.8950
5284.05 6.8933
5284.10 6.8916
5284.15 6.8899
5284.20 6.8882
5284.25 6.8865
5284.30 6.8848
5284.35 6.8830
5284.40 6.8813
5284.45 6.8796
5284.50 6.8779
5284.55 6.8761
5284.60 6.8744
5284.65 6.8727
5284.70 6.8710
5284.75 6.8692
5284.80 6.8675
5284.85 6.8658
5284.90 6.8640
5284.95 6.8623
5285.00 6.8606
5285.05 6.8588
5285.10 6.8571
5285.15 6.8554
5285.20 6.8536
5285.25 6.8519
5285.30 6.8501
5285.35 6.8484
5285.40 6.8467
5285.45 6.8449
5285.50 6.8432
5285.55 6.8415
5285.60 6.8397
5285.65 6.8380
5285.70 6.8362
5285.75 6.8345
5285.80 6.8328
5285.85 6.8310
5285.90 6.8293
5285.95 6.8276
5286.00 6.8258
5286.05 6.8241
5286.10 6.8224
5286.15 6.8207
5286.20 6.8189
5286.25 6.8172
5286.30 6.8155
5286.35 6.8138
5286.40 6.8120
5286.45 6.8103
5286.50 6.8086
5286.55 6.8069
5286.60 6.8052
5286.65 6.8035
5286.70 6.8018
5286.75 6.8001
5286.80 6.7983
5286.85 6.7966
5286.90 6.7949
5286.95 6.7933
5287.00 6.7916
5287.05 6.7899
5287.10 6.7882
5287.15 6.7865
5287.20 6.7848
5287.25 6.7831
5287.30 6.7815
5287.35 6.7798
5287.40 6.7781
5287.45 6.7765
5287.50 6.7748
5287.55 6.7731
5287.60 6.7715
5287.65 6.7698
5287.70 6.7682
5287.75 6.7665
5287.80 6.7649
5287.85 6.7633
5287.90 6.7616
5287.95 6.7600
5288.00 6.7584
5288.05 6.7568
5288.10 6.7552
5288.15 6.7536
5288.20 6.7520
5288.25 6.7504
5288.30 6.7488
5288.35 6.7472
5288.40 6.7456
5288.45 6.7440
5288.50 6.7425
5288.55 6.7409
5288.60 6.7393
5288.65 6.7378
5288.70 6.7362
5288.75 6.7347
5288.80 6.7332
5288.85 6.7316
5288.90 6.7301
5288.95 6.7286
5289.00 6.7271
5289.05 6.7256
5289.10 6.7241
5289.15 6.7226
5289.20 6.7211
5289.25 6.7197
5289.30 6.7182
5289.35 6.7167
5289.40 6.7153
5289.45 6.7138
5289.50 6.7124
5289.55 6.7110
5289.60 6.7096
5289.65 6.7081
5289.70 6.7067
5289.75 6.7053
5289.80 6.7039
5289.85 6.7026
5289.90 6.7012
5289.95 6.6998
5290.00 6.6985
5290.05 6.6971
5290.10 6.6958
5290.15 6.6944
5290.20 6.6931
5290.25 6.6918
5290.30 6.6905
5290.35 6.6892
5290.40 6.6879
5290.45 6.6866
5290.50 6.6854
5290.55 6.6841
5290.60 6.6829
5290.65 6.6816
5290.70 6.6804
5290.75 6.6792
5290.80 6.6780
5290.85 6.6768
5290.90 6.6756
5290.95 6.6744
5291.00 6.6732
5291.05 6.6721
5291.10 6.6709
5291.15 6.6698
5291.20 6.6686
5291.25 6.6675
5291.30 6.6664
5291.35 6.6653
5291.40 6.6642
5291.45 6.6631
5291.50 6.6621
5291.55 6.6610
5291.60 6.6600
5291.65 6.6590
5291.70 6.6579
5291.75 6.6569
5291.80 6.6559
5291.85 6.6549
5291.90 6.6540
5291.95 6.6530
5292.00 6.6521
5292.05 6.6511
5292.10 6.6502
5292.15 6.6493
5292.20 6.6484
5292.25 6.6475
5292.30 6.6466
5292.35 6.6457
5292.40 6.6449
5292.45 6.6441
5292.50 6.6432
5292.55 6.6424
5292.60 6.6416
5292.65 6.6408
5292.70 6.6400
5292.75 6.6393
5292.80 6.6385
5292.85 6.6378
5292.90 6.6370
5292.95 6.6363
5293.00 6.6356
5293.05 6.6349
5293.10 6.6343
5293.15 6.6336
5293.20 6.6330
5293.25 6.6323
5293.30 6.6317
5293.35 6.6311
5293.40 6.6305
5293.45 6.6299
5293.50 6.6294
5293.55 6.6288
5293.60 6.6283
5293.65 6.6277
5293.70 6.6272
5293.75 6.6267
5293.80 6.6262
5293.85 6.6258
5293.90 6.6253
5293.95 6.6249
5294.00 6.6244
5294.05 6.6240
5294.10 6.6236
5294.15 6.6232
5294.20 6.6229
5294.25 6.6225
5294.30 6.6221
5294.35 6.6218
5294.40 6.6215
5294.45 6.6212
5294.50 6.6209
5294.55 6.6206
5294.60 6.6204
5294.65 6.6201
5294.70 6.6199
5294.75 6.6197
5294.80 6.6195
5294.85 6.6193
5294.90 6.6191
5294.95 6.6190
5295.00 6.6188
5295.05 6.6187
5295.10 6.6186
5295.15 6.6185
5295.20 6.6184
5295.25 6.6183
5295.30 6.6182
5295.35 6.6182
5295.40 6.6182
5295.45 6.6182
