4450.50 16.5533
4450.55 16.5533
4450.60 16.5533
4450.65 16.5533
4450.70 16.5533
4450.75 16.5534
4450.80 16.5534
4450.85 16.5534
4450.90 16.5535
4450.95 16.5535
4451.00 16.5536
4451.05 16.5537
4451.10 16.5537
4451.15 16.5538
4451.20 16.5539
4451.25 16.5540
4451.30 16.5541
4451.35 16.5542
4451.40 16.5543
4451.45 16.5544
4451.50 16.5545
4451.55 16.5546
4451.60 16.5547
4451.65 16.5549
4451.70 16.5550
4451.75 16.5552
4451.80 16.5553
4451.85 16.5555
4451.90 16.5556
4451.95 16.5558
4452.00 16.5560
4452.05 16.5561
4452.10 16.5563
4452.15 16.5565
4452.20 16.5567
4452.25 16.5569
4452.30 16.5571
4452.35 16.5573
4452.40 16.5575
4452.45 16.5578
4452.50 16.5580
4452.55 16.5582
4452.60 16.5585
4452.65 16.5587
4452.70 16.5590
4452.75 16.5592
4452.80 16.5595
4452.85 16.5597
4452.90 16.5600
4452.95 16.5603
4453.00 16.5605
4453.05 16.5608
4453.10 16.5611
4453.15 16.5614
4453.20 16.5617
4453.25 16.5620
4453.30 16.5623
4453.35 16.5626
4453.40 16.5629
4453.45 16.5633
4453.50 16.5636
4453.55 16.5639
4453.60 16.5643
4453.65 16.5646
4453.70 16.5649
4453.75 16.5653
4453.80 16.5656
4453.85 16.5660
4453.90 16.5664
4453.95 16.5667
4454.00 16.5671
4454.05 16.5675
4454.10 16.5678
4454.15 16.5682
4454.20 16.5686
4454.25 16.5690
4454.30 16.5694
4454.35 16.5698
4454.40 16.5702
4454.45 16.5706
4454.50 16.5710
4454.55 16.5714
4454.60 16.5718
4454.65 16.5722
4454.70 16.5727
4454.75 16.5731
4454.80 16.5735
4454.85 16.5739
4454.90 16.5744
4454.95 16.5748
4455.00 16.5753
4455.05 16.5757
4455.10 16.5761
4455.15 16.5766
4455.20 16.5770
4455.25 16.5775
4455.30 16.5780
4455.35 16.5784
4455.40 16.5789
4455.45 16.5794
4455.50 16.5798
4455.55 16.5803
4455.60 16.5808
4455.65 16.5812
4455.70 16.5817
4455.75 16.5822
4455.80 16.5827
4455.85 16.5832
4455.90 16.5837
4455.95 16.5841
4456.00 16.5846
4456.05 16.5851
4456.10 16.5856
4456.15 16.5861
4456.20 16.5866
4456.25 16.5871
4456.30 16.5876
4456.35 16.5881
4456.40 16.5886
4456.45 16.5891
4456.50 16.5897
4456.55 16.5902
4456.60 16.5907
4456.65 16.5912
4456.70 16.5917
4456.75 16.5922
4456.80 16.5927
4456.85 16.5932
4456.90 16.5938
4456.95 16.5943
4457.00 16.5948
4457.05 16.5953
4457.10 16.5958
4457.15 16.5964
4457.20 16.5969
4457.25 16.5974
4457.30 16.5979
4457.35 16.5985
4457.40 16.5990
4457.45 16.5995
4457.50 16.6000
4457.55 16.6006
4457.60 16.6011
4457.65 16.6016
4457.70 16.6021
4457.75 16.6027
4457.80 16.6032
4457.85 16.6037
4457.90 16.6043
4457.95 16.6048
4458.00 16.6053
4458.05 16.6058
4458.10 16.6064
4458.15 16.6069
4458.20 16.6074
4458.25 16.6079
4458.30 16.6085
4458.35 16.6090
4458.40 16.6095
4458.45 16.6100
4458.50 16.6106
4458.55 16.6111
4458.60 16.6116
4458.65 16.6121
4458.70 16.6126
4458.75 16.6131
4458.80 16.6137
4458.85 16.6142
4458.90 16.6147
4458.95 16.6152
4459.00 16.6157
4459.05 16.6162
4459.10 16.6167
4459.15 16.6173
4459.20 16.6178
4459.25 16.6183
4459.30 16.6188
4459.35 16.6193
4459.40 16.6198
4459.45 16.6203
4459.50 16.6208
4459.55 16.6213
4459.60 16.6218
4459.65 16.6223
4459.70 16.6228
4459.75 16.6232
4459.80 16.6237
4459.85 16.6242
4459.90 16.6247
4459.95 16.6252
4460.00 16.6257
4460.05 16.6261
4460.10 16.6266
4460.15 16.6271
4460.20 16.6276
4460.25 16.6280
4460.30 16.6285
4460.35 16.6290
4460.40 16.6294
4460.45 16.6299
4460.50 16.6304
4460.55 16.6308
4460.60 16.6313
4460.65 16.6317
4460.70 16.6322
4460.75 16.6326
4460.80 16.6331
4460.85 16.6335
4460.90 16.6339
4460.95 16.6344
4461.00 16.6348
4461.05 16.6353
4461.10 16.6357
4461.15 16.6361
4461.20 16.6365
4461.25 16.6370
4461.30 16.6374
4461.35 16.6378
4461.40 16.6382
4461.45 16.6386
4461.50 16.6390
4461.55 16.6394
4461.60 16.6398
4461.65 16.6402
4461.70 16.6406
4461.75 16.6410
4461.80 16.6414
4461.85 16.6418
4461.90 16.6422
4461.95 16.6426
4462.00 16.6429
4462.05 16.6433
4462.10 16.6437
4462.15 16.6441
4462.20 16.6444
4462.25 16.6448
4462.30 16.6452
4462.35 16.6455
4462.40 16.6459
4462.45 16.6462
4462.50 16.6466
4462.55 16.6469
4462.60 16.6473
4462.65 16.6476
4462.70 16.6479
4462.75 16.6483
4462.80 16.6486
4462.85 16.6489
4462.90 16.6492
4462.95 16.6496
4463.00 16.6499
4463.05 16.6502
4463.10 16.6505
4463.15 16.6508
4463.20 16.6511
4463.25 16.6514
4463.30 16.6517
4463.35 16.6520
4463.40 16.6523
4463.45 16.6526
4463.50 16.6529
4463.55 16.6531
4463.60 16.6534
4463.65 16.6537
4463.70 16.6540
4463.75 16.6542
4463.80 16.6545
4463.85 16.6548
4463.90 16.6550
4463.95 16.6553
4464.00 16.6555
4464.05 16.6558
4464.10 16.6560
4464.15 16.6563
4464.20 16.6565
4464.25 16.6567
4464.30 16.6570
4464.35 16.6572
4464.40 16.6574
4464.45 16.6576
4464.50 16.6579
4464.55 16.6581
4464.60 16.6583
4464.65 16.6585
4464.70 16.6587
4464.75 16.6589
4464.80 16.6591
4464.85 16.6593
4464.90 16.6595
4464.95 16.6597
4465.00 16.6599
4465.05 16.6600
4465.10 16.6602
4465.15 16.6604
4465.20 16.6606
4465.25 16.6607
4465.30 16.6609
4465.35 16.6611
4465.40 16.6612
4465.45 16.6614
4465.50 16.6615
4465.55 16.6617
4465.60 16.6618
4465.65 16.6620
4465.70 16.6621
4465.75 16.6622
4465.80 16.6624
4465.85 16.6625
4465.90 16.6626
4465.95 16.6628
4466.00 16.6629
4466.05 16.6630
4466.10 16.6631
4466.15 16.6632
4466.20 16.6633
4466.25 16.6634
4466.30 16.6635
4466.35 16.6636
4466.40 16.6637
4466.45 16.6638
4466.50 16.6639
4466.55 16.6640
4466.60 16.6641
4466.65 16.6642
4466.70 16.6642
4466.75 16.6643
4466.80 16.6644
4466.85 16.6644
4466.90 16.6645
4466.95 16.6646
4467.00 16.6646
4467.05 16.6647
4467.10 16.6647
4467.15 16.6648
4467.20 16.6648
4467.25 16.6649
4467.30 16.6649
4467.35 16.6649
4467.40 16.6650
4467.45 16.6650
4467.50 16.6650
4467.55 16.6650
4467.60 16.6651
4467.65 16.6651
4467.70 16.6651
4467.75 16.6651
4467.80 16.6651
4467.85 16.6651
4467.90 16.6651
4467.95 16.6651
4468.00 16.6651
4468.05 16.6651
4468.10 16.6651
4468.15 16.6651
4468.20 16.6651
4468.25 16.6650
4468.30 16.6650
4468.35 16.6650
4468.40 16.6650
4468.45 16.6649
4468.50 16.6649
4468.55 16.6648
4468.60 16.6648
4468.65 16.6648
4468.70 16.6647
4468.75 16.6647
4468.80 16.6646
4468.85 16.6645
4468.90 16.6645
4468.95 16.6644
4469.00 16.6643
4469.05 16.6643
4469.10 16.6642
4469.15 16.6641
4469.20 16.6640
4469.25 16.6639
4469.30 16.6639
4469.35 16.6638
4469.40 16.6637
4469.45 16.6636
4469.50 16.6635
4469.55 16.6634
4469.60 16.6633
4469.65 16.6632
4469.70 16.6630
4469.75 16.6629
4469.80 16.6628
4469.85 16.6627
4469.90 16.6626
4469.95 16.6624
4470.00 16.6623
4470.05 16.6621
4470.10 16.6620
4470.15 16.6619
4470.20 16.6617
4470.25 16.6616
4470.30 16.6614
4470.35 16.6613
4470.40 16.6611
4470.45 16.6609
4470.50 16.6608
4470.55 16.6606
4470.60 16.6604
4470.65 16.6602
4470.70 16.6600
4470.75 16.6599
4470.80 16.6597
4470.85 16.6595
4470.90 16.6593
4470.95 16.6591
4471.00 16.6589
4471.05 16.6587
4471.10 16.6585
4471.15 16.6582
4471.20 16.6580
4471.25 16.6578
4471.30 16.6576
4471.35 16.6574
4471.40 16.6571
4471.45 16.6569
4471.50 16.6566
4471.55 16.6564
4471.60 16.6562
4471.65 16.6559
4471.70 16.6556
4471.75 16.6554
4471.80 16.6551
4471.85 16.6549
4471.90 16.6546
4471.95 16.6543
4472.00 16.6540
4472.05 16.6538
4472.10 16.6535
4472.15 16.6532
4472.20 16.6529
4472.25 16.6526
4472.30 16.6523
4472.35 16.6520
4472.40 16.6517
4472.45 16.6514
4472.50 16.6511
4472.55 16.6507
4472.60 16.6504
4472.65 16.6501
4472.70 16.6498
4472.75 16.6494
4472.80 16.6491
4472.85 16.6488
4472.90 16.6484
4472.95 16.6481
4473.00 16.6477
4473.05 16.6473
4473.10 16.6470
4473.15 16.6466
4473.20 16.6462
4473.25 16.6459
4473.30 16.6455
4473.35 16.6451
4473.40 16.6447
4473.45 16.6443
4473.50 16.6439
4473.55 16.6436
4473.60 16.6432
4473.65 16.6427
4473.70 16.6423
4473.75 16.6419
4473.80 16.6415
4473.85 16.6411
4473.90 16.6407
4473.95 16.6402
4474.00 16.6398
4474.05 16.6394
4474.10 16.6389
4474.15 16.6385
4474.20 16.6380
4474.25 16.6376
4474.30 16.6371
4474.35 16.6367
4474.40 16.6362
4474.45 16.6357
4474.50 16.6353
4474.55 16.6348
4474.60 16.6343
4474.65 16.6338
4474.70 16.6334
4474.75 16.6329
4474.80 16.6324
4474.85 16.6319
4474.90 16.6314
4474.95 16.6309
4475.00 16.6304
4475.05 16.6298
4475.10 16.6293
4475.15 16.6288
4475.20 16.6283
4475.25 16.6278
4475.30 16.6272
4475.35 16.6267
4475.40 16.6262
4475.45 16.6256
4475.50 16.6251
4475.55 16.6245
4475.60 16.6240
4475.65 16.6234
4475.70 16.6229
4475.75 16.6223
4475.80 16.6217
4475.85 16.6212
4475.90 16.6206
4475.95 16.6200
4476.00 16.6195
4476.05 16.6189
4476.10 16.6183
4476.15 16.6177
4476.20 16.6171
4476.25 16.6165
4476.30 16.6159
4476.35 16.6153
4476.40 16.6147
4476.45 16.6141
4476.50 16.6135
4476.55 16.6129
4476.60 16.6123
4476.65 16.6116
4476.70 16.6110
4476.75 16.6104
4476.80 16.6098
4476.85 16.6091
4476.90 16.6085
4476.95 16.6079
4477.00 16.6072
4477.05 16.6066
4477.10 16.6060
4477.15 16.6053
4477.20 16.6047
4477.25 16.6040
4477.30 16.6034
4477.35 16.6027
4477.40 16.6020
4477.45 16.6014
4477.50 16.6007
4477.55 16.6000
4477.60 16.5994
4477.65 16.5987
4477.70 16.5980
4477.75 16.5974
4477.80 16.5967
4477.85 16.5960
4477.90 16.5953
4477.95 16.5946
4478.00 16.5939
4478.05 16.5933
4478.10 16.5926
4478.15 16.5919
4478.20 16.5912
4478.25 16.5905
4478.30 16.5898
4478.35 16.5891
4478.40 16.5884
4478.45 16.5877
4478.50 16.5870
4478.55 16.5863
4478.60 16.5856
4478.65 16.5849
4478.70 16.5842
4478.75 16.5834
4478.80 16.5827
4478.85 16.5820
4478.90 16.5813
4478.95 16.5806
4479.00 16.5799
4479.05 16.5791
4479.10 16.5784
4479.15 16.5777
4479.20 16.5770
4479.25 16.5763
4479.30 16.5755
4479.35 16.5748
4479.40 16.5741
4479.45 16.5733
4479.50 16.5726
4479.55 16.5719
4479.60 16.5711
4479.65 16.5704
4479.70 16.5697
4479.75 16.5689
4479.80 16.5682
4479.85 16.5675
4479.90 16.5667
4479.95 16.5660
4480.00 16.5653
4480.05 16.5645
4480.10 16.5638
4480.15 16.5631
4480.20 16.5623
4480.25 16.5616
4480.30 16.5608
4480.35 16.5601
4480.40 16.5593
4480.45 16.5586
4480.50 16.5579
4480.55 16.5571
4480.60 16.5564
4480.65 16.5556
4480.70 16.5549
4480.75 16.5541
4480.80 16.5534
4480.85 16.5527
4480.90 16.5519
4480.95 16.5512
4481.00 16.5504
4481.05 16.5497
4481.10 16.5489
4481.15 16.5482
4481.20 16.5474
4481.25 16.5467
4481.30 16.5459
4481.35 16.5452
4481.40 16.5445
4481.45 16.5437
4481.50 16.5430
4481.55 16.5422
4481.60 16.5415
4481.65 16.5407
4481.70 16.5400
4481.75 16.5392
4481.80 16.5385
4481.85 16.5378
4481.90 16.5370
4481.95 16.5363
4482.00 16.5355
4482.05 16.5348
4482.10 16.5340
4482.15 16.5333
4482.20 16.5325
4482.25 16.5318
4482.30 16.5311
4482.35 16.5303
4482.40 16.5296
4482.45 16.5288
4482.50 16.5281
4482.55 16.5274
4482.60 16.5266
4482.65 16.5259
4482.70 16.5251
4482.75 16.5244
4482.80 16.5236
4482.85 16.5229
4482.90 16.5222
4482.95 16.5214
4483.00 16.5207
4483.05 16.5199
4483.10 16.5192
4483.15 16.5185
4483.20 16.5177
4483.25 16.5170
4483.30 16.5163
4483.35 16.5155
4483.40 16.5148
4483.45 16.5140
4483.50 16.5133
4483.55 16.5126
4483.60 16.5118
4483.65 16.5111
4483.70 16.5104
4483.75 16.5096
4483.80 16.5089
4483.85 16.5081
4483.90 16.5074
4483.95 16.5067
4484.00 16.5059
4484.05 16.5052
4484.10 16.5045
4484.15 16.5037
4484.20 16.5030
4484.25 16.5023
4484.30 16.5015
4484.35 16.5008
4484.40 16.5001
4484.45 16.4993
4484.50 16.4986
4484.55 16.4979
4484.60 16.4971
4484.65 16.4964
4484.70 16.4956
4484.75 16.4949
4484.80 16.4942
4484.85 16.4934
4484.90 16.4927
4484.95 16.4920
4485.00 16.4912
4485.05 16.4905
4485.10 16.4898
4485.15 16.4890
4485.20 16.4883
4485.25 16.4876
4485.30 16.4868
4485.35 16.4861
4485.40 16.4853
4485.45 16.4846
4485.50 16.4839
4485.55 16.4831
4485.60 16.4824
4485.65 16.4817
4485.70 16.4809
4485.75 16.4802
4485.80 16.4794
4485.85 16.4787
4485.90 16.4780
4485.95 16.4772
4486.00 16.4765
4486.05 16.4757
4486.10 16.4750
4486.15 16.4742
4486.20 16.4735
4486.25 16.4728
4486.30 16.4720
4486.35 16.4713
4486.40 16.4705
4486.45 16.4698
4486.50 16.4690
4486.55 16.4683
4486.60 16.4675
4486.65 16.4668
4486.70 16.4660
4486.75 16.4653
4486.80 16.4645
4486.85 16.4638
4486.90 16.4630
4486.95 16.4623
4487.00 16.4615
4487.05 16.4608
4487.10 16.4600
4487.15 16.4592
4487.20 16.4585
4487.25 16.4577
4487.30 16.4570
4487.35 16.4562
4487.40 16.4555
4487.45 16.4547
4487.50 16.4539
4487.55 16.4532
4487.60 16.4524
4487.65 16.4516
4487.70 16.4509
4487.75 16.4501
4487.80 16.4493
4487.85 16.4486
4487.90 16.4478
4487.95 16.4470
4488.00 16.4463
4488.05 16.4455
4488.10 16.4447
4488.15 16.4439
4488.20 16.4432
4488.25 16.4424
4488.30 16.4416
4488.35 16.4408
4488.40 16.4400
4488.45 16.4393
4488.50 16.4385
4488.55 16.4377
4488.60 16.4369
4488.65 16.4361
4488.70 16.4353
4488.75 16.4346
4488.80 16.4338
4488.85 16.4330
4488.90 16.4322
4488.95 16.4314
4489.00 16.4306
4489.05 16.4298
4489.10 16.4290
4489.15 16.4282
4489.20 16.4274
4489.25 16.4266
4489.30 16.4258
4489.35 16.4250
4489.40 16.4242
4489.45 16.4234
4489.50 16.4226
4489.55 16.4218
4489.60 16.4210
4489.65 16.4202
4489.70 16.4194
4489.75 16.4186
4489.80 16.4178
4489.85 16.4170
4489.90 16.4162
4489.95 16.4154
4490.00 16.4146
4490.05 16.4137
4490.10 16.4129
4490.15 16.4121
4490.20 16.4113
4490.25 16.4105
4490.30 16.4097
4490.35 16.4088
4490.40 16.4080
4490.45 16.4072
4490.50 16.4064
4490.55 16.4056
4490.60 16.4047
4490.65 16.4039
4490.70 16.4031
4490.75 16.4023
4490.80 16.4014
4490.85 16.4006
4490.90 16.3998
4490.95 16.3990
4491.00 16.3981
4491.05 16.3973
4491.10 16.3965
4491.15 16.3956
4491.20 16.3948
4491.25 16.3940
4491.30 16.3932
4491.35 16.3923
4491.40 16.3915
4491.45 16.3907
4491.50 16.3898
4491.55 16.3890
4491.60 16.3881
4491.65 16.3873
4491.70 16.3865
4491.75 16.3856
4491.80 16.3848
4491.85 16.3840
4491.90 16.3831
4491.95 16.3823
4492.00 16.3814
4492.05 16.3806
4492.10 16.3798
4492.15 16.3789
4492.20 16.3781
4492.25 16.3773
4492.30 16.3764
4492.35 16.3756
4492.40 16.3747
4492.45 16.3739
4492.50 16.3730
4492.55 16.3722
4492.60 16.3714
4492.65 16.3705
4492.70 16.3697
4492.75 16.3688
4492.80 16.3680
4492.85 16.3672
4492.90 16.3663
4492.95 16.3655
4493.00 16.3646
4493.05 16.3638
4493.10 16.3630
4493.15 16.3621
4493.20 16.3613
4493.25 16.3604
4493.30 16.3596
4493.35 16.3587
4493.40 16.3579
4493.45 16.3571
4493.50 16.3562
4493.55 16.3554
4493.60 16.3546
4493.65 16.3537
4493.70 16.3529
4493.75 16.3520
4493.80 16.3512
4493.85 16.3504
4493.90 16.3495
4493.95 16.3487
4494.00 16.3479
4494.05 16.3470
4494.10 16.3462
4494.15 16.3454
4494.20 16.3445
4494.25 16.3437
4494.30 16.3429
4494.35 16.3420
4494.40 16.3412
4494.45 16.3404
4494.50 16.3396
4494.55 16.3387
4494.60 16.3379
4494.65 16.3371
4494.70 16.3362
4494.75 16.3354
4494.80 16.3346
4494.85 16.3338
4494.90 16.3330
4494.95 16.3321
4495.00 16.3313
4495.05 16.3305
4495.10 16.3297
4495.15 16.3289
4495.20 16.3281
4495.25 16.3272
4495.30 16.3264
4495.35 16.3256
4495.40 16.3248
4495.45 16.3240
4495.50 16.3232
4495.55 16.3224
4495.60 16.3216
4495.65 16.3208
4495.70 16.3200
4495.75 16.3192
4495.80 16.3184
4495.85 16.3176
4495.90 16.3168
4495.95 16.3160
4496.00 16.3152
4496.05 16.3144
4496.10 16.3136
4496.15 16.3128
4496.20 16.3120
4496.25 16.3112
4496.30 16.3105
4496.35 16.3097
4496.40 16.3089
4496.45 16.3081
4496.50 16.3073
4496.55 16.3065
4496.60 16.3058
4496.65 16.3050
4496.70 16.3042
4496.75 16.3035
4496.80 16.3027
4496.85 16.3019
4496.90 16.3012
4496.95 16.3004
4497.00 16.2996
4497.05 16.2989
4497.10 16.2981
4497.15 16.2973
4497.20 16.2966
4497.25 16.2958
4497.30 16.2951
4497.35 16.2943
4497.40 16.2936
4497.45 16.2928
4497.50 16.2921
4497.55 16.2914
4497.60 16.2906
4497.65 16.2899
4497.70 16.2891
4497.75 16.2884
4497.80 16.2877
4497.85 16.2869
4497.90 16.2862
4497.95 16.2855
4498.00 16.2848
4498.05 16.2840
4498.10 16.2833
4498.15 16.2826
4498.20 16.2819
4498.25 16.2812
4498.30 16.2805
4498.35 16.2798
4498.40 16.2791
4498.45 16.2783
4498.50 16.2776
4498.55 16.2769
4498.60 16.2762
4498.65 16.2755
4498.70 16.2749
4498.75 16.2742
4498.80 16.2735
4498.85 16.2728
4498.90 16.2721
4498.95 16.2714
4499.00 16.2707
4499.05 16.2701
4499.10 16.2694
4499.15 16.2687
4499.20 16.2680
4499.25 16.2674
4499.30 16.2667
4499.35 16.2660
4499.40 16.2654
4499.45 16.2647
4499.50 16.2640
4499.55 16.2634
4499.60 16.2627
4499.65 16.2621
4499.70 16.2614
4499.75 16.2608
4499.80 16.2601
4499.85 16.2595
4499.90 16.2589
4499.95 16.2582
4500.00 16.2576
4500.05 16.2570
4500.10 16.2563
4500.15 16.2557
4500.20 16.2551
4500.25 16.2544
4500.30 16.2538
4500.35 16.2532
4500.40 16.2526
4500.45 16.2520
4500.50 16.2514
4500.55 16.2507
4500.60 16.2501
4500.65 16.2495
4500.70 16.2489
4500.75 16.2483
4500.80 16.2477
4500.85 16.2471
4500.90 16.2465
4500.95 16.2459
4501.00 16.2454
4501.05 16.2448
4501.10 16.2442
4501.15 16.2436
4501.20 16.2430
4501.25 16.2424
4501.30 16.2419
4501.35 16.2413
4501.40 16.2407
4501.45 16.2402
4501.50 16.2396
4501.55 16.2390
4501.60 16.2385
4501.65 16.2379
4501.70 16.2374
4501.75 16.2368
4501.80 16.2362
4501.85 16.2357
4501.90 16.2351
4501.95 16.2346
4502.00 16.2341
4502.05 16.2335
4502.10 16.2330
4502.15 16.2324
4502.20 16.2319
4502.25 16.2314
4502.30 16.2308
4502.35 16.2303
4502.40 16.2298
4502.45 16.2293
4502.50 16.2287
4502.55 16.2282
4502.60 16.2277
4502.65 16.2272
4502.70 16.2267
4502.75 16.2262
4502.80 16.2257
4502.85 16.2252
4502.90 16.2247
4502.95 16.2242
4503.00 16.2237
4503.05 16.2232
4503.10 16.2227
4503.15 16.2222
4503.20 16.2217
4503.25 16.2212
4503.30 16.2207
4503.35 16.2202
4503.40 16.2197
4503.45 16.2192
4503.50 16.2188
4503.55 16.2183
4503.60 16.2178
4503.65 16.2173
4503.70 16.2169
4503.75 16.2164
4503.80 16.2159
4503.85 16.2155
4503.90 16.2150
4503.95 16.2145
4504.00 16.2141
4504.05 16.2136
4504.10 16.2132
4504.15 16.2127
4504.20 16.2123
4504.25 16.2118
4504.30 16.2114
4504.35 16.2109
4504.40 16.2105
4504.45 16.2100
4504.50 16.2096
4504.55 16.2091
4504.60 16.2087
4504.65 16.2083
4504.70 16.2078
4504.75 16.2074
4504.80 16.2070
4504.85 16.2065
4504.90 16.2061
4504.95 16.2057
4505.00 16.2052
4505.05 16.2048
4505.10 16.2044
4505.15 16.2040
4505.20 16.2036
4505.25 16.2031
4505.30 16.2027
4505.35 16.2023
4505.40 16.2019
4505.45 16.2015
4505.50 16.2011
4505.55 16.2007
4505.60 16.2002
4505.65 16.1998
4505.70 16.1994
4505.75 16.1990
4505.80 16.1986
4505.85 16.1982
4505.90 16.1978
4505.95 16.1974
4506.00 16.1970
4506.05 16.1966
4506.10 16.1962
4506.15 16.1958
4506.20 16.1954
4506.25 16.1950
4506.30 16.1947
4506.35 16.1943
4506.40 16.1939
4506.45 16.1935
4506.50 16.1931
4506.55 16.1927
4506.60 16.1923
4506.65 16.1919
4506.70 16.1916
4506.75 16.1912
4506.80 16.1908
4506.85 16.1904
4506.90 16.1900
4506.95 16.1897
4507.00 16.1893
4507.05 16.1889
4507.10 16.1885
4507.15 16.1881
4507.20 16.1878
4507.25 16.1874
4507.30 16.1870
4507.35 16.1866
4507.40 16.1863
4507.45 16.1859
4507.50 16.1855
4507.55 16.1852
4507.60 16.1848
4507.65 16.1844
4507.70 16.1841
4507.75 16.1837
4507.80 16.1833
4507.85 16.1829
4507.90 16.1826
4507.95 16.1822
4508.00 16.1818
4508.05 16.1815
4508.10 16.1811
4508.15 16.1807
4508.20 16.1804
4508.25 16.1800
4508.30 16.1797
4508.35 16.1793
4508.40 16.1789
4508.45 16.1786
4508.50 16.1782
4508.55 16.1778
4508.60 16.1775
4508.65 16.1771
4508.70 16.1767
4508.75 16.1764
4508.80 16.1760
4508.85 16.1756
4508.90 16.1753
4508.95 16.1749
4509.00 16.1746
4509.05 16.1742
4509.10 16.1738
4509.15 16.1735
4509.20 16.1731
4509.25 16.1727
4509.30 16.1724
4509.35 16.1720
4509.40 16.1716
4509.45 16.1713
4509.50 16.1709
4509.55 16.1705
4509.60 16.1702
4509.65 16.1698
4509.70 16.1694
4509.75 16.1691
4509.80 16.1687
4509.85 16.1683
4509.90 16.1679
4509.95 16.1676
4510.00 16.1672
4510.05 16.1668
4510.10 16.1665
4510.15 16.1661
4510.20 16.1657
4510.25 16.1653
4510.30 16.1650
4510.35 16.1646
4510.40 16.1642
4510.45 16.1638
4510.50 16.1634
4510.55 16.1631
4510.60 16.1627
4510.65 16.1623
4510.70 16.1619
4510.75 16.1615
4510.80 16.1612
4510.85 16.1608
4510.90 16.1604
4510.95 16.1600
4511.00 16.1596
4511.05 16.1592
4511.10 16.1588
4511.15 16.1584
4511.20 16.1580
4511.25 16.1576
4511.30 16.1572
4511.35 16.1568
4511.40 16.1564
4511.45 16.1560
4511.50 16.1556
4511.55 16.1552
4511.60 16.1548
4511.65 16.1544
4511.70 16.1540
4511.75 16.1536
4511.80 16.1532
4511.85 16.1528
4511.90 16.1524
4511.95 16.1520
4512.00 16.1516
4512.05 16.1511
4512.10 16.1507
4512.15 16.1503
4512.20 16.1499
4512.25 16.1494
4512.30 16.1490
4512.35 16.1486
4512.40 16.1482
4512.45 16.1477
4512.50 16.1473
4512.55 16.1469
4512.60 16.1464
4512.65 16.1460
4512.70 16.1455
4512.75 16.1451
4512.80 16.1447
4512.85 16.1442
4512.90 16.1438
4512.95 16.1433
4513.00 16.1429
4513.05 16.1424
4513.10 16.1420
4513.15 16.1415
4513.20 16.1410
4513.25 16.1406
4513.30 16.1401
4513.35 16.1397
4513.40 16.1392
4513.45 16.1387
4513.50 16.1382
4513.55 16.1378
4513.60 16.1373
4513.65 16.1368
4513.70 16.1363
4513.75 16.1359
4513.80 16.1354
4513.85 16.1349
4513.90 16.1344
4513.95 16.1339
4514.00 16.1334
4514.05 16.1329
4514.10 16.1324
4514.15 16.1319
4514.20 16.1314
4514.25 16.1309
4514.30 16.1304
4514.35 16.1299
4514.40 16.1294
4514.45 16.1289
4514.50 16.1283
4514.55 16.1278
4514.60 16.1273
4514.65 16.1268
4514.70 16.1263
4514.75 16.1257
4514.80 16.1252
4514.85 16.1247
4514.90 16.1241
4514.95 16.1236
4515.00 16.1231
4515.05 16.1225
4515.10 16.1220
4515.15 16.1214
4515.20 16.1209
4515.25 16.1203
4515.30 16.1198
4515.35 16.1192
4515.40 16.1187
4515.45 16.1181
4515.50 16.1175
4515.55 16.1170
4515.60 16.1164
4515.65 16.1158
4515.70 16.1152
4515.75 16.1147
4515.80 16.1141
4515.85 16.1135
4515.90 16.1129
4515.95 16.1124
4516.00 16.1118
4516.05 16.1112
4516.10 16.1106
4516.15 16.1100
4516.20 16.1094
4516.25 16.1088
4516.30 16.1082
4516.35 16.1076
4516.40 16.1070
4516.45 16.1064
4516.50 16.1058
4516.55 16.1052
4516.60 16.1045
4516.65 16.1039
4516.70 16.1033
4516.75 16.1027
4516.80 16.1021
4516.85 16.1014
4516.90 16.1008
4516.95 16.1002
4517.00 16.0996
4517.05 16.0989
4517.10 16.0983
4517.15 16.0976
4517.20 16.0970
4517.25 16.0964
4517.30 16.0957
4517.35 16.0951
4517.40 16.0944
4517.45 16.0938
4517.50 16.0931
4517.55 16.0925
4517.60 16.0918
4517.65 16.0912
4517.70 16.0905
4517.75 16.0898
4517.80 16.0892
4517.85 16.0885
4517.90 16.0878
4517.95 16.0872
4518.00 16.0865
4518.05 16.0858
4518.10 16.0851
4518.15 16.0845
4518.20 16.0838
4518.25 16.0831
4518.30 16.0824
4518.35 16.0817
4518.40 16.0811
4518.45 16.0804
4518.50 16.0797
4518.55 16.0790
4518.60 16.0783
4518.65 16.0776
4518.70 16.0769
4518.75 16.0762
4518.80 16.0755
4518.85 16.0748
4518.90 16.0741
4518.95 16.0734
4519.00 16.0727
4519.05 16.0720
4519.10 16.0713
4519.15 16.0706
4519.20 16.0699
4519.25 16.0692
4519.30 16.0685
4519.35 16.0677
4519.40 16.0670
4519.45 16.0663
4519.50 16.0656
4519.55 16.0649
4519.60 16.0641
4519.65 16.0634
4519.70 16.0627
4519.75 16.0620
4519.80 16.0613
4519.85 16.0605
4519.90 16.0598
4519.95 16.0591
4520.00 16.0583
4520.05 16.0576
4520.10 16.0569
4520.15 16.0562
4520.20 16.0554
4520.25 16.0547
4520.30 16.0539
4520.35 16.0532
4520.40 16.0525
4520.45 16.0517
4520.50 16.0510
4520.55 16.0503
4520.60 16.0495
4520.65 16.0488
4520.70 16.0480
4520.75 16.0473
4520.80 16.0465
4520.85 16.0458
4520.90 16.0451
4520.95 16.0443
4521.00 16.0436
4521.05 16.0428
4521.10 16.0421
4521.15 16.0413
4521.20 16.0406
4521.25 16.0398
4521.30 16.0391
4521.35 16.0383
4521.40 16.0376
4521.45 16.0368
4521.50 16.0361
4521.55 16.0353
4521.60 16.0346
4521.65 16.0338
4521.70 16.0330
4521.75 16.0323
4521.80 16.0315
4521.85 16.0308
4521.90 16.0300
4521.95 16.0293
4522.00 16.0285
4522.05 16.0277
4522.10 16.0270
4522.15 16.0262
4522.20 16.0254
4522.25 16.0247
4522.30 16.0239
4522.35 16.0232
4522.40 16.0224
4522.45 16.0216
4522.50 16.0209
4522.55 16.0201
4522.60 16.0193
4522.65 16.0186
4522.70 16.0178
4522.75 16.0170
4522.80 16.0163
4522.85 16.0155
4522.90 16.0147
4522.95 16.0140
4523.00 16.0132
4523.05 16.0124
4523.10 16.0117
4523.15 16.0109
4523.20 16.0101
4523.25 16.0093
4523.30 16.0086
4523.35 16.0078
4523.40 16.0070
4523.45 16.0062
4523.50 16.0055
4523.55 16.0047
4523.60 16.0039
4523.65 16.0031
4523.70 16.0024
4523.75 16.0016
4523.80 16.0008
4523.85 16.0000
4523.90 15.9992
4523.95 15.9985
4524.00 15.9977
4524.05 15.9969
4524.10 15.9961
4524.15 15.9953
4524.20 15.9946
4524.25 15.9938
4524.30 15.9930
4524.35 15.9922
4524.40 15.9914
4524.45 15.9906
4524.50 15.9898
4524.55 15.9890
4524.60 15.9882
4524.65 15.9875
4524.70 15.9867
4524.75 15.9859
4524.80 15.9851
4524.85 15.9843
4524.90 15.9835
4524.95 15.9827
4525.00 15.9819
4525.05 15.9811
4525.10 15.9803
4525.15 15.9795
4525.20 15.9787
4525.25 15.9779
4525.30 15.9771
4525.35 15.9762
4525.40 15.9754
4525.45 15.9746
4525.50 15.9738
4525.55 15.9730
4525.60 15.9722
4525.65 15.9714
4525.70 15.9706
4525.75 15.9697
4525.80 15.9689
4525.85 15.9681
4525.90 15.9673
4525.95 15.9664
4526.00 15.9656
4526.05 15.9648
4526.10 15.9640
4526.15 15.9631
4526.20 15.9623
4526.25 15.9615
4526.30 15.9606
4526.35 15.9598
4526.40 15.9589
4526.45 15.9581
4526.50 15.9573
4526.55 15.9564
4526.60 15.9556
4526.65 15.9547
4526.70 15.9539
4526.75 15.9530
4526.80 15.9521
4526.85 15.9513
4526.90 15.9504
4526.95 15.9496
4527.00 15.9487
4527.05 15.9478
4527.10 15.9470
4527.15 15.9461
4527.20 15.9452
4527.25 15.9443
4527.30 15.9435
4527.35 15.9426
4527.40 15.9417
4527.45 15.9408
4527.50 15.9399
4527.55 15.9390
4527.60 15.9381
4527.65 15.9372
4527.70 15.9363
4527.75 15.9354
4527.80 15.9345
4527.85 15.9336
4527.90 15.9327
4527.95 15.9318
4528.00 15.9309
4528.05 15.9300
4528.10 15.9290
4528.15 15.9281
4528.20 15.9272
4528.25 15.9262
4528.30 15.9253
4528.35 15.9244
4528.40 15.9234
4528.45 15.9225
4528.50 15.9215
4528.55 15.9206
4528.60 15.9196
4528.65 15.9187
4528.70 15.9177
4528.75 15.9168
4528.80 15.9158
4528.85 15.9148
4528.90 15.9139
4528.95 15.9129
4529.00 15.9119
4529.05 15.9109
4529.10 15.9099
4529.15 15.9089
4529.20 15.9079
4529.25 15.9069
4529.30 15.9059
4529.35 15.9049
4529.40 15.9039
4529.45 15.9029
4529.50 15.9019
4529.55 15.9009
4529.60 15.8999
4529.65 15.8988
4529.70 15.8978
4529.75 15.8968
4529.80 15.8958
4529.85 15.8947
4529.90 15.8937
4529.95 15.8926
4530.00 15.8916
4530.05 15.8905
4530.10 15.8895
4530.15 15.8884
4530.20 15.8873
4530.25 15.8863
4530.30 15.8852
4530.35 15.8841
4530.40 15.8830
4530.45 15.8819
4530.50 15.8808
4530.55 15.8798
4530.60 15.8787
4530.65 15.8776
4530.70 15.8765
4530.75 15.8753
4530.80 15.8742
4530.85 15.8731
4530.90 15.8720
4530.95 15.8709
4531.00 15.8697
4531.05 15.8686
4531.10 15.8675
4531.15 15.8663
4531.20 15.8652
4531.25 15.8640
4531.30 15.8629
4531.35 15.8617
4531.40 15.8606
4531.45 15.8594
4531.50 15.8582
4531.55 15.8571
4531.60 15.8559
4531.65 15.8547
4531.70 15.8535
4531.75 15.8524
4531.80 15.8512
4531.85 15.8500
4531.90 15.8488
4531.95 15.8476
4532.00 15.8464
4532.05 15.8452
4532.10 15.8439
4532.15 15.8427
4532.20 15.8415
4532.25 15.8403
4532.30 15.8391
4532.35 15.8378
4532.40 15.8366
4532.45 15.8354
4532.50 15.8341
4532.55 15.8329
4532.60 15.8316
4532.65 15.8304
4532.70 15.8291
4532.75 15.8279
4532.80 15.8266
4532.85 15.8253
4532.90 15.8241
4532.95 15.8228
4533.00 15.8215
4533.05 15.8202
4533.10 15.8189
4533.15 15.8177
4533.20 15.8164
4533.25 15.8151
4533.30 15.8138
4533.35 15.8125
4533.40 15.8112
4533.45 15.8099
4533.50 15.8086
4533.55 15.8073
4533.60 15.8059
4533.65 15.8046
4533.70 15.8033
4533.75 15.8020
4533.80 15.8007
4533.85 15.7993
4533.90 15.7980
4533.95 15.7967
4534.00 15.7953
4534.05 15.7940
4534.10 15.7927
4534.15 15.7913
4534.20 15.7900
4534.25 15.7886
4534.30 15.7873
4534.35 15.7859
4534.40 15.7846
4534.45 15.7832
4534.50 15.7819
4534.55 15.7805
4534.60 15.7791
4534.65 15.7778
4534.70 15.7764
4534.75 15.7750
4534.80 15.7737
4534.85 15.7723
4534.90 15.7709
4534.95 15.7696
4535.00 15.7682
4535.05 15.7668
4535.10 15.7654
4535.15 15.7640
4535.20 15.7627
4535.25 15.7613
4535.30 15.7599
4535.35 15.7585
4535.40 15.7571
4535.45 15.7557
4535.50 15.7543
4535.55 15.7530
4535.60 15.7516
4535.65 15.7502
4535.70 15.7488
4535.75 15.7474
4535.80 15.7460
4535.85 15.7446
4535.90 15.7432
4535.95 15.7418
4536.00 15.7404
4536.05 15.7390
4536.10 15.7377
4536.15 15.7363
4536.20 15.7349
4536.25 15.7335
4536.30 15.7321
4536.35 15.7307
4536.40 15.7293
4536.45 15.7279
4536.50 15.7265
4536.55 15.7251
4536.60 15.7237
4536.65 15.7223
4536.70 15.7210
4536.75 15.7196
4536.80 15.7182
4536.85 15.7168
4536.90 15.7154
4536.95 15.7140
4537.00 15.7127
4537.05 15.7113
4537.10 15.7099
4537.15 15.7085
4537.20 15.7071
4537.25 15.7058
4537.30 15.7044
4537.35 15.7030
4537.40 15.7017
4537.45 15.7003
4537.50 15.6989
4537.55 15.6976
4537.60 15.6962
4537.65 15.6949
4537.70 15.6935
4537.75 15.6921
4537.80 15.6908
4537.85 15.6895
4537.90 15.6881
4537.95 15.6868
4538.00 15.6854
4538.05 15.6841
4538.10 15.6828
4538.15 15.6814
4538.20 15.6801
4538.25 15.6788
4538.30 15.6775
4538.35 15.6762
4538.40 15.6749
4538.45 15.6736
4538.50 15.6723
4538.55 15.6710
4538.60 15.6697
4538.65 15.6684
4538.70 15.6671
4538.75 15.6658
4538.80 15.6645
4538.85 15.6633
4538.90 15.6620
4538.95 15.6607
4539.00 15.6595
4539.05 15.6582
4539.10 15.6570
4539.15 15.6557
4539.20 15.6545
4539.25 15.6533
4539.30 15.6520
4539.35 15.6508
4539.40 15.6496
4539.45 15.6484
4539.50 15.6472
4539.55 15.6460
4539.60 15.6448
4539.65 15.6436
4539.70 15.6424
4539.75 15.6412
4539.80 15.6401
4539.85 15.6389
4539.90 15.6378
4539.95 15.6366
4540.00 15.6355
4540.05 15.6343
4540.10 15.6332
4540.15 15.6321
4540.20 15.6310
4540.25 15.6298
4540.30 15.6287
4540.35 15.6277
4540.40 15.6266
4540.45 15.6255
4540.50 15.6244
4540.55 15.6234
4540.60 15.6223
4540.65 15.6212
4540.70 15.6202
4540.75 15.6192
4540.80 15.6181
4540.85 15.6171
4540.90 15.6161
4540.95 15.6151
4541.00 15.6141
4541.05 15.6131
4541.10 15.6122
4541.15 15.6112
4541.20 15.6102
4541.25 15.6093
4541.30 15.6084
4541.35 15.6074
4541.40 15.6065
4541.45 15.6056
4541.50 15.6047
4541.55 15.6038
4541.60 15.6029
4541.65 15.6020
4541.70 15.6012
4541.75 15.6003
4541.80 15.5994
4541.85 15.5986
4541.90 15.5978
4541.95 15.5970
4542.00 15.5961
4542.05 15.5953
4542.10 15.5946
4542.15 15.5938
4542.20 15.5930
4542.25 15.5922
4542.30 15.5915
4542.35 15.5908
4542.40 15.5900
4542.45 15.5893
4542.50 15.5886
4542.55 15.5879
4542.60 15.5872
4542.65 15.5865
4542.70 15.5859
4542.75 15.5852
4542.80 15.5846
4542.85 15.5839
4542.90 15.5833
4542.95 15.5827
4543.00 15.5821
4543.05 15.5815
4543.10 15.5809
4543.15 15.5804
4543.20 15.5798
4543.25 15.5793
4543.30 15.5788
4543.35 15.5782
4543.40 15.5777
4543.45 15.5772
4543.50 15.5767
4543.55 15.5763
4543.60 15.5758
4543.65 15.5753
4543.70 15.5749
4543.75 15.5745
4543.80 15.5741
4543.85 15.5737
4543.90 15.5733
4543.95 15.5729
4544.00 15.5725
4544.05 15.5722
4544.10 15.5718
4544.15 15.5715
4544.20 15.5712
4544.25 15.5709
4544.30 15.5706
4544.35 15.5703
4544.40 15.5700
4544.45 15.5697
4544.50 15.5695
4544.55 15.5693
4544.60 15.5690
4544.65 15.5688
4544.70 15.5686
4544.75 15.5684
4544.80 15.5683
4544.85 15.5681
4544.90 15.5680
4544.95 15.5678
4545.00 15.5677
4545.05 15.5676
4545.10 15.5675
4545.15 15.5674
4545.20 15.5673
4545.25 15.5673
4545.30 15.5672
4545.35 15.5672
4545.40 15.5671
4545.45 15.5671
