4731.50 12.4411
4731.55 12.4411
4731.60 12.4411
4731.65 12.4411
4731.70 12.4411
4731.75 12.4411
4731.80 12.4411
4731.85 12.4411
4731.90 12.4411
4731.95 12.4411
4732.00 12.4411
4732.05 12.4411
4732.10 12.4411
4732.15 12.4411
4732.20 12.4411
4732.25 12.4411
4732.30 12.4411
4732.35 12.4411
4732.40 12.4411
4732.45 12.4411
4732.50 12.4411
4732.55 12.4411
4732.60 12.4411
4732.65 12.4411
4732.70 12.4411
4732.75 12.4411
4732.80 12.4411
4732.85 12.4411
4732.90 12.4411
4732.95 12.4411
4733.00 12.4411
4733.05 12.4411
4733.10 12.4411
4733.15 12.4411
4733.20 12.4411
4733.25 12.4411
4733.30 12.4411
4733.35 12.4411
4733.40 12.4411
4733.45 12.4411
4733.50 12.4412
4733.55 12.4412
4733.60 12.4412
4733.65 12.4412
4733.70 12.4412
4733.75 12.4412
4733.80 12.4412
4733.85 12.4412
4733.90 12.4412
4733.95 12.4412
4734.00 12.4412
4734.05 12.4412
4734.10 12.4412
4734.15 12.4412
4734.20 12.4412
4734.25 12.4412
4734.30 12.4412
4734.35 12.4412
4734.40 12.4412
4734.45 12.4412
4734.50 12.4411
4734.55 12.4411
4734.60 12.4411
4734.65 12.4411
4734.70 12.4411
4734.75 12.4411
4734.80 12.4411
4734.85 12.4411
4734.90 12.4411
4734.95 12.4411
4735.00 12.4411
4735.05 12.4411
4735.10 12.4411
4735.15 12.4411
4735.20 12.4411
4735.25 12.4411
4735.30 12.4411
4735.35 12.4410
4735.40 12.4410
4735.45 12.4410
4735.50 12.4410
4735.55 12.4410
4735.60 12.4410
4735.65 12.4410
4735.70 12.4410
4735.75 12.4410
4735.80 12.4409
4735.85 12.4409
4735.90 12.4409
4735.95 12.4409
4736.00 12.4409
4736.05 12.4408
4736.10 12.4408
4736.15 12.4408
4736.20 12.4408
4736.25 12.4408
4736.30 12.4407
4736.35 12.4407
4736.40 12.4407
4736.45 12.4407
4736.50 12.4406
4736.55 12.4406
4736.60 12.4406
4736.65 12.4406
4736.70 12.4405
4736.75 12.4405
4736.80 12.4405
4736.85 12.4404
4736.90 12.4404
4736.95 12.4404
4737.00 12.4403
4737.05 12.4403
4737.10 12.4402
4737.15 12.4402
4737.20 12.4402
4737.25 12.4401
4737.30 12.4401
4737.35 12.4400
4737.40 12.4400
4737.45 12.4399
4737.50 12.4399
4737.55 12.4398
4737.60 12.4398
4737.65 12.4397
4737.70 12.4397
4737.75 12.4396
4737.80 12.4396
4737.85 12.4395
4737.90 12.4394
4737.95 12.4394
4738.00 12.4393
4738.05 12.4392
4738.10 12.4392
4738.15 12.4391
4738.20 12.4390
4738.25 12.4390
4738.30 12.4389
4738.35 12.4388
4738.40 12.4387
4738.45 12.4387
4738.50 12.4386
4738.55 12.4385
4738.60 12.4384
4738.65 12.4383
4738.70 12.4383
4738.75 12.4382
4738.80 12.4381
4738.85 12.4380
4738.90 12.4379
4738.95 12.4378
4739.00 12.4377
4739.05 12.4376
4739.10 12.4375
4739.15 12.4374
4739.20 12.4373
4739.25 12.4372
4739.30 12.4371
4739.35 12.4370
4739.40 12.4369
4739.45 12.4368
4739.50 12.4366
4739.55 12.4365
4739.60 12.4364
4739.65 12.4363
4739.70 12.4362
4739.75 12.4360
4739.80 12.4359
4739.85 12.4358
4739.90 12.4356
4739.95 12.4355
4740.00 12.4354
4740.05 12.4352
4740.10 12.4351
4740.15 12.4349
4740.20 12.4348
4740.25 12.4346
4740.30 12.4345
4740.35 12.4343
4740.40 12.4342
4740.45 12.4340
4740.50 12.4339
4740.55 12.4337
4740.60 12.4336
4740.65 12.4334
4740.70 12.4332
4740.75 12.4330
4740.80 12.4329
4740.85 12.4327
4740.90 12.4325
4740.95 12.4323
4741.00 12.4322
4741.05 12.4320
4741.10 12.4318
4741.15 12.4316
4741.20 12.4314
4741.25 12.4312
4741.30 12.4310
4741.35 12.4308
4741.40 12.4306
4741.45 12.4304
4741.50 12.4302
4741.55 12.4300
4741.60 12.4298
4741.65 12.4296
4741.70 12.4294
4741.75 12.4291
4741.80 12.4289
4741.85 12.4287
4741.90 12.4285
4741.95 12.4282
4742.00 12.4280
4742.05 12.4278
4742.10 12.4275
4742.15 12.4273
4742.20 12.4271
4742.25 12.4268
4742.30 12.4266
4742.35 12.4263
4742.40 12.4261
4742.45 12.4258
4742.50 12.4256
4742.55 12.4253
4742.60 12.4250
4742.65 12.4248
4742.70 12.4245
4742.75 12.4242
4742.80 12.4240
4742.85 12.4237
4742.90 12.4234
4742.95 12.4231
4743.00 12.4229
4743.05 12.4226
4743.10 12.4223
4743.15 12.4220
4743.20 12.4217
4743.25 12.4214
4743.30 12.4211
4743.35 12.4208
4743.40 12.4205
4743.45 12.4202
4743.50 12.4199
4743.55 12.4196
4743.60 12.4193
4743.65 12.4190
4743.70 12.4186
4743.75 12.4183
4743.80 12.4180
4743.85 12.4177
4743.90 12.4174
4743.95 12.4170
4744.00 12.4167
4744.05 12.4164
4744.10 12.4160
4744.15 12.4157
4744.20 12.4153
4744.25 12.4150
4744.30 12.4146
4744.35 12.4143
4744.40 12.4139
4744.45 12.4136
4744.50 12.4132
4744.55 12.4129
4744.60 12.4125
4744.65 12.4122
4744.70 12.4118
4744.75 12.4114
4744.80 12.4111
4744.85 12.4107
4744.90 12.4103
4744.95 12.4099
4745.00 12.4095
4745.05 12.4092
4745.10 12.4088
4745.15 12.4084
4745.20 12.4080
4745.25 12.4076
4745.30 12.4072
4745.35 12.4068
4745.40 12.4064
4745.45 12.4060
4745.50 12.4056
4745.55 12.4052
4745.60 12.4048
4745.65 12.4044
4745.70 12.4040
4745.75 12.4036
4745.80 12.4032
4745.85 12.4028
4745.90 12.4023
4745.95 12.4019
4746.00 12.4015
4746.05 12.4011
4746.10 12.4007
4746.15 12.4002
4746.20 12.3998
4746.25 12.3994
4746.30 12.3989
4746.35 12.3985
4746.40 12.3981
4746.45 12.3976
4746.50 12.3972
4746.55 12.3967
4746.60 12.3963
4746.65 12.3958
4746.70 12.3954
4746.75 12.3950
4746.80 12.3945
4746.85 12.3940
4746.90 12.3936
4746.95 12.3931
4747.00 12.3927
4747.05 12.3922
4747.10 12.3918
4747.15 12.3913
4747.20 12.3908
4747.25 12.3904
4747.30 12.3899
4747.35 12.3894
4747.40 12.3890
4747.45 12.3885
4747.50 12.3880
4747.55 12.3875
4747.60 12.3871
4747.65 12.3866
4747.70 12.3861
4747.75 12.3856
4747.80 12.3852
4747.85 12.3847
4747.90 12.3842
4747.95 12.3837
4748.00 12.3832
4748.05 12.3827
4748.10 12.3822
4748.15 12.3817
4748.20 12.3813
4748.25 12.3808
4748.30 12.3803
4748.35 12.3798
4748.40 12.3793
4748.45 12.3788
4748.50 12.3783
4748.55 12.3778
4748.60 12.3773
4748.65 12.3768
4748.70 12.3763
4748.75 12.3758
4748.80 12.3753
4748.85 12.3748
4748.90 12.3743
4748.95 12.3738
4749.00 12.3733
4749.05 12.3727
4749.10 12.3722
4749.15 12.3717
4749.20 12.3712
4749.25 12.3707
4749.30 12.3702
4749.35 12.3697
4749.40 12.3692
4749.45 12.3686
4749.50 12.3681
4749.55 12.3676
4749.60 12.3671
4749.65 12.3666
4749.70 12.3661
4749.75 12.3655
4749.80 12.3650
4749.85 12.3645
4749.90 12.3640
4749.95 12.3635
4750.00 12.3629
4750.05 12.3624
4750.10 12.3619
4750.15 12.3614
4750.20 12.3608
4750.25 12.3603
4750.30 12.3598
4750.35 12.3593
4750.40 12.3587
4750.45 12.3582
4750.50 12.3577
4750.55 12.3571
4750.60 12.3566
4750.65 12.3561
4750.70 12.3556
4750.75 12.3550
4750.80 12.3545
4750.85 12.3540
4750.90 12.3534
4750.95 12.3529
4751.00 12.3524
4751.05 12.3518
4751.10 12.3513
4751.15 12.3508
4751.20 12.3502
4751.25 12.3497
4751.30 12.3492
4751.35 12.3486
4751.40 12.3481
4751.45 12.3476
4751.50 12.3470
4751.55 12.3465
4751.60 12.3459
4751.65 12.3454
4751.70 12.3449
4751.75 12.3443
4751.80 12.3438
4751.85 12.3432
4751.90 12.3427
4751.95 12.3422
4752.00 12.3416
4752.05 12.3411
4752.10 12.3405
4752.15 12.3400
4752.20 12.3395
4752.25 12.3389
4752.30 12.3384
4752.35 12.3378
4752.40 12.3373
4752.45 12.3367
4752.50 12.3362
4752.55 12.3356
4752.60 12.3351
4752.65 12.3346
4752.70 12.3340
4752.75 12.3335
4752.80 12.3329
4752.85 12.3324
4752.90 12.3318
4752.95 12.3313
4753.00 12.3307
4753.05 12.3302
4753.10 12.3296
4753.15 12.3291
4753.20 12.3285
4753.25 12.3280
4753.30 12.3274
4753.35 12.3269
4753.40 12.3263
4753.45 12.3258
4753.50 12.3252
4753.55 12.3247
4753.60 12.3241
4753.65 12.3235
4753.70 12.3230
4753.75 12.3224
4753.80 12.3219
4753.85 12.3213
4753.90 12.3208
4753.95 12.3202
4754.00 12.3196
4754.05 12.3191
4754.10 12.3185
4754.15 12.3180
4754.20 12.3174
4754.25 12.3168
4754.30 12.3163
4754.35 12.3157
4754.40 12.3152
4754.45 12.3146
4754.50 12.3140
4754.55 12.3135
4754.60 12.3129
4754.65 12.3123
4754.70 12.3118
4754.75 12.3112
4754.80 12.3106
4754.85 12.3100
4754.90 12.3095
4754.95 12.3089
4755.00 12.3083
4755.05 12.3078
4755.10 12.3072
4755.15 12.3066
4755.20 12.3060
4755.25 12.3055
4755.30 12.3049
4755.35 12.3043
4755.40 12.3037
4755.45 12.3031
4755.50 12.3026
4755.55 12.3020
4755.60 12.3014
4755.65 12.3008
4755.70 12.3002
4755.75 12.2996
4755.80 12.2991
4755.85 12.2985
4755.90 12.2979
4755.95 12.2973
4756.00 12.2967
4756.05 12.2961
4756.10 12.2955
4756.15 12.2949
4756.20 12.2943
4756.25 12.2937
4756.30 12.2931
4756.35 12.2925
4756.40 12.2919
4756.45 12.2913
4756.50 12.2907
4756.55 12.2901
4756.60 12.2895
4756.65 12.2889
4756.70 12.2883
4756.75 12.2877
4756.80 12.2871
4756.85 12.2865
4756.90 12.2859
4756.95 12.2853
4757.00 12.2847
4757.05 12.2841
4757.10 12.2835
4757.15 12.2829
4757.20 12.2822
4757.25 12.2816
4757.30 12.2810
4757.35 12.2804
4757.40 12.2798
4757.45 12.2792
4757.50 12.2785
4757.55 12.2779
4757.60 12.2773
4757.65 12.2767
4757.70 12.2760
4757.75 12.2754
4757.80 12.2748
4757.85 12.2742
4757.90 12.2735
4757.95 12.2729
4758.00 12.2723
4758.05 12.2716
4758.10 12.2710
4758.15 12.2704
4758.20 12.2697
4758.25 12.2691
4758.30 12.2685
4758.35 12.2678
4758.40 12.2672
4758.45 12.2666
4758.50 12.2659
4758.55 12.2653
4758.60 12.2646
4758.65 12.2640
4758.70 12.2634
4758.75 12.2627
4758.80 12.2621
4758.85 12.2614
4758.90 12.2608
4758.95 12.2601
4759.00 12.2595
4759.05 12.2588
4759.10 12.2582
4759.15 12.2575
4759.20 12.2569
4759.25 12.2562
4759.30 12.2556
4759.35 12.2549
4759.40 12.2543
4759.45 12.2536
4759.50 12.2530
4759.55 12.2523
4759.60 12.2516
4759.65 12.2510
4759.70 12.2503
4759.75 12.2497
4759.80 12.2490
4759.85 12.2483
4759.90 12.2477
4759.95 12.2470
4760.00 12.2464
4760.05 12.2457
4760.10 12.2450
4760.15 12.2444
4760.20 12.2437
4760.25 12.2430
4760.30 12.2424
4760.35 12.2417
4760.40 12.2411
4760.45 12.2404
4760.50 12.2397
4760.55 12.2391
4760.60 12.2384
4760.65 12.2377
4760.70 12.2371
4760.75 12.2364
4760.80 12.2357
4760.85 12.2351
4760.90 12.2344
4760.95 12.2337
4761.00 12.2331
4761.05 12.2324
4761.10 12.2317
4761.15 12.2311
4761.20 12.2304
4761.25 12.2297
4761.30 12.2291
4761.35 12.2284
4761.40 12.2277
4761.45 12.2271
4761.50 12.2264
4761.55 12.2257
4761.60 12.2251
4761.65 12.2244
4761.70 12.2237
4761.75 12.2231
4761.80 12.2224
4761.85 12.2218
4761.90 12.2211
4761.95 12.2204
4762.00 12.2198
4762.05 12.2191
4762.10 12.2184
4762.15 12.2178
4762.20 12.2171
4762.25 12.2165
4762.30 12.2158
4762.35 12.2151
4762.40 12.2145
4762.45 12.2138
4762.50 12.2132
4762.55 12.2125
4762.60 12.2118
4762.65 12.2112
4762.70 12.2105
4762.75 12.2099
4762.80 12.2092
4762.85 12.2086
4762.90 12.2079
4762.95 12.2073
4763.00 12.2066
4763.05 12.2060
4763.10 12.2053
4763.15 12.2047
4763.20 12.2040
4763.25 12.2034
4763.30 12.2027
4763.35 12.2021
4763.40 12.2015
4763.45 12.2008
4763.50 12.2002
4763.55 12.1995
4763.60 12.1989
4763.65 12.1983
4763.70 12.1976
4763.75 12.1970
4763.80 12.1964
4763.85 12.1957
4763.90 12.1951
4763.95 12.1945
4764.00 12.1938
4764.05 12.1932
4764.10 12.1926
4764.15 12.1919
4764.20 12.1913
4764.25 12.1907
4764.30 12.1901
4764.35 12.1894
4764.40 12.1888
4764.45 12.1882
4764.50 12.1876
4764.55 12.1870
4764.60 12.1864
4764.65 12.1857
4764.70 12.1851
4764.75 12.1845
4764.80 12.1839
4764.85 12.1833
4764.90 12.1827
4764.95 12.1821
4765.00 12.1815
4765.05 12.1809
4765.10 12.1803
4765.15 12.1797
4765.20 12.1791
4765.25 12.1785
4765.30 12.1779
4765.35 12.1773
4765.40 12.1767
4765.45 12.1761
4765.50 12.1755
4765.55 12.1749
4765.60 12.1743
4765.65 12.1737
4765.70 12.1731
4765.75 12.1725
4765.80 12.1719
4765.85 12.1713
4765.90 12.1708
4765.95 12.1702
4766.00 12.1696
4766.05 12.1690
4766.10 12.1684
4766.15 12.1679
4766.20 12.1673
4766.25 12.1667
4766.30 12.1661
4766.35 12.1656
4766.40 12.1650
4766.45 12.1644
4766.50 12.1638
4766.55 12.1633
4766.60 12.1627
4766.65 12.1621
4766.70 12.1616
4766.75 12.1610
4766.80 12.1604
4766.85 12.1599
4766.90 12.1593
4766.95 12.1587
4767.00 12.1582
4767.05 12.1576
4767.10 12.1571
4767.15 12.1565
4767.20 12.1559
4767.25 12.1554
4767.30 12.1548
4767.35 12.1543
4767.40 12.1537
4767.45 12.1531
4767.50 12.1526
4767.55 12.1520
4767.60 12.1515
4767.65 12.1509
4767.70 12.1504
4767.75 12.1498
4767.80 12.1493
4767.85 12.1487
4767.90 12.1482
4767.95 12.1476
4768.00 12.1471
4768.05 12.1465
4768.10 12.1460
4768.15 12.1454
4768.20 12.1449
4768.25 12.1443
4768.30 12.1438
4768.35 12.1432
4768.40 12.1427
4768.45 12.1421
4768.50 12.1416
4768.55 12.1410
4768.60 12.1405
4768.65 12.1399
4768.70 12.1394
4768.75 12.1388
4768.80 12.1383
4768.85 12.1378
4768.90 12.1372
4768.95 12.1367
4769.00 12.1361
4769.05 12.1356
4769.10 12.1350
4769.15 12.1345
4769.20 12.1339
4769.25 12.1334
4769.30 12.1328
4769.35 12.1323
4769.40 12.1317
4769.45 12.1312
4769.50 12.1306
4769.55 12.1301
4769.60 12.1295
4769.65 12.1290
4769.70 12.1284
4769.75 12.1278
4769.80 12.1273
4769.85 12.1267
4769.90 12.1262
4769.95 12.1256
4770.00 12.1251
4770.05 12.1245
4770.10 12.1239
4770.15 12.1234
4770.20 12.1228
4770.25 12.1223
4770.30 12.1217
4770.35 12.1211
4770.40 12.1206
4770.45 12.1200
4770.50 12.1194
4770.55 12.1189
4770.60 12.1183
4770.65 12.1177
4770.70 12.1172
4770.75 12.1166
4770.80 12.1160
4770.85 12.1155
4770.90 12.1149
4770.95 12.1143
4771.00 12.1137
4771.05 12.1132
4771.10 12.1126
4771.15 12.1120
4771.20 12.1114
4771.25 12.1108
4771.30 12.1102
4771.35 12.1097
4771.40 12.1091
4771.45 12.1085
4771.50 12.1079
4771.55 12.1073
4771.60 12.1067
4771.65 12.1061
4771.70 12.1055
4771.75 12.1049
4771.80 12.1043
4771.85 12.1037
4771.90 12.1031
4771.95 12.1025
4772.00 12.1019
4772.05 12.1013
4772.10 12.1007
4772.15 12.1001
4772.20 12.0995
4772.25 12.0989
4772.30 12.0983
4772.35 12.0976
4772.40 12.0970
4772.45 12.0964
4772.50 12.0958
4772.55 12.0952
4772.60 12.0945
4772.65 12.0939
4772.70 12.0933
4772.75 12.0927
4772.80 12.0920
4772.85 12.0914
4772.90 12.0908
4772.95 12.0901
4773.00 12.0895
4773.05 12.0889
4773.10 12.0882
4773.15 12.0876
4773.20 12.0870
4773.25 12.0863
4773.30 12.0857
4773.35 12.0850
4773.40 12.0844
4773.45 12.0837
4773.50 12.0831
4773.55 12.0824
4773.60 12.0818
4773.65 12.0811
4773.70 12.0804
4773.75 12.0798
4773.80 12.0791
4773.85 12.0785
4773.90 12.0778
4773.95 12.0771
4774.00 12.0765
4774.05 12.0758
4774.10 12.0751
4774.15 12.0744
4774.20 12.0738
4774.25 12.0731
4774.30 12.0724
4774.35 12.0717
4774.40 12.0711
4774.45 12.0704
4774.50 12.0697
4774.55 12.0690
4774.60 12.0683
4774.65 12.0676
4774.70 12.0670
4774.75 12.0663
4774.80 12.0656
4774.85 12.0649
4774.90 12.0642
4774.95 12.0635
4775.00 12.0628
4775.05 12.0621
4775.10 12.0614
4775.15 12.0607
4775.20 12.0600
4775.25 12.0593
4775.30 12.0586
4775.35 12.0579
4775.40 12.0572
4775.45 12.0565
4775.50 12.0558
4775.55 12.0551
4775.60 12.0543
4775.65 12.0536
4775.70 12.0529
4775.75 12.0522
4775.80 12.0515
4775.85 12.0508
4775.90 12.0501
4775.95 12.0494
4776.00 12.0486
4776.05 12.0479
4776.10 12.0472
4776.15 12.0465
4776.20 12.0458
4776.25 12.0450
4776.30 12.0443
4776.35 12.0436
4776.40 12.0429
4776.45 12.0421
4776.50 12.0414
4776.55 12.0407
4776.60 12.0400
4776.65 12.0392
4776.70 12.0385
4776.75 12.0378
4776.80 12.0370
4776.85 12.0363
4776.90 12.0356
4776.95 12.0349
4777.00 12.0341
4777.05 12.0334
4777.10 12.0327
4777.15 12.0319
4777.20 12.0312
4777.25 12.0305
4777.30 12.0297
4777.35 12.0290
4777.40 12.0283
4777.45 12.0275
4777.50 12.0268
4777.55 12.0261
4777.60 12.0253
4777.65 12.0246
4777.70 12.0239
4777.75 12.0231
4777.80 12.0224
4777.85 12.0217
4777.90 12.0209
4777.95 12.0202
4778.00 12.0195
4778.05 12.0187
4778.10 12.0180
4778.15 12.0173
4778.20 12.0166
4778.25 12.0158
4778.30 12.0151
4778.35 12.0144
4778.40 12.0136
4778.45 12.0129
4778.50 12.0122
4778.55 12.0114
4778.60 12.0107
4778.65 12.0100
4778.70 12.0092
4778.75 12.0085
4778.80 12.0078
4778.85 12.0071
4778.90 12.0063
4778.95 12.0056
4779.00 12.0049
4779.05 12.0042
4779.10 12.0034
4779.15 12.0027
4779.20 12.0020
4779.25 12.0013
4779.30 12.0006
4779.35 11.9998
4779.40 11.9991
4779.45 11.9984
4779.50 11.9977
4779.55 11.9970
4779.60 11.9962
4779.65 11.9955
4779.70 11.9948
4779.75 11.9941
4779.80 11.9934
4779.85 11.9927
4779.90 11.9920
4779.95 11.9913
4780.00 11.9905
4780.05 11.9898
4780.10 11.9891
4780.15 11.9884
4780.20 11.9877
4780.25 11.9870
4780.30 11.9863
4780.35 11.9856
4780.40 11.9849
4780.45 11.9842
4780.50 11.9835
4780.55 11.9828
4780.60 11.9821
4780.65 11.9814
4780.70 11.9807
4780.75 11.9800
4780.80 11.9793
4780.85 11.9787
4780.90 11.9780
4780.95 11.9773
4781.00 11.9766
4781.05 11.9759
4781.10 11.9752
4781.15 11.9745
4781.20 11.9739
4781.25 11.9732
4781.30 11.9725
4781.35 11.9718
4781.40 11.9711
4781.45 11.9705
4781.50 11.9698
4781.55 11.9691
4781.60 11.9685
4781.65 11.9678
4781.70 11.9671
4781.75 11.9665
4781.80 11.9658
4781.85 11.9651
4781.90 11.9645
4781.95 11.9638
4782.00 11.9631
4782.05 11.9625
4782.10 11.9618
4782.15 11.9612
4782.20 11.9605
4782.25 11.9599
4782.30 11.9592
4782.35 11.9586
4782.40 11.9579
4782.45 11.9573
4782.50 11.9566
4782.55 11.9560
4782.60 11.9554
4782.65 11.9547
4782.70 11.9541
4782.75 11.9534
4782.80 11.9528
4782.85 11.9522
4782.90 11.9515
4782.95 11.9509
4783.00 11.9503
4783.05 11.9496
4783.10 11.9490
4783.15 11.9484
4783.20 11.9478
4783.25 11.9471
4783.30 11.9465
4783.35 11.9459
4783.40 11.9453
4783.45 11.9447
4783.50 11.9441
4783.55 11.9434
4783.60 11.9428
4783.65 11.9422
4783.70 11.9416
4783.75 11.9410
4783.80 11.9404
4783.85 11.9398
4783.90 11.9392
4783.95 11.9386
4784.00 11.9380
4784.05 11.9374
4784.10 11.9368
4784.15 11.9362
4784.20 11.9356
4784.25 11.9350
4784.30 11.9344
4784.35 11.9338
4784.40 11.9332
4784.45 11.9326
4784.50 11.9320
4784.55 11.9315
4784.60 11.9309
4784.65 11.9303
4784.70 11.9297
4784.75 11.9291
4784.80 11.9285
4784.85 11.9280
4784.90 11.9274
4784.95 11.9268
4785.00 11.9262
4785.05 11.9257
4785.10 11.9251
4785.15 11.9245
4785.20 11.9239
4785.25 11.9234
4785.30 11.9228
4785.35 11.9222
4785.40 11.9217
4785.45 11.9211
4785.50 11.9205
4785.55 11.9200
4785.60 11.9194
4785.65 11.9188
4785.70 11.9183
4785.75 11.9177
4785.80 11.9172
4785.85 11.9166
4785.90 11.9161
4785.95 11.9155
4786.00 11.9150
4786.05 11.9144
4786.10 11.9138
4786.15 11.9133
4786.20 11.9127
4786.25 11.9122
4786.30 11.9116
4786.35 11.9111
4786.40 11.9106
4786.45 11.9100
4786.50 11.9095
4786.55 11.9089
4786.60 11.9084
4786.65 11.9078
4786.70 11.9073
4786.75 11.9068
4786.80 11.9062
4786.85 11.9057
4786.90 11.9051
4786.95 11.9046
4787.00 11.9041
4787.05 11.9035
4787.10 11.9030
4787.15 11.9025
4787.20 11.9019
4787.25 11.9014
4787.30 11.9008
4787.35 11.9003
4787.40 11.8998
4787.45 11.8993
4787.50 11.8987
4787.55 11.8982
4787.60 11.8977
4787.65 11.8971
4787.70 11.8966
4787.75 11.8961
4787.80 11.8955
4787.85 11.8950
4787.90 11.8945
4787.95 11.8940
4788.00 11.8934
4788.05 11.8929
4788.10 11.8924
4788.15 11.8919
4788.20 11.8913
4788.25 11.8908
4788.30 11.8903
4788.35 11.8898
4788.40 11.8892
4788.45 11.8887
4788.50 11.8882
4788.55 11.8877
4788.60 11.8872
4788.65 11.8866
4788.70 11.8861
4788.75 11.8856
4788.80 11.8851
4788.85 11.8845
4788.90 11.8840
4788.95 11.8835
4789.00 11.8830
4789.05 11.8825
4789.10 11.8819
4789.15 11.8814
4789.20 11.8809
4789.25 11.8804
4789.30 11.8799
4789.35 11.8793
4789.40 11.8788
4789.45 11.8783
4789.50 11.8778
4789.55 11.8773
4789.60 11.8768
4789.65 11.8762
4789.70 11.8757
4789.75 11.8752
4789.80 11.8747
4789.85 11.8742
4789.90 11.8736
4789.95 11.8731
4790.00 11.8726
4790.05 11.8721
4790.10 11.8716
4790.15 11.8710
4790.20 11.8705
4790.25 11.8700
4790.30 11.8695
4790.35 11.8690
4790.40 11.8684
4790.45 11.8679
4790.50 11.8674
4790.55 11.8669
4790.60 11.8664
4790.65 11.8658
4790.70 11.8653
4790.75 11.8648
4790.80 11.8643
4790.85 11.8637
4790.90 11.8632
4790.95 11.8627
4791.00 11.8622
4791.05 11.8617
4791.10 11.8611
4791.15 11.8606
4791.20 11.8601
4791.25 11.8596
4791.30 11.8590
4791.35 11.8585
4791.40 11.8580
4791.45 11.8575
4791.50 11.8569
4791.55 11.8564
4791.60 11.8559
4791.65 11.8554
4791.70 11.8548
4791.75 11.8543
4791.80 11.8538
4791.85 11.8533
4791.90 11.8527
4791.95 11.8522
4792.00 11.8517
4792.05 11.8511
4792.10 11.8506
4792.15 11.8501
4792.20 11.8495
4792.25 11.8490
4792.30 11.8485
4792.35 11.8480
4792.40 11.8474
4792.45 11.8469
4792.50 11.8464
4792.55 11.8458
4792.60 11.8453
4792.65 11.8448
4792.70 11.8442
4792.75 11.8437
4792.80 11.8432
4792.85 11.8426
4792.90 11.8421
4792.95 11.8416
4793.00 11.8410
4793.05 11.8405
4793.10 11.8399
4793.15 11.8394
4793.20 11.8389
4793.25 11.8383
4793.30 11.8378
4793.35 11.8373
4793.40 11.8367
4793.45 11.8362
4793.50 11.8356
4793.55 11.8351
4793.60 11.8346
4793.65 11.8340
4793.70 11.8335
4793.75 11.8329
4793.80 11.8324
4793.85 11.8319
4793.90 11.8313
4793.95 11.8308
4794.00 11.8302
4794.05 11.8297
4794.10 11.8291
4794.15 11.8286
4794.20 11.8281
4794.25 11.8275
4794.30 11.8270
4794.35 11.8264
4794.40 11.8259
4794.45 11.8253
4794.50 11.8248
4794.55 11.8242
4794.60 11.8237
4794.65 11.8232
4794.70 11.8226
4794.75 11.8221
4794.80 11.8215
4794.85 11.8210
4794.90 11.8204
4794.95 11.8199
4795.00 11.8193
4795.05 11.8188
4795.10 11.8182
4795.15 11.8177
4795.20 11.8171
4795.25 11.8166
4795.30 11.8160
4795.35 11.8155
4795.40 11.8149
4795.45 11.8144
4795.50 11.8138
4795.55 11.8133
4795.60 11.8127
4795.65 11.8122
4795.70 11.8116
4795.75 11.8111
4795.80 11.8105
4795.85 11.8100
4795.90 11.8094
4795.95 11.8089
4796.00 11.8083
4796.05 11.8078
4796.10 11.8072
4796.15 11.8067
4796.20 11.8061
4796.25 11.8056
4796.30 11.8050
4796.35 11.8045
4796.40 11.8039
4796.45 11.8034
4796.50 11.8028
4796.55 11.8023
4796.60 11.8017
4796.65 11.8012
4796.70 11.8006
4796.75 11.8001
4796.80 11.7996
4796.85 11.7990
4796.90 11.7985
4796.95 11.7979
4797.00 11.7974
4797.05 11.7968
4797.10 11.7963
4797.15 11.7957
4797.20 11.7952
4797.25 11.7946
4797.30 11.7941
4797.35 11.7935
4797.40 11.7930
4797.45 11.7925
4797.50 11.7919
4797.55 11.7914
4797.60 11.7908
4797.65 11.7903
4797.70 11.7897
4797.75 11.7892
4797.80 11.7887
4797.85 11.7881
4797.90 11.7876
4797.95 11.7870
4798.00 11.7865
4798.05 11.7860
4798.10 11.7854
4798.15 11.7849
4798.20 11.7843
4798.25 11.7838
4798.30 11.7833
4798.35 11.7827
4798.40 11.7822
4798.45 11.7817
4798.50 11.7811
4798.55 11.7806
4798.60 11.7801
4798.65 11.7795
4798.70 11.7790
4798.75 11.7785
4798.80 11.7779
4798.85 11.7774
4798.90 11.7769
4798.95 11.7764
4799.00 11.7758
4799.05 11.7753
4799.10 11.7748
4799.15 11.7743
4799.20 11.7737
4799.25 11.7732
4799.30 11.7727
4799.35 11.7722
4799.40 11.7717
4799.45 11.7711
4799.50 11.7706
4799.55 11.7701
4799.60 11.7696
4799.65 11.7691
4799.70 11.7686
4799.75 11.7681
4799.80 11.7676
4799.85 11.7670
4799.90 11.7665
4799.95 11.7660
4800.00 11.7655
4800.05 11.7650
4800.10 11.7645
4800.15 11.7640
4800.20 11.7635
4800.25 11.7630
4800.30 11.7625
4800.35 11.7620
4800.40 11.7615
4800.45 11.7610
4800.50 11.7605
4800.55 11.7600
4800.60 11.7595
4800.65 11.7590
4800.70 11.7585
4800.75 11.7581
4800.80 11.7576
4800.85 11.7571
4800.90 11.7566
4800.95 11.7561
4801.00 11.7556
4801.05 11.7552
4801.10 11.7547
4801.15 11.7542
4801.20 11.7537
4801.25 11.7532
4801.30 11.7528
4801.35 11.7523
4801.40 11.7518
4801.45 11.7514
4801.50 11.7509
4801.55 11.7504
4801.60 11.7499
4801.65 11.7495
4801.70 11.7490
4801.75 11.7486
4801.80 11.7481
4801.85 11.7476
4801.90 11.7472
4801.95 11.7467
4802.00 11.7463
4802.05 11.7458
4802.10 11.7454
4802.15 11.7449
4802.20 11.7445
4802.25 11.7440
4802.30 11.7436
4802.35 11.7431
4802.40 11.7427
4802.45 11.7422
4802.50 11.7418
4802.55 11.7414
4802.60 11.7409
4802.65 11.7405
4802.70 11.7400
4802.75 11.7396
4802.80 11.7392
4802.85 11.7388
4802.90 11.7383
4802.95 11.7379
4803.00 11.7375
4803.05 11.7370
4803.10 11.7366
4803.15 11.7362
4803.20 11.7358
4803.25 11.7354
4803.30 11.7349
4803.35 11.7345
4803.40 11.7341
4803.45 11.7337
4803.50 11.7333
4803.55 11.7329
4803.60 11.7325
4803.65 11.7321
4803.70 11.7317
4803.75 11.7313
4803.80 11.7308
4803.85 11.7304
4803.90 11.7300
4803.95 11.7296
4804.00 11.7292
4804.05 11.7289
4804.10 11.7285
4804.15 11.7281
4804.20 11.7277
4804.25 11.7273
4804.30 11.7269
4804.35 11.7265
4804.40 11.7261
4804.45 11.7257
4804.50 11.7253
4804.55 11.7250
4804.60 11.7246
4804.65 11.7242
4804.70 11.7238
4804.75 11.7234
4804.80 11.7231
4804.85 11.7227
4804.90 11.7223
4804.95 11.7219
4805.00 11.7216
4805.05 11.7212
4805.10 11.7208
4805.15 11.7205
4805.20 11.7201
4805.25 11.7197
4805.30 11.7194
4805.35 11.7190
4805.40 11.7186
4805.45 11.7183
4805.50 11.7179
4805.55 11.7176
4805.60 11.7172
4805.65 11.7168
4805.70 11.7165
4805.75 11.7161
4805.80 11.7158
4805.85 11.7154
4805.90 11.7151
4805.95 11.7147
4806.00 11.7144
4806.05 11.7140
4806.10 11.7137
4806.15 11.7133
4806.20 11.7130
4806.25 11.7126
4806.30 11.7123
4806.35 11.7119
4806.40 11.7116
4806.45 11.7113
4806.50 11.7109
4806.55 11.7106
4806.60 11.7102
4806.65 11.7099
4806.70 11.7096
4806.75 11.7092
4806.80 11.7089
4806.85 11.7085
4806.90 11.7082
4806.95 11.7079
4807.00 11.7075
4807.05 11.7072
4807.10 11.7069
4807.15 11.7065
4807.20 11.7062
4807.25 11.7058
4807.30 11.7055
4807.35 11.7052
4807.40 11.7048
4807.45 11.7045
4807.50 11.7042
4807.55 11.7039
4807.60 11.7035
4807.65 11.7032
4807.70 11.7029
4807.75 11.7025
4807.80 11.7022
4807.85 11.7019
4807.90 11.7015
4807.95 11.7012
4808.00 11.7009
4808.05 11.7005
4808.10 11.7002
4808.15 11.6999
4808.20 11.6995
4808.25 11.6992
4808.30 11.6989
4808.35 11.6986
4808.40 11.6982
4808.45 11.6979
4808.50 11.6976
4808.55 11.6972
4808.60 11.6969
4808.65 11.6966
4808.70 11.6962
4808.75 11.6959
4808.80 11.6956
4808.85 11.6952
4808.90 11.6949
4808.95 11.6946
4809.00 11.6942
4809.05 11.6939
4809.10 11.6936
4809.15 11.6932
4809.20 11.6929
4809.25 11.6926
4809.30 11.6922
4809.35 11.6919
4809.40 11.6915
4809.45 11.6912
4809.50 11.6909
4809.55 11.6905
4809.60 11.6902
4809.65 11.6898
4809.70 11.6895
4809.75 11.6892
4809.80 11.6888
4809.85 11.6885
4809.90 11.6881
4809.95 11.6878
4810.00 11.6874
4810.05 11.6871
4810.10 11.6867
4810.15 11.6864
4810.20 11.6860
4810.25 11.6857
4810.30 11.6853
4810.35 11.6850
4810.40 11.6846
4810.45 11.6842
4810.50 11.6839
4810.55 11.6835
4810.60 11.6832
4810.65 11.6828
4810.70 11.6824
4810.75 11.6821
4810.80 11.6817
4810.85 11.6813
4810.90 11.6810
4810.95 11.6806
4811.00 11.6802
4811.05 11.6798
4811.10 11.6795
4811.15 11.6791
4811.20 11.6787
4811.25 11.6783
4811.30 11.6779
4811.35 11.6776
4811.40 11.6772
4811.45 11.6768
4811.50 11.6764
4811.55 11.6760
4811.60 11.6756
4811.65 11.6752
4811.70 11.6748
4811.75 11.6744
4811.80 11.6740
4811.85 11.6736
4811.90 11.6732
4811.95 11.6728
4812.00 11.6724
4812.05 11.6720
4812.10 11.6716
4812.15 11.6712
4812.20 11.6707
4812.25 11.6703
4812.30 11.6699
4812.35 11.6695
4812.40 11.6691
4812.45 11.6686
4812.50 11.6682
4812.55 11.6678
4812.60 11.6673
4812.65 11.6669
4812.70 11.6665
4812.75 11.6660
4812.80 11.6656
4812.85 11.6651
4812.90 11.6647
4812.95 11.6642
4813.00 11.6638
4813.05 11.6633
4813.10 11.6629
4813.15 11.6624
4813.20 11.6619
4813.25 11.6615
4813.30 11.6610
4813.35 11.6605
4813.40 11.6601
4813.45 11.6596
4813.50 11.6591
4813.55 11.6586
4813.60 11.6581
4813.65 11.6576
4813.70 11.6572
4813.75 11.6567
4813.80 11.6562
4813.85 11.6557
4813.90 11.6552
4813.95 11.6547
4814.00 11.6542
4814.05 11.6536
4814.10 11.6531
4814.15 11.6526
4814.20 11.6521
4814.25 11.6516
4814.30 11.6510
4814.35 11.6505
4814.40 11.6500
4814.45 11.6494
4814.50 11.6489
4814.55 11.6484
4814.60 11.6478
4814.65 11.6473
4814.70 11.6467
4814.75 11.6462
4814.80 11.6456
4814.85 11.6451
4814.90 11.6445
4814.95 11.6439
4815.00 11.6433
4815.05 11.6428
4815.10 11.6422
4815.15 11.6416
4815.20 11.6410
4815.25 11.6404
4815.30 11.6399
4815.35 11.6393
4815.40 11.6387
4815.45 11.6381
4815.50 11.6375
4815.55 11.6368
4815.60 11.6362
4815.65 11.6356
4815.70 11.6350
4815.75 11.6344
4815.80 11.6338
4815.85 11.6331
4815.90 11.6325
4815.95 11.6319
4816.00 11.6312
4816.05 11.6306
4816.10 11.6299
4816.15 11.6293
4816.20 11.6286
4816.25 11.6280
4816.30 11.6273
4816.35 11.6266
4816.40 11.6260
4816.45 11.6253
4816.50 11.6246
4816.55 11.6239
4816.60 11.6232
4816.65 11.6225
4816.70 11.6219
4816.75 11.6212
4816.80 11.6205
4816.85 11.6197
4816.90 11.6190
4816.95 11.6183
4817.00 11.6176
4817.05 11.6169
4817.10 11.6162
4817.15 11.6154
4817.20 11.6147
4817.25 11.6140
4817.30 11.6132
4817.35 11.6125
4817.40 11.6117
4817.45 11.6110
4817.50 11.6102
4817.55 11.6095
4817.60 11.6087
4817.65 11.6079
4817.70 11.6071
4817.75 11.6064
4817.80 11.6056
4817.85 11.6048
4817.90 11.6040
4817.95 11.6032
4818.00 11.6024
4818.05 11.6016
4818.10 11.6008
4818.15 11.6000
4818.20 11.5992
4818.25 11.5984
4818.30 11.5975
4818.35 11.5967
4818.40 11.5959
4818.45 11.5951
4818.50 11.5942
4818.55 11.5934
4818.60 11.5925
4818.65 11.5917
4818.70 11.5908
4818.75 11.5899
4818.80 11.5891
4818.85 11.5882
4818.90 11.5873
4818.95 11.5865
4819.00 11.5856
4819.05 11.5847
4819.10 11.5838
4819.15 11.5829
4819.20 11.5820
4819.25 11.5811
4819.30 11.5802
4819.35 11.5793
4819.40 11.5783
4819.45 11.5774
4819.50 11.5765
4819.55 11.5756
4819.60 11.5746
4819.65 11.5737
4819.70 11.5727
4819.75 11.5718
4819.80 11.5708
4819.85 11.5699
4819.90 11.5689
4819.95 11.5680
4820.00 11.5670
4820.05 11.5660
4820.10 11.5650
4820.15 11.5640
4820.20 11.5631
4820.25 11.5621
4820.30 11.5611
4820.35 11.5601
4820.40 11.5591
4820.45 11.5580
4820.50 11.5570
4820.55 11.5560
4820.60 11.5550
4820.65 11.5540
4820.70 11.5529
4820.75 11.5519
4820.80 11.5508
4820.85 11.5498
4820.90 11.5487
4820.95 11.5477
4821.00 11.5466
4821.05 11.5456
4821.10 11.5445
4821.15 11.5434
4821.20 11.5423
4821.25 11.5413
4821.30 11.5402
4821.35 11.5391
4821.40 11.5380
4821.45 11.5369
4821.50 11.5358
4821.55 11.5347
4821.60 11.5336
4821.65 11.5324
4821.70 11.5313
4821.75 11.5302
4821.80 11.5291
4821.85 11.5279
4821.90 11.5268
4821.95 11.5256
4822.00 11.5245
4822.05 11.5233
4822.10 11.5222
4822.15 11.5210
4822.20 11.5198
4822.25 11.5187
4822.30 11.5175
4822.35 11.5163
4822.40 11.5151
4822.45 11.5139
4822.50 11.5127
4822.55 11.5115
4822.60 11.5103
4822.65 11.5091
4822.70 11.5079
4822.75 11.5067
4822.80 11.5055
4822.85 11.5043
4822.90 11.5030
4822.95 11.5018
4823.00 11.5006
4823.05 11.4993
4823.10 11.4981
4823.15 11.4968
4823.20 11.4956
4823.25 11.4943
4823.30 11.4930
4823.35 11.4918
4823.40 11.4905
4823.45 11.4892
4823.50 11.4879
4823.55 11.4867
4823.60 11.4854
4823.65 11.4841
4823.70 11.4828
4823.75 11.4815
4823.80 11.4802
4823.85 11.4788
4823.90 11.4775
4823.95 11.4762
4824.00 11.4749
4824.05 11.4736
4824.10 11.4722
4824.15 11.4709
4824.20 11.4696
4824.25 11.4682
4824.30 11.4669
4824.35 11.4655
4824.40 11.4642
4824.45 11.4628
4824.50 11.4614
4824.55 11.4601
4824.60 11.4587
4824.65 11.4573
4824.70 11.4559
4824.75 11.4545
4824.80 11.4532
4824.85 11.4518
4824.90 11.4504
4824.95 11.4490
4825.00 11.4476
4825.05 11.4461
4825.10 11.4447
4825.15 11.4433
4825.20 11.4419
4825.25 11.4405
4825.30 11.4391
4825.35 11.4376
4825.40 11.4362
4825.45 11.4347
4825.50 11.4333
4825.55 11.4319
4825.60 11.4304
4825.65 11.4290
4825.70 11.4275
4825.75 11.4260
4825.80 11.4246
4825.85 11.4231
4825.90 11.4216
4825.95 11.4202
4826.00 11.4187
4826.05 11.4172
4826.10 11.4157
4826.15 11.4142
4826.20 11.4127
4826.25 11.4113
4826.30 11.4098
4826.35 11.4083
4826.40 11.4068
4826.45 11.4052
4826.50 11.4037
4826.55 11.4022
4826.60 11.4007
4826.65 11.3992
4826.70 11.3977
4826.75 11.3961
4826.80 11.3946
4826.85 11.3931
4826.90 11.3916
4826.95 11.3900
4827.00 11.3885
4827.05 11.3869
4827.10 11.3854
4827.15 11.3838
4827.20 11.3823
4827.25 11.3807
4827.30 11.3792
4827.35 11.3776
4827.40 11.3761
4827.45 11.3745
4827.50 11.3730
4827.55 11.3714
4827.60 11.3698
4827.65 11.3682
4827.70 11.3667
4827.75 11.3651
4827.80 11.3635
4827.85 11.3619
4827.90 11.3604
4827.95 11.3588
4828.00 11.3572
4828.05 11.3556
4828.10 11.3540
4828.15 11.3524
4828.20 11.3508
4828.25 11.3492
4828.30 11.3477
4828.35 11.3461
4828.40 11.3445
4828.45 11.3429
4828.50 11.3413
4828.55 11.3397
4828.60 11.3381
4828.65 11.3365
4828.70 11.3348
4828.75 11.3332
4828.80 11.3316
4828.85 11.3300
4828.90 11.3284
4828.95 11.3268
4829.00 11.3252
4829.05 11.3236
4829.10 11.3220
4829.15 11.3204
4829.20 11.3187
4829.25 11.3171
4829.30 11.3155
4829.35 11.3139
4829.40 11.3123
4829.45 11.3107
4829.50 11.3091
4829.55 11.3074
4829.60 11.3058
4829.65 11.3042
4829.70 11.3026
4829.75 11.3010
4829.80 11.2994
4829.85 11.2978
4829.90 11.2962
4829.95 11.2945
4830.00 11.2929
4830.05 11.2913
4830.10 11.2897
4830.15 11.2881
4830.20 11.2865
4830.25 11.2849
4830.30 11.2833
4830.35 11.2817
4830.40 11.2801
4830.45 11.2785
4830.50 11.2769
4830.55 11.2753
4830.60 11.2737
4830.65 11.2721
4830.70 11.2705
4830.75 11.2689
4830.80 11.2673
4830.85 11.2657
4830.90 11.2641
4830.95 11.2625
4831.00 11.2609
4831.05 11.2594
4831.10 11.2578
4831.15 11.2562
4831.20 11.2546
4831.25 11.2531
4831.30 11.2515
4831.35 11.2499
4831.40 11.2484
4831.45 11.2468
4831.50 11.2452
4831.55 11.2437
4831.60 11.2421
4831.65 11.2406
4831.70 11.2390
4831.75 11.2375
4831.80 11.2360
4831.85 11.2344
4831.90 11.2329
4831.95 11.2314
4832.00 11.2298
4832.05 11.2283
4832.10 11.2268
4832.15 11.2253
4832.20 11.2238
4832.25 11.2223
4832.30 11.2208
4832.35 11.2193
4832.40 11.2178
4832.45 11.2163
4832.50 11.2149
4832.55 11.2134
4832.60 11.2119
4832.65 11.2105
4832.70 11.2090
4832.75 11.2075
4832.80 11.2061
4832.85 11.2047
4832.90 11.2032
4832.95 11.2018
4833.00 11.2004
4833.05 11.1990
4833.10 11.1975
4833.15 11.1961
4833.20 11.1947
4833.25 11.1933
4833.30 11.1920
4833.35 11.1906
4833.40 11.1892
4833.45 11.1878
4833.50 11.1865
4833.55 11.1851
4833.60 11.1838
4833.65 11.1824
4833.70 11.1811
4833.75 11.1798
4833.80 11.1785
4833.85 11.1771
4833.90 11.1758
4833.95 11.1745
4834.00 11.1733
4834.05 11.1720
4834.10 11.1707
4834.15 11.1694
4834.20 11.1682
4834.25 11.1669
4834.30 11.1657
4834.35 11.1645
4834.40 11.1632
4834.45 11.1620
4834.50 11.1608
4834.55 11.1596
4834.60 11.1584
4834.65 11.1572
4834.70 11.1561
4834.75 11.1549
4834.80 11.1538
4834.85 11.1526
4834.90 11.1515
4834.95 11.1503
4835.00 11.1492
4835.05 11.1481
4835.10 11.1470
4835.15 11.1459
4835.20 11.1449
4835.25 11.1438
4835.30 11.1427
4835.35 11.1417
4835.40 11.1407
4835.45 11.1396
4835.50 11.1386
4835.55 11.1376
4835.60 11.1366
4835.65 11.1356
4835.70 11.1347
4835.75 11.1337
4835.80 11.1327
4835.85 11.1318
4835.90 11.1309
4835.95 11.1299
4836.00 11.1290
4836.05 11.1281
4836.10 11.1273
4836.15 11.1264
4836.20 11.1255
4836.25 11.1247
4836.30 11.1238
4836.35 11.1230
4836.40 11.1222
4836.45 11.1214
4836.50 11.1206
4836.55 11.1198
4836.60 11.1190
4836.65 11.1183
4836.70 11.1175
4836.75 11.1168
4836.80 11.1161
4836.85 11.1154
4836.90 11.1147
4836.95 11.1140
4837.00 11.1133
4837.05 11.1126
4837.10 11.1120
4837.15 11.1114
4837.20 11.1107
4837.25 11.1101
4837.30 11.1095
4837.35 11.1090
4837.40 11.1084
4837.45 11.1078
4837.50 11.1073
4837.55 11.1067
4837.60 11.1062
4837.65 11.1057
4837.70 11.1052
4837.75 11.1047
4837.80 11.1043
4837.85 11.1038
4837.90 11.1034
4837.95 11.1030
4838.00 11.1026
4838.05 11.1022
4838.10 11.1018
4838.15 11.1014
4838.20 11.1010
4838.25 11.1007
4838.30 11.1004
4838.35 11.1000
4838.40 11.0997
4838.45 11.0994
4838.50 11.0992
4838.55 11.0989
4838.60 11.0987
4838.65 11.0984
4838.70 11.0982
4838.75 11.0980
4838.80 11.0978
4838.85 11.0976
4838.90 11.0974
4838.95 11.0973
4839.00 11.0972
4839.05 11.0970
4839.10 11.0969
4839.15 11.0968
4839.20 11.0967
4839.25 11.0967
4839.30 11.0966
4839.35 11.0966
4839.40 11.0965
4839.45 11.0965
