6511.50 3.2237
6511.55 3.2244
6511.60 3.2251
6511.65 3.2258
6511.70 3.2265
6511.75 3.2273
6511.80 3.2280
6511.85 3.2287
6511.90 3.2294
6511.95 3.2301
6512.00 3.2308
6512.05 3.2315
6512.10 3.2322
6512.15 3.2329
6512.20 3.2336
6512.25 3.2343
6512.30 3.2350
6512.35 3.2357
6512.40 3.2364
6512.45 3.2372
6512.50 3.2379
6512.55 3.2386
6512.60 3.2393
6512.65 3.2400
6512.70 3.2407
6512.75 3.2414
6512.80 3.2421
6512.85 3.2428
6512.90 3.2435
6512.95 3.2442
6513.00 3.2449
6513.05 3.2456
6513.10 3.2462
6513.15 3.2469
6513.20 3.2476
6513.25 3.2483
6513.30 3.2490
6513.35 3.2497
6513.40 3.2504
6513.45 3.2511
6513.50 3.2518
6513.55 3.2525
6513.60 3.2532
6513.65 3.2539
6513.70 3.2546
6513.75 3.2553
6513.80 3.2559
6513.85 3.2566
6513.90 3.2573
6513.95 3.2580
6514.00 3.2587
6514.05 3.2594
6514.10 3.2601
6514.15 3.2608
6514.20 3.2614
6514.25 3.2621
6514.30 3.2628
6514.35 3.2635
6514.40 3.2642
6514.45 3.2649
6514.50 3.2655
6514.55 3.2662
6514.60 3.2669
6514.65 3.2676
6514.70 3.2683
6514.75 3.2689
6514.80 3.2696
6514.85 3.2703
6514.90 3.2710
6514.95 3.2716
6515.00 3.2723
6515.05 3.2730
6515.10 3.2737
6515.15 3.2743
6515.20 3.2750
6515.25 3.2757
6515.30 3.2764
6515.35 3.2770
6515.40 3.2777
6515.45 3.2784
6515.50 3.2791
6515.55 3.2797
6515.60 3.2804
6515.65 3.2811
6515.70 3.2817
6515.75 3.2824
6515.80 3.2831
6515.85 3.2837
6515.90 3.2844
6515.95 3.2851
6516.00 3.2857
6516.05 3.2864
6516.10 3.2871
6516.15 3.2877
6516.20 3.2884
6516.25 3.2891
6516.30 3.2897
6516.35 3.2904
6516.40 3.2910
6516.45 3.2917
6516.50 3.2924
6516.55 3.2930
6516.60 3.2937
6516.65 3.2943
6516.70 3.2950
6516.75 3.2957
6516.80 3.2963
6516.85 3.2970
6516.90 3.2976
6516.95 3.2983
6517.00 3.2989
6517.05 3.2996
6517.10 3.3003
6517.15 3.3009
6517.20 3.3016
6517.25 3.3022
6517.30 3.3029
6517.35 3.3035
6517.40 3.3042
6517.45 3.3048
6517.50 3.3055
6517.55 3.3061
6517.60 3.3068
6517.65 3.3074
6517.70 3.3081
6517.75 3.3087
6517.80 3.3094
6517.85 3.3100
6517.90 3.3107
6517.95 3.3113
6518.00 3.3119
6518.05 3.3126
6518.10 3.3132
6518.15 3.3139
6518.20 3.3145
6518.25 3.3152
6518.30 3.3158
6518.35 3.3165
6518.40 3.3171
6518.45 3.3177
6518.50 3.3184
6518.55 3.3190
6518.60 3.3197
6518.65 3.3203
6518.70 3.3209
6518.75 3.3216
6518.80 3.3222
6518.85 3.3228
6518.90 3.3235
6518.95 3.3241
6519.00 3.3247
6519.05 3.3254
6519.10 3.3260
6519.15 3.3266
6519.20 3.3273
6519.25 3.3279
6519.30 3.3285
6519.35 3.3292
6519.40 3.3298
6519.45 3.3304
6519.50 3.3311
6519.55 3.3317
6519.60 3.3323
6519.65 3.3330
6519.70 3.3336
6519.75 3.3342
6519.80 3.3348
6519.85 3.3355
6519.90 3.3361
6519.95 3.3367
6520.00 3.3373
6520.05 3.3380
6520.10 3.3386
6520.15 3.3392
6520.20 3.3398
6520.25 3.3405
6520.30 3.3411
6520.35 3.3417
6520.40 3.3423
6520.45 3.3429
6520.50 3.3436
6520.55 3.3442
6520.60 3.3448
6520.65 3.3454
6520.70 3.3460
6520.75 3.3466
6520.80 3.3473
6520.85 3.3479
6520.90 3.3485
6520.95 3.3491
6521.00 3.3497
6521.05 3.3503
6521.10 3.3510
6521.15 3.3516
6521.20 3.3522
6521.25 3.3528
6521.30 3.3534
6521.35 3.3540
6521.40 3.3546
6521.45 3.3552
6521.50 3.3558
6521.55 3.3565
6521.60 3.3571
6521.65 3.3577
6521.70 3.3583
6521.75 3.3589
6521.80 3.3595
6521.85 3.3601
6521.90 3.3607
6521.95 3.3613
6522.00 3.3619
6522.05 3.3625
6522.10 3.3631
6522.15 3.3637
6522.20 3.3643
6522.25 3.3649
6522.30 3.3655
6522.35 3.3661
6522.40 3.3667
6522.45 3.3673
6522.50 3.3679
6522.55 3.3685
6522.60 3.3691
6522.65 3.3697
6522.70 3.3703
6522.75 3.3709
6522.80 3.3715
6522.85 3.3721
6522.90 3.3727
6522.95 3.3733
6523.00 3.3739
6523.05 3.3745
6523.10 3.3751
6523.15 3.3757
6523.20 3.3763
6523.25 3.3769
6523.30 3.3775
6523.35 3.3780
6523.40 3.3786
6523.45 3.3792
6523.50 3.3798
6523.55 3.3804
6523.60 3.3810
6523.65 3.3816
6523.70 3.3822
6523.75 3.3828
6523.80 3.3833
6523.85 3.3839
6523.90 3.3845
6523.95 3.3851
6524.00 3.3857
6524.05 3.3863
6524.10 3.3869
6524.15 3.3874
6524.20 3.3880
6524.25 3.3886
6524.30 3.3892
6524.35 3.3898
6524.40 3.3903
6524.45 3.3909
6524.50 3.3915
6524.55 3.3921
6524.60 3.3927
6524.65 3.3932
6524.70 3.3938
6524.75 3.3944
6524.80 3.3950
6524.85 3.3956
6524.90 3.3961
6524.95 3.3967
6525.00 3.3973
6525.05 3.3979
6525.10 3.3984
6525.15 3.3990
6525.20 3.3996
6525.25 3.4001
6525.30 3.4007
6525.35 3.4013
6525.40 3.4019
6525.45 3.4024
6525.50 3.4030
6525.55 3.4036
6525.60 3.4041
6525.65 3.4047
6525.70 3.4053
6525.75 3.4058
6525.80 3.4064
6525.85 3.4070
6525.90 3.4075
6525.95 3.4081
6526.00 3.4087
6526.05 3.4092
6526.10 3.4098
6526.15 3.4104
6526.20 3.4109
6526.25 3.4115
6526.30 3.4121
6526.35 3.4126
6526.40 3.4132
6526.45 3.4137
6526.50 3.4143
6526.55 3.4149
6526.60 3.4154
6526.65 3.4160
6526.70 3.4165
6526.75 3.4171
6526.80 3.4177
6526.85 3.4182
6526.90 3.4188
6526.95 3.4193
6527.00 3.4199
6527.05 3.4204
6527.10 3.4210
6527.15 3.4215
6527.20 3.4221
6527.25 3.4227
6527.30 3.4232
6527.35 3.4238
6527.40 3.4243
6527.45 3.4249
6527.50 3.4254
6527.55 3.4260
6527.60 3.4265
6527.65 3.4271
6527.70 3.4276
6527.75 3.4282
6527.80 3.4287
6527.85 3.4293
6527.90 3.4298
6527.95 3.4303
6528.00 3.4309
6528.05 3.4314
6528.10 3.4320
6528.15 3.4325
6528.20 3.4331
6528.25 3.4336
6528.30 3.4342
6528.35 3.4347
6528.40 3.4352
6528.45 3.4358
6528.50 3.4363
6528.55 3.4369
6528.60 3.4374
6528.65 3.4379
6528.70 3.4385
6528.75 3.4390
6528.80 3.4396
6528.85 3.4401
6528.90 3.4406
6528.95 3.4412
6529.00 3.4417
6529.05 3.4422
6529.10 3.4428
6529.15 3.4433
6529.20 3.4439
6529.25 3.4444
6529.30 3.4449
6529.35 3.4455
6529.40 3.4460
6529.45 3.4465
6529.50 3.4471
6529.55 3.4476
6529.60 3.4481
6529.65 3.4486
6529.70 3.4492
6529.75 3.4497
6529.80 3.4502
6529.85 3.4508
6529.90 3.4513
6529.95 3.4518
6530.00 3.4523
6530.05 3.4529
6530.10 3.4534
6530.15 3.4539
6530.20 3.4544
6530.25 3.4550
6530.30 3.4555
6530.35 3.4560
6530.40 3.4565
6530.45 3.4571
6530.50 3.4576
6530.55 3.4581
6530.60 3.4586
6530.65 3.4592
6530.70 3.4597
6530.75 3.4602
6530.80 3.4607
6530.85 3.4612
6530.90 3.4617
6530.95 3.4623
6531.00 3.4628
6531.05 3.4633
6531.10 3.4638
6531.15 3.4643
6531.20 3.4649
6531.25 3.4654
6531.30 3.4659
6531.35 3.4664
6531.40 3.4669
6531.45 3.4674
6531.50 3.4679
6531.55 3.4684
6531.60 3.4690
6531.65 3.4695
6531.70 3.4700
6531.75 3.4705
6531.80 3.4710
6531.85 3.4715
6531.90 3.4720
6531.95 3.4725
6532.00 3.4730
6532.05 3.4736
6532.10 3.4741
6532.15 3.4746
6532.20 3.4751
6532.25 3.4756
6532.30 3.4761
6532.35 3.4766
6532.40 3.4771
6532.45 3.4776
6532.50 3.4781
6532.55 3.4786
6532.60 3.4791
6532.65 3.4796
6532.70 3.4801
6532.75 3.4806
6532.80 3.4811
6532.85 3.4816
6532.90 3.4821
6532.95 3.4826
6533.00 3.4831
6533.05 3.4836
6533.10 3.4841
6533.15 3.4846
6533.20 3.4851
6533.25 3.4856
6533.30 3.4861
6533.35 3.4866
6533.40 3.4871
6533.45 3.4876
6533.50 3.4881
6533.55 3.4886
6533.60 3.4891
6533.65 3.4896
6533.70 3.4901
6533.75 3.4905
6533.80 3.4910
6533.85 3.4915
6533.90 3.4920
6533.95 3.4925
6534.00 3.4930
6534.05 3.4935
6534.10 3.4940
6534.15 3.4945
6534.20 3.4950
6534.25 3.4954
6534.30 3.4959
6534.35 3.4964
6534.40 3.4969
6534.45 3.4974
6534.50 3.4979
6534.55 3.4984
6534.60 3.4988
6534.65 3.4993
6534.70 3.4998
6534.75 3.5003
6534.80 3.5008
6534.85 3.5013
6534.90 3.5017
6534.95 3.5022
6535.00 3.5027
6535.05 3.5032
6535.10 3.5037
6535.15 3.5042
6535.20 3.5046
6535.25 3.5051
6535.30 3.5056
6535.35 3.5061
6535.40 3.5065
6535.45 3.5070
6535.50 3.5075
6535.55 3.5080
6535.60 3.5084
6535.65 3.5089
6535.70 3.5094
6535.75 3.5099
6535.80 3.5103
6535.85 3.5108
6535.90 3.5113
6535.95 3.5118
6536.00 3.5122
6536.05 3.5127
6536.10 3.5132
6536.15 3.5137
6536.20 3.5141
6536.25 3.5146
6536.30 3.5151
6536.35 3.5155
6536.40 3.5160
6536.45 3.5165
6536.50 3.5169
6536.55 3.5174
6536.60 3.5179
6536.65 3.5183
6536.70 3.5188
6536.75 3.5193
6536.80 3.5197
6536.85 3.5202
6536.90 3.5207
6536.95 3.5211
6537.00 3.5216
6537.05 3.5220
6537.10 3.5225
6537.15 3.5230
6537.20 3.5234
6537.25 3.5239
6537.30 3.5244
6537.35 3.5248
6537.40 3.5253
6537.45 3.5257
6537.50 3.5262
6537.55 3.5267
6537.60 3.5271
6537.65 3.5276
6537.70 3.5280
6537.75 3.5285
6537.80 3.5289
6537.85 3.5294
6537.90 3.5298
6537.95 3.5303
6538.00 3.5308
6538.05 3.5312
6538.10 3.5317
6538.15 3.5321
6538.20 3.5326
6538.25 3.5330
6538.30 3.5335
6538.35 3.5339
6538.40 3.5344
6538.45 3.5348
6538.50 3.5353
6538.55 3.5357
6538.60 3.5362
6538.65 3.5366
6538.70 3.5371
6538.75 3.5375
6538.80 3.5380
6538.85 3.5384
6538.90 3.5389
6538.95 3.5393
6539.00 3.5398
6539.05 3.5402
6539.10 3.5406
6539.15 3.5411
6539.20 3.5415
6539.25 3.5420
6539.30 3.5424
6539.35 3.5429
6539.40 3.5433
6539.45 3.5437
6539.50 3.5442
6539.55 3.5446
6539.60 3.5451
6539.65 3.5455
6539.70 3.5459
6539.75 3.5464
6539.80 3.5468
6539.85 3.5473
6539.90 3.5477
6539.95 3.5481
6540.00 3.5486
6540.05 3.5490
6540.10 3.5494
6540.15 3.5499
6540.20 3.5503
6540.25 3.5508
6540.30 3.5512
6540.35 3.5516
6540.40 3.5521
6540.45 3.5525
6540.50 3.5529
6540.55 3.5534
6540.60 3.5538
6540.65 3.5542
6540.70 3.5546
6540.75 3.5551
6540.80 3.5555
6540.85 3.5559
6540.90 3.5564
6540.95 3.5568
6541.00 3.5572
6541.05 3.5577
6541.10 3.5581
6541.15 3.5585
6541.20 3.5589
6541.25 3.5594
6541.30 3.5598
6541.35 3.5602
6541.40 3.5606
6541.45 3.5611
6541.50 3.5615
6541.55 3.5619
6541.60 3.5623
6541.65 3.5628
6541.70 3.5632
6541.75 3.5636
6541.80 3.5640
6541.85 3.5644
6541.90 3.5649
6541.95 3.5653
6542.00 3.5657
6542.05 3.5661
6542.10 3.5665
6542.15 3.5670
6542.20 3.5674
6542.25 3.5678
6542.30 3.5682
6542.35 3.5686
6542.40 3.5690
6542.45 3.5695
6542.50 3.5699
6542.55 3.5703
6542.60 3.5707
6542.65 3.5711
6542.70 3.5715
6542.75 3.5719
6542.80 3.5724
6542.85 3.5728
6542.90 3.5732
6542.95 3.5736
6543.00 3.5740
6543.05 3.5744
6543.10 3.5748
6543.15 3.5752
6543.20 3.5757
6543.25 3.5761
6543.30 3.5765
6543.35 3.5769
6543.40 3.5773
6543.45 3.5777
6543.50 3.5781
6543.55 3.5785
6543.60 3.5789
6543.65 3.5793
6543.70 3.5797
6543.75 3.5801
6543.80 3.5805
6543.85 3.5809
6543.90 3.5813
6543.95 3.5817
6544.00 3.5822
6544.05 3.5826
6544.10 3.5830
6544.15 3.5834
6544.20 3.5838
6544.25 3.5842
6544.30 3.5846
6544.35 3.5850
6544.40 3.5854
6544.45 3.5858
6544.50 3.5862
6544.55 3.5866
6544.60 3.5870
6544.65 3.5874
6544.70 3.5878
6544.75 3.5881
6544.80 3.5885
6544.85 3.5889
6544.90 3.5893
6544.95 3.5897
6545.00 3.5901
6545.05 3.5905
6545.10 3.5909
6545.15 3.5913
6545.20 3.5917
6545.25 3.5921
6545.30 3.5925
6545.35 3.5929
6545.40 3.5933
6545.45 3.5937
6545.50 3.5941
6545.55 3.5944
6545.60 3.5948
6545.65 3.5952
6545.70 3.5956
6545.75 3.5960
6545.80 3.5964
6545.85 3.5968
6545.90 3.5972
6545.95 3.5975
6546.00 3.5979
6546.05 3.5983
6546.10 3.5987
6546.15 3.5991
6546.20 3.5995
6546.25 3.5999
6546.30 3.6002
6546.35 3.6006
6546.40 3.6010
6546.45 3.6014
6546.50 3.6018
6546.55 3.6022
6546.60 3.6025
6546.65 3.6029
6546.70 3.6033
6546.75 3.6037
6546.80 3.6041
6546.85 3.6044
6546.90 3.6048
6546.95 3.6052
6547.00 3.6056
6547.05 3.6060
6547.10 3.6063
6547.15 3.6067
6547.20 3.6071
6547.25 3.6075
6547.30 3.6078
6547.35 3.6082
6547.40 3.6086
6547.45 3.6090
6547.50 3.6093
6547.55 3.6097
6547.60 3.6101
6547.65 3.6105
6547.70 3.6108
6547.75 3.6112
6547.80 3.6116
6547.85 3.6120
6547.90 3.6123
6547.95 3.6127
6548.00 3.6131
6548.05 3.6134
6548.10 3.6138
6548.15 3.6142
6548.20 3.6145
6548.25 3.6149
6548.30 3.6153
6548.35 3.6157
6548.40 3.6160
6548.45 3.6164
6548.50 3.6168
6548.55 3.6171
6548.60 3.6175
6548.65 3.6178
6548.70 3.6182
6548.75 3.6186
6548.80 3.6189
6548.85 3.6193
6548.90 3.6197
6548.95 3.6200
6549.00 3.6204
6549.05 3.6208
6549.10 3.6211
6549.15 3.6215
6549.20 3.6218
6549.25 3.6222
6549.30 3.6226
6549.35 3.6229
6549.40 3.6233
6549.45 3.6236
6549.50 3.6240
6549.55 3.6244
6549.60 3.6247
6549.65 3.6251
6549.70 3.6254
6549.75 3.6258
6549.80 3.6261
6549.85 3.6265
6549.90 3.6269
6549.95 3.6272
6550.00 3.6276
6550.05 3.6279
6550.10 3.6283
6550.15 3.6286
6550.20 3.6290
6550.25 3.6293
6550.30 3.6297
6550.35 3.6300
6550.40 3.6304
6550.45 3.6307
6550.50 3.6311
6550.55 3.6314
6550.60 3.6318
6550.65 3.6321
6550.70 3.6325
6550.75 3.6328
6550.80 3.6332
6550.85 3.6335
6550.90 3.6339
6550.95 3.6342
6551.00 3.6346
6551.05 3.6349
6551.10 3.6353
6551.15 3.6356
6551.20 3.6360
6551.25 3.6363
6551.30 3.6366
6551.35 3.6370
6551.40 3.6373
6551.45 3.6377
6551.50 3.6380
6551.55 3.6384
6551.60 3.6387
6551.65 3.6390
6551.70 3.6394
6551.75 3.6397
6551.80 3.6401
6551.85 3.6404
6551.90 3.6407
6551.95 3.6411
6552.00 3.6414
6552.05 3.6418
6552.10 3.6421
6552.15 3.6424
6552.20 3.6428
6552.25 3.6431
6552.30 3.6435
6552.35 3.6438
6552.40 3.6441
6552.45 3.6445
6552.50 3.6448
6552.55 3.6451
6552.60 3.6455
6552.65 3.6458
6552.70 3.6461
6552.75 3.6465
6552.80 3.6468
6552.85 3.6471
6552.90 3.6475
6552.95 3.6478
6553.00 3.6481
6553.05 3.6485
6553.10 3.6488
6553.15 3.6491
6553.20 3.6495
6553.25 3.6498
6553.30 3.6501
6553.35 3.6504
6553.40 3.6508
6553.45 3.6511
6553.50 3.6514
6553.55 3.6518
6553.60 3.6521
6553.65 3.6524
6553.70 3.6527
6553.75 3.6531
6553.80 3.6534
6553.85 3.6537
6553.90 3.6540
6553.95 3.6544
6554.00 3.6547
6554.05 3.6550
6554.10 3.6553
6554.15 3.6556
6554.20 3.6560
6554.25 3.6563
6554.30 3.6566
6554.35 3.6569
6554.40 3.6573
6554.45 3.6576
6554.50 3.6579
6554.55 3.6582
6554.60 3.6585
6554.65 3.6589
6554.70 3.6592
6554.75 3.6595
6554.80 3.6598
6554.85 3.6601
6554.90 3.6604
6554.95 3.6608
6555.00 3.6611
6555.05 3.6614
6555.10 3.6617
6555.15 3.6620
6555.20 3.6623
6555.25 3.6627
6555.30 3.6630
6555.35 3.6633
6555.40 3.6636
6555.45 3.6639
6555.50 3.6642
6555.55 3.6645
6555.60 3.6648
6555.65 3.6652
6555.70 3.6655
6555.75 3.6658
6555.80 3.6661
6555.85 3.6664
6555.90 3.6667
6555.95 3.6670
6556.00 3.6673
6556.05 3.6676
6556.10 3.6679
6556.15 3.6683
6556.20 3.6686
6556.25 3.6689
6556.30 3.6692
6556.35 3.6695
6556.40 3.6698
6556.45 3.6701
6556.50 3.6704
6556.55 3.6707
6556.60 3.6710
6556.65 3.6713
6556.70 3.6716
6556.75 3.6719
6556.80 3.6722
6556.85 3.6725
6556.90 3.6728
6556.95 3.6731
6557.00 3.6734
6557.05 3.6737
6557.10 3.6740
6557.15 3.6743
6557.20 3.6746
6557.25 3.6749
6557.30 3.6752
6557.35 3.6755
6557.40 3.6758
6557.45 3.6761
6557.50 3.6764
6557.55 3.6767
6557.60 3.6770
6557.65 3.6773
6557.70 3.6776
6557.75 3.6779
6557.80 3.6782
6557.85 3.6785
6557.90 3.6788
6557.95 3.6791
6558.00 3.6794
6558.05 3.6797
6558.10 3.6800
6558.15 3.6803
6558.20 3.6806
6558.25 3.6809
6558.30 3.6811
6558.35 3.6814
6558.40 3.6817
6558.45 3.6820
6558.50 3.6823
6558.55 3.6826
6558.60 3.6829
6558.65 3.6832
6558.70 3.6835
6558.75 3.6838
6558.80 3.6841
6558.85 3.6843
6558.90 3.6846
6558.95 3.6849
6559.00 3.6852
6559.05 3.6855
6559.10 3.6858
6559.15 3.6861
6559.20 3.6863
6559.25 3.6866
6559.30 3.6869
6559.35 3.6872
6559.40 3.6875
6559.45 3.6878
6559.50 3.6881
6559.55 3.6883
6559.60 3.6886
6559.65 3.6889
6559.70 3.6892
6559.75 3.6895
6559.80 3.6897
6559.85 3.6900
6559.90 3.6903
6559.95 3.6906
6560.00 3.6909
6560.05 3.6912
6560.10 3.6914
6560.15 3.6917
6560.20 3.6920
6560.25 3.6923
6560.30 3.6925
6560.35 3.6928
6560.40 3.6931
6560.45 3.6934
6560.50 3.6937
6560.55 3.6939
6560.60 3.6942
6560.65 3.6945
6560.70 3.6948
6560.75 3.6950
6560.80 3.6953
6560.85 3.6956
6560.90 3.6959
6560.95 3.6961
6561.00 3.6964
6561.05 3.6967
6561.10 3.6969
6561.15 3.6972
6561.20 3.6975
6561.25 3.6978
6561.30 3.6980
6561.35 3.6983
6561.40 3.6986
6561.45 3.6988
6561.50 3.6991
6561.55 3.6994
6561.60 3.6997
6561.65 3.6999
6561.70 3.7002
6561.75 3.7005
6561.80 3.7007
6561.85 3.7010
6561.90 3.7013
6561.95 3.7015
6562.00 3.7018
6562.05 3.7021
6562.10 3.7023
6562.15 3.7026
6562.20 3.7029
6562.25 3.7031
6562.30 3.7034
6562.35 3.7036
6562.40 3.7039
6562.45 3.7042
6562.50 3.7044
6562.55 3.7047
6562.60 3.7050
6562.65 3.7052
6562.70 3.7055
6562.75 3.7057
6562.80 3.7060
6562.85 3.7063
6562.90 3.7065
6562.95 3.7068
6563.00 3.7070
6563.05 3.7073
6563.10 3.7076
6563.15 3.7078
6563.20 3.7081
6563.25 3.7083
6563.30 3.7086
6563.35 3.7089
6563.40 3.7091
6563.45 3.7094
6563.50 3.7096
6563.55 3.7099
6563.60 3.7101
6563.65 3.7104
6563.70 3.7106
6563.75 3.7109
6563.80 3.7112
6563.85 3.7114
6563.90 3.7117
6563.95 3.7119
6564.00 3.7122
6564.05 3.7124
6564.10 3.7127
6564.15 3.7129
6564.20 3.7132
6564.25 3.7134
6564.30 3.7137
6564.35 3.7139
6564.40 3.7142
6564.45 3.7144
6564.50 3.7147
6564.55 3.7149
6564.60 3.7152
6564.65 3.7154
6564.70 3.7157
6564.75 3.7159
6564.80 3.7162
6564.85 3.7164
6564.90 3.7167
6564.95 3.7169
6565.00 3.7171
6565.05 3.7174
6565.10 3.7176
6565.15 3.7179
6565.20 3.7181
6565.25 3.7184
6565.30 3.7186
6565.35 3.7189
6565.40 3.7191
6565.45 3.7193
6565.50 3.7196
6565.55 3.7198
6565.60 3.7201
6565.65 3.7203
6565.70 3.7206
6565.75 3.7208
6565.80 3.7210
6565.85 3.7213
6565.90 3.7215
6565.95 3.7218
6566.00 3.7220
6566.05 3.7222
6566.10 3.7225
6566.15 3.7227
6566.20 3.7229
6566.25 3.7232
6566.30 3.7234
6566.35 3.7237
6566.40 3.7239
6566.45 3.7241
6566.50 3.7244
6566.55 3.7246
6566.60 3.7248
6566.65 3.7251
6566.70 3.7253
6566.75 3.7255
6566.80 3.7258
6566.85 3.7260
6566.90 3.7262
6566.95 3.7265
6567.00 3.7267
6567.05 3.7269
6567.10 3.7272
6567.15 3.7274
6567.20 3.7276
6567.25 3.7279
6567.30 3.7281
6567.35 3.7283
6567.40 3.7286
6567.45 3.7288
6567.50 3.7290
6567.55 3.7293
6567.60 3.7295
6567.65 3.7297
6567.70 3.7299
6567.75 3.7302
6567.80 3.7304
6567.85 3.7306
6567.90 3.7309
6567.95 3.7311
6568.00 3.7313
6568.05 3.7315
6568.10 3.7318
6568.15 3.7320
6568.20 3.7322
6568.25 3.7324
6568.30 3.7327
6568.35 3.7329
6568.40 3.7331
6568.45 3.7333
6568.50 3.7335
6568.55 3.7338
6568.60 3.7340
6568.65 3.7342
6568.70 3.7344
6568.75 3.7347
6568.80 3.7349
6568.85 3.7351
6568.90 3.7353
6568.95 3.7355
6569.00 3.7358
6569.05 3.7360
6569.10 3.7362
6569.15 3.7364
6569.20 3.7366
6569.25 3.7369
6569.30 3.7371
6569.35 3.7373
6569.40 3.7375
6569.45 3.7377
6569.50 3.7379
6569.55 3.7382
6569.60 3.7384
6569.65 3.7386
6569.70 3.7388
6569.75 3.7390
6569.80 3.7392
6569.85 3.7395
6569.90 3.7397
6569.95 3.7399
6570.00 3.7401
6570.05 3.7403
6570.10 3.7405
6570.15 3.7407
6570.20 3.7410
6570.25 3.7412
6570.30 3.7414
6570.35 3.7416
6570.40 3.7418
6570.45 3.7420
6570.50 3.7422
6570.55 3.7424
6570.60 3.7426
6570.65 3.7428
6570.70 3.7431
6570.75 3.7433
6570.80 3.7435
6570.85 3.7437
6570.90 3.7439
6570.95 3.7441
6571.00 3.7443
6571.05 3.7445
6571.10 3.7447
6571.15 3.7449
6571.20 3.7451
6571.25 3.7453
6571.30 3.7455
6571.35 3.7458
6571.40 3.7460
6571.45 3.7462
6571.50 3.7464
6571.55 3.7466
6571.60 3.7468
6571.65 3.7470
6571.70 3.7472
6571.75 3.7474
6571.80 3.7476
6571.85 3.7478
6571.90 3.7480
6571.95 3.7482
6572.00 3.7484
6572.05 3.7486
6572.10 3.7488
6572.15 3.7490
6572.20 3.7492
6572.25 3.7494
6572.30 3.7496
6572.35 3.7498
6572.40 3.7500
6572.45 3.7502
6572.50 3.7504
6572.55 3.7506
6572.60 3.7508
6572.65 3.7510
6572.70 3.7512
6572.75 3.7514
6572.80 3.7516
6572.85 3.7518
6572.90 3.7520
6572.95 3.7522
6573.00 3.7524
6573.05 3.7526
6573.10 3.7528
6573.15 3.7529
6573.20 3.7531
6573.25 3.7533
6573.30 3.7535
6573.35 3.7537
6573.40 3.7539
6573.45 3.7541
6573.50 3.7543
6573.55 3.7545
6573.60 3.7547
6573.65 3.7549
6573.70 3.7551
6573.75 3.7553
6573.80 3.7554
6573.85 3.7556
6573.90 3.7558
6573.95 3.7560
6574.00 3.7562
6574.05 3.7564
6574.10 3.7566
6574.15 3.7568
6574.20 3.7570
6574.25 3.7572
6574.30 3.7573
6574.35 3.7575
6574.40 3.7577
6574.45 3.7579
6574.50 3.7581
6574.55 3.7583
6574.60 3.7585
6574.65 3.7586
6574.70 3.7588
6574.75 3.7590
6574.80 3.7592
6574.85 3.7594
6574.90 3.7596
6574.95 3.7598
6575.00 3.7599
6575.05 3.7601
6575.10 3.7603
6575.15 3.7605
6575.20 3.7607
6575.25 3.7609
6575.30 3.7610
6575.35 3.7612
6575.40 3.7614
6575.45 3.7616
6575.50 3.7618
6575.55 3.7619
6575.60 3.7621
6575.65 3.7623
6575.70 3.7625
6575.75 3.7627
6575.80 3.7628
6575.85 3.7630
6575.90 3.7632
6575.95 3.7634
6576.00 3.7635
6576.05 3.7637
6576.10 3.7639
6576.15 3.7641
6576.20 3.7643
6576.25 3.7644
6576.30 3.7646
6576.35 3.7648
6576.40 3.7650
6576.45 3.7651
6576.50 3.7653
6576.55 3.7655
6576.60 3.7657
6576.65 3.7658
6576.70 3.7660
6576.75 3.7662
6576.80 3.7664
6576.85 3.7665
6576.90 3.7667
6576.95 3.7669
6577.00 3.7670
6577.05 3.7672
6577.10 3.7674
6577.15 3.7676
6577.20 3.7677
6577.25 3.7679
6577.30 3.7681
6577.35 3.7682
6577.40 3.7684
6577.45 3.7686
6577.50 3.7688
6577.55 3.7689
6577.60 3.7691
6577.65 3.7693
6577.70 3.7694
6577.75 3.7696
6577.80 3.7698
6577.85 3.7699
6577.90 3.7701
6577.95 3.7703
6578.00 3.7704
6578.05 3.7706
6578.10 3.7708
6578.15 3.7709
6578.20 3.7711
6578.25 3.7713
6578.30 3.7714
6578.35 3.7716
6578.40 3.7718
6578.45 3.7719
6578.50 3.7721
6578.55 3.7722
6578.60 3.7724
6578.65 3.7726
6578.70 3.7727
6578.75 3.7729
6578.80 3.7731
6578.85 3.7732
6578.90 3.7734
6578.95 3.7735
6579.00 3.7737
6579.05 3.7739
6579.10 3.7740
6579.15 3.7742
6579.20 3.7743
6579.25 3.7745
6579.30 3.7747
6579.35 3.7748
6579.40 3.7750
6579.45 3.7751
6579.50 3.7753
6579.55 3.7755
6579.60 3.7756
6579.65 3.7758
6579.70 3.7759
6579.75 3.7761
6579.80 3.7762
6579.85 3.7764
6579.90 3.7766
6579.95 3.7767
6580.00 3.7769
6580.05 3.7770
6580.10 3.7772
6580.15 3.7773
6580.20 3.7775
6580.25 3.7776
6580.30 3.7778
6580.35 3.7779
6580.40 3.7781
6580.45 3.7783
6580.50 3.7784
6580.55 3.7786
6580.60 3.7787
6580.65 3.7789
6580.70 3.7790
6580.75 3.7792
6580.80 3.7793
6580.85 3.7795
6580.90 3.7796
6580.95 3.7798
6581.00 3.7799
6581.05 3.7801
6581.10 3.7802
6581.15 3.7804
6581.20 3.7805
6581.25 3.7807
6581.30 3.7808
6581.35 3.7810
6581.40 3.7811
6581.45 3.7813
6581.50 3.7814
6581.55 3.7816
6581.60 3.7817
6581.65 3.7818
6581.70 3.7820
6581.75 3.7821
6581.80 3.7823
6581.85 3.7824
6581.90 3.7826
6581.95 3.7827
6582.00 3.7829
6582.05 3.7830
6582.10 3.7832
6582.15 3.7833
6582.20 3.7834
6582.25 3.7836
6582.30 3.7837
6582.35 3.7839
6582.40 3.7840
6582.45 3.7842
6582.50 3.7843
6582.55 3.7844
6582.60 3.7846
6582.65 3.7847
6582.70 3.7849
6582.75 3.7850
6582.80 3.7852
6582.85 3.7853
6582.90 3.7854
6582.95 3.7856
6583.00 3.7857
6583.05 3.7859
6583.10 3.7860
6583.15 3.7861
6583.20 3.7863
6583.25 3.7864
6583.30 3.7865
6583.35 3.7867
6583.40 3.7868
6583.45 3.7870
6583.50 3.7871
6583.55 3.7872
6583.60 3.7874
6583.65 3.7875
6583.70 3.7876
6583.75 3.7878
6583.80 3.7879
6583.85 3.7880
6583.90 3.7882
6583.95 3.7883
6584.00 3.7885
6584.05 3.7886
6584.10 3.7887
6584.15 3.7889
6584.20 3.7890
6584.25 3.7891
6584.30 3.7893
6584.35 3.7894
6584.40 3.7895
6584.45 3.7897
6584.50 3.7898
6584.55 3.7899
6584.60 3.7900
6584.65 3.7902
6584.70 3.7903
6584.75 3.7904
6584.80 3.7906
6584.85 3.7907
6584.90 3.7908
6584.95 3.7910
6585.00 3.7911
6585.05 3.7912
6585.10 3.7913
6585.15 3.7915
6585.20 3.7916
6585.25 3.7917
6585.30 3.7919
6585.35 3.7920
6585.40 3.7921
6585.45 3.7922
6585.50 3.7924
6585.55 3.7925
6585.60 3.7926
6585.65 3.7928
6585.70 3.7929
6585.75 3.7930
6585.80 3.7931
6585.85 3.7933
6585.90 3.7934
6585.95 3.7935
6586.00 3.7936
6586.05 3.7938
6586.10 3.7939
6586.15 3.7940
6586.20 3.7941
6586.25 3.7943
6586.30 3.7944
6586.35 3.7945
6586.40 3.7946
6586.45 3.7947
6586.50 3.7949
6586.55 3.7950
6586.60 3.7951
6586.65 3.7952
6586.70 3.7954
6586.75 3.7955
6586.80 3.7956
6586.85 3.7957
6586.90 3.7958
6586.95 3.7960
6587.00 3.7961
6587.05 3.7962
6587.10 3.7963
6587.15 3.7964
6587.20 3.7965
6587.25 3.7967
6587.30 3.7968
6587.35 3.7969
6587.40 3.7970
6587.45 3.7971
6587.50 3.7973
6587.55 3.7974
6587.60 3.7975
6587.65 3.7976
6587.70 3.7977
6587.75 3.7978
6587.80 3.7980
6587.85 3.7981
6587.90 3.7982
6587.95 3.7983
6588.00 3.7984
6588.05 3.7985
6588.10 3.7986
6588.15 3.7988
6588.20 3.7989
6588.25 3.7990
6588.30 3.7991
6588.35 3.7992
6588.40 3.7993
6588.45 3.7994
6588.50 3.7996
6588.55 3.7997
6588.60 3.7998
6588.65 3.7999
6588.70 3.8000
6588.75 3.8001
6588.80 3.8002
6588.85 3.8003
6588.90 3.8004
6588.95 3.8006
6589.00 3.8007
6589.05 3.8008
6589.10 3.8009
6589.15 3.8010
6589.20 3.8011
6589.25 3.8012
6589.30 3.8013
6589.35 3.8014
6589.40 3.8015
6589.45 3.8017
6589.50 3.8018
6589.55 3.8019
6589.60 3.8020
6589.65 3.8021
6589.70 3.8022
6589.75 3.8023
6589.80 3.8024
6589.85 3.8025
6589.90 3.8026
6589.95 3.8027
6590.00 3.8028
6590.05 3.8029
6590.10 3.8030
6590.15 3.8031
6590.20 3.8032
6590.25 3.8034
6590.30 3.8035
6590.35 3.8036
6590.40 3.8037
6590.45 3.8038
6590.50 3.8039
6590.55 3.8040
6590.60 3.8041
6590.65 3.8042
6590.70 3.8043
6590.75 3.8044
6590.80 3.8045
6590.85 3.8046
6590.90 3.8047
6590.95 3.8048
6591.00 3.8049
6591.05 3.8050
6591.10 3.8051
6591.15 3.8052
6591.20 3.8053
6591.25 3.8054
6591.30 3.8055
6591.35 3.8056
6591.40 3.8057
6591.45 3.8058
6591.50 3.8059
6591.55 3.8060
6591.60 3.8061
6591.65 3.8062
6591.70 3.8063
6591.75 3.8064
6591.80 3.8065
6591.85 3.8066
6591.90 3.8067
6591.95 3.8068
6592.00 3.8069
6592.05 3.8070
6592.10 3.8071
6592.15 3.8072
6592.20 3.8073
6592.25 3.8073
6592.30 3.8074
6592.35 3.8075
6592.40 3.8076
6592.45 3.8077
6592.50 3.8078
6592.55 3.8079
6592.60 3.8080
6592.65 3.8081
6592.70 3.8082
6592.75 3.8083
6592.80 3.8084
6592.85 3.8085
6592.90 3.8086
6592.95 3.8087
6593.00 3.8088
6593.05 3.8088
6593.10 3.8089
6593.15 3.8090
6593.20 3.8091
6593.25 3.8092
6593.30 3.8093
6593.35 3.8094
6593.40 3.8095
6593.45 3.8096
6593.50 3.8097
6593.55 3.8098
6593.60 3.8098
6593.65 3.8099
6593.70 3.8100
6593.75 3.8101
6593.80 3.8102
6593.85 3.8103
6593.90 3.8104
6593.95 3.8105
6594.00 3.8106
6594.05 3.8106
6594.10 3.8107
6594.15 3.8108
6594.20 3.8109
6594.25 3.8110
6594.30 3.8111
6594.35 3.8112
6594.40 3.8113
6594.45 3.8113
6594.50 3.8114
6594.55 3.8115
6594.60 3.8116
6594.65 3.8117
6594.70 3.8118
6594.75 3.8119
6594.80 3.8119
6594.85 3.8120
6594.90 3.8121
6594.95 3.8122
6595.00 3.8123
6595.05 3.8124
6595.10 3.8124
6595.15 3.8125
6595.20 3.8126
6595.25 3.8127
6595.30 3.8128
6595.35 3.8129
6595.40 3.8129
6595.45 3.8130
6595.50 3.8131
6595.55 3.8132
6595.60 3.8133
6595.65 3.8134
6595.70 3.8134
6595.75 3.8135
6595.80 3.8136
6595.85 3.8137
6595.90 3.8138
6595.95 3.8138
6596.00 3.8139
6596.05 3.8140
6596.10 3.8141
6596.15 3.8142
6596.20 3.8142
6596.25 3.8143
6596.30 3.8144
6596.35 3.8145
6596.40 3.8145
6596.45 3.8146
6596.50 3.8147
6596.55 3.8148
6596.60 3.8149
6596.65 3.8149
6596.70 3.8150
6596.75 3.8151
6596.80 3.8152
6596.85 3.8152
6596.90 3.8153
6596.95 3.8154
6597.00 3.8155
6597.05 3.8155
6597.10 3.8156
6597.15 3.8157
6597.20 3.8158
6597.25 3.8158
6597.30 3.8159
6597.35 3.8160
6597.40 3.8161
6597.45 3.8161
6597.50 3.8162
6597.55 3.8163
6597.60 3.8164
6597.65 3.8164
6597.70 3.8165
6597.75 3.8166
6597.80 3.8167
6597.85 3.8167
6597.90 3.8168
6597.95 3.8169
6598.00 3.8169
6598.05 3.8170
6598.10 3.8171
6598.15 3.8172
6598.20 3.8172
6598.25 3.8173
6598.30 3.8174
6598.35 3.8174
6598.40 3.8175
6598.45 3.8176
6598.50 3.8177
6598.55 3.8177
6598.60 3.8178
6598.65 3.8179
6598.70 3.8179
6598.75 3.8180
6598.80 3.8181
6598.85 3.8181
6598.90 3.8182
6598.95 3.8183
6599.00 3.8183
6599.05 3.8184
6599.10 3.8185
6599.15 3.8185
6599.20 3.8186
6599.25 3.8187
6599.30 3.8187
6599.35 3.8188
6599.40 3.8189
6599.45 3.8189
6599.50 3.8190
6599.55 3.8191
6599.60 3.8191
6599.65 3.8192
6599.70 3.8193
6599.75 3.8193
6599.80 3.8194
6599.85 3.8195
6599.90 3.8195
6599.95 3.8196
6600.00 3.8197
6600.05 3.8197
6600.10 3.8198
6600.15 3.8199
6600.20 3.8199
6600.25 3.8200
6600.30 3.8200
6600.35 3.8201
6600.40 3.8202
6600.45 3.8202
6600.50 3.8203
6600.55 3.8204
6600.60 3.8204
6600.65 3.8205
6600.70 3.8205
6600.75 3.8206
6600.80 3.8207
6600.85 3.8207
6600.90 3.8208
6600.95 3.8209
6601.00 3.8209
6601.05 3.8210
6601.10 3.8210
6601.15 3.8211
6601.20 3.8212
6601.25 3.8212
6601.30 3.8213
6601.35 3.8213
6601.40 3.8214
6601.45 3.8214
6601.50 3.8215
6601.55 3.8216
6601.60 3.8216
6601.65 3.8217
6601.70 3.8217
6601.75 3.8218
6601.80 3.8219
6601.85 3.8219
6601.90 3.8220
6601.95 3.8220
6602.00 3.8221
6602.05 3.8221
6602.10 3.8222
6602.15 3.8223
6602.20 3.8223
6602.25 3.8224
6602.30 3.8224
6602.35 3.8225
6602.40 3.8225
6602.45 3.8226
6602.50 3.8226
6602.55 3.8227
6602.60 3.8228
6602.65 3.8228
6602.70 3.8229
6602.75 3.8229
6602.80 3.8230
6602.85 3.8230
6602.90 3.8231
6602.95 3.8231
6603.00 3.8232
6603.05 3.8232
6603.10 3.8233
6603.15 3.8234
6603.20 3.8234
6603.25 3.8235
6603.30 3.8235
6603.35 3.8236
6603.40 3.8236
6603.45 3.8237
6603.50 3.8237
6603.55 3.8238
6603.60 3.8238
6603.65 3.8239
6603.70 3.8239
6603.75 3.8240
6603.80 3.8240
6603.85 3.8241
6603.90 3.8241
6603.95 3.8242
6604.00 3.8242
6604.05 3.8243
6604.10 3.8243
6604.15 3.8244
6604.20 3.8244
6604.25 3.8245
6604.30 3.8245
6604.35 3.8246
6604.40 3.8246
6604.45 3.8247
6604.50 3.8247
6604.55 3.8248
6604.60 3.8248
6604.65 3.8249
6604.70 3.8249
6604.75 3.8250
6604.80 3.8250
6604.85 3.8251
6604.90 3.8251
6604.95 3.8251
6605.00 3.8252
6605.05 3.8252
6605.10 3.8253
6605.15 3.8253
6605.20 3.8254
6605.25 3.8254
6605.30 3.8255
6605.35 3.8255
6605.40 3.8256
6605.45 3.8256
6605.50 3.8257
6605.55 3.8257
6605.60 3.8257
6605.65 3.8258
6605.70 3.8258
6605.75 3.8259
6605.80 3.8259
6605.85 3.8260
6605.90 3.8260
6605.95 3.8261
6606.00 3.8261
6606.05 3.8261
6606.10 3.8262
6606.15 3.8262
6606.20 3.8263
6606.25 3.8263
6606.30 3.8264
6606.35 3.8264
6606.40 3.8264
6606.45 3.8265
6606.50 3.8265
6606.55 3.8266
6606.60 3.8266
6606.65 3.8267
6606.70 3.8267
6606.75 3.8267
6606.80 3.8268
6606.85 3.8268
6606.90 3.8269
6606.95 3.8269
6607.00 3.8269
6607.05 3.8270
6607.10 3.8270
6607.15 3.8271
6607.20 3.8271
6607.25 3.8271
6607.30 3.8272
6607.35 3.8272
6607.40 3.8273
6607.45 3.8273
6607.50 3.8273
6607.55 3.8274
6607.60 3.8274
6607.65 3.8275
6607.70 3.8275
6607.75 3.8275
6607.80 3.8276
6607.85 3.8276
6607.90 3.8276
6607.95 3.8277
6608.00 3.8277
6608.05 3.8278
6608.10 3.8278
6608.15 3.8278
6608.20 3.8279
6608.25 3.8279
6608.30 3.8279
6608.35 3.8280
6608.40 3.8280
6608.45 3.8280
6608.50 3.8281
6608.55 3.8281
6608.60 3.8282
6608.65 3.8282
6608.70 3.8282
6608.75 3.8283
6608.80 3.8283
6608.85 3.8283
6608.90 3.8284
6608.95 3.8284
6609.00 3.8284
6609.05 3.8285
6609.10 3.8285
6609.15 3.8285
6609.20 3.8286
6609.25 3.8286
6609.30 3.8286
6609.35 3.8287
6609.40 3.8287
6609.45 3.8287
6609.50 3.8288
6609.55 3.8288
6609.60 3.8288
6609.65 3.8289
6609.70 3.8289
6609.75 3.8289
6609.80 3.8290
6609.85 3.8290
6609.90 3.8290
6609.95 3.8291
6610.00 3.8291
6610.05 3.8291
6610.10 3.8292
6610.15 3.8292
6610.20 3.8292
6610.25 3.8292
6610.30 3.8293
6610.35 3.8293
6610.40 3.8293
6610.45 3.8294
6610.50 3.8294
6610.55 3.8294
6610.60 3.8295
6610.65 3.8295
6610.70 3.8295
6610.75 3.8295
6610.80 3.8296
6610.85 3.8296
6610.90 3.8296
6610.95 3.8297
6611.00 3.8297
6611.05 3.8297
6611.10 3.8298
6611.15 3.8298
6611.20 3.8298
6611.25 3.8298
6611.30 3.8299
6611.35 3.8299
6611.40 3.8299
6611.45 3.8299
6611.50 3.8300
6611.55 3.8300
6611.60 3.8300
6611.65 3.8301
6611.70 3.8301
6611.75 3.8301
6611.80 3.8301
6611.85 3.8302
6611.90 3.8302
6611.95 3.8302
6612.00 3.8302
6612.05 3.8303
6612.10 3.8303
6612.15 3.8303
6612.20 3.8303
6612.25 3.8304
6612.30 3.8304
6612.35 3.8304
6612.40 3.8304
6612.45 3.8305
6612.50 3.8305
6612.55 3.8305
6612.60 3.8305
6612.65 3.8306
6612.70 3.8306
6612.75 3.8306
6612.80 3.8306
6612.85 3.8307
6612.90 3.8307
6612.95 3.8307
6613.00 3.8307
6613.05 3.8308
6613.10 3.8308
6613.15 3.8308
6613.20 3.8308
6613.25 3.8309
6613.30 3.8309
6613.35 3.8309
6613.40 3.8309
6613.45 3.8309
6613.50 3.8310
6613.55 3.8310
6613.60 3.8310
6613.65 3.8310
6613.70 3.8311
6613.75 3.8311
6613.80 3.8311
6613.85 3.8311
6613.90 3.8311
6613.95 3.8312
6614.00 3.8312
6614.05 3.8312
6614.10 3.8312
6614.15 3.8312
6614.20 3.8313
6614.25 3.8313
6614.30 3.8313
6614.35 3.8313
6614.40 3.8313
6614.45 3.8314
6614.50 3.8314
6614.55 3.8314
6614.60 3.8314
6614.65 3.8314
6614.70 3.8315
6614.75 3.8315
6614.80 3.8315
6614.85 3.8315
6614.90 3.8315
6614.95 3.8316
6615.00 3.8316
6615.05 3.8316
6615.10 3.8316
6615.15 3.8316
6615.20 3.8316
6615.25 3.8317
6615.30 3.8317
6615.35 3.8317
6615.40 3.8317
6615.45 3.8317
6615.50 3.8318
6615.55 3.8318
6615.60 3.8318
6615.65 3.8318
6615.70 3.8318
6615.75 3.8318
6615.80 3.8319
6615.85 3.8319
6615.90 3.8319
6615.95 3.8319
6616.00 3.8319
6616.05 3.8319
6616.10 3.8320
6616.15 3.8320
6616.20 3.8320
6616.25 3.8320
6616.30 3.8320
6616.35 3.8320
6616.40 3.8320
6616.45 3.8321
6616.50 3.8321
6616.55 3.8321
6616.60 3.8321
6616.65 3.8321
6616.70 3.8321
6616.75 3.8321
6616.80 3.8322
6616.85 3.8322
6616.90 3.8322
6616.95 3.8322
6617.00 3.8322
6617.05 3.8322
6617.10 3.8322
6617.15 3.8323
6617.20 3.8323
6617.25 3.8323
6617.30 3.8323
6617.35 3.8323
6617.40 3.8323
6617.45 3.8323
6617.50 3.8324
6617.55 3.8324
6617.60 3.8324
6617.65 3.8324
6617.70 3.8324
6617.75 3.8324
6617.80 3.8324
6617.85 3.8324
6617.90 3.8325
6617.95 3.8325
6618.00 3.8325
6618.05 3.8325
6618.10 3.8325
6618.15 3.8325
6618.20 3.8325
6618.25 3.8325
6618.30 3.8325
6618.35 3.8326
6618.40 3.8326
6618.45 3.8326
6618.50 3.8326
6618.55 3.8326
6618.60 3.8326
6618.65 3.8326
6618.70 3.8326
6618.75 3.8326
6618.80 3.8326
6618.85 3.8327
6618.90 3.8327
6618.95 3.8327
6619.00 3.8327
6619.05 3.8327
6619.10 3.8327
6619.15 3.8327
6619.20 3.8327
6619.25 3.8327
6619.30 3.8327
6619.35 3.8328
6619.40 3.8328
6619.45 3.8328
6619.50 3.8328
6619.55 3.8328
6619.60 3.8328
6619.65 3.8328
6619.70 3.8328
6619.75 3.8328
6619.80 3.8328
6619.85 3.8328
6619.90 3.8328
6619.95 3.8329
6620.00 3.8329
6620.05 3.8329
6620.10 3.8329
6620.15 3.8329
6620.20 3.8329
6620.25 3.8329
6620.30 3.8329
6620.35 3.8329
6620.40 3.8329
6620.45 3.8329
6620.50 3.8329
6620.55 3.8329
6620.60 3.8329
6620.65 3.8329
6620.70 3.8330
6620.75 3.8330
6620.80 3.8330
6620.85 3.8330
6620.90 3.8330
6620.95 3.8330
6621.00 3.8330
6621.05 3.8330
6621.10 3.8330
6621.15 3.8330
6621.20 3.8330
6621.25 3.8330
6621.30 3.8330
6621.35 3.8330
6621.40 3.8330
6621.45 3.8330
6621.50 3.8330
6621.55 3.8330
6621.60 3.8331
6621.65 3.8331
6621.70 3.8331
6621.75 3.8331
6621.80 3.8331
6621.85 3.8331
6621.90 3.8331
6621.95 3.8331
6622.00 3.8331
6622.05 3.8331
6622.10 3.8331
6622.15 3.8331
6622.20 3.8331
6622.25 3.8331
6622.30 3.8331
6622.35 3.8331
6622.40 3.8331
6622.45 3.8331
6622.50 3.8331
6622.55 3.8331
6622.60 3.8331
6622.65 3.8331
6622.70 3.8331
6622.75 3.8331
6622.80 3.8331
6622.85 3.8331
6622.90 3.8331
6622.95 3.8331
6623.00 3.8331
6623.05 3.8332
6623.10 3.8332
6623.15 3.8332
6623.20 3.8332
6623.25 3.8332
6623.30 3.8332
6623.35 3.8332
6623.40 3.8332
6623.45 3.8332
6623.50 3.8332
6623.55 3.8332
6623.60 3.8332
6623.65 3.8332
6623.70 3.8332
6623.75 3.8332
6623.80 3.8332
6623.85 3.8332
6623.90 3.8332
6623.95 3.8332
6624.00 3.8332
6624.05 3.8332
6624.10 3.8332
6624.15 3.8332
6624.20 3.8332
6624.25 3.8332
6624.30 3.8332
6624.35 3.8332
6624.40 3.8332
6624.45 3.8332
6624.50 3.8332
6624.55 3.8332
6624.60 3.8332
6624.65 3.8332
6624.70 3.8332
6624.75 3.8332
6624.80 3.8332
6624.85 3.8332
6624.90 3.8332
6624.95 3.8332
6625.00 3.8332
6625.05 3.8332
6625.10 3.8332
6625.15 3.8332
6625.20 3.8332
6625.25 3.8332
6625.30 3.8332
6625.35 3.8332
6625.40 3.8332
6625.45 3.8332
6625.50 3.8332
6625.55 3.8332
6625.60 3.8332
6625.65 3.8332
6625.70 3.8331
6625.75 3.8331
6625.80 3.8331
6625.85 3.8331
6625.90 3.8331
6625.95 3.8331
6626.00 3.8331
6626.05 3.8331
6626.10 3.8331
6626.15 3.8331
6626.20 3.8331
6626.25 3.8331
6626.30 3.8331
6626.35 3.8331
6626.40 3.8331
6626.45 3.8331
6626.50 3.8331
6626.55 3.8331
6626.60 3.8331
6626.65 3.8331
6626.70 3.8331
6626.75 3.8331
6626.80 3.8331
6626.85 3.8331
6626.90 3.8331
6626.95 3.8331
6627.00 3.8331
6627.05 3.8331
6627.10 3.8331
6627.15 3.8331
6627.20 3.8331
6627.25 3.8331
6627.30 3.8330
6627.35 3.8330
6627.40 3.8330
6627.45 3.8330
6627.50 3.8330
6627.55 3.8330
6627.60 3.8330
6627.65 3.8330
6627.70 3.8330
6627.75 3.8330
6627.80 3.8330
6627.85 3.8330
6627.90 3.8330
6627.95 3.8330
6628.00 3.8330
6628.05 3.8330
6628.10 3.8330
6628.15 3.8330
6628.20 3.8330
6628.25 3.8330
6628.30 3.8330
6628.35 3.8329
6628.40 3.8329
6628.45 3.8329
6628.50 3.8329
6628.55 3.8329
6628.60 3.8329
6628.65 3.8329
6628.70 3.8329
6628.75 3.8329
6628.80 3.8329
6628.85 3.8329
6628.90 3.8329
6628.95 3.8329
6629.00 3.8329
6629.05 3.8329
6629.10 3.8329
6629.15 3.8329
6629.20 3.8328
6629.25 3.8328
6629.30 3.8328
6629.35 3.8328
6629.40 3.8328
6629.45 3.8328
6629.50 3.8328
6629.55 3.8328
6629.60 3.8328
6629.65 3.8328
6629.70 3.8328
6629.75 3.8328
6629.80 3.8328
6629.85 3.8328
6629.90 3.8327
6629.95 3.8327
6630.00 3.8327
6630.05 3.8327
6630.10 3.8327
6630.15 3.8327
6630.20 3.8327
6630.25 3.8327
6630.30 3.8327
6630.35 3.8327
6630.40 3.8327
6630.45 3.8327
6630.50 3.8327
6630.55 3.8327
6630.60 3.8326
6630.65 3.8326
6630.70 3.8326
6630.75 3.8326
6630.80 3.8326
6630.85 3.8326
6630.90 3.8326
6630.95 3.8326
6631.00 3.8326
6631.05 3.8326
6631.10 3.8326
6631.15 3.8326
6631.20 3.8325
6631.25 3.8325
6631.30 3.8325
6631.35 3.8325
6631.40 3.8325
6631.45 3.8325
6631.50 3.8325
6631.55 3.8325
6631.60 3.8325
6631.65 3.8325
6631.70 3.8325
6631.75 3.8324
6631.80 3.8324
6631.85 3.8324
6631.90 3.8324
6631.95 3.8324
6632.00 3.8324
6632.05 3.8324
6632.10 3.8324
6632.15 3.8324
6632.20 3.8324
6632.25 3.8324
6632.30 3.8323
6632.35 3.8323
6632.40 3.8323
6632.45 3.8323
6632.50 3.8323
6632.55 3.8323
6632.60 3.8323
6632.65 3.8323
6632.70 3.8323
6632.75 3.8323
6632.80 3.8322
6632.85 3.8322
6632.90 3.8322
6632.95 3.8322
6633.00 3.8322
6633.05 3.8322
6633.10 3.8322
6633.15 3.8322
6633.20 3.8322
6633.25 3.8322
6633.30 3.8321
6633.35 3.8321
6633.40 3.8321
6633.45 3.8321
6633.50 3.8321
6633.55 3.8321
6633.60 3.8321
6633.65 3.8321
6633.70 3.8321
6633.75 3.8321
6633.80 3.8320
6633.85 3.8320
6633.90 3.8320
6633.95 3.8320
6634.00 3.8320
6634.05 3.8320
6634.10 3.8320
6634.15 3.8320
6634.20 3.8320
6634.25 3.8319
6634.30 3.8319
6634.35 3.8319
6634.40 3.8319
6634.45 3.8319
6634.50 3.8319
6634.55 3.8319
6634.60 3.8319
6634.65 3.8319
6634.70 3.8318
6634.75 3.8318
6634.80 3.8318
6634.85 3.8318
6634.90 3.8318
6634.95 3.8318
6635.00 3.8318
6635.05 3.8318
6635.10 3.8318
6635.15 3.8317
6635.20 3.8317
6635.25 3.8317
6635.30 3.8317
6635.35 3.8317
6635.40 3.8317
6635.45 3.8317
6635.50 3.8317
6635.55 3.8316
6635.60 3.8316
6635.65 3.8316
6635.70 3.8316
6635.75 3.8316
6635.80 3.8316
6635.85 3.8316
6635.90 3.8316
6635.95 3.8316
6636.00 3.8315
6636.05 3.8315
6636.10 3.8315
6636.15 3.8315
6636.20 3.8315
6636.25 3.8315
6636.30 3.8315
6636.35 3.8315
6636.40 3.8314
6636.45 3.8314
6636.50 3.8314
6636.55 3.8314
6636.60 3.8314
6636.65 3.8314
6636.70 3.8314
6636.75 3.8314
6636.80 3.8313
6636.85 3.8313
6636.90 3.8313
6636.95 3.8313
6637.00 3.8313
6637.05 3.8313
6637.10 3.8313
6637.15 3.8313
6637.20 3.8312
6637.25 3.8312
6637.30 3.8312
6637.35 3.8312
6637.40 3.8312
6637.45 3.8312
6637.50 3.8312
6637.55 3.8312
6637.60 3.8311
6637.65 3.8311
6637.70 3.8311
6637.75 3.8311
6637.80 3.8311
6637.85 3.8311
6637.90 3.8311
6637.95 3.8311
6638.00 3.8310
6638.05 3.8310
6638.10 3.8310
6638.15 3.8310
6638.20 3.8310
6638.25 3.8310
6638.30 3.8310
6638.35 3.8310
6638.40 3.8309
6638.45 3.8309
6638.50 3.8309
6638.55 3.8309
6638.60 3.8309
6638.65 3.8309
6638.70 3.8309
6638.75 3.8309
6638.80 3.8308
6638.85 3.8308
6638.90 3.8308
6638.95 3.8308
6639.00 3.8308
6639.05 3.8308
6639.10 3.8308
6639.15 3.8307
6639.20 3.8307
6639.25 3.8307
6639.30 3.8307
6639.35 3.8307
6639.40 3.8307
6639.45 3.8307
6639.50 3.8307
6639.55 3.8306
6639.60 3.8306
6639.65 3.8306
6639.70 3.8306
6639.75 3.8306
6639.80 3.8306
6639.85 3.8306
6639.90 3.8306
6639.95 3.8305
6640.00 3.8305
6640.05 3.8305
6640.10 3.8305
6640.15 3.8305
6640.20 3.8305
6640.25 3.8305
6640.30 3.8304
6640.35 3.8304
6640.40 3.8304
6640.45 3.8304
6640.50 3.8304
6640.55 3.8304
6640.60 3.8304
6640.65 3.8304
6640.70 3.8303
6640.75 3.8303
6640.80 3.8303
6640.85 3.8303
6640.90 3.8303
6640.95 3.8303
6641.00 3.8303
6641.05 3.8302
6641.10 3.8302
6641.15 3.8302
6641.20 3.8302
6641.25 3.8302
6641.30 3.8302
6641.35 3.8302
6641.40 3.8302
6641.45 3.8301
6641.50 3.8301
6641.55 3.8301
6641.60 3.8301
6641.65 3.8301
6641.70 3.8301
6641.75 3.8301
6641.80 3.8300
6641.85 3.8300
6641.90 3.8300
6641.95 3.8300
6642.00 3.8300
6642.05 3.8300
6642.10 3.8300
6642.15 3.8300
6642.20 3.8299
6642.25 3.8299
6642.30 3.8299
6642.35 3.8299
6642.40 3.8299
6642.45 3.8299
6642.50 3.8299
6642.55 3.8298
6642.60 3.8298
6642.65 3.8298
6642.70 3.8298
6642.75 3.8298
6642.80 3.8298
6642.85 3.8298
6642.90 3.8298
6642.95 3.8297
6643.00 3.8297
6643.05 3.8297
6643.10 3.8297
6643.15 3.8297
6643.20 3.8297
6643.25 3.8297
6643.30 3.8297
6643.35 3.8296
6643.40 3.8296
6643.45 3.8296
6643.50 3.8296
6643.55 3.8296
6643.60 3.8296
6643.65 3.8296
6643.70 3.8295
6643.75 3.8295
6643.80 3.8295
6643.85 3.8295
6643.90 3.8295
6643.95 3.8295
6644.00 3.8295
6644.05 3.8295
6644.10 3.8294
6644.15 3.8294
6644.20 3.8294
6644.25 3.8294
6644.30 3.8294
6644.35 3.8294
6644.40 3.8294
6644.45 3.8294
6644.50 3.8293
6644.55 3.8293
6644.60 3.8293
6644.65 3.8293
6644.70 3.8293
6644.75 3.8293
6644.80 3.8293
6644.85 3.8292
6644.90 3.8292
6644.95 3.8292
6645.00 3.8292
6645.05 3.8292
6645.10 3.8292
6645.15 3.8292
6645.20 3.8292
6645.25 3.8291
6645.30 3.8291
6645.35 3.8291
6645.40 3.8291
6645.45 3.8291
6645.50 3.8291
6645.55 3.8291
6645.60 3.8291
6645.65 3.8290
6645.70 3.8290
6645.75 3.8290
6645.80 3.8290
6645.85 3.8290
6645.90 3.8290
6645.95 3.8290
6646.00 3.8290
6646.05 3.8289
6646.10 3.8289
6646.15 3.8289
6646.20 3.8289
6646.25 3.8289
6646.30 3.8289
6646.35 3.8289
6646.40 3.8289
6646.45 3.8289
6646.50 3.8288
6646.55 3.8288
6646.60 3.8288
6646.65 3.8288
6646.70 3.8288
6646.75 3.8288
6646.80 3.8288
6646.85 3.8288
6646.90 3.8287
6646.95 3.8287
6647.00 3.8287
6647.05 3.8287
6647.10 3.8287
6647.15 3.8287
6647.20 3.8287
6647.25 3.8287
6647.30 3.8286
6647.35 3.8286
6647.40 3.8286
6647.45 3.8286
6647.50 3.8286
6647.55 3.8286
6647.60 3.8286
6647.65 3.8286
6647.70 3.8286
6647.75 3.8285
6647.80 3.8285
6647.85 3.8285
6647.90 3.8285
6647.95 3.8285
6648.00 3.8285
6648.05 3.8285
6648.10 3.8285
6648.15 3.8285
6648.20 3.8284
6648.25 3.8284
6648.30 3.8284
6648.35 3.8284
6648.40 3.8284
6648.45 3.8284
6648.50 3.8284
6648.55 3.8284
6648.60 3.8284
6648.65 3.8283
6648.70 3.8283
6648.75 3.8283
6648.80 3.8283
6648.85 3.8283
6648.90 3.8283
6648.95 3.8283
6649.00 3.8283
6649.05 3.8283
6649.10 3.8282
6649.15 3.8282
6649.20 3.8282
6649.25 3.8282
6649.30 3.8282
6649.35 3.8282
6649.40 3.8282
6649.45 3.8282
6649.50 3.8282
6649.55 3.8282
6649.60 3.8281
6649.65 3.8281
6649.70 3.8281
6649.75 3.8281
6649.80 3.8281
6649.85 3.8281
6649.90 3.8281
6649.95 3.8281
6650.00 3.8281
6650.05 3.8281
6650.10 3.8280
6650.15 3.8280
6650.20 3.8280
6650.25 3.8280
6650.30 3.8280
6650.35 3.8280
6650.40 3.8280
6650.45 3.8280
6650.50 3.8280
6650.55 3.8280
6650.60 3.8280
6650.65 3.8279
6650.70 3.8279
6650.75 3.8279
6650.80 3.8279
6650.85 3.8279
6650.90 3.8279
6650.95 3.8279
6651.00 3.8279
6651.05 3.8279
6651.10 3.8279
6651.15 3.8279
6651.20 3.8278
6651.25 3.8278
6651.30 3.8278
6651.35 3.8278
6651.40 3.8278
6651.45 3.8278
6651.50 3.8278
6651.55 3.8278
6651.60 3.8278
6651.65 3.8278
6651.70 3.8278
6651.75 3.8277
6651.80 3.8277
6651.85 3.8277
6651.90 3.8277
6651.95 3.8277
6652.00 3.8277
6652.05 3.8277
6652.10 3.8277
6652.15 3.8277
6652.20 3.8277
6652.25 3.8277
6652.30 3.8277
6652.35 3.8277
6652.40 3.8276
6652.45 3.8276
6652.50 3.8276
6652.55 3.8276
6652.60 3.8276
6652.65 3.8276
6652.70 3.8276
6652.75 3.8276
6652.80 3.8276
6652.85 3.8276
6652.90 3.8276
6652.95 3.8276
6653.00 3.8276
6653.05 3.8275
6653.10 3.8275
6653.15 3.8275
6653.20 3.8275
6653.25 3.8275
6653.30 3.8275
6653.35 3.8275
6653.40 3.8275
6653.45 3.8275
6653.50 3.8275
6653.55 3.8275
6653.60 3.8275
6653.65 3.8275
6653.70 3.8275
6653.75 3.8275
6653.80 3.8275
6653.85 3.8274
6653.90 3.8274
6653.95 3.8274
6654.00 3.8274
6654.05 3.8274
6654.10 3.8274
6654.15 3.8274
6654.20 3.8274
6654.25 3.8274
6654.30 3.8274
6654.35 3.8274
6654.40 3.8274
6654.45 3.8274
6654.50 3.8274
6654.55 3.8274
6654.60 3.8274
6654.65 3.8274
6654.70 3.8274
6654.75 3.8273
6654.80 3.8273
6654.85 3.8273
6654.90 3.8273
6654.95 3.8273
6655.00 3.8273
6655.05 3.8273
6655.10 3.8273
6655.15 3.8273
6655.20 3.8273
6655.25 3.8273
6655.30 3.8273
6655.35 3.8273
6655.40 3.8273
6655.45 3.8273
6655.50 3.8273
6655.55 3.8273
6655.60 3.8273
6655.65 3.8273
6655.70 3.8273
6655.75 3.8273
6655.80 3.8273
6655.85 3.8273
6655.90 3.8273
6655.95 3.8272
6656.00 3.8272
6656.05 3.8272
6656.10 3.8272
6656.15 3.8272
6656.20 3.8272
6656.25 3.8272
6656.30 3.8272
6656.35 3.8272
6656.40 3.8272
6656.45 3.8272
6656.50 3.8272
6656.55 3.8272
6656.60 3.8272
6656.65 3.8272
6656.70 3.8272
6656.75 3.8272
6656.80 3.8272
6656.85 3.8272
6656.90 3.8272
6656.95 3.8272
6657.00 3.8272
6657.05 3.8272
6657.10 3.8272
6657.15 3.8272
6657.20 3.8272
6657.25 3.8272
6657.30 3.8272
6657.35 3.8272
6657.40 3.8272
6657.45 3.8272
6657.50 3.8272
6657.55 3.8272
6657.60 3.8272
6657.65 3.8272
6657.70 3.8272
6657.75 3.8272
6657.80 3.8272
6657.85 3.8272
6657.90 3.8272
6657.95 3.8272
6658.00 3.8272
6658.05 3.8272
6658.10 3.8272
6658.15 3.8272
6658.20 3.8272
6658.25 3.8272
6658.30 3.8272
6658.35 3.8272
6658.40 3.8272
6658.45 3.8272
6658.50 3.8272
6658.55 3.8272
6658.60 3.8272
6658.65 3.8272
6658.70 3.8272
6658.75 3.8272
6658.80 3.8272
6658.85 3.8272
6658.90 3.8272
6658.95 3.8272
6659.00 3.8272
6659.05 3.8272
6659.10 3.8272
6659.15 3.8272
6659.20 3.8272
6659.25 3.8272
6659.30 3.8272
6659.35 3.8272
6659.40 3.8272
6659.45 3.8272
6659.50 3.8272
6659.55 3.8272
6659.60 3.8272
6659.65 3.8272
6659.70 3.8272
6659.75 3.8272
6659.80 3.8272
6659.85 3.8272
6659.90 3.8272
6659.95 3.8272
6660.00 3.8272
6660.05 3.8272
6660.10 3.8272
6660.15 3.8272
6660.20 3.8272
6660.25 3.8272
6660.30 3.8272
6660.35 3.8272
6660.40 3.8272
6660.45 3.8272
6660.50 3.8273
6660.55 3.8273
6660.60 3.8273
6660.65 3.8273
6660.70 3.8273
6660.75 3.8273
6660.80 3.8273
6660.85 3.8273
6660.90 3.8273
6660.95 3.8273
6661.00 3.8273
6661.05 3.8273
6661.10 3.8273
6661.15 3.8273
6661.20 3.8273
6661.25 3.8273
6661.30 3.8273
6661.35 3.8273
6661.40 3.8273
6661.45 3.8273
6661.50 3.8273
6661.55 3.8274
6661.60 3.8274
6661.65 3.8274
6661.70 3.8274
6661.75 3.8274
6661.80 3.8274
6661.85 3.8274
6661.90 3.8274
6661.95 3.8274
6662.00 3.8274
6662.05 3.8274
6662.10 3.8274
6662.15 3.8274
6662.20 3.8274
6662.25 3.8274
6662.30 3.8275
6662.35 3.8275
6662.40 3.8275
6662.45 3.8275
6662.50 3.8275
6662.55 3.8275
6662.60 3.8275
6662.65 3.8275
6662.70 3.8275
6662.75 3.8275
6662.80 3.8275
6662.85 3.8275
6662.90 3.8275
6662.95 3.8276
6663.00 3.8276
6663.05 3.8276
6663.10 3.8276
6663.15 3.8276
6663.20 3.8276
6663.25 3.8276
6663.30 3.8276
6663.35 3.8276
6663.40 3.8276
6663.45 3.8276
6663.50 3.8277
6663.55 3.8277
6663.60 3.8277
6663.65 3.8277
6663.70 3.8277
6663.75 3.8277
6663.80 3.8277
6663.85 3.8277
6663.90 3.8277
6663.95 3.8277
6664.00 3.8278
6664.05 3.8278
6664.10 3.8278
6664.15 3.8278
6664.20 3.8278
6664.25 3.8278
6664.30 3.8278
6664.35 3.8278
6664.40 3.8278
6664.45 3.8279
6664.50 3.8279
6664.55 3.8279
6664.60 3.8279
6664.65 3.8279
6664.70 3.8279
6664.75 3.8279
6664.80 3.8279
6664.85 3.8280
6664.90 3.8280
6664.95 3.8280
6665.00 3.8280
6665.05 3.8280
6665.10 3.8280
6665.15 3.8280
6665.20 3.8280
6665.25 3.8281
6665.30 3.8281
6665.35 3.8281
6665.40 3.8281
6665.45 3.8281
6665.50 3.8281
6665.55 3.8281
6665.60 3.8282
6665.65 3.8282
6665.70 3.8282
6665.75 3.8282
6665.80 3.8282
6665.85 3.8282
6665.90 3.8282
6665.95 3.8283
6666.00 3.8283
6666.05 3.8283
6666.10 3.8283
6666.15 3.8283
6666.20 3.8283
6666.25 3.8283
6666.30 3.8284
6666.35 3.8284
6666.40 3.8284
6666.45 3.8284
6666.50 3.8284
6666.55 3.8284
6666.60 3.8285
6666.65 3.8285
6666.70 3.8285
6666.75 3.8285
6666.80 3.8285
6666.85 3.8285
6666.90 3.8286
6666.95 3.8286
6667.00 3.8286
6667.05 3.8286
6667.10 3.8286
6667.15 3.8287
6667.20 3.8287
6667.25 3.8287
6667.30 3.8287
6667.35 3.8287
6667.40 3.8287
6667.45 3.8288
6667.50 3.8288
6667.55 3.8288
6667.60 3.8288
6667.65 3.8288
6667.70 3.8289
6667.75 3.8289
6667.80 3.8289
6667.85 3.8289
6667.90 3.8289
6667.95 3.8290
6668.00 3.8290
6668.05 3.8290
6668.10 3.8290
6668.15 3.8290
6668.20 3.8291
6668.25 3.8291
6668.30 3.8291
6668.35 3.8291
6668.40 3.8291
6668.45 3.8292
6668.50 3.8292
6668.55 3.8292
6668.60 3.8292
6668.65 3.8292
6668.70 3.8293
6668.75 3.8293
6668.80 3.8293
6668.85 3.8293
6668.90 3.8294
6668.95 3.8294
6669.00 3.8294
6669.05 3.8294
6669.10 3.8294
6669.15 3.8295
6669.20 3.8295
6669.25 3.8295
6669.30 3.8295
6669.35 3.8296
6669.40 3.8296
6669.45 3.8296
6669.50 3.8296
6669.55 3.8297
6669.60 3.8297
6669.65 3.8297
6669.70 3.8297
6669.75 3.8298
6669.80 3.8298
6669.85 3.8298
6669.90 3.8298
6669.95 3.8299
6670.00 3.8299
6670.05 3.8299
6670.10 3.8299
6670.15 3.8300
6670.20 3.8300
6670.25 3.8300
6670.30 3.8300
6670.35 3.8301
6670.40 3.8301
6670.45 3.8301
6670.50 3.8301
6670.55 3.8302
6670.60 3.8302
6670.65 3.8302
6670.70 3.8302
6670.75 3.8303
6670.80 3.8303
6670.85 3.8303
6670.90 3.8304
6670.95 3.8304
6671.00 3.8304
6671.05 3.8304
6671.10 3.8305
6671.15 3.8305
6671.20 3.8305
6671.25 3.8306
6671.30 3.8306
6671.35 3.8306
6671.40 3.8306
6671.45 3.8307
6671.50 3.8307
6671.55 3.8307
6671.60 3.8308
6671.65 3.8308
6671.70 3.8308
6671.75 3.8309
6671.80 3.8309
6671.85 3.8309
6671.90 3.8309
6671.95 3.8310
6672.00 3.8310
6672.05 3.8310
6672.10 3.8311
6672.15 3.8311
6672.20 3.8311
6672.25 3.8312
6672.30 3.8312
6672.35 3.8312
6672.40 3.8313
6672.45 3.8313
6672.50 3.8313
6672.55 3.8314
6672.60 3.8314
6672.65 3.8314
6672.70 3.8314
6672.75 3.8315
6672.80 3.8315
6672.85 3.8315
6672.90 3.8316
6672.95 3.8316
6673.00 3.8317
6673.05 3.8317
6673.10 3.8317
6673.15 3.8318
6673.20 3.8318
6673.25 3.8318
6673.30 3.8319
6673.35 3.8319
6673.40 3.8319
6673.45 3.8320
6673.50 3.8320
6673.55 3.8320
6673.60 3.8321
6673.65 3.8321
6673.70 3.8321
6673.75 3.8322
6673.80 3.8322
6673.85 3.8322
6673.90 3.8323
6673.95 3.8323
6674.00 3.8324
6674.05 3.8324
6674.10 3.8324
6674.15 3.8325
6674.20 3.8325
6674.25 3.8325
6674.30 3.8326
6674.35 3.8326
6674.40 3.8327
6674.45 3.8327
6674.50 3.8327
6674.55 3.8328
6674.60 3.8328
6674.65 3.8329
6674.70 3.8329
6674.75 3.8329
6674.80 3.8330
6674.85 3.8330
6674.90 3.8330
6674.95 3.8331
6675.00 3.8331
6675.05 3.8332
6675.10 3.8332
6675.15 3.8332
6675.20 3.8333
6675.25 3.8333
6675.30 3.8334
6675.35 3.8334
6675.40 3.8335
6675.45 3.8335
6675.50 3.8335
6675.55 3.8336
6675.60 3.8336
6675.65 3.8337
6675.70 3.8337
6675.75 3.8337
6675.80 3.8338
6675.85 3.8338
6675.90 3.8339
6675.95 3.8339
6676.00 3.8340
6676.05 3.8340
6676.10 3.8340
6676.15 3.8341
6676.20 3.8341
6676.25 3.8342
6676.30 3.8342
6676.35 3.8343
6676.40 3.8343
6676.45 3.8344
6676.50 3.8344
6676.55 3.8344
6676.60 3.8345
6676.65 3.8345
6676.70 3.8346
6676.75 3.8346
6676.80 3.8347
6676.85 3.8347
6676.90 3.8348
6676.95 3.8348
6677.00 3.8349
6677.05 3.8349
6677.10 3.8350
6677.15 3.8350
6677.20 3.8350
6677.25 3.8351
6677.30 3.8351
6677.35 3.8352
6677.40 3.8352
6677.45 3.8353
6677.50 3.8353
6677.55 3.8354
6677.60 3.8354
6677.65 3.8355
6677.70 3.8355
6677.75 3.8356
6677.80 3.8356
6677.85 3.8357
6677.90 3.8357
6677.95 3.8358
6678.00 3.8358
6678.05 3.8359
6678.10 3.8359
6678.15 3.8360
6678.20 3.8360
6678.25 3.8361
6678.30 3.8361
6678.35 3.8362
6678.40 3.8362
6678.45 3.8363
6678.50 3.8363
6678.55 3.8364
6678.60 3.8364
6678.65 3.8365
6678.70 3.8365
6678.75 3.8366
6678.80 3.8367
6678.85 3.8367
6678.90 3.8368
6678.95 3.8368
6679.00 3.8369
6679.05 3.8369
6679.10 3.8370
6679.15 3.8370
6679.20 3.8371
6679.25 3.8371
6679.30 3.8372
6679.35 3.8372
6679.40 3.8373
6679.45 3.8374
6679.50 3.8374
6679.55 3.8375
6679.60 3.8375
6679.65 3.8376
6679.70 3.8376
6679.75 3.8377
6679.80 3.8377
6679.85 3.8378
6679.90 3.8379
6679.95 3.8379
6680.00 3.8380
6680.05 3.8380
6680.10 3.8381
6680.15 3.8381
6680.20 3.8382
6680.25 3.8383
6680.30 3.8383
6680.35 3.8384
6680.40 3.8384
6680.45 3.8385
6680.50 3.8386
6680.55 3.8386
6680.60 3.8387
6680.65 3.8387
6680.70 3.8388
6680.75 3.8389
6680.80 3.8389
6680.85 3.8390
6680.90 3.8390
6680.95 3.8391
6681.00 3.8392
6681.05 3.8392
6681.10 3.8393
6681.15 3.8393
6681.20 3.8394
6681.25 3.8395
6681.30 3.8395
6681.35 3.8396
6681.40 3.8397
6681.45 3.8397
6681.50 3.8398
6681.55 3.8398
6681.60 3.8399
6681.65 3.8400
6681.70 3.8400
6681.75 3.8401
6681.80 3.8402
6681.85 3.8402
6681.90 3.8403
6681.95 3.8404
6682.00 3.8404
6682.05 3.8405
6682.10 3.8405
6682.15 3.8406
6682.20 3.8407
6682.25 3.8407
6682.30 3.8408
6682.35 3.8409
6682.40 3.8409
6682.45 3.8410
6682.50 3.8411
6682.55 3.8411
6682.60 3.8412
6682.65 3.8413
6682.70 3.8413
6682.75 3.8414
6682.80 3.8415
6682.85 3.8415
6682.90 3.8416
6682.95 3.8417
6683.00 3.8418
6683.05 3.8418
6683.10 3.8419
6683.15 3.8420
6683.20 3.8420
6683.25 3.8421
6683.30 3.8422
6683.35 3.8422
6683.40 3.8423
6683.45 3.8424
6683.50 3.8425
6683.55 3.8425
6683.60 3.8426
6683.65 3.8427
6683.70 3.8427
6683.75 3.8428
6683.80 3.8429
6683.85 3.8430
6683.90 3.8430
6683.95 3.8431
6684.00 3.8432
6684.05 3.8432
6684.10 3.8433
6684.15 3.8434
6684.20 3.8435
6684.25 3.8435
6684.30 3.8436
6684.35 3.8437
6684.40 3.8438
6684.45 3.8438
6684.50 3.8439
6684.55 3.8440
6684.60 3.8441
6684.65 3.8441
6684.70 3.8442
6684.75 3.8443
6684.80 3.8444
6684.85 3.8444
6684.90 3.8445
6684.95 3.8446
6685.00 3.8447
6685.05 3.8447
6685.10 3.8448
6685.15 3.8449
6685.20 3.8450
6685.25 3.8451
6685.30 3.8451
6685.35 3.8452
6685.40 3.8453
6685.45 3.8454
6685.50 3.8454
6685.55 3.8455
6685.60 3.8456
6685.65 3.8457
6685.70 3.8458
6685.75 3.8458
6685.80 3.8459
6685.85 3.8460
6685.90 3.8461
6685.95 3.8462
6686.00 3.8463
6686.05 3.8463
6686.10 3.8464
6686.15 3.8465
6686.20 3.8466
6686.25 3.8467
6686.30 3.8467
6686.35 3.8468
6686.40 3.8469
6686.45 3.8470
6686.50 3.8471
6686.55 3.8472
6686.60 3.8472
6686.65 3.8473
6686.70 3.8474
6686.75 3.8475
6686.80 3.8476
6686.85 3.8477
6686.90 3.8477
6686.95 3.8478
6687.00 3.8479
6687.05 3.8480
6687.10 3.8481
6687.15 3.8482
6687.20 3.8483
6687.25 3.8483
6687.30 3.8484
6687.35 3.8485
6687.40 3.8486
6687.45 3.8487
6687.50 3.8488
6687.55 3.8489
6687.60 3.8490
6687.65 3.8491
6687.70 3.8491
6687.75 3.8492
6687.80 3.8493
6687.85 3.8494
6687.90 3.8495
6687.95 3.8496
6688.00 3.8497
6688.05 3.8498
6688.10 3.8499
6688.15 3.8499
6688.20 3.8500
6688.25 3.8501
6688.30 3.8502
6688.35 3.8503
6688.40 3.8504
6688.45 3.8505
6688.50 3.8506
6688.55 3.8507
6688.60 3.8508
6688.65 3.8509
6688.70 3.8510
6688.75 3.8511
6688.80 3.8511
6688.85 3.8512
6688.90 3.8513
6688.95 3.8514
6689.00 3.8515
6689.05 3.8516
6689.10 3.8517
6689.15 3.8518
6689.20 3.8519
6689.25 3.8520
6689.30 3.8521
6689.35 3.8522
6689.40 3.8523
6689.45 3.8524
6689.50 3.8525
6689.55 3.8526
6689.60 3.8527
6689.65 3.8528
6689.70 3.8529
6689.75 3.8530
6689.80 3.8531
6689.85 3.8532
6689.90 3.8533
6689.95 3.8534
6690.00 3.8535
6690.05 3.8536
6690.10 3.8537
6690.15 3.8538
6690.20 3.8539
6690.25 3.8540
6690.30 3.8541
6690.35 3.8542
6690.40 3.8543
6690.45 3.8544
6690.50 3.8545
6690.55 3.8546
6690.60 3.8547
6690.65 3.8548
6690.70 3.8549
6690.75 3.8550
6690.80 3.8551
6690.85 3.8552
6690.90 3.8553
6690.95 3.8554
6691.00 3.8555
6691.05 3.8556
6691.10 3.8557
6691.15 3.8558
6691.20 3.8559
6691.25 3.8560
6691.30 3.8561
6691.35 3.8562
6691.40 3.8563
6691.45 3.8564
6691.50 3.8565
6691.55 3.8566
6691.60 3.8568
6691.65 3.8569
6691.70 3.8570
6691.75 3.8571
6691.80 3.8572
6691.85 3.8573
6691.90 3.8574
6691.95 3.8575
6692.00 3.8576
6692.05 3.8577
6692.10 3.8578
6692.15 3.8579
6692.20 3.8581
6692.25 3.8582
6692.30 3.8583
6692.35 3.8584
6692.40 3.8585
6692.45 3.8586
6692.50 3.8587
6692.55 3.8588
6692.60 3.8589
6692.65 3.8590
6692.70 3.8592
6692.75 3.8593
6692.80 3.8594
6692.85 3.8595
6692.90 3.8596
6692.95 3.8597
6693.00 3.8598
6693.05 3.8600
6693.10 3.8601
6693.15 3.8602
6693.20 3.8603
6693.25 3.8604
6693.30 3.8605
6693.35 3.8606
6693.40 3.8608
6693.45 3.8609
6693.50 3.8610
6693.55 3.8611
6693.60 3.8612
6693.65 3.8613
6693.70 3.8615
6693.75 3.8616
6693.80 3.8617
6693.85 3.8618
6693.90 3.8619
6693.95 3.8620
6694.00 3.8622
6694.05 3.8623
6694.10 3.8624
6694.15 3.8625
6694.20 3.8626
6694.25 3.8628
6694.30 3.8629
6694.35 3.8630
6694.40 3.8631
6694.45 3.8632
6694.50 3.8634
6694.55 3.8635
6694.60 3.8636
6694.65 3.8637
6694.70 3.8638
6694.75 3.8640
6694.80 3.8641
6694.85 3.8642
6694.90 3.8643
6694.95 3.8645
6695.00 3.8646
6695.05 3.8647
6695.10 3.8648
6695.15 3.8650
6695.20 3.8651
6695.25 3.8652
6695.30 3.8653
6695.35 3.8655
6695.40 3.8656
6695.45 3.8657
6695.50 3.8658
6695.55 3.8660
6695.60 3.8661
6695.65 3.8662
6695.70 3.8663
6695.75 3.8665
6695.80 3.8666
6695.85 3.8667
6695.90 3.8669
6695.95 3.8670
6696.00 3.8671
6696.05 3.8672
6696.10 3.8674
6696.15 3.8675
6696.20 3.8676
6696.25 3.8678
6696.30 3.8679
6696.35 3.8680
6696.40 3.8682
6696.45 3.8683
6696.50 3.8684
6696.55 3.8686
6696.60 3.8687
6696.65 3.8688
6696.70 3.8689
6696.75 3.8691
6696.80 3.8692
6696.85 3.8693
6696.90 3.8695
6696.95 3.8696
6697.00 3.8698
6697.05 3.8699
6697.10 3.8700
6697.15 3.8702
6697.20 3.8703
6697.25 3.8704
6697.30 3.8706
6697.35 3.8707
6697.40 3.8708
6697.45 3.8710
6697.50 3.8711
6697.55 3.8712
6697.60 3.8714
6697.65 3.8715
6697.70 3.8717
6697.75 3.8718
6697.80 3.8719
6697.85 3.8721
6697.90 3.8722
6697.95 3.8724
6698.00 3.8725
6698.05 3.8726
6698.10 3.8728
6698.15 3.8729
6698.20 3.8731
6698.25 3.8732
6698.30 3.8733
6698.35 3.8735
6698.40 3.8736
6698.45 3.8738
6698.50 3.8739
6698.55 3.8740
6698.60 3.8742
6698.65 3.8743
6698.70 3.8745
6698.75 3.8746
6698.80 3.8748
6698.85 3.8749
6698.90 3.8751
6698.95 3.8752
6699.00 3.8753
6699.05 3.8755
6699.10 3.8756
6699.15 3.8758
6699.20 3.8759
6699.25 3.8761
6699.30 3.8762
6699.35 3.8764
6699.40 3.8765
6699.45 3.8767
6699.50 3.8768
6699.55 3.8770
6699.60 3.8771
6699.65 3.8773
6699.70 3.8774
6699.75 3.8776
6699.80 3.8777
6699.85 3.8779
6699.90 3.8780
6699.95 3.8782
6700.00 3.8783
6700.05 3.8785
6700.10 3.8786
6700.15 3.8788
6700.20 3.8789
6700.25 3.8791
6700.30 3.8792
6700.35 3.8794
6700.40 3.8795
6700.45 3.8797
6700.50 3.8798
6700.55 3.8800
6700.60 3.8801
6700.65 3.8803
6700.70 3.8805
6700.75 3.8806
6700.80 3.8808
6700.85 3.8809
6700.90 3.8811
6700.95 3.8812
6701.00 3.8814
6701.05 3.8815
6701.10 3.8817
6701.15 3.8819
6701.20 3.8820
6701.25 3.8822
6701.30 3.8823
6701.35 3.8825
6701.40 3.8827
6701.45 3.8828
6701.50 3.8830
6701.55 3.8831
6701.60 3.8833
6701.65 3.8835
6701.70 3.8836
6701.75 3.8838
6701.80 3.8839
6701.85 3.8841
6701.90 3.8843
6701.95 3.8844
6702.00 3.8846
6702.05 3.8847
6702.10 3.8849
6702.15 3.8851
6702.20 3.8852
6702.25 3.8854
6702.30 3.8856
6702.35 3.8857
6702.40 3.8859
6702.45 3.8861
6702.50 3.8862
6702.55 3.8864
6702.60 3.8866
6702.65 3.8867
6702.70 3.8869
6702.75 3.8871
6702.80 3.8872
6702.85 3.8874
6702.90 3.8876
6702.95 3.8877
6703.00 3.8879
6703.05 3.8881
6703.10 3.8882
6703.15 3.8884
6703.20 3.8886
6703.25 3.8887
6703.30 3.8889
6703.35 3.8891
6703.40 3.8893
6703.45 3.8894
6703.50 3.8896
6703.55 3.8898
6703.60 3.8899
6703.65 3.8901
6703.70 3.8903
6703.75 3.8905
6703.80 3.8906
6703.85 3.8908
6703.90 3.8910
6703.95 3.8912
6704.00 3.8913
6704.05 3.8915
6704.10 3.8917
6704.15 3.8919
6704.20 3.8920
6704.25 3.8922
6704.30 3.8924
6704.35 3.8926
6704.40 3.8927
6704.45 3.8929
6704.50 3.8931
6704.55 3.8933
6704.60 3.8934
6704.65 3.8936
6704.70 3.8938
6704.75 3.8940
6704.80 3.8942
6704.85 3.8943
6704.90 3.8945
6704.95 3.8947
6705.00 3.8949
6705.05 3.8951
6705.10 3.8952
6705.15 3.8954
6705.20 3.8956
6705.25 3.8958
6705.30 3.8960
6705.35 3.8962
6705.40 3.8963
6705.45 3.8965
6705.50 3.8967
6705.55 3.8969
6705.60 3.8971
6705.65 3.8973
6705.70 3.8974
6705.75 3.8976
6705.80 3.8978
6705.85 3.8980
6705.90 3.8982
6705.95 3.8984
6706.00 3.8986
6706.05 3.8987
6706.10 3.8989
6706.15 3.8991
6706.20 3.8993
6706.25 3.8995
6706.30 3.8997
6706.35 3.8999
6706.40 3.9001
6706.45 3.9003
6706.50 3.9004
6706.55 3.9006
6706.60 3.9008
6706.65 3.9010
6706.70 3.9012
6706.75 3.9014
6706.80 3.9016
6706.85 3.9018
6706.90 3.9020
6706.95 3.9022
6707.00 3.9024
6707.05 3.9026
6707.10 3.9027
6707.15 3.9029
6707.20 3.9031
6707.25 3.9033
6707.30 3.9035
6707.35 3.9037
6707.40 3.9039
6707.45 3.9041
6707.50 3.9043
6707.55 3.9045
6707.60 3.9047
6707.65 3.9049
6707.70 3.9051
6707.75 3.9053
6707.80 3.9055
6707.85 3.9057
6707.90 3.9059
6707.95 3.9061
6708.00 3.9063
6708.05 3.9065
6708.10 3.9067
6708.15 3.9069
6708.20 3.9071
6708.25 3.9073
6708.30 3.9075
6708.35 3.9077
6708.40 3.9079
6708.45 3.9081
6708.50 3.9083
6708.55 3.9085
6708.60 3.9087
6708.65 3.9089
6708.70 3.9091
6708.75 3.9093
6708.80 3.9095
6708.85 3.9097
6708.90 3.9099
6708.95 3.9102
6709.00 3.9104
6709.05 3.9106
6709.10 3.9108
6709.15 3.9110
6709.20 3.9112
6709.25 3.9114
6709.30 3.9116
6709.35 3.9118
6709.40 3.9120
6709.45 3.9122
6709.50 3.9124
6709.55 3.9126
6709.60 3.9129
6709.65 3.9131
6709.70 3.9133
6709.75 3.9135
6709.80 3.9137
6709.85 3.9139
6709.90 3.9141
6709.95 3.9143
6710.00 3.9146
6710.05 3.9148
6710.10 3.9150
6710.15 3.9152
6710.20 3.9154
6710.25 3.9156
6710.30 3.9158
6710.35 3.9161
6710.40 3.9163
6710.45 3.9165
6710.50 3.9167
6710.55 3.9169
6710.60 3.9171
6710.65 3.9173
6710.70 3.9176
6710.75 3.9178
6710.80 3.9180
6710.85 3.9182
6710.90 3.9184
6710.95 3.9187
6711.00 3.9189
6711.05 3.9191
6711.10 3.9193
6711.15 3.9195
6711.20 3.9198
6711.25 3.9200
6711.30 3.9202
6711.35 3.9204
6711.40 3.9206
6711.45 3.9209
6711.50 3.9211
6711.55 3.9213
6711.60 3.9215
6711.65 3.9218
6711.70 3.9220
6711.75 3.9222
6711.80 3.9224
6711.85 3.9227
6711.90 3.9229
6711.95 3.9231
6712.00 3.9233
6712.05 3.9236
6712.10 3.9238
6712.15 3.9240
6712.20 3.9243
6712.25 3.9245
6712.30 3.9247
6712.35 3.9249
6712.40 3.9252
6712.45 3.9254
6712.50 3.9256
6712.55 3.9259
6712.60 3.9261
6712.65 3.9263
6712.70 3.9266
6712.75 3.9268
6712.80 3.9270
6712.85 3.9272
6712.90 3.9275
6712.95 3.9277
6713.00 3.9279
6713.05 3.9282
6713.10 3.9284
6713.15 3.9287
6713.20 3.9289
6713.25 3.9291
6713.30 3.9294
6713.35 3.9296
6713.40 3.9298
6713.45 3.9301
6713.50 3.9303
6713.55 3.9305
6713.60 3.9308
6713.65 3.9310
6713.70 3.9313
6713.75 3.9315
6713.80 3.9317
6713.85 3.9320
6713.90 3.9322
6713.95 3.9325
6714.00 3.9327
6714.05 3.9329
6714.10 3.9332
6714.15 3.9334
6714.20 3.9337
6714.25 3.9339
6714.30 3.9341
6714.35 3.9344
6714.40 3.9346
6714.45 3.9349
6714.50 3.9351
6714.55 3.9354
6714.60 3.9356
6714.65 3.9359
6714.70 3.9361
6714.75 3.9363
6714.80 3.9366
6714.85 3.9368
6714.90 3.9371
6714.95 3.9373
6715.00 3.9376
6715.05 3.9378
6715.10 3.9381
6715.15 3.9383
6715.20 3.9386
6715.25 3.9388
6715.30 3.9391
6715.35 3.9393
6715.40 3.9396
6715.45 3.9398
6715.50 3.9401
6715.55 3.9403
6715.60 3.9406
6715.65 3.9408
6715.70 3.9411
6715.75 3.9413
6715.80 3.9416
6715.85 3.9418
6715.90 3.9421
6715.95 3.9424
6716.00 3.9426
6716.05 3.9429
6716.10 3.9431
6716.15 3.9434
6716.20 3.9436
6716.25 3.9439
6716.30 3.9441
6716.35 3.9444
6716.40 3.9447
6716.45 3.9449
6716.50 3.9452
6716.55 3.9454
6716.60 3.9457
6716.65 3.9460
6716.70 3.9462
6716.75 3.9465
6716.80 3.9467
6716.85 3.9470
6716.90 3.9473
6716.95 3.9475
6717.00 3.9478
6717.05 3.9481
6717.10 3.9483
6717.15 3.9486
6717.20 3.9488
6717.25 3.9491
6717.30 3.9494
6717.35 3.9496
6717.40 3.9499
6717.45 3.9502
6717.50 3.9504
6717.55 3.9507
6717.60 3.9510
6717.65 3.9512
6717.70 3.9515
6717.75 3.9518
6717.80 3.9520
6717.85 3.9523
6717.90 3.9526
6717.95 3.9528
6718.00 3.9531
6718.05 3.9534
6718.10 3.9537
6718.15 3.9539
6718.20 3.9542
6718.25 3.9545
6718.30 3.9547
6718.35 3.9550
6718.40 3.9553
6718.45 3.9556
