6328.50 3.3715
6328.55 3.3715
6328.60 3.3715
6328.65 3.3715
6328.70 3.3716
6328.75 3.3716
6328.80 3.3716
6328.85 3.3717
6328.90 3.3717
6328.95 3.3718
6329.00 3.3718
6329.05 3.3719
6329.10 3.3719
6329.15 3.3720
6329.20 3.3721
6329.25 3.3722
6329.30 3.3723
6329.35 3.3724
6329.40 3.3725
6329.45 3.3726
6329.50 3.3727
6329.55 3.3728
6329.60 3.3730
6329.65 3.3731
6329.70 3.3732
6329.75 3.3734
6329.80 3.3735
6329.85 3.3737
6329.90 3.3738
6329.95 3.3740
6330.00 3.3742
6330.05 3.3743
6330.10 3.3745
6330.15 3.3747
6330.20 3.3749
6330.25 3.3751
6330.30 3.3753
6330.35 3.3755
6330.40 3.3757
6330.45 3.3760
6330.50 3.3762
6330.55 3.3764
6330.60 3.3767
6330.65 3.3769
6330.70 3.3772
6330.75 3.3774
6330.80 3.3777
6330.85 3.3779
6330.90 3.3782
6330.95 3.3785
6331.00 3.3788
6331.05 3.3791
6331.10 3.3794
6331.15 3.3797
6331.20 3.3800
6331.25 3.3803
6331.30 3.3806
6331.35 3.3809
6331.40 3.3812
6331.45 3.3816
6331.50 3.3819
6331.55 3.3822
6331.60 3.3826
6331.65 3.3829
6331.70 3.3833
6331.75 3.3837
6331.80 3.3840
6331.85 3.3844
6331.90 3.3848
6331.95 3.3852
6332.00 3.3855
6332.05 3.3859
6332.10 3.3863
6332.15 3.3867
6332.20 3.3871
6332.25 3.3876
6332.30 3.3880
6332.35 3.3884
6332.40 3.3888
6332.45 3.3893
6332.50 3.3897
6332.55 3.3901
6332.60 3.3906
6332.65 3.3910
6332.70 3.3915
6332.75 3.3920
6332.80 3.3924
6332.85 3.3929
6332.90 3.3934
6332.95 3.3939
6333.00 3.3943
6333.05 3.3948
6333.10 3.3953
6333.15 3.3958
6333.20 3.3963
6333.25 3.3968
6333.30 3.3974
6333.35 3.3979
6333.40 3.3984
6333.45 3.3989
6333.50 3.3995
6333.55 3.4000
6333.60 3.4005
6333.65 3.4011
6333.70 3.4016
6333.75 3.4022
6333.80 3.4027
6333.85 3.4033
6333.90 3.4039
6333.95 3.4044
6334.00 3.4050
6334.05 3.4056
6334.10 3.4062
6334.15 3.4068
6334.20 3.4073
6334.25 3.4079
6334.30 3.4085
6334.35 3.4091
6334.40 3.4098
6334.45 3.4104
6334.50 3.4110
6334.55 3.4116
6334.60 3.4122
6334.65 3.4129
6334.70 3.4135
6334.75 3.4141
6334.80 3.4148
6334.85 3.4154
6334.90 3.4160
6334.95 3.4167
6335.00 3.4174
6335.05 3.4180
6335.10 3.4187
6335.15 3.4193
6335.20 3.4200
6335.25 3.4207
6335.30 3.4213
6335.35 3.4220
6335.40 3.4227
6335.45 3.4234
6335.50 3.4241
6335.55 3.4248
6335.60 3.4255
6335.65 3.4262
6335.70 3.4269
6335.75 3.4276
6335.80 3.4283
6335.85 3.4290
6335.90 3.4297
6335.95 3.4304
6336.00 3.4312
6336.05 3.4319
6336.10 3.4326
6336.15 3.4333
6336.20 3.4341
6336.25 3.4348
6336.30 3.4356
6336.35 3.4363
6336.40 3.4370
6336.45 3.4378
6336.50 3.4385
6336.55 3.4393
6336.60 3.4401
6336.65 3.4408
6336.70 3.4416
6336.75 3.4424
6336.80 3.4431
6336.85 3.4439
6336.90 3.4447
6336.95 3.4454
6337.00 3.4462
6337.05 3.4470
6337.10 3.4478
6337.15 3.4486
6337.20 3.4494
6337.25 3.4502
6337.30 3.4510
6337.35 3.4518
6337.40 3.4526
6337.45 3.4534
6337.50 3.4542
6337.55 3.4550
6337.60 3.4558
6337.65 3.4566
6337.70 3.4574
6337.75 3.4582
6337.80 3.4590
6337.85 3.4599
6337.90 3.4607
6337.95 3.4615
6338.00 3.4623
6338.05 3.4632
6338.10 3.4640
6338.15 3.4648
6338.20 3.4657
6338.25 3.4665
6338.30 3.4673
6338.35 3.4682
6338.40 3.4690
6338.45 3.4699
6338.50 3.4707
6338.55 3.4716
6338.60 3.4724
6338.65 3.4733
6338.70 3.4741
6338.75 3.4750
6338.80 3.4758
6338.85 3.4767
6338.90 3.4776
6338.95 3.4784
6339.00 3.4793
6339.05 3.4802
6339.10 3.4810
6339.15 3.4819
6339.20 3.4828
6339.25 3.4836
6339.30 3.4845
6339.35 3.4854
6339.40 3.4863
6339.45 3.4871
6339.50 3.4880
6339.55 3.4889
6339.60 3.4898
6339.65 3.4907
6339.70 3.4916
6339.75 3.4924
6339.80 3.4933
6339.85 3.4942
6339.90 3.4951
6339.95 3.4960
6340.00 3.4969
6340.05 3.4978
6340.10 3.4987
6340.15 3.4996
6340.20 3.5005
6340.25 3.5014
6340.30 3.5023
6340.35 3.5032
6340.40 3.5041
6340.45 3.5050
6340.50 3.5059
6340.55 3.5068
6340.60 3.5077
6340.65 3.5086
6340.70 3.5096
6340.75 3.5105
6340.80 3.5114
6340.85 3.5123
6340.90 3.5132
6340.95 3.5141
6341.00 3.5150
6341.05 3.5160
6341.10 3.5169
6341.15 3.5178
6341.20 3.5187
6341.25 3.5196
6341.30 3.5206
6341.35 3.5215
6341.40 3.5224
6341.45 3.5233
6341.50 3.5243
6341.55 3.5252
6341.60 3.5261
6341.65 3.5270
6341.70 3.5280
6341.75 3.5289
6341.80 3.5298
6341.85 3.5308
6341.90 3.5317
6341.95 3.5326
6342.00 3.5336
6342.05 3.5345
6342.10 3.5354
6342.15 3.5364
6342.20 3.5373
6342.25 3.5382
6342.30 3.5392
6342.35 3.5401
6342.40 3.5411
6342.45 3.5420
6342.50 3.5429
6342.55 3.5439
6342.60 3.5448
6342.65 3.5458
6342.70 3.5467
6342.75 3.5476
6342.80 3.5486
6342.85 3.5495
6342.90 3.5505
6342.95 3.5514
6343.00 3.5524
6343.05 3.5533
6343.10 3.5543
6343.15 3.5552
6343.20 3.5562
6343.25 3.5571
6343.30 3.5581
6343.35 3.5590
6343.40 3.5600
6343.45 3.5609
6343.50 3.5619
6343.55 3.5628
6343.60 3.5638
6343.65 3.5647
6343.70 3.5657
6343.75 3.5666
6343.80 3.5676
6343.85 3.5685
6343.90 3.5695
6343.95 3.5704
6344.00 3.5714
6344.05 3.5723
6344.10 3.5733
6344.15 3.5742
6344.20 3.5752
6344.25 3.5762
6344.30 3.5771
6344.35 3.5781
6344.40 3.5790
6344.45 3.5800
6344.50 3.5809
6344.55 3.5819
6344.60 3.5829
6344.65 3.5838
6344.70 3.5848
6344.75 3.5857
6344.80 3.5867
6344.85 3.5876
6344.90 3.5886
6344.95 3.5896
6345.00 3.5905
6345.05 3.5915
6345.10 3.5924
6345.15 3.5934
6345.20 3.5944
6345.25 3.5953
6345.30 3.5963
6345.35 3.5972
6345.40 3.5982
6345.45 3.5992
6345.50 3.6001
6345.55 3.6011
6345.60 3.6020
6345.65 3.6030
6345.70 3.6040
6345.75 3.6049
6345.80 3.6059
6345.85 3.6068
6345.90 3.6078
6345.95 3.6087
6346.00 3.6097
6346.05 3.6107
6346.10 3.6116
6346.15 3.6126
6346.20 3.6135
6346.25 3.6145
6346.30 3.6155
6346.35 3.6164
6346.40 3.6174
6346.45 3.6183
6346.50 3.6193
6346.55 3.6203
6346.60 3.6212
6346.65 3.6222
6346.70 3.6231
6346.75 3.6241
6346.80 3.6250
6346.85 3.6260
6346.90 3.6269
6346.95 3.6279
6347.00 3.6289
6347.05 3.6298
6347.10 3.6308
6347.15 3.6317
6347.20 3.6327
6347.25 3.6336
6347.30 3.6346
6347.35 3.6355
6347.40 3.6365
6347.45 3.6374
6347.50 3.6384
6347.55 3.6393
6347.60 3.6403
6347.65 3.6412
6347.70 3.6422
6347.75 3.6431
6347.80 3.6441
6347.85 3.6450
6347.90 3.6460
6347.95 3.6469
6348.00 3.6479
6348.05 3.6488
6348.10 3.6498
6348.15 3.6507
6348.20 3.6517
6348.25 3.6526
6348.30 3.6535
6348.35 3.6545
6348.40 3.6554
6348.45 3.6564
6348.50 3.6573
6348.55 3.6582
6348.60 3.6592
6348.65 3.6601
6348.70 3.6611
6348.75 3.6620
6348.80 3.6629
6348.85 3.6639
6348.90 3.6648
6348.95 3.6657
6349.00 3.6666
6349.05 3.6676
6349.10 3.6685
6349.15 3.6694
6349.20 3.6704
6349.25 3.6713
6349.30 3.6722
6349.35 3.6731
6349.40 3.6741
6349.45 3.6750
6349.50 3.6759
6349.55 3.6768
6349.60 3.6777
6349.65 3.6787
6349.70 3.6796
6349.75 3.6805
6349.80 3.6814
6349.85 3.6823
6349.90 3.6832
6349.95 3.6841
6350.00 3.6850
6350.05 3.6859
6350.10 3.6869
6350.15 3.6878
6350.20 3.6887
6350.25 3.6896
6350.30 3.6905
6350.35 3.6914
6350.40 3.6923
6350.45 3.6932
6350.50 3.6940
6350.55 3.6949
6350.60 3.6958
6350.65 3.6967
6350.70 3.6976
6350.75 3.6985
6350.80 3.6994
6350.85 3.7003
6350.90 3.7012
6350.95 3.7020
6351.00 3.7029
6351.05 3.7038
6351.10 3.7047
6351.15 3.7055
6351.20 3.7064
6351.25 3.7073
6351.30 3.7082
6351.35 3.7090
6351.40 3.7099
6351.45 3.7107
6351.50 3.7116
6351.55 3.7125
6351.60 3.7133
6351.65 3.7142
6351.70 3.7150
6351.75 3.7159
6351.80 3.7167
6351.85 3.7176
6351.90 3.7184
6351.95 3.7193
6352.00 3.7201
6352.05 3.7210
6352.10 3.7218
6352.15 3.7227
6352.20 3.7235
6352.25 3.7243
6352.30 3.7252
6352.35 3.7260
6352.40 3.7268
6352.45 3.7276
6352.50 3.7285
6352.55 3.7293
6352.60 3.7301
6352.65 3.7309
6352.70 3.7317
6352.75 3.7325
6352.80 3.7334
6352.85 3.7342
6352.90 3.7350
6352.95 3.7358
6353.00 3.7366
6353.05 3.7374
6353.10 3.7382
6353.15 3.7390
6353.20 3.7398
6353.25 3.7406
6353.30 3.7413
6353.35 3.7421
6353.40 3.7429
6353.45 3.7437
6353.50 3.7445
6353.55 3.7453
6353.60 3.7460
6353.65 3.7468
6353.70 3.7476
6353.75 3.7483
6353.80 3.7491
6353.85 3.7499
6353.90 3.7506
6353.95 3.7514
6354.00 3.7521
6354.05 3.7529
6354.10 3.7537
6354.15 3.7544
6354.20 3.7551
6354.25 3.7559
6354.30 3.7566
6354.35 3.7574
6354.40 3.7581
6354.45 3.7588
6354.50 3.7596
6354.55 3.7603
6354.60 3.7610
6354.65 3.7618
6354.70 3.7625
6354.75 3.7632
6354.80 3.7639
6354.85 3.7646
6354.90 3.7653
6354.95 3.7661
6355.00 3.7668
6355.05 3.7675
6355.10 3.7682
6355.15 3.7689
6355.20 3.7696
6355.25 3.7703
6355.30 3.7709
6355.35 3.7716
6355.40 3.7723
6355.45 3.7730
6355.50 3.7737
6355.55 3.7744
6355.60 3.7750
6355.65 3.7757
6355.70 3.7764
6355.75 3.7771
6355.80 3.7777
6355.85 3.7784
6355.90 3.7790
6355.95 3.7797
6356.00 3.7804
6356.05 3.7810
6356.10 3.7817
6356.15 3.7823
6356.20 3.7830
6356.25 3.7836
6356.30 3.7842
6356.35 3.7849
6356.40 3.7855
6356.45 3.7861
6356.50 3.7868
6356.55 3.7874
6356.60 3.7880
6356.65 3.7886
6356.70 3.7893
6356.75 3.7899
6356.80 3.7905
6356.85 3.7911
6356.90 3.7917
6356.95 3.7923
6357.00 3.7929
6357.05 3.7935
6357.10 3.7941
6357.15 3.7947
6357.20 3.7953
6357.25 3.7959
6357.30 3.7965
6357.35 3.7971
6357.40 3.7976
6357.45 3.7982
6357.50 3.7988
6357.55 3.7994
6357.60 3.7999
6357.65 3.8005
6357.70 3.8011
6357.75 3.8016
6357.80 3.8022
6357.85 3.8028
6357.90 3.8033
6357.95 3.8039
6358.00 3.8044
6358.05 3.8050
6358.10 3.8055
6358.15 3.8061
6358.20 3.8066
6358.25 3.8071
6358.30 3.8077
6358.35 3.8082
6358.40 3.8087
6358.45 3.8093
6358.50 3.8098
6358.55 3.8103
6358.60 3.8108
6358.65 3.8113
6358.70 3.8118
6358.75 3.8124
6358.80 3.8129
6358.85 3.8134
6358.90 3.8139
6358.95 3.8144
6359.00 3.8149
6359.05 3.8154
6359.10 3.8159
6359.15 3.8163
6359.20 3.8168
6359.25 3.8173
6359.30 3.8178
6359.35 3.8183
6359.40 3.8188
6359.45 3.8192
6359.50 3.8197
6359.55 3.8202
6359.60 3.8206
6359.65 3.8211
6359.70 3.8216
6359.75 3.8220
6359.80 3.8225
6359.85 3.8229
6359.90 3.8234
6359.95 3.8238
6360.00 3.8243
6360.05 3.8247
6360.10 3.8252
6360.15 3.8256
6360.20 3.8260
6360.25 3.8265
6360.30 3.8269
6360.35 3.8273
6360.40 3.8278
6360.45 3.8282
6360.50 3.8286
6360.55 3.8290
6360.60 3.8294
6360.65 3.8298
6360.70 3.8303
6360.75 3.8307
6360.80 3.8311
6360.85 3.8315
6360.90 3.8319
6360.95 3.8323
6361.00 3.8327
6361.05 3.8331
6361.10 3.8335
6361.15 3.8338
6361.20 3.8342
6361.25 3.8346
6361.30 3.8350
6361.35 3.8354
6361.40 3.8357
6361.45 3.8361
6361.50 3.8365
6361.55 3.8369
6361.60 3.8372
6361.65 3.8376
6361.70 3.8379
6361.75 3.8383
6361.80 3.8387
6361.85 3.8390
6361.90 3.8394
6361.95 3.8397
6362.00 3.8401
6362.05 3.8404
6362.10 3.8408
6362.15 3.8411
6362.20 3.8414
6362.25 3.8418
6362.30 3.8421
6362.35 3.8424
6362.40 3.8428
6362.45 3.8431
6362.50 3.8434
6362.55 3.8437
6362.60 3.8440
6362.65 3.8444
6362.70 3.8447
6362.75 3.8450
6362.80 3.8453
6362.85 3.8456
6362.90 3.8459
6362.95 3.8462
6363.00 3.8465
6363.05 3.8468
6363.10 3.8471
6363.15 3.8474
6363.20 3.8477
6363.25 3.8480
6363.30 3.8483
6363.35 3.8486
6363.40 3.8488
6363.45 3.8491
6363.50 3.8494
6363.55 3.8497
6363.60 3.8500
6363.65 3.8502
6363.70 3.8505
6363.75 3.8508
6363.80 3.8510
6363.85 3.8513
6363.90 3.8516
6363.95 3.8518
6364.00 3.8521
6364.05 3.8523
6364.10 3.8526
6364.15 3.8528
6364.20 3.8531
6364.25 3.8533
6364.30 3.8536
6364.35 3.8538
6364.40 3.8541
6364.45 3.8543
6364.50 3.8545
6364.55 3.8548
6364.60 3.8550
6364.65 3.8552
6364.70 3.8555
6364.75 3.8557
6364.80 3.8559
6364.85 3.8562
6364.90 3.8564
6364.95 3.8566
6365.00 3.8568
6365.05 3.8570
6365.10 3.8573
6365.15 3.8575
6365.20 3.8577
6365.25 3.8579
6365.30 3.8581
6365.35 3.8583
6365.40 3.8585
6365.45 3.8587
6365.50 3.8589
6365.55 3.8591
6365.60 3.8593
6365.65 3.8595
6365.70 3.8597
6365.75 3.8599
6365.80 3.8601
6365.85 3.8603
6365.90 3.8605
6365.95 3.8607
6366.00 3.8609
6366.05 3.8611
6366.10 3.8612
6366.15 3.8614
6366.20 3.8616
6366.25 3.8618
6366.30 3.8620
6366.35 3.8621
6366.40 3.8623
6366.45 3.8625
6366.50 3.8627
6366.55 3.8628
6366.60 3.8630
6366.65 3.8632
6366.70 3.8633
6366.75 3.8635
6366.80 3.8637
6366.85 3.8638
6366.90 3.8640
6366.95 3.8642
6367.00 3.8643
6367.05 3.8645
6367.10 3.8647
6367.15 3.8648
6367.20 3.8650
6367.25 3.8651
6367.30 3.8653
6367.35 3.8654
6367.40 3.8656
6367.45 3.8657
6367.50 3.8659
6367.55 3.8660
6367.60 3.8662
6367.65 3.8663
6367.70 3.8665
6367.75 3.8666
6367.80 3.8668
6367.85 3.8669
6367.90 3.8671
6367.95 3.8672
6368.00 3.8673
6368.05 3.8675
6368.10 3.8676
6368.15 3.8678
6368.20 3.8679
6368.25 3.8680
6368.30 3.8682
6368.35 3.8683
6368.40 3.8685
6368.45 3.8686
6368.50 3.8687
6368.55 3.8689
6368.60 3.8690
6368.65 3.8691
6368.70 3.8693
6368.75 3.8694
6368.80 3.8695
6368.85 3.8697
6368.90 3.8698
6368.95 3.8699
6369.00 3.8701
6369.05 3.8702
6369.10 3.8703
6369.15 3.8704
6369.20 3.8706
6369.25 3.8707
6369.30 3.8708
6369.35 3.8709
6369.40 3.8711
6369.45 3.8712
6369.50 3.8713
6369.55 3.8715
6369.60 3.8716
6369.65 3.8717
6369.70 3.8718
6369.75 3.8720
6369.80 3.8721
6369.85 3.8722
6369.90 3.8723
6369.95 3.8724
6370.00 3.8726
6370.05 3.8727
6370.10 3.8728
6370.15 3.8729
6370.20 3.8731
6370.25 3.8732
6370.30 3.8733
6370.35 3.8734
6370.40 3.8735
6370.45 3.8737
6370.50 3.8738
6370.55 3.8739
6370.60 3.8740
6370.65 3.8742
6370.70 3.8743
6370.75 3.8744
6370.80 3.8745
6370.85 3.8746
6370.90 3.8748
6370.95 3.8749
6371.00 3.8750
6371.05 3.8751
6371.10 3.8752
6371.15 3.8754
6371.20 3.8755
6371.25 3.8756
6371.30 3.8757
6371.35 3.8758
6371.40 3.8760
6371.45 3.8761
6371.50 3.8762
6371.55 3.8763
6371.60 3.8764
6371.65 3.8766
6371.70 3.8767
6371.75 3.8768
6371.80 3.8769
6371.85 3.8770
6371.90 3.8772
6371.95 3.8773
6372.00 3.8774
6372.05 3.8775
6372.10 3.8776
6372.15 3.8778
6372.20 3.8779
6372.25 3.8780
6372.30 3.8781
6372.35 3.8782
6372.40 3.8784
6372.45 3.8785
6372.50 3.8786
6372.55 3.8787
6372.60 3.8789
6372.65 3.8790
6372.70 3.8791
6372.75 3.8792
6372.80 3.8793
6372.85 3.8795
6372.90 3.8796
6372.95 3.8797
6373.00 3.8798
6373.05 3.8799
6373.10 3.8801
6373.15 3.8802
6373.20 3.8803
6373.25 3.8804
6373.30 3.8805
6373.35 3.8807
6373.40 3.8808
6373.45 3.8809
6373.50 3.8810
6373.55 3.8811
6373.60 3.8813
6373.65 3.8814
6373.70 3.8815
6373.75 3.8816
6373.80 3.8817
6373.85 3.8819
6373.90 3.8820
6373.95 3.8821
6374.00 3.8822
6374.05 3.8823
6374.10 3.8825
6374.15 3.8826
6374.20 3.8827
6374.25 3.8828
6374.30 3.8829
6374.35 3.8830
6374.40 3.8832
6374.45 3.8833
6374.50 3.8834
6374.55 3.8835
6374.60 3.8836
6374.65 3.8837
6374.70 3.8839
6374.75 3.8840
6374.80 3.8841
6374.85 3.8842
6374.90 3.8843
6374.95 3.8844
6375.00 3.8846
6375.05 3.8847
6375.10 3.8848
6375.15 3.8849
6375.20 3.8850
6375.25 3.8851
6375.30 3.8852
6375.35 3.8854
6375.40 3.8855
6375.45 3.8856
6375.50 3.8857
6375.55 3.8858
6375.60 3.8859
6375.65 3.8860
6375.70 3.8861
6375.75 3.8862
6375.80 3.8863
6375.85 3.8865
6375.90 3.8866
6375.95 3.8867
6376.00 3.8868
6376.05 3.8869
6376.10 3.8870
6376.15 3.8871
6376.20 3.8872
6376.25 3.8873
6376.30 3.8874
6376.35 3.8875
6376.40 3.8876
6376.45 3.8877
6376.50 3.8878
6376.55 3.8879
6376.60 3.8880
6376.65 3.8881
6376.70 3.8882
6376.75 3.8883
6376.80 3.8884
6376.85 3.8885
6376.90 3.8886
6376.95 3.8887
6377.00 3.8888
6377.05 3.8889
6377.10 3.8890
6377.15 3.8891
6377.20 3.8892
6377.25 3.8893
6377.30 3.8894
6377.35 3.8895
6377.40 3.8895
6377.45 3.8896
6377.50 3.8897
6377.55 3.8898
6377.60 3.8899
6377.65 3.8900
6377.70 3.8901
6377.75 3.8901
6377.80 3.8902
6377.85 3.8903
6377.90 3.8904
6377.95 3.8905
6378.00 3.8906
6378.05 3.8906
6378.10 3.8907
6378.15 3.8908
6378.20 3.8909
6378.25 3.8909
6378.30 3.8910
6378.35 3.8911
6378.40 3.8912
6378.45 3.8912
6378.50 3.8913
6378.55 3.8914
6378.60 3.8915
6378.65 3.8915
6378.70 3.8916
6378.75 3.8917
6378.80 3.8917
6378.85 3.8918
6378.90 3.8919
6378.95 3.8919
6379.00 3.8920
6379.05 3.8921
6379.10 3.8921
6379.15 3.8922
6379.20 3.8922
6379.25 3.8923
6379.30 3.8924
6379.35 3.8924
6379.40 3.8925
6379.45 3.8925
6379.50 3.8926
6379.55 3.8926
6379.60 3.8927
6379.65 3.8927
6379.70 3.8928
6379.75 3.8928
6379.80 3.8929
6379.85 3.8929
6379.90 3.8930
6379.95 3.8930
6380.00 3.8931
6380.05 3.8931
6380.10 3.8932
6380.15 3.8932
6380.20 3.8932
6380.25 3.8933
6380.30 3.8933
6380.35 3.8934
6380.40 3.8934
6380.45 3.8934
6380.50 3.8935
6380.55 3.8935
6380.60 3.8935
6380.65 3.8936
6380.70 3.8936
6380.75 3.8936
6380.80 3.8937
6380.85 3.8937
6380.90 3.8937
6380.95 3.8938
6381.00 3.8938
6381.05 3.8938
6381.10 3.8938
6381.15 3.8939
6381.20 3.8939
6381.25 3.8939
6381.30 3.8939
6381.35 3.8940
6381.40 3.8940
6381.45 3.8940
6381.50 3.8940
6381.55 3.8940
6381.60 3.8941
6381.65 3.8941
6381.70 3.8941
6381.75 3.8941
6381.80 3.8941
6381.85 3.8941
6381.90 3.8942
6381.95 3.8942
6382.00 3.8942
6382.05 3.8942
6382.10 3.8942
6382.15 3.8942
6382.20 3.8942
6382.25 3.8942
6382.30 3.8942
6382.35 3.8942
6382.40 3.8943
6382.45 3.8943
6382.50 3.8943
6382.55 3.8943
6382.60 3.8943
6382.65 3.8943
6382.70 3.8943
6382.75 3.8943
6382.80 3.8943
6382.85 3.8943
6382.90 3.8943
6382.95 3.8943
6383.00 3.8943
6383.05 3.8943
6383.10 3.8943
6383.15 3.8943
6383.20 3.8943
6383.25 3.8943
6383.30 3.8943
6383.35 3.8943
6383.40 3.8942
6383.45 3.8942
6383.50 3.8942
6383.55 3.8942
6383.60 3.8942
6383.65 3.8942
6383.70 3.8942
6383.75 3.8942
6383.80 3.8942
6383.85 3.8942
6383.90 3.8942
6383.95 3.8942
6384.00 3.8941
6384.05 3.8941
6384.10 3.8941
6384.15 3.8941
6384.20 3.8941
6384.25 3.8941
6384.30 3.8941
6384.35 3.8941
6384.40 3.8940
6384.45 3.8940
6384.50 3.8940
6384.55 3.8940
6384.60 3.8940
6384.65 3.8940
6384.70 3.8939
6384.75 3.8939
6384.80 3.8939
6384.85 3.8939
6384.90 3.8939
6384.95 3.8939
6385.00 3.8938
6385.05 3.8938
6385.10 3.8938
6385.15 3.8938
6385.20 3.8938
6385.25 3.8937
6385.30 3.8937
6385.35 3.8937
6385.40 3.8937
6385.45 3.8937
6385.50 3.8936
6385.55 3.8936
6385.60 3.8936
6385.65 3.8936
6385.70 3.8936
6385.75 3.8935
6385.80 3.8935
6385.85 3.8935
6385.90 3.8935
6385.95 3.8934
6386.00 3.8934
6386.05 3.8934
6386.10 3.8934
6386.15 3.8934
6386.20 3.8933
6386.25 3.8933
6386.30 3.8933
6386.35 3.8933
6386.40 3.8932
6386.45 3.8932
6386.50 3.8932
6386.55 3.8932
6386.60 3.8932
6386.65 3.8931
6386.70 3.8931
6386.75 3.8931
6386.80 3.8931
6386.85 3.8930
6386.90 3.8930
6386.95 3.8930
6387.00 3.8930
6387.05 3.8929
6387.10 3.8929
6387.15 3.8929
6387.20 3.8929
6387.25 3.8929
6387.30 3.8928
6387.35 3.8928
6387.40 3.8928
6387.45 3.8928
6387.50 3.8927
6387.55 3.8927
6387.60 3.8927
6387.65 3.8927
6387.70 3.8926
6387.75 3.8926
6387.80 3.8926
6387.85 3.8926
6387.90 3.8926
6387.95 3.8925
6388.00 3.8925
6388.05 3.8925
6388.10 3.8925
6388.15 3.8924
6388.20 3.8924
6388.25 3.8924
6388.30 3.8924
6388.35 3.8924
6388.40 3.8923
6388.45 3.8923
6388.50 3.8923
6388.55 3.8923
6388.60 3.8923
6388.65 3.8922
6388.70 3.8922
6388.75 3.8922
6388.80 3.8922
6388.85 3.8922
6388.90 3.8921
6388.95 3.8921
6389.00 3.8921
6389.05 3.8921
6389.10 3.8921
6389.15 3.8920
6389.20 3.8920
6389.25 3.8920
6389.30 3.8920
6389.35 3.8920
6389.40 3.8919
6389.45 3.8919
6389.50 3.8919
6389.55 3.8919
6389.60 3.8919
6389.65 3.8918
6389.70 3.8918
6389.75 3.8918
6389.80 3.8918
6389.85 3.8918
6389.90 3.8918
6389.95 3.8917
6390.00 3.8917
6390.05 3.8917
6390.10 3.8917
6390.15 3.8917
6390.20 3.8917
6390.25 3.8917
6390.30 3.8916
6390.35 3.8916
6390.40 3.8916
6390.45 3.8916
6390.50 3.8916
6390.55 3.8916
6390.60 3.8916
6390.65 3.8915
6390.70 3.8915
6390.75 3.8915
6390.80 3.8915
6390.85 3.8915
6390.90 3.8915
6390.95 3.8915
6391.00 3.8914
6391.05 3.8914
6391.10 3.8914
6391.15 3.8914
6391.20 3.8914
6391.25 3.8914
6391.30 3.8914
6391.35 3.8914
6391.40 3.8914
6391.45 3.8914
6391.50 3.8913
6391.55 3.8913
6391.60 3.8913
6391.65 3.8913
6391.70 3.8913
6391.75 3.8913
6391.80 3.8913
6391.85 3.8913
6391.90 3.8913
6391.95 3.8913
6392.00 3.8913
6392.05 3.8913
6392.10 3.8912
6392.15 3.8912
6392.20 3.8912
6392.25 3.8912
6392.30 3.8912
6392.35 3.8912
6392.40 3.8912
6392.45 3.8912
6392.50 3.8912
6392.55 3.8912
6392.60 3.8912
6392.65 3.8912
6392.70 3.8912
6392.75 3.8912
6392.80 3.8912
6392.85 3.8912
6392.90 3.8912
6392.95 3.8912
6393.00 3.8912
6393.05 3.8912
6393.10 3.8912
6393.15 3.8912
6393.20 3.8912
6393.25 3.8912
6393.30 3.8912
6393.35 3.8912
6393.40 3.8912
6393.45 3.8912
6393.50 3.8912
6393.55 3.8912
6393.60 3.8912
6393.65 3.8912
6393.70 3.8912
6393.75 3.8912
6393.80 3.8912
6393.85 3.8912
6393.90 3.8912
6393.95 3.8912
6394.00 3.8912
6394.05 3.8912
6394.10 3.8912
6394.15 3.8912
6394.20 3.8912
6394.25 3.8912
6394.30 3.8912
6394.35 3.8912
6394.40 3.8912
6394.45 3.8913
6394.50 3.8913
6394.55 3.8913
6394.60 3.8913
6394.65 3.8913
6394.70 3.8913
6394.75 3.8913
6394.80 3.8913
6394.85 3.8913
6394.90 3.8913
6394.95 3.8914
6395.00 3.8914
6395.05 3.8914
6395.10 3.8914
6395.15 3.8914
6395.20 3.8914
6395.25 3.8914
6395.30 3.8914
6395.35 3.8915
6395.40 3.8915
6395.45 3.8915
6395.50 3.8915
6395.55 3.8915
6395.60 3.8915
6395.65 3.8915
6395.70 3.8916
6395.75 3.8916
6395.80 3.8916
6395.85 3.8916
6395.90 3.8916
6395.95 3.8916
6396.00 3.8917
6396.05 3.8917
6396.10 3.8917
6396.15 3.8917
6396.20 3.8917
6396.25 3.8918
6396.30 3.8918
6396.35 3.8918
6396.40 3.8918
6396.45 3.8919
6396.50 3.8919
6396.55 3.8919
6396.60 3.8919
6396.65 3.8920
6396.70 3.8920
6396.75 3.8920
6396.80 3.8920
6396.85 3.8921
6396.90 3.8921
6396.95 3.8921
6397.00 3.8921
6397.05 3.8922
6397.10 3.8922
6397.15 3.8922
6397.20 3.8923
6397.25 3.8923
6397.30 3.8923
6397.35 3.8923
6397.40 3.8924
6397.45 3.8924
6397.50 3.8924
6397.55 3.8925
6397.60 3.8925
6397.65 3.8925
6397.70 3.8926
6397.75 3.8926
6397.80 3.8926
6397.85 3.8927
6397.90 3.8927
6397.95 3.8928
6398.00 3.8928
6398.05 3.8928
6398.10 3.8929
6398.15 3.8929
6398.20 3.8929
6398.25 3.8930
6398.30 3.8930
6398.35 3.8931
6398.40 3.8931
6398.45 3.8931
6398.50 3.8932
6398.55 3.8932
6398.60 3.8933
6398.65 3.8933
6398.70 3.8934
6398.75 3.8934
6398.80 3.8934
6398.85 3.8935
6398.90 3.8935
6398.95 3.8936
6399.00 3.8936
6399.05 3.8937
6399.10 3.8937
6399.15 3.8938
6399.20 3.8938
6399.25 3.8939
6399.30 3.8939
6399.35 3.8940
6399.40 3.8940
6399.45 3.8941
6399.50 3.8941
6399.55 3.8942
6399.60 3.8942
6399.65 3.8943
6399.70 3.8943
6399.75 3.8944
6399.80 3.8944
6399.85 3.8945
6399.90 3.8945
6399.95 3.8946
6400.00 3.8947
6400.05 3.8947
6400.10 3.8948
6400.15 3.8948
6400.20 3.8949
6400.25 3.8949
6400.30 3.8950
6400.35 3.8951
6400.40 3.8951
6400.45 3.8952
6400.50 3.8952
6400.55 3.8953
6400.60 3.8954
6400.65 3.8954
6400.70 3.8955
6400.75 3.8955
6400.80 3.8956
6400.85 3.8957
6400.90 3.8957
6400.95 3.8958
6401.00 3.8959
6401.05 3.8959
6401.10 3.8960
6401.15 3.8961
6401.20 3.8961
6401.25 3.8962
6401.30 3.8962
6401.35 3.8963
6401.40 3.8964
6401.45 3.8964
6401.50 3.8965
6401.55 3.8966
6401.60 3.8967
6401.65 3.8967
6401.70 3.8968
6401.75 3.8969
6401.80 3.8969
6401.85 3.8970
6401.90 3.8971
6401.95 3.8971
6402.00 3.8972
6402.05 3.8973
6402.10 3.8974
6402.15 3.8974
6402.20 3.8975
6402.25 3.8976
6402.30 3.8976
6402.35 3.8977
6402.40 3.8978
6402.45 3.8979
6402.50 3.8979
6402.55 3.8980
6402.60 3.8981
6402.65 3.8981
6402.70 3.8982
6402.75 3.8983
6402.80 3.8984
6402.85 3.8984
6402.90 3.8985
6402.95 3.8986
6403.00 3.8987
6403.05 3.8987
6403.10 3.8988
6403.15 3.8989
6403.20 3.8990
6403.25 3.8990
6403.30 3.8991
6403.35 3.8992
6403.40 3.8993
6403.45 3.8993
6403.50 3.8994
6403.55 3.8995
6403.60 3.8996
6403.65 3.8997
6403.70 3.8997
6403.75 3.8998
6403.80 3.8999
6403.85 3.9000
6403.90 3.9000
6403.95 3.9001
6404.00 3.9002
6404.05 3.9003
6404.10 3.9003
6404.15 3.9004
6404.20 3.9005
6404.25 3.9006
6404.30 3.9007
6404.35 3.9007
6404.40 3.9008
6404.45 3.9009
6404.50 3.9010
6404.55 3.9010
6404.60 3.9011
6404.65 3.9012
6404.70 3.9013
6404.75 3.9013
6404.80 3.9014
6404.85 3.9015
6404.90 3.9016
6404.95 3.9016
6405.00 3.9017
6405.05 3.9018
6405.10 3.9019
6405.15 3.9019
6405.20 3.9020
6405.25 3.9021
6405.30 3.9022
6405.35 3.9022
6405.40 3.9023
6405.45 3.9024
6405.50 3.9025
6405.55 3.9025
6405.60 3.9026
6405.65 3.9027
6405.70 3.9028
6405.75 3.9028
6405.80 3.9029
6405.85 3.9030
6405.90 3.9031
6405.95 3.9031
6406.00 3.9032
6406.05 3.9033
6406.10 3.9033
6406.15 3.9034
6406.20 3.9035
6406.25 3.9036
6406.30 3.9036
6406.35 3.9037
6406.40 3.9038
6406.45 3.9038
6406.50 3.9039
6406.55 3.9040
6406.60 3.9040
6406.65 3.9041
6406.70 3.9042
6406.75 3.9042
6406.80 3.9043
6406.85 3.9044
6406.90 3.9045
6406.95 3.9045
6407.00 3.9046
6407.05 3.9046
6407.10 3.9047
6407.15 3.9048
6407.20 3.9048
6407.25 3.9049
6407.30 3.9050
6407.35 3.9050
6407.40 3.9051
6407.45 3.9052
6407.50 3.9052
6407.55 3.9053
6407.60 3.9053
6407.65 3.9054
6407.70 3.9055
6407.75 3.9055
6407.80 3.9056
6407.85 3.9057
6407.90 3.9057
6407.95 3.9058
6408.00 3.9058
6408.05 3.9059
6408.10 3.9059
6408.15 3.9060
6408.20 3.9061
6408.25 3.9061
6408.30 3.9062
6408.35 3.9062
6408.40 3.9063
6408.45 3.9063
6408.50 3.9064
6408.55 3.9064
6408.60 3.9065
6408.65 3.9065
6408.70 3.9066
6408.75 3.9067
6408.80 3.9067
6408.85 3.9068
6408.90 3.9068
6408.95 3.9069
6409.00 3.9069
6409.05 3.9070
6409.10 3.9070
6409.15 3.9071
6409.20 3.9071
6409.25 3.9071
6409.30 3.9072
6409.35 3.9072
6409.40 3.9073
6409.45 3.9073
6409.50 3.9074
6409.55 3.9074
6409.60 3.9075
6409.65 3.9075
6409.70 3.9076
6409.75 3.9076
6409.80 3.9076
6409.85 3.9077
6409.90 3.9077
6409.95 3.9078
6410.00 3.9078
6410.05 3.9078
6410.10 3.9079
6410.15 3.9079
6410.20 3.9080
6410.25 3.9080
6410.30 3.9080
6410.35 3.9081
6410.40 3.9081
6410.45 3.9082
6410.50 3.9082
6410.55 3.9082
6410.60 3.9083
6410.65 3.9083
6410.70 3.9083
6410.75 3.9084
6410.80 3.9084
6410.85 3.9084
6410.90 3.9085
6410.95 3.9085
6411.00 3.9085
6411.05 3.9086
6411.10 3.9086
6411.15 3.9086
6411.20 3.9087
6411.25 3.9087
6411.30 3.9087
6411.35 3.9087
6411.40 3.9088
6411.45 3.9088
6411.50 3.9088
6411.55 3.9089
6411.60 3.9089
6411.65 3.9089
6411.70 3.9089
6411.75 3.9090
6411.80 3.9090
6411.85 3.9090
6411.90 3.9090
6411.95 3.9091
6412.00 3.9091
6412.05 3.9091
6412.10 3.9092
6412.15 3.9092
6412.20 3.9092
6412.25 3.9092
6412.30 3.9092
6412.35 3.9093
6412.40 3.9093
6412.45 3.9093
6412.50 3.9093
6412.55 3.9094
6412.60 3.9094
6412.65 3.9094
6412.70 3.9094
6412.75 3.9094
6412.80 3.9095
6412.85 3.9095
6412.90 3.9095
6412.95 3.9095
6413.00 3.9095
6413.05 3.9096
6413.10 3.9096
6413.15 3.9096
6413.20 3.9096
6413.25 3.9096
6413.30 3.9097
6413.35 3.9097
6413.40 3.9097
6413.45 3.9097
6413.50 3.9097
6413.55 3.9098
6413.60 3.9098
6413.65 3.9098
6413.70 3.9098
6413.75 3.9098
6413.80 3.9098
6413.85 3.9099
6413.90 3.9099
6413.95 3.9099
6414.00 3.9099
6414.05 3.9099
6414.10 3.9099
6414.15 3.9100
6414.20 3.9100
6414.25 3.9100
6414.30 3.9100
6414.35 3.9100
6414.40 3.9100
6414.45 3.9101
6414.50 3.9101
6414.55 3.9101
6414.60 3.9101
6414.65 3.9101
6414.70 3.9101
6414.75 3.9102
6414.80 3.9102
6414.85 3.9102
6414.90 3.9102
6414.95 3.9102
6415.00 3.9102
6415.05 3.9103
6415.10 3.9103
6415.15 3.9103
6415.20 3.9103
6415.25 3.9103
6415.30 3.9103
6415.35 3.9104
6415.40 3.9104
6415.45 3.9104
6415.50 3.9104
6415.55 3.9104
6415.60 3.9105
6415.65 3.9105
6415.70 3.9105
6415.75 3.9105
6415.80 3.9105
6415.85 3.9105
6415.90 3.9106
6415.95 3.9106
6416.00 3.9106
6416.05 3.9106
6416.10 3.9106
6416.15 3.9107
6416.20 3.9107
6416.25 3.9107
6416.30 3.9107
6416.35 3.9107
6416.40 3.9108
6416.45 3.9108
6416.50 3.9108
6416.55 3.9108
6416.60 3.9108
6416.65 3.9109
6416.70 3.9109
6416.75 3.9109
6416.80 3.9109
6416.85 3.9109
6416.90 3.9110
6416.95 3.9110
6417.00 3.9110
6417.05 3.9110
6417.10 3.9111
6417.15 3.9111
6417.20 3.9111
6417.25 3.9111
6417.30 3.9112
6417.35 3.9112
6417.40 3.9112
6417.45 3.9112
6417.50 3.9113
6417.55 3.9113
6417.60 3.9113
6417.65 3.9113
6417.70 3.9114
6417.75 3.9114
6417.80 3.9114
6417.85 3.9115
6417.90 3.9115
6417.95 3.9115
6418.00 3.9115
6418.05 3.9116
6418.10 3.9116
6418.15 3.9116
6418.20 3.9117
6418.25 3.9117
6418.30 3.9117
6418.35 3.9118
6418.40 3.9118
6418.45 3.9118
6418.50 3.9119
6418.55 3.9119
6418.60 3.9119
6418.65 3.9120
6418.70 3.9120
6418.75 3.9120
6418.80 3.9121
6418.85 3.9121
6418.90 3.9121
6418.95 3.9122
6419.00 3.9122
6419.05 3.9122
6419.10 3.9123
6419.15 3.9123
6419.20 3.9124
6419.25 3.9124
6419.30 3.9124
6419.35 3.9125
6419.40 3.9125
6419.45 3.9126
6419.50 3.9126
6419.55 3.9126
6419.60 3.9127
6419.65 3.9127
6419.70 3.9128
6419.75 3.9128
6419.80 3.9129
6419.85 3.9129
6419.90 3.9129
6419.95 3.9130
6420.00 3.9130
6420.05 3.9131
6420.10 3.9131
6420.15 3.9132
6420.20 3.9132
6420.25 3.9133
6420.30 3.9133
6420.35 3.9134
6420.40 3.9134
6420.45 3.9135
6420.50 3.9135
6420.55 3.9136
6420.60 3.9136
6420.65 3.9137
6420.70 3.9137
6420.75 3.9138
6420.80 3.9138
6420.85 3.9139
6420.90 3.9139
6420.95 3.9140
6421.00 3.9141
6421.05 3.9141
6421.10 3.9142
6421.15 3.9142
6421.20 3.9143
6421.25 3.9143
6421.30 3.9144
6421.35 3.9144
6421.40 3.9145
6421.45 3.9146
6421.50 3.9146
6421.55 3.9147
6421.60 3.9147
6421.65 3.9148
6421.70 3.9149
6421.75 3.9149
6421.80 3.9150
6421.85 3.9151
6421.90 3.9151
6421.95 3.9152
6422.00 3.9152
6422.05 3.9153
6422.10 3.9154
6422.15 3.9154
6422.20 3.9155
6422.25 3.9156
6422.30 3.9156
6422.35 3.9157
6422.40 3.9158
6422.45 3.9158
6422.50 3.9159
6422.55 3.9160
6422.60 3.9160
6422.65 3.9161
6422.70 3.9162
6422.75 3.9163
6422.80 3.9163
6422.85 3.9164
6422.90 3.9165
6422.95 3.9165
6423.00 3.9166
6423.05 3.9167
6423.10 3.9168
6423.15 3.9168
6423.20 3.9169
6423.25 3.9170
6423.30 3.9171
6423.35 3.9171
6423.40 3.9172
6423.45 3.9173
6423.50 3.9174
6423.55 3.9174
6423.60 3.9175
6423.65 3.9176
6423.70 3.9177
6423.75 3.9178
6423.80 3.9178
6423.85 3.9179
6423.90 3.9180
6423.95 3.9181
6424.00 3.9182
6424.05 3.9182
6424.10 3.9183
6424.15 3.9184
6424.20 3.9185
6424.25 3.9186
6424.30 3.9187
6424.35 3.9187
6424.40 3.9188
6424.45 3.9189
6424.50 3.9190
6424.55 3.9191
6424.60 3.9192
6424.65 3.9192
6424.70 3.9193
6424.75 3.9194
6424.80 3.9195
6424.85 3.9196
6424.90 3.9197
6424.95 3.9198
6425.00 3.9199
6425.05 3.9199
6425.10 3.9200
6425.15 3.9201
6425.20 3.9202
6425.25 3.9203
6425.30 3.9204
6425.35 3.9205
6425.40 3.9206
6425.45 3.9207
6425.50 3.9208
6425.55 3.9208
6425.60 3.9209
6425.65 3.9210
6425.70 3.9211
6425.75 3.9212
6425.80 3.9213
6425.85 3.9214
6425.90 3.9215
6425.95 3.9216
6426.00 3.9217
6426.05 3.9218
6426.10 3.9219
6426.15 3.9220
6426.20 3.9221
6426.25 3.9222
6426.30 3.9223
6426.35 3.9224
6426.40 3.9225
6426.45 3.9225
6426.50 3.9226
6426.55 3.9227
6426.60 3.9228
6426.65 3.9229
6426.70 3.9230
6426.75 3.9231
6426.80 3.9232
6426.85 3.9233
6426.90 3.9234
6426.95 3.9235
6427.00 3.9236
6427.05 3.9237
6427.10 3.9238
6427.15 3.9239
6427.20 3.9240
6427.25 3.9241
6427.30 3.9242
6427.35 3.9243
6427.40 3.9244
6427.45 3.9245
6427.50 3.9247
6427.55 3.9248
6427.60 3.9249
6427.65 3.9250
6427.70 3.9251
6427.75 3.9252
6427.80 3.9253
6427.85 3.9254
6427.90 3.9255
6427.95 3.9256
6428.00 3.9257
6428.05 3.9258
6428.10 3.9259
6428.15 3.9260
6428.20 3.9261
6428.25 3.9262
6428.30 3.9263
6428.35 3.9264
6428.40 3.9265
6428.45 3.9267
6428.50 3.9268
6428.55 3.9269
6428.60 3.9270
6428.65 3.9271
6428.70 3.9272
6428.75 3.9273
6428.80 3.9274
6428.85 3.9275
6428.90 3.9276
6428.95 3.9277
6429.00 3.9278
6429.05 3.9280
6429.10 3.9281
6429.15 3.9282
6429.20 3.9283
6429.25 3.9284
6429.30 3.9285
6429.35 3.9286
6429.40 3.9287
6429.45 3.9288
6429.50 3.9289
6429.55 3.9291
6429.60 3.9292
6429.65 3.9293
6429.70 3.9294
6429.75 3.9295
6429.80 3.9296
6429.85 3.9297
6429.90 3.9298
6429.95 3.9300
6430.00 3.9301
6430.05 3.9302
6430.10 3.9303
6430.15 3.9304
6430.20 3.9305
6430.25 3.9306
6430.30 3.9308
6430.35 3.9309
6430.40 3.9310
6430.45 3.9311
6430.50 3.9312
6430.55 3.9313
6430.60 3.9314
6430.65 3.9316
6430.70 3.9317
6430.75 3.9318
6430.80 3.9319
6430.85 3.9320
6430.90 3.9321
6430.95 3.9323
6431.00 3.9324
6431.05 3.9325
6431.10 3.9326
6431.15 3.9327
6431.20 3.9328
6431.25 3.9330
6431.30 3.9331
6431.35 3.9332
6431.40 3.9333
6431.45 3.9334
6431.50 3.9335
6431.55 3.9337
6431.60 3.9338
6431.65 3.9339
6431.70 3.9340
6431.75 3.9341
6431.80 3.9342
6431.85 3.9344
6431.90 3.9345
6431.95 3.9346
6432.00 3.9347
6432.05 3.9348
6432.10 3.9350
6432.15 3.9351
6432.20 3.9352
6432.25 3.9353
6432.30 3.9354
6432.35 3.9356
6432.40 3.9357
6432.45 3.9358
6432.50 3.9359
6432.55 3.9360
6432.60 3.9362
6432.65 3.9363
6432.70 3.9364
6432.75 3.9365
6432.80 3.9366
6432.85 3.9368
6432.90 3.9369
6432.95 3.9370
6433.00 3.9371
6433.05 3.9372
6433.10 3.9374
6433.15 3.9375
6433.20 3.9376
6433.25 3.9377
6433.30 3.9379
6433.35 3.9380
6433.40 3.9381
6433.45 3.9382
6433.50 3.9383
6433.55 3.9385
6433.60 3.9386
6433.65 3.9387
6433.70 3.9388
6433.75 3.9390
6433.80 3.9391
6433.85 3.9392
6433.90 3.9393
6433.95 3.9394
6434.00 3.9396
6434.05 3.9397
6434.10 3.9398
6434.15 3.9399
6434.20 3.9401
6434.25 3.9402
6434.30 3.9403
6434.35 3.9404
6434.40 3.9406
6434.45 3.9407
6434.50 3.9408
6434.55 3.9409
6434.60 3.9410
6434.65 3.9412
6434.70 3.9413
6434.75 3.9414
6434.80 3.9415
6434.85 3.9417
6434.90 3.9418
6434.95 3.9419
6435.00 3.9420
6435.05 3.9422
6435.10 3.9423
6435.15 3.9424
6435.20 3.9425
6435.25 3.9427
6435.30 3.9428
6435.35 3.9429
6435.40 3.9430
6435.45 3.9432
6435.50 3.9433
6435.55 3.9434
6435.60 3.9436
6435.65 3.9437
6435.70 3.9438
6435.75 3.9439
6435.80 3.9441
6435.85 3.9442
6435.90 3.9443
6435.95 3.9444
6436.00 3.9446
6436.05 3.9447
6436.10 3.9448
6436.15 3.9449
6436.20 3.9451
6436.25 3.9452
6436.30 3.9453
6436.35 3.9455
6436.40 3.9456
6436.45 3.9457
6436.50 3.9458
6436.55 3.9460
6436.60 3.9461
6436.65 3.9462
6436.70 3.9463
6436.75 3.9465
6436.80 3.9466
6436.85 3.9467
6436.90 3.9469
6436.95 3.9470
6437.00 3.9471
6437.05 3.9472
6437.10 3.9474
6437.15 3.9475
6437.20 3.9476
6437.25 3.9478
6437.30 3.9479
6437.35 3.9480
6437.40 3.9482
6437.45 3.9483
6437.50 3.9484
6437.55 3.9485
6437.60 3.9487
6437.65 3.9488
6437.70 3.9489
6437.75 3.9491
6437.80 3.9492
6437.85 3.9493
6437.90 3.9495
6437.95 3.9496
6438.00 3.9497
6438.05 3.9499
6438.10 3.9500
6438.15 3.9501
6438.20 3.9503
6438.25 3.9504
6438.30 3.9505
6438.35 3.9507
6438.40 3.9508
6438.45 3.9509
6438.50 3.9510
6438.55 3.9512
6438.60 3.9513
6438.65 3.9515
6438.70 3.9516
6438.75 3.9517
6438.80 3.9519
6438.85 3.9520
6438.90 3.9521
6438.95 3.9523
6439.00 3.9524
6439.05 3.9525
6439.10 3.9527
6439.15 3.9528
6439.20 3.9529
6439.25 3.9531
6439.30 3.9532
6439.35 3.9533
6439.40 3.9535
6439.45 3.9536
6439.50 3.9537
6439.55 3.9539
6439.60 3.9540
6439.65 3.9542
6439.70 3.9543
6439.75 3.9544
6439.80 3.9546
6439.85 3.9547
6439.90 3.9548
6439.95 3.9550
6440.00 3.9551
6440.05 3.9553
6440.10 3.9554
6440.15 3.9555
6440.20 3.9557
6440.25 3.9558
6440.30 3.9560
6440.35 3.9561
6440.40 3.9562
6440.45 3.9564
6440.50 3.9565
6440.55 3.9567
6440.60 3.9568
6440.65 3.9569
6440.70 3.9571
6440.75 3.9572
6440.80 3.9574
6440.85 3.9575
6440.90 3.9576
6440.95 3.9578
6441.00 3.9579
6441.05 3.9581
6441.10 3.9582
6441.15 3.9584
6441.20 3.9585
6441.25 3.9586
6441.30 3.9588
6441.35 3.9589
6441.40 3.9591
6441.45 3.9592
6441.50 3.9594
6441.55 3.9595
6441.60 3.9596
6441.65 3.9598
6441.70 3.9599
6441.75 3.9601
6441.80 3.9602
6441.85 3.9604
6441.90 3.9605
6441.95 3.9606
6442.00 3.9608
6442.05 3.9609
6442.10 3.9611
6442.15 3.9612
6442.20 3.9614
6442.25 3.9615
6442.30 3.9617
6442.35 3.9618
6442.40 3.9620
6442.45 3.9621
6442.50 3.9622
6442.55 3.9624
6442.60 3.9625
6442.65 3.9627
6442.70 3.9628
6442.75 3.9630
6442.80 3.9631
6442.85 3.9633
6442.90 3.9634
6442.95 3.9636
6443.00 3.9637
6443.05 3.9638
6443.10 3.9640
6443.15 3.9641
6443.20 3.9643
6443.25 3.9644
6443.30 3.9646
6443.35 3.9647
6443.40 3.9649
6443.45 3.9650
6443.50 3.9652
6443.55 3.9653
6443.60 3.9654
6443.65 3.9656
6443.70 3.9657
6443.75 3.9659
6443.80 3.9660
6443.85 3.9662
6443.90 3.9663
6443.95 3.9665
6444.00 3.9666
6444.05 3.9667
6444.10 3.9669
6444.15 3.9670
6444.20 3.9672
6444.25 3.9673
6444.30 3.9675
6444.35 3.9676
6444.40 3.9678
6444.45 3.9679
6444.50 3.9680
6444.55 3.9682
6444.60 3.9683
6444.65 3.9685
6444.70 3.9686
6444.75 3.9687
6444.80 3.9689
6444.85 3.9690
6444.90 3.9692
6444.95 3.9693
6445.00 3.9694
6445.05 3.9696
6445.10 3.9697
6445.15 3.9699
6445.20 3.9700
6445.25 3.9701
6445.30 3.9703
6445.35 3.9704
6445.40 3.9705
6445.45 3.9707
6445.50 3.9708
6445.55 3.9710
6445.60 3.9711
6445.65 3.9712
6445.70 3.9714
6445.75 3.9715
6445.80 3.9716
6445.85 3.9717
6445.90 3.9719
6445.95 3.9720
6446.00 3.9721
6446.05 3.9723
6446.10 3.9724
6446.15 3.9725
6446.20 3.9727
6446.25 3.9728
6446.30 3.9729
6446.35 3.9730
6446.40 3.9732
6446.45 3.9733
6446.50 3.9734
6446.55 3.9735
6446.60 3.9736
6446.65 3.9738
6446.70 3.9739
6446.75 3.9740
6446.80 3.9741
6446.85 3.9742
6446.90 3.9744
6446.95 3.9745
6447.00 3.9746
6447.05 3.9747
6447.10 3.9748
6447.15 3.9749
6447.20 3.9750
6447.25 3.9752
6447.30 3.9753
6447.35 3.9754
6447.40 3.9755
6447.45 3.9756
6447.50 3.9757
6447.55 3.9758
6447.60 3.9759
6447.65 3.9760
6447.70 3.9761
6447.75 3.9762
6447.80 3.9763
6447.85 3.9764
6447.90 3.9765
6447.95 3.9766
6448.00 3.9767
6448.05 3.9768
6448.10 3.9769
6448.15 3.9770
6448.20 3.9771
6448.25 3.9771
6448.30 3.9772
6448.35 3.9773
6448.40 3.9774
6448.45 3.9775
6448.50 3.9776
6448.55 3.9777
6448.60 3.9777
6448.65 3.9778
6448.70 3.9779
6448.75 3.9780
6448.80 3.9780
6448.85 3.9781
6448.90 3.9782
6448.95 3.9783
6449.00 3.9783
6449.05 3.9784
6449.10 3.9785
6449.15 3.9785
6449.20 3.9786
6449.25 3.9787
6449.30 3.9787
6449.35 3.9788
6449.40 3.9788
6449.45 3.9789
6449.50 3.9789
6449.55 3.9790
6449.60 3.9790
6449.65 3.9791
6449.70 3.9791
6449.75 3.9792
6449.80 3.9792
6449.85 3.9793
6449.90 3.9793
6449.95 3.9794
6450.00 3.9794
6450.05 3.9794
6450.10 3.9795
6450.15 3.9795
6450.20 3.9795
6450.25 3.9796
6450.30 3.9796
6450.35 3.9796
6450.40 3.9797
6450.45 3.9797
6450.50 3.9797
6450.55 3.9797
6450.60 3.9798
6450.65 3.9798
6450.70 3.9798
6450.75 3.9798
6450.80 3.9798
6450.85 3.9798
6450.90 3.9798
6450.95 3.9798
6451.00 3.9798
6451.05 3.9799
6451.10 3.9799
6451.15 3.9799
6451.20 3.9799
6451.25 3.9799
6451.30 3.9798
6451.35 3.9798
6451.40 3.9798
6451.45 3.9798
6451.50 3.9798
6451.55 3.9798
6451.60 3.9798
6451.65 3.9798
6451.70 3.9797
6451.75 3.9797
6451.80 3.9797
6451.85 3.9797
6451.90 3.9796
6451.95 3.9796
6452.00 3.9796
6452.05 3.9796
6452.10 3.9795
6452.15 3.9795
6452.20 3.9794
6452.25 3.9794
6452.30 3.9794
6452.35 3.9793
6452.40 3.9793
6452.45 3.9792
6452.50 3.9792
6452.55 3.9791
6452.60 3.9791
6452.65 3.9790
6452.70 3.9790
6452.75 3.9789
6452.80 3.9788
6452.85 3.9788
6452.90 3.9787
6452.95 3.9787
6453.00 3.9786
6453.05 3.9785
6453.10 3.9784
6453.15 3.9784
6453.20 3.9783
6453.25 3.9782
6453.30 3.9781
6453.35 3.9781
6453.40 3.9780
6453.45 3.9779
6453.50 3.9778
6453.55 3.9777
6453.60 3.9776
6453.65 3.9775
6453.70 3.9774
6453.75 3.9773
6453.80 3.9772
6453.85 3.9771
6453.90 3.9770
6453.95 3.9769
6454.00 3.9768
6454.05 3.9767
6454.10 3.9766
6454.15 3.9765
6454.20 3.9764
6454.25 3.9763
6454.30 3.9761
6454.35 3.9760
6454.40 3.9759
6454.45 3.9758
6454.50 3.9757
6454.55 3.9755
6454.60 3.9754
6454.65 3.9753
6454.70 3.9751
6454.75 3.9750
6454.80 3.9749
6454.85 3.9747
6454.90 3.9746
6454.95 3.9744
6455.00 3.9743
6455.05 3.9742
6455.10 3.9740
6455.15 3.9739
6455.20 3.9737
6455.25 3.9736
6455.30 3.9734
6455.35 3.9732
6455.40 3.9731
6455.45 3.9729
6455.50 3.9728
6455.55 3.9726
6455.60 3.9724
6455.65 3.9723
6455.70 3.9721
6455.75 3.9719
6455.80 3.9717
6455.85 3.9716
6455.90 3.9714
6455.95 3.9712
6456.00 3.9710
6456.05 3.9708
6456.10 3.9707
6456.15 3.9705
6456.20 3.9703
6456.25 3.9701
6456.30 3.9699
6456.35 3.9697
6456.40 3.9695
6456.45 3.9693
6456.50 3.9691
6456.55 3.9689
6456.60 3.9687
6456.65 3.9685
6456.70 3.9683
6456.75 3.9681
6456.80 3.9679
6456.85 3.9677
6456.90 3.9675
6456.95 3.9672
6457.00 3.9670
6457.05 3.9668
6457.10 3.9666
6457.15 3.9664
6457.20 3.9661
6457.25 3.9659
6457.30 3.9657
6457.35 3.9655
6457.40 3.9652
6457.45 3.9650
6457.50 3.9648
6457.55 3.9645
6457.60 3.9643
6457.65 3.9640
6457.70 3.9638
6457.75 3.9635
6457.80 3.9633
6457.85 3.9631
6457.90 3.9628
6457.95 3.9626
6458.00 3.9623
6458.05 3.9620
6458.10 3.9618
6458.15 3.9615
6458.20 3.9613
6458.25 3.9610
6458.30 3.9607
6458.35 3.9605
6458.40 3.9602
6458.45 3.9599
6458.50 3.9597
6458.55 3.9594
6458.60 3.9591
6458.65 3.9589
6458.70 3.9586
6458.75 3.9583
6458.80 3.9580
6458.85 3.9577
6458.90 3.9575
6458.95 3.9572
6459.00 3.9569
6459.05 3.9566
6459.10 3.9563
6459.15 3.9560
6459.20 3.9557
6459.25 3.9554
6459.30 3.9551
6459.35 3.9548
6459.40 3.9545
6459.45 3.9542
6459.50 3.9539
6459.55 3.9536
6459.60 3.9533
6459.65 3.9530
6459.70 3.9527
6459.75 3.9524
6459.80 3.9520
6459.85 3.9517
6459.90 3.9514
6459.95 3.9511
6460.00 3.9508
6460.05 3.9504
6460.10 3.9501
6460.15 3.9498
6460.20 3.9495
6460.25 3.9491
6460.30 3.9488
6460.35 3.9485
6460.40 3.9481
6460.45 3.9478
6460.50 3.9474
6460.55 3.9471
6460.60 3.9468
6460.65 3.9464
6460.70 3.9461
6460.75 3.9457
6460.80 3.9454
6460.85 3.9450
6460.90 3.9447
6460.95 3.9443
6461.00 3.9440
6461.05 3.9436
6461.10 3.9432
6461.15 3.9429
6461.20 3.9425
6461.25 3.9422
6461.30 3.9418
6461.35 3.9414
6461.40 3.9411
6461.45 3.9407
6461.50 3.9403
6461.55 3.9399
6461.60 3.9396
6461.65 3.9392
6461.70 3.9388
6461.75 3.9384
6461.80 3.9380
6461.85 3.9377
6461.90 3.9373
6461.95 3.9369
6462.00 3.9365
6462.05 3.9361
6462.10 3.9357
6462.15 3.9353
6462.20 3.9349
6462.25 3.9345
6462.30 3.9341
6462.35 3.9337
6462.40 3.9333
6462.45 3.9329
6462.50 3.9325
6462.55 3.9321
6462.60 3.9317
6462.65 3.9313
6462.70 3.9309
6462.75 3.9304
6462.80 3.9300
6462.85 3.9296
6462.90 3.9292
6462.95 3.9288
6463.00 3.9283
6463.05 3.9279
6463.10 3.9275
6463.15 3.9271
6463.20 3.9266
6463.25 3.9262
6463.30 3.9258
6463.35 3.9253
6463.40 3.9249
6463.45 3.9245
6463.50 3.9240
6463.55 3.9236
6463.60 3.9232
6463.65 3.9227
6463.70 3.9223
6463.75 3.9218
6463.80 3.9214
6463.85 3.9209
6463.90 3.9205
6463.95 3.9200
6464.00 3.9196
6464.05 3.9191
6464.10 3.9186
6464.15 3.9182
6464.20 3.9177
6464.25 3.9173
6464.30 3.9168
6464.35 3.9163
6464.40 3.9159
6464.45 3.9154
6464.50 3.9149
6464.55 3.9145
6464.60 3.9140
6464.65 3.9135
6464.70 3.9130
6464.75 3.9126
6464.80 3.9121
6464.85 3.9116
6464.90 3.9111
6464.95 3.9106
6465.00 3.9101
6465.05 3.9097
6465.10 3.9092
6465.15 3.9087
6465.20 3.9082
6465.25 3.9077
6465.30 3.9072
6465.35 3.9067
6465.40 3.9062
6465.45 3.9057
6465.50 3.9052
6465.55 3.9047
6465.60 3.9042
6465.65 3.9037
6465.70 3.9032
6465.75 3.9027
6465.80 3.9022
6465.85 3.9017
6465.90 3.9012
6465.95 3.9006
6466.00 3.9001
6466.05 3.8996
6466.10 3.8991
6466.15 3.8986
6466.20 3.8981
6466.25 3.8975
6466.30 3.8970
6466.35 3.8965
6466.40 3.8960
6466.45 3.8955
6466.50 3.8949
6466.55 3.8944
6466.60 3.8939
6466.65 3.8933
6466.70 3.8928
6466.75 3.8923
6466.80 3.8917
6466.85 3.8912
6466.90 3.8907
6466.95 3.8901
6467.00 3.8896
6467.05 3.8890
6467.10 3.8885
6467.15 3.8880
6467.20 3.8874
6467.25 3.8869
6467.30 3.8863
6467.35 3.8858
6467.40 3.8852
6467.45 3.8847
6467.50 3.8841
6467.55 3.8836
6467.60 3.8830
6467.65 3.8825
6467.70 3.8819
6467.75 3.8814
6467.80 3.8808
6467.85 3.8803
6467.90 3.8797
6467.95 3.8791
6468.00 3.8786
6468.05 3.8780
6468.10 3.8774
6468.15 3.8769
6468.20 3.8763
6468.25 3.8758
6468.30 3.8752
6468.35 3.8746
6468.40 3.8741
6468.45 3.8735
6468.50 3.8729
6468.55 3.8723
6468.60 3.8718
6468.65 3.8712
6468.70 3.8706
6468.75 3.8700
6468.80 3.8695
6468.85 3.8689
6468.90 3.8683
6468.95 3.8677
6469.00 3.8672
6469.05 3.8666
6469.10 3.8660
6469.15 3.8654
6469.20 3.8648
6469.25 3.8643
6469.30 3.8637
6469.35 3.8631
6469.40 3.8625
6469.45 3.8619
6469.50 3.8613
6469.55 3.8608
6469.60 3.8602
6469.65 3.8596
6469.70 3.8590
6469.75 3.8584
6469.80 3.8578
6469.85 3.8572
6469.90 3.8567
6469.95 3.8561
6470.00 3.8555
6470.05 3.8549
6470.10 3.8543
6470.15 3.8537
6470.20 3.8531
6470.25 3.8525
6470.30 3.8519
6470.35 3.8513
6470.40 3.8507
6470.45 3.8501
6470.50 3.8495
6470.55 3.8490
6470.60 3.8484
6470.65 3.8478
6470.70 3.8472
6470.75 3.8466
6470.80 3.8460
6470.85 3.8454
6470.90 3.8448
6470.95 3.8442
6471.00 3.8436
6471.05 3.8430
6471.10 3.8424
6471.15 3.8418
6471.20 3.8412
6471.25 3.8406
6471.30 3.8400
6471.35 3.8394
6471.40 3.8388
6471.45 3.8382
6471.50 3.8376
6471.55 3.8370
6471.60 3.8364
6471.65 3.8358
6471.70 3.8352
6471.75 3.8346
6471.80 3.8340
6471.85 3.8334
6471.90 3.8329
6471.95 3.8323
6472.00 3.8317
6472.05 3.8311
6472.10 3.8305
6472.15 3.8299
6472.20 3.8293
6472.25 3.8287
6472.30 3.8281
6472.35 3.8275
6472.40 3.8269
6472.45 3.8263
6472.50 3.8257
6472.55 3.8251
6472.60 3.8245
6472.65 3.8239
6472.70 3.8233
6472.75 3.8227
6472.80 3.8221
6472.85 3.8216
6472.90 3.8210
6472.95 3.8204
6473.00 3.8198
6473.05 3.8192
6473.10 3.8186
6473.15 3.8180
6473.20 3.8174
6473.25 3.8168
6473.30 3.8162
6473.35 3.8157
6473.40 3.8151
6473.45 3.8145
6473.50 3.8139
6473.55 3.8133
6473.60 3.8127
6473.65 3.8122
6473.70 3.8116
6473.75 3.8110
6473.80 3.8104
6473.85 3.8098
6473.90 3.8092
6473.95 3.8087
6474.00 3.8081
6474.05 3.8075
6474.10 3.8069
6474.15 3.8064
6474.20 3.8058
6474.25 3.8052
6474.30 3.8046
6474.35 3.8041
6474.40 3.8035
6474.45 3.8029
6474.50 3.8023
6474.55 3.8018
6474.60 3.8012
6474.65 3.8006
6474.70 3.8001
6474.75 3.7995
6474.80 3.7989
6474.85 3.7984
6474.90 3.7978
6474.95 3.7973
6475.00 3.7967
6475.05 3.7961
6475.10 3.7956
6475.15 3.7950
6475.20 3.7945
6475.25 3.7939
6475.30 3.7933
6475.35 3.7928
6475.40 3.7922
6475.45 3.7917
6475.50 3.7911
6475.55 3.7906
6475.60 3.7900
6475.65 3.7895
6475.70 3.7889
6475.75 3.7884
6475.80 3.7879
6475.85 3.7873
6475.90 3.7868
6475.95 3.7862
6476.00 3.7857
6476.05 3.7852
6476.10 3.7846
6476.15 3.7841
6476.20 3.7835
6476.25 3.7830
6476.30 3.7825
6476.35 3.7820
6476.40 3.7814
6476.45 3.7809
6476.50 3.7804
6476.55 3.7798
6476.60 3.7793
6476.65 3.7788
6476.70 3.7783
6476.75 3.7778
6476.80 3.7772
6476.85 3.7767
6476.90 3.7762
6476.95 3.7757
6477.00 3.7752
6477.05 3.7747
6477.10 3.7742
6477.15 3.7736
6477.20 3.7731
6477.25 3.7726
6477.30 3.7721
6477.35 3.7716
6477.40 3.7711
6477.45 3.7706
6477.50 3.7701
6477.55 3.7696
6477.60 3.7691
6477.65 3.7686
6477.70 3.7681
6477.75 3.7676
6477.80 3.7672
6477.85 3.7667
6477.90 3.7662
6477.95 3.7657
6478.00 3.7652
6478.05 3.7647
6478.10 3.7642
6478.15 3.7638
6478.20 3.7633
6478.25 3.7628
6478.30 3.7623
6478.35 3.7619
6478.40 3.7614
6478.45 3.7609
6478.50 3.7604
6478.55 3.7600
6478.60 3.7595
6478.65 3.7590
6478.70 3.7586
6478.75 3.7581
6478.80 3.7577
6478.85 3.7572
6478.90 3.7567
6478.95 3.7563
6479.00 3.7558
6479.05 3.7554
6479.10 3.7549
6479.15 3.7545
6479.20 3.7540
6479.25 3.7536
6479.30 3.7532
6479.35 3.7527
6479.40 3.7523
6479.45 3.7518
6479.50 3.7514
6479.55 3.7510
6479.60 3.7505
6479.65 3.7501
6479.70 3.7497
6479.75 3.7492
6479.80 3.7488
6479.85 3.7484
6479.90 3.7479
6479.95 3.7475
6480.00 3.7471
6480.05 3.7467
6480.10 3.7463
6480.15 3.7458
6480.20 3.7454
6480.25 3.7450
6480.30 3.7446
6480.35 3.7442
6480.40 3.7438
6480.45 3.7434
6480.50 3.7430
6480.55 3.7426
6480.60 3.7422
6480.65 3.7418
6480.70 3.7414
6480.75 3.7410
6480.80 3.7406
6480.85 3.7402
6480.90 3.7398
6480.95 3.7394
6481.00 3.7390
6481.05 3.7386
6481.10 3.7382
6481.15 3.7379
6481.20 3.7375
6481.25 3.7371
6481.30 3.7367
6481.35 3.7363
6481.40 3.7360
6481.45 3.7356
6481.50 3.7352
6481.55 3.7348
6481.60 3.7345
6481.65 3.7341
6481.70 3.7337
6481.75 3.7334
6481.80 3.7330
6481.85 3.7327
6481.90 3.7323
6481.95 3.7319
6482.00 3.7316
6482.05 3.7312
6482.10 3.7309
6482.15 3.7305
6482.20 3.7302
6482.25 3.7298
6482.30 3.7295
6482.35 3.7291
6482.40 3.7288
6482.45 3.7284
6482.50 3.7281
6482.55 3.7278
6482.60 3.7274
6482.65 3.7271
6482.70 3.7268
6482.75 3.7264
6482.80 3.7261
6482.85 3.7258
6482.90 3.7254
6482.95 3.7251
6483.00 3.7248
6483.05 3.7245
6483.10 3.7241
6483.15 3.7238
6483.20 3.7235
6483.25 3.7232
6483.30 3.7229
6483.35 3.7226
6483.40 3.7222
6483.45 3.7219
6483.50 3.7216
6483.55 3.7213
6483.60 3.7210
6483.65 3.7207
6483.70 3.7204
6483.75 3.7201
6483.80 3.7198
6483.85 3.7195
6483.90 3.7192
6483.95 3.7189
6484.00 3.7186
6484.05 3.7183
6484.10 3.7180
6484.15 3.7178
6484.20 3.7175
6484.25 3.7172
6484.30 3.7169
6484.35 3.7166
6484.40 3.7163
6484.45 3.7161
6484.50 3.7158
6484.55 3.7155
6484.60 3.7152
6484.65 3.7150
6484.70 3.7147
6484.75 3.7144
6484.80 3.7141
6484.85 3.7139
6484.90 3.7136
6484.95 3.7133
6485.00 3.7131
6485.05 3.7128
6485.10 3.7126
6485.15 3.7123
6485.20 3.7120
6485.25 3.7118
6485.30 3.7115
6485.35 3.7113
6485.40 3.7110
6485.45 3.7108
6485.50 3.7105
6485.55 3.7103
6485.60 3.7100
6485.65 3.7098
6485.70 3.7096
6485.75 3.7093
6485.80 3.7091
6485.85 3.7088
6485.90 3.7086
6485.95 3.7084
6486.00 3.7081
6486.05 3.7079
6486.10 3.7077
6486.15 3.7074
6486.20 3.7072
6486.25 3.7070
6486.30 3.7068
6486.35 3.7065
6486.40 3.7063
6486.45 3.7061
6486.50 3.7059
6486.55 3.7057
6486.60 3.7054
6486.65 3.7052
6486.70 3.7050
6486.75 3.7048
6486.80 3.7046
6486.85 3.7044
6486.90 3.7042
6486.95 3.7040
6487.00 3.7038
6487.05 3.7036
6487.10 3.7034
6487.15 3.7032
6487.20 3.7030
6487.25 3.7028
6487.30 3.7026
6487.35 3.7024
6487.40 3.7022
6487.45 3.7020
6487.50 3.7018
6487.55 3.7016
6487.60 3.7014
6487.65 3.7013
6487.70 3.7011
6487.75 3.7009
6487.80 3.7007
6487.85 3.7005
6487.90 3.7003
6487.95 3.7002
6488.00 3.7000
6488.05 3.6998
6488.10 3.6997
6488.15 3.6995
6488.20 3.6993
6488.25 3.6991
6488.30 3.6990
6488.35 3.6988
6488.40 3.6987
6488.45 3.6985
6488.50 3.6983
6488.55 3.6982
6488.60 3.6980
6488.65 3.6979
6488.70 3.6977
6488.75 3.6976
6488.80 3.6974
6488.85 3.6973
6488.90 3.6971
6488.95 3.6970
6489.00 3.6968
6489.05 3.6967
6489.10 3.6965
6489.15 3.6964
6489.20 3.6963
6489.25 3.6961
6489.30 3.6960
6489.35 3.6959
6489.40 3.6957
6489.45 3.6956
6489.50 3.6955
6489.55 3.6953
6489.60 3.6952
6489.65 3.6951
6489.70 3.6950
6489.75 3.6948
6489.80 3.6947
6489.85 3.6946
6489.90 3.6945
6489.95 3.6944
6490.00 3.6943
6490.05 3.6942
6490.10 3.6940
6490.15 3.6939
6490.20 3.6938
6490.25 3.6937
6490.30 3.6936
6490.35 3.6935
6490.40 3.6934
6490.45 3.6933
6490.50 3.6932
6490.55 3.6931
6490.60 3.6930
6490.65 3.6930
6490.70 3.6929
6490.75 3.6928
6490.80 3.6927
6490.85 3.6926
6490.90 3.6925
6490.95 3.6925
6491.00 3.6924
6491.05 3.6923
6491.10 3.6922
6491.15 3.6921
6491.20 3.6921
6491.25 3.6920
6491.30 3.6919
6491.35 3.6919
6491.40 3.6918
6491.45 3.6917
6491.50 3.6917
6491.55 3.6916
6491.60 3.6916
6491.65 3.6915
6491.70 3.6915
6491.75 3.6914
6491.80 3.6914
6491.85 3.6913
6491.90 3.6913
6491.95 3.6912
6492.00 3.6912
6492.05 3.6911
6492.10 3.6911
6492.15 3.6911
6492.20 3.6910
6492.25 3.6910
6492.30 3.6910
6492.35 3.6909
6492.40 3.6909
6492.45 3.6909
6492.50 3.6909
6492.55 3.6908
6492.60 3.6908
6492.65 3.6908
6492.70 3.6908
6492.75 3.6908
6492.80 3.6908
6492.85 3.6907
6492.90 3.6907
6492.95 3.6907
6493.00 3.6907
6493.05 3.6907
6493.10 3.6907
6493.15 3.6907
6493.20 3.6907
6493.25 3.6907
6493.30 3.6907
6493.35 3.6907
6493.40 3.6907
6493.45 3.6908
6493.50 3.6908
6493.55 3.6908
6493.60 3.6908
6493.65 3.6908
6493.70 3.6908
6493.75 3.6909
6493.80 3.6909
6493.85 3.6909
6493.90 3.6910
6493.95 3.6910
6494.00 3.6910
6494.05 3.6910
6494.10 3.6911
6494.15 3.6911
6494.20 3.6912
6494.25 3.6912
6494.30 3.6912
6494.35 3.6913
6494.40 3.6913
6494.45 3.6914
6494.50 3.6914
6494.55 3.6915
6494.60 3.6915
6494.65 3.6916
6494.70 3.6917
6494.75 3.6917
6494.80 3.6918
6494.85 3.6918
6494.90 3.6919
6494.95 3.6920
6495.00 3.6920
6495.05 3.6921
6495.10 3.6922
6495.15 3.6923
6495.20 3.6923
6495.25 3.6924
6495.30 3.6925
6495.35 3.6926
6495.40 3.6926
6495.45 3.6927
6495.50 3.6928
6495.55 3.6929
6495.60 3.6930
6495.65 3.6931
6495.70 3.6932
6495.75 3.6933
6495.80 3.6934
6495.85 3.6935
6495.90 3.6935
6495.95 3.6936
6496.00 3.6937
6496.05 3.6938
6496.10 3.6940
6496.15 3.6941
6496.20 3.6942
6496.25 3.6943
6496.30 3.6944
6496.35 3.6945
6496.40 3.6946
6496.45 3.6947
6496.50 3.6948
6496.55 3.6949
6496.60 3.6951
6496.65 3.6952
6496.70 3.6953
6496.75 3.6954
6496.80 3.6955
6496.85 3.6957
6496.90 3.6958
6496.95 3.6959
6497.00 3.6960
6497.05 3.6962
6497.10 3.6963
6497.15 3.6964
6497.20 3.6966
6497.25 3.6967
6497.30 3.6968
6497.35 3.6970
6497.40 3.6971
6497.45 3.6972
6497.50 3.6974
6497.55 3.6975
6497.60 3.6976
6497.65 3.6978
6497.70 3.6979
6497.75 3.6981
6497.80 3.6982
6497.85 3.6984
6497.90 3.6985
6497.95 3.6986
6498.00 3.6988
6498.05 3.6989
6498.10 3.6991
6498.15 3.6992
6498.20 3.6994
6498.25 3.6995
6498.30 3.6997
6498.35 3.6998
6498.40 3.7000
6498.45 3.7001
6498.50 3.7003
6498.55 3.7004
6498.60 3.7006
6498.65 3.7007
6498.70 3.7009
6498.75 3.7010
6498.80 3.7012
6498.85 3.7013
6498.90 3.7015
6498.95 3.7016
6499.00 3.7018
6499.05 3.7019
6499.10 3.7021
6499.15 3.7023
6499.20 3.7024
6499.25 3.7026
6499.30 3.7027
6499.35 3.7029
6499.40 3.7030
6499.45 3.7032
6499.50 3.7033
6499.55 3.7035
6499.60 3.7036
6499.65 3.7038
6499.70 3.7039
6499.75 3.7041
6499.80 3.7043
6499.85 3.7044
6499.90 3.7046
6499.95 3.7047
6500.00 3.7049
6500.05 3.7050
6500.10 3.7052
6500.15 3.7053
6500.20 3.7055
6500.25 3.7056
6500.30 3.7058
6500.35 3.7059
6500.40 3.7061
6500.45 3.7062
6500.50 3.7064
6500.55 3.7065
6500.60 3.7066
6500.65 3.7068
6500.70 3.7069
6500.75 3.7071
6500.80 3.7072
6500.85 3.7074
6500.90 3.7075
6500.95 3.7076
6501.00 3.7078
6501.05 3.7079
6501.10 3.7081
6501.15 3.7082
6501.20 3.7083
6501.25 3.7085
6501.30 3.7086
6501.35 3.7087
6501.40 3.7089
6501.45 3.7090
6501.50 3.7091
6501.55 3.7092
6501.60 3.7094
6501.65 3.7095
6501.70 3.7096
6501.75 3.7097
6501.80 3.7099
6501.85 3.7100
6501.90 3.7101
6501.95 3.7102
6502.00 3.7103
6502.05 3.7105
6502.10 3.7106
6502.15 3.7107
6502.20 3.7108
6502.25 3.7109
6502.30 3.7110
6502.35 3.7111
6502.40 3.7112
6502.45 3.7113
6502.50 3.7114
6502.55 3.7115
6502.60 3.7116
6502.65 3.7117
6502.70 3.7118
6502.75 3.7119
6502.80 3.7120
6502.85 3.7121
6502.90 3.7122
6502.95 3.7123
6503.00 3.7123
6503.05 3.7124
6503.10 3.7125
6503.15 3.7126
6503.20 3.7127
6503.25 3.7127
6503.30 3.7128
6503.35 3.7129
6503.40 3.7130
6503.45 3.7130
6503.50 3.7131
6503.55 3.7132
6503.60 3.7132
6503.65 3.7133
6503.70 3.7133
6503.75 3.7134
6503.80 3.7135
6503.85 3.7135
6503.90 3.7136
6503.95 3.7136
6504.00 3.7137
6504.05 3.7137
6504.10 3.7137
6504.15 3.7138
6504.20 3.7138
6504.25 3.7139
6504.30 3.7139
6504.35 3.7139
6504.40 3.7140
6504.45 3.7140
6504.50 3.7140
6504.55 3.7140
6504.60 3.7141
6504.65 3.7141
6504.70 3.7141
6504.75 3.7141
6504.80 3.7141
6504.85 3.7141
6504.90 3.7142
6504.95 3.7142
6505.00 3.7142
6505.05 3.7142
6505.10 3.7142
6505.15 3.7142
6505.20 3.7142
6505.25 3.7142
6505.30 3.7142
6505.35 3.7141
6505.40 3.7141
6505.45 3.7141
6505.50 3.7141
6505.55 3.7141
6505.60 3.7141
6505.65 3.7140
6505.70 3.7140
6505.75 3.7140
6505.80 3.7140
6505.85 3.7139
6505.90 3.7139
6505.95 3.7139
6506.00 3.7138
6506.05 3.7138
6506.10 3.7138
6506.15 3.7137
6506.20 3.7137
6506.25 3.7136
6506.30 3.7136
6506.35 3.7135
6506.40 3.7135
6506.45 3.7134
6506.50 3.7134
6506.55 3.7133
6506.60 3.7133
6506.65 3.7132
6506.70 3.7131
6506.75 3.7131
6506.80 3.7130
6506.85 3.7129
6506.90 3.7129
6506.95 3.7128
6507.00 3.7127
6507.05 3.7126
6507.10 3.7126
6507.15 3.7125
6507.20 3.7124
6507.25 3.7123
6507.30 3.7122
6507.35 3.7121
6507.40 3.7121
6507.45 3.7120
6507.50 3.7119
6507.55 3.7118
6507.60 3.7117
6507.65 3.7116
6507.70 3.7115
6507.75 3.7114
6507.80 3.7113
6507.85 3.7112
6507.90 3.7111
6507.95 3.7110
6508.00 3.7109
6508.05 3.7108
6508.10 3.7107
6508.15 3.7106
6508.20 3.7105
6508.25 3.7103
6508.30 3.7102
6508.35 3.7101
6508.40 3.7100
6508.45 3.7099
6508.50 3.7098
6508.55 3.7096
6508.60 3.7095
6508.65 3.7094
6508.70 3.7093
6508.75 3.7092
6508.80 3.7090
6508.85 3.7089
6508.90 3.7088
6508.95 3.7087
6509.00 3.7085
6509.05 3.7084
6509.10 3.7083
6509.15 3.7081
6509.20 3.7080
6509.25 3.7079
6509.30 3.7078
6509.35 3.7076
6509.40 3.7075
6509.45 3.7074
6509.50 3.7072
6509.55 3.7071
6509.60 3.7070
6509.65 3.7068
6509.70 3.7067
6509.75 3.7066
6509.80 3.7064
6509.85 3.7063
6509.90 3.7061
6509.95 3.7060
6510.00 3.7059
6510.05 3.7057
6510.10 3.7056
6510.15 3.7055
6510.20 3.7053
6510.25 3.7052
6510.30 3.7050
6510.35 3.7049
6510.40 3.7048
6510.45 3.7046
6510.50 3.7045
6510.55 3.7044
6510.60 3.7042
6510.65 3.7041
6510.70 3.7040
6510.75 3.7038
6510.80 3.7037
6510.85 3.7036
6510.90 3.7034
6510.95 3.7033
6511.00 3.7032
6511.05 3.7030
6511.10 3.7029
6511.15 3.7028
6511.20 3.7026
6511.25 3.7025
6511.30 3.7024
6511.35 3.7022
6511.40 3.7021
6511.45 3.7020
6511.50 3.7019
6511.55 3.7017
6511.60 3.7016
6511.65 3.7015
6511.70 3.7014
6511.75 3.7012
6511.80 3.7011
6511.85 3.7010
6511.90 3.7009
6511.95 3.7008
6512.00 3.7007
6512.05 3.7005
6512.10 3.7004
6512.15 3.7003
6512.20 3.7002
6512.25 3.7001
6512.30 3.7000
6512.35 3.6999
6512.40 3.6998
6512.45 3.6997
6512.50 3.6996
6512.55 3.6995
6512.60 3.6994
6512.65 3.6993
6512.70 3.6992
6512.75 3.6991
6512.80 3.6990
6512.85 3.6989
6512.90 3.6988
6512.95 3.6987
6513.00 3.6986
6513.05 3.6985
6513.10 3.6985
6513.15 3.6984
6513.20 3.6983
6513.25 3.6982
6513.30 3.6981
6513.35 3.6981
6513.40 3.6980
6513.45 3.6979
6513.50 3.6979
6513.55 3.6978
6513.60 3.6977
6513.65 3.6977
6513.70 3.6976
6513.75 3.6975
6513.80 3.6975
6513.85 3.6974
6513.90 3.6974
6513.95 3.6973
6514.00 3.6973
6514.05 3.6972
6514.10 3.6972
6514.15 3.6972
6514.20 3.6971
6514.25 3.6971
6514.30 3.6970
6514.35 3.6970
6514.40 3.6970
6514.45 3.6969
6514.50 3.6969
6514.55 3.6969
6514.60 3.6969
6514.65 3.6968
6514.70 3.6968
6514.75 3.6968
6514.80 3.6968
6514.85 3.6968
6514.90 3.6968
6514.95 3.6968
6515.00 3.6968
6515.05 3.6968
6515.10 3.6968
6515.15 3.6968
6515.20 3.6968
6515.25 3.6968
6515.30 3.6968
6515.35 3.6968
6515.40 3.6968
6515.45 3.6968
6515.50 3.6968
6515.55 3.6968
6515.60 3.6969
6515.65 3.6969
6515.70 3.6969
6515.75 3.6969
6515.80 3.6970
6515.85 3.6970
6515.90 3.6970
6515.95 3.6971
6516.00 3.6971
6516.05 3.6971
6516.10 3.6972
6516.15 3.6972
6516.20 3.6973
6516.25 3.6973
6516.30 3.6974
6516.35 3.6974
6516.40 3.6975
6516.45 3.6975
6516.50 3.6976
6516.55 3.6976
6516.60 3.6977
6516.65 3.6978
6516.70 3.6978
6516.75 3.6979
6516.80 3.6980
6516.85 3.6980
6516.90 3.6981
6516.95 3.6982
6517.00 3.6982
6517.05 3.6983
6517.10 3.6984
6517.15 3.6985
6517.20 3.6986
6517.25 3.6986
6517.30 3.6987
6517.35 3.6988
6517.40 3.6989
6517.45 3.6990
6517.50 3.6991
6517.55 3.6992
6517.60 3.6992
6517.65 3.6993
6517.70 3.6994
6517.75 3.6995
6517.80 3.6996
6517.85 3.6997
6517.90 3.6998
6517.95 3.6999
6518.00 3.7000
6518.05 3.7001
6518.10 3.7002
6518.15 3.7003
6518.20 3.7004
6518.25 3.7005
6518.30 3.7006
6518.35 3.7008
6518.40 3.7009
6518.45 3.7010
6518.50 3.7011
6518.55 3.7012
6518.60 3.7013
6518.65 3.7014
6518.70 3.7015
6518.75 3.7016
6518.80 3.7017
6518.85 3.7019
6518.90 3.7020
6518.95 3.7021
6519.00 3.7022
6519.05 3.7023
6519.10 3.7024
6519.15 3.7025
6519.20 3.7027
6519.25 3.7028
6519.30 3.7029
6519.35 3.7030
6519.40 3.7031
6519.45 3.7032
6519.50 3.7033
6519.55 3.7034
6519.60 3.7036
6519.65 3.7037
6519.70 3.7038
6519.75 3.7039
6519.80 3.7040
6519.85 3.7041
6519.90 3.7042
6519.95 3.7044
6520.00 3.7045
6520.05 3.7046
6520.10 3.7047
6520.15 3.7048
6520.20 3.7049
6520.25 3.7050
6520.30 3.7051
6520.35 3.7052
6520.40 3.7053
6520.45 3.7054
6520.50 3.7055
6520.55 3.7056
6520.60 3.7057
6520.65 3.7058
6520.70 3.7059
6520.75 3.7060
6520.80 3.7061
6520.85 3.7062
6520.90 3.7063
6520.95 3.7064
6521.00 3.7065
6521.05 3.7066
6521.10 3.7067
6521.15 3.7068
6521.20 3.7069
6521.25 3.7069
6521.30 3.7070
6521.35 3.7071
6521.40 3.7072
6521.45 3.7073
6521.50 3.7074
6521.55 3.7074
6521.60 3.7075
6521.65 3.7076
6521.70 3.7076
6521.75 3.7077
6521.80 3.7078
6521.85 3.7079
6521.90 3.7079
6521.95 3.7080
6522.00 3.7080
6522.05 3.7081
6522.10 3.7082
6522.15 3.7082
6522.20 3.7083
6522.25 3.7083
6522.30 3.7084
6522.35 3.7084
6522.40 3.7085
6522.45 3.7085
6522.50 3.7085
6522.55 3.7086
6522.60 3.7086
6522.65 3.7087
6522.70 3.7087
6522.75 3.7087
6522.80 3.7088
6522.85 3.7088
6522.90 3.7088
6522.95 3.7088
6523.00 3.7089
6523.05 3.7089
6523.10 3.7089
6523.15 3.7089
6523.20 3.7089
6523.25 3.7089
6523.30 3.7089
6523.35 3.7089
6523.40 3.7090
6523.45 3.7090
