4049.50 18.0978
4049.55 18.0978
4049.60 18.0978
4049.65 18.0979
4049.70 18.0980
4049.75 18.0981
4049.80 18.0982
4049.85 18.0983
4049.90 18.0985
4049.95 18.0987
4050.00 18.0989
4050.05 18.0991
4050.10 18.0993
4050.15 18.0996
4050.20 18.0999
4050.25 18.1002
4050.30 18.1005
4050.35 18.1008
4050.40 18.1012
4050.45 18.1016
4050.50 18.1020
4050.55 18.1024
4050.60 18.1028
4050.65 18.1032
4050.70 18.1037
4050.75 18.1042
4050.80 18.1047
4050.85 18.1052
4050.90 18.1058
4050.95 18.1064
4051.00 18.1069
4051.05 18.1075
4051.10 18.1082
4051.15 18.1088
4051.20 18.1095
4051.25 18.1101
4051.30 18.1108
4051.35 18.1115
4051.40 18.1123
4051.45 18.1130
4051.50 18.1138
4051.55 18.1145
4051.60 18.1153
4051.65 18.1161
4051.70 18.1170
4051.75 18.1178
4051.80 18.1187
4051.85 18.1196
4051.90 18.1205
4051.95 18.1214
4052.00 18.1223
4052.05 18.1232
4052.10 18.1242
4052.15 18.1252
4052.20 18.1262
4052.25 18.1272
4052.30 18.1282
4052.35 18.1292
4052.40 18.1303
4052.45 18.1313
4052.50 18.1324
4052.55 18.1335
4052.60 18.1346
4052.65 18.1357
4052.70 18.1368
4052.75 18.1380
4052.80 18.1391
4052.85 18.1403
4052.90 18.1415
4052.95 18.1427
4053.00 18.1439
4053.05 18.1451
4053.10 18.1464
4053.15 18.1476
4053.20 18.1489
4053.25 18.1501
4053.30 18.1514
4053.35 18.1527
4053.40 18.1540
4053.45 18.1553
4053.50 18.1567
4053.55 18.1580
4053.60 18.1593
4053.65 18.1607
4053.70 18.1621
4053.75 18.1634
4053.80 18.1648
4053.85 18.1662
4053.90 18.1676
4053.95 18.1690
4054.00 18.1704
4054.05 18.1719
4054.10 18.1733
4054.15 18.1747
4054.20 18.1762
4054.25 18.1777
4054.30 18.1791
4054.35 18.1806
4054.40 18.1821
4054.45 18.1836
4054.50 18.1851
4054.55 18.1866
4054.60 18.1881
4054.65 18.1896
4054.70 18.1911
4054.75 18.1926
4054.80 18.1942
4054.85 18.1957
4054.90 18.1972
4054.95 18.1988
4055.00 18.2003
4055.05 18.2019
4055.10 18.2034
4055.15 18.2050
4055.20 18.2066
4055.25 18.2081
4055.30 18.2097
4055.35 18.2113
4055.40 18.2129
4055.45 18.2144
4055.50 18.2160
4055.55 18.2176
4055.60 18.2192
4055.65 18.2208
4055.70 18.2224
4055.75 18.2240
4055.80 18.2256
4055.85 18.2272
4055.90 18.2288
4055.95 18.2304
4056.00 18.2320
4056.05 18.2336
4056.10 18.2352
4056.15 18.2368
4056.20 18.2384
4056.25 18.2400
4056.30 18.2416
4056.35 18.2432
4056.40 18.2448
4056.45 18.2464
4056.50 18.2480
4056.55 18.2496
4056.60 18.2513
4056.65 18.2529
4056.70 18.2545
4056.75 18.2561
4056.80 18.2577
4056.85 18.2593
4056.90 18.2608
4056.95 18.2624
4057.00 18.2640
4057.05 18.2656
4057.10 18.2672
4057.15 18.2688
4057.20 18.2704
4057.25 18.2720
4057.30 18.2735
4057.35 18.2751
4057.40 18.2767
4057.45 18.2782
4057.50 18.2798
4057.55 18.2814
4057.60 18.2829
4057.65 18.2845
4057.70 18.2860
4057.75 18.2876
4057.80 18.2891
4057.85 18.2907
4057.90 18.2922
4057.95 18.2937
4058.00 18.2953
4058.05 18.2968
4058.10 18.2983
4058.15 18.2998
4058.20 18.3013
4058.25 18.3029
4058.30 18.3044
4058.35 18.3059
4058.40 18.3074
4058.45 18.3088
4058.50 18.3103
4058.55 18.3118
4058.60 18.3133
4058.65 18.3148
4058.70 18.3162
4058.75 18.3177
4058.80 18.3191
4058.85 18.3206
4058.90 18.3220
4058.95 18.3235
4059.00 18.3249
4059.05 18.3263
4059.10 18.3278
4059.15 18.3292
4059.20 18.3306
4059.25 18.3320
4059.30 18.3334
4059.35 18.3348
4059.40 18.3362
4059.45 18.3376
4059.50 18.3390
4059.55 18.3403
4059.60 18.3417
4059.65 18.3431
4059.70 18.3444
4059.75 18.3458
4059.80 18.3471
4059.85 18.3485
4059.90 18.3498
4059.95 18.3511
4060.00 18.3525
4060.05 18.3538
4060.10 18.3551
4060.15 18.3564
4060.20 18.3577
4060.25 18.3590
4060.30 18.3603
4060.35 18.3616
4060.40 18.3628
4060.45 18.3641
4060.50 18.3654
4060.55 18.3666
4060.60 18.3679
4060.65 18.3691
4060.70 18.3704
4060.75 18.3716
4060.80 18.3728
4060.85 18.3741
4060.90 18.3753
4060.95 18.3765
4061.00 18.3777
4061.05 18.3789
4061.10 18.3801
4061.15 18.3813
4061.20 18.3825
4061.25 18.3837
4061.30 18.3848
4061.35 18.3860
4061.40 18.3872
4061.45 18.3883
4061.50 18.3895
4061.55 18.3906
4061.60 18.3917
4061.65 18.3929
4061.70 18.3940
4061.75 18.3951
4061.80 18.3962
4061.85 18.3974
4061.90 18.3985
4061.95 18.3996
4062.00 18.4007
4062.05 18.4017
4062.10 18.4028
4062.15 18.4039
4062.20 18.4050
4062.25 18.4060
4062.30 18.4071
4062.35 18.4082
4062.40 18.4092
4062.45 18.4103
4062.50 18.4113
4062.55 18.4123
4062.60 18.4134
4062.65 18.4144
4062.70 18.4154
4062.75 18.4164
4062.80 18.4174
4062.85 18.4184
4062.90 18.4194
4062.95 18.4204
4063.00 18.4214
4063.05 18.4224
4063.10 18.4234
4063.15 18.4243
4063.20 18.4253
4063.25 18.4263
4063.30 18.4272
4063.35 18.4282
4063.40 18.4291
4063.45 18.4301
4063.50 18.4310
4063.55 18.4319
4063.60 18.4329
4063.65 18.4338
4063.70 18.4347
4063.75 18.4356
4063.80 18.4365
4063.85 18.4374
4063.90 18.4383
4063.95 18.4392
4064.00 18.4401
4064.05 18.4410
4064.10 18.4419
4064.15 18.4427
4064.20 18.4436
4064.25 18.4445
4064.30 18.4453
4064.35 18.4462
4064.40 18.4470
4064.45 18.4479
4064.50 18.4487
4064.55 18.4496
4064.60 18.4504
4064.65 18.4512
4064.70 18.4520
4064.75 18.4528
4064.80 18.4536
4064.85 18.4545
4064.90 18.4553
4064.95 18.4560
4065.00 18.4568
4065.05 18.4576
4065.10 18.4584
4065.15 18.4592
4065.20 18.4599
4065.25 18.4607
4065.30 18.4615
4065.35 18.4622
4065.40 18.4630
4065.45 18.4637
4065.50 18.4645
4065.55 18.4652
4065.60 18.4659
4065.65 18.4667
4065.70 18.4674
4065.75 18.4681
4065.80 18.4688
4065.85 18.4695
4065.90 18.4702
4065.95 18.4709
4066.00 18.4716
4066.05 18.4723
4066.10 18.4729
4066.15 18.4736
4066.20 18.4743
4066.25 18.4749
4066.30 18.4756
4066.35 18.4763
4066.40 18.4769
4066.45 18.4775
4066.50 18.4782
4066.55 18.4788
4066.60 18.4794
4066.65 18.4801
4066.70 18.4807
4066.75 18.4813
4066.80 18.4819
4066.85 18.4825
4066.90 18.4831
4066.95 18.4837
4067.00 18.4842
4067.05 18.4848
4067.10 18.4854
4067.15 18.4859
4067.20 18.4865
4067.25 18.4871
4067.30 18.4876
4067.35 18.4881
4067.40 18.4887
4067.45 18.4892
4067.50 18.4897
4067.55 18.4902
4067.60 18.4908
4067.65 18.4913
4067.70 18.4918
4067.75 18.4922
4067.80 18.4927
4067.85 18.4932
4067.90 18.4937
4067.95 18.4942
4068.00 18.4946
4068.05 18.4951
4068.10 18.4955
4068.15 18.4960
4068.20 18.4964
4068.25 18.4968
4068.30 18.4972
4068.35 18.4976
4068.40 18.4981
4068.45 18.4985
4068.50 18.4989
4068.55 18.4992
4068.60 18.4996
4068.65 18.5000
4068.70 18.5004
4068.75 18.5007
4068.80 18.5011
4068.85 18.5014
4068.90 18.5018
4068.95 18.5021
4069.00 18.5024
4069.05 18.5027
4069.10 18.5031
4069.15 18.5034
4069.20 18.5037
4069.25 18.5039
4069.30 18.5042
4069.35 18.5045
4069.40 18.5048
4069.45 18.5050
4069.50 18.5053
4069.55 18.5055
4069.60 18.5058
4069.65 18.5060
4069.70 18.5062
4069.75 18.5064
4069.80 18.5066
4069.85 18.5068
4069.90 18.5070
4069.95 18.5072
4070.00 18.5074
4070.05 18.5076
4070.10 18.5077
4070.15 18.5079
4070.20 18.5080
4070.25 18.5082
4070.30 18.5083
4070.35 18.5084
4070.40 18.5085
4070.45 18.5087
4070.50 18.5087
4070.55 18.5088
4070.60 18.5089
4070.65 18.5090
4070.70 18.5091
4070.75 18.5091
4070.80 18.5092
4070.85 18.5092
4070.90 18.5093
4070.95 18.5093
4071.00 18.5093
4071.05 18.5093
4071.10 18.5093
4071.15 18.5093
4071.20 18.5093
4071.25 18.5093
4071.30 18.5092
4071.35 18.5092
4071.40 18.5091
4071.45 18.5091
4071.50 18.5090
4071.55 18.5090
4071.60 18.5089
4071.65 18.5088
4071.70 18.5087
4071.75 18.5086
4071.80 18.5085
4071.85 18.5084
4071.90 18.5082
4071.95 18.5081
4072.00 18.5079
4072.05 18.5078
4072.10 18.5076
4072.15 18.5074
4072.20 18.5073
4072.25 18.5071
4072.30 18.5069
4072.35 18.5067
4072.40 18.5065
4072.45 18.5062
4072.50 18.5060
4072.55 18.5058
4072.60 18.5055
4072.65 18.5053
4072.70 18.5050
4072.75 18.5047
4072.80 18.5044
4072.85 18.5042
4072.90 18.5039
4072.95 18.5036
4073.00 18.5032
4073.05 18.5029
4073.10 18.5026
4073.15 18.5023
4073.20 18.5019
4073.25 18.5015
4073.30 18.5012
4073.35 18.5008
4073.40 18.5004
4073.45 18.5001
4073.50 18.4997
4073.55 18.4993
4073.60 18.4988
4073.65 18.4984
4073.70 18.4980
4073.75 18.4976
4073.80 18.4971
4073.85 18.4967
4073.90 18.4962
4073.95 18.4958
4074.00 18.4953
4074.05 18.4948
4074.10 18.4943
4074.15 18.4938
4074.20 18.4933
4074.25 18.4928
4074.30 18.4923
4074.35 18.4918
4074.40 18.4912
4074.45 18.4907
4074.50 18.4902
4074.55 18.4896
4074.60 18.4891
4074.65 18.4885
4074.70 18.4879
4074.75 18.4873
4074.80 18.4867
4074.85 18.4862
4074.90 18.4855
4074.95 18.4849
4075.00 18.4843
4075.05 18.4837
4075.10 18.4831
4075.15 18.4824
4075.20 18.4818
4075.25 18.4811
4075.30 18.4805
4075.35 18.4798
4075.40 18.4792
4075.45 18.4785
4075.50 18.4778
4075.55 18.4771
4075.60 18.4764
4075.65 18.4757
4075.70 18.4750
4075.75 18.4743
4075.80 18.4736
4075.85 18.4729
4075.90 18.4722
4075.95 18.4714
4076.00 18.4707
4076.05 18.4699
4076.10 18.4692
4076.15 18.4684
4076.20 18.4677
4076.25 18.4669
4076.30 18.4662
4076.35 18.4654
4076.40 18.4646
4076.45 18.4638
4076.50 18.4630
4076.55 18.4622
4076.60 18.4614
4076.65 18.4606
4076.70 18.4598
4076.75 18.4590
4076.80 18.4582
4076.85 18.4574
4076.90 18.4566
4076.95 18.4557
4077.00 18.4549
4077.05 18.4541
4077.10 18.4532
4077.15 18.4524
4077.20 18.4516
4077.25 18.4507
4077.30 18.4499
4077.35 18.4490
4077.40 18.4481
4077.45 18.4473
4077.50 18.4464
4077.55 18.4456
4077.60 18.4447
4077.65 18.4438
4077.70 18.4429
4077.75 18.4421
4077.80 18.4412
4077.85 18.4403
4077.90 18.4394
4077.95 18.4385
4078.00 18.4377
4078.05 18.4368
4078.10 18.4359
4078.15 18.4350
4078.20 18.4341
4078.25 18.4332
4078.30 18.4323
4078.35 18.4314
4078.40 18.4305
4078.45 18.4296
4078.50 18.4287
4078.55 18.4278
4078.60 18.4269
4078.65 18.4260
4078.70 18.4251
4078.75 18.4242
4078.80 18.4233
4078.85 18.4224
4078.90 18.4215
4078.95 18.4206
4079.00 18.4197
4079.05 18.4188
4079.10 18.4179
4079.15 18.4170
4079.20 18.4161
4079.25 18.4152
4079.30 18.4143
4079.35 18.4134
4079.40 18.4125
4079.45 18.4116
4079.50 18.4108
4079.55 18.4099
4079.60 18.4090
4079.65 18.4081
4079.70 18.4072
4079.75 18.4064
4079.80 18.4055
4079.85 18.4046
4079.90 18.4037
4079.95 18.4029
4080.00 18.4020
4080.05 18.4011
4080.10 18.4003
4080.15 18.3994
4080.20 18.3986
4080.25 18.3977
4080.30 18.3969
4080.35 18.3961
4080.40 18.3952
4080.45 18.3944
4080.50 18.3936
4080.55 18.3928
4080.60 18.3920
4080.65 18.3911
4080.70 18.3903
4080.75 18.3895
4080.80 18.3888
4080.85 18.3880
4080.90 18.3872
4080.95 18.3864
4081.00 18.3856
4081.05 18.3849
4081.10 18.3841
4081.15 18.3834
4081.20 18.3826
4081.25 18.3819
4081.30 18.3812
4081.35 18.3804
4081.40 18.3797
4081.45 18.3790
4081.50 18.3783
4081.55 18.3776
4081.60 18.3769
4081.65 18.3763
4081.70 18.3756
4081.75 18.3749
4081.80 18.3743
4081.85 18.3736
4081.90 18.3730
4081.95 18.3724
4082.00 18.3717
4082.05 18.3711
4082.10 18.3705
4082.15 18.3699
4082.20 18.3693
4082.25 18.3688
4082.30 18.3682
4082.35 18.3677
4082.40 18.3671
4082.45 18.3666
4082.50 18.3661
4082.55 18.3655
4082.60 18.3650
4082.65 18.3645
4082.70 18.3641
4082.75 18.3636
4082.80 18.3631
4082.85 18.3627
4082.90 18.3622
4082.95 18.3618
4083.00 18.3614
4083.05 18.3610
4083.10 18.3606
4083.15 18.3602
4083.20 18.3598
4083.25 18.3595
4083.30 18.3591
4083.35 18.3588
4083.40 18.3585
4083.45 18.3582
4083.50 18.3579
4083.55 18.3576
4083.60 18.3573
4083.65 18.3570
4083.70 18.3568
4083.75 18.3566
4083.80 18.3563
4083.85 18.3561
4083.90 18.3559
4083.95 18.3558
4084.00 18.3556
4084.05 18.3554
4084.10 18.3553
4084.15 18.3552
4084.20 18.3550
4084.25 18.3549
4084.30 18.3548
4084.35 18.3548
4084.40 18.3547
4084.45 18.3547
4084.50 18.3546
4084.55 18.3546
4084.60 18.3546
4084.65 18.3546
4084.70 18.3546
4084.75 18.3546
4084.80 18.3547
4084.85 18.3547
4084.90 18.3548
4084.95 18.3549
4085.00 18.3550
4085.05 18.3551
4085.10 18.3552
4085.15 18.3554
4085.20 18.3555
4085.25 18.3557
4085.30 18.3559
4085.35 18.3561
4085.40 18.3563
4085.45 18.3565
4085.50 18.3568
4085.55 18.3570
4085.60 18.3573
4085.65 18.3576
4085.70 18.3579
4085.75 18.3582
4085.80 18.3585
4085.85 18.3588
4085.90 18.3592
4085.95 18.3595
4086.00 18.3599
4086.05 18.3603
4086.10 18.3607
4086.15 18.3611
4086.20 18.3615
4086.25 18.3620
4086.30 18.3624
4086.35 18.3629
4086.40 18.3634
4086.45 18.3639
4086.50 18.3644
4086.55 18.3649
4086.60 18.3654
4086.65 18.3660
4086.70 18.3665
4086.75 18.3671
4086.80 18.3677
4086.85 18.3683
4086.90 18.3689
4086.95 18.3695
4087.00 18.3701
4087.05 18.3708
4087.10 18.3714
4087.15 18.3721
4087.20 18.3728
4087.25 18.3735
4087.30 18.3741
4087.35 18.3749
4087.40 18.3756
4087.45 18.3763
4087.50 18.3770
4087.55 18.3778
4087.60 18.3785
4087.65 18.3793
4087.70 18.3801
4087.75 18.3809
4087.80 18.3817
4087.85 18.3825
4087.90 18.3833
4087.95 18.3841
4088.00 18.3850
4088.05 18.3858
4088.10 18.3867
4088.15 18.3875
4088.20 18.3884
4088.25 18.3893
4088.30 18.3902
4088.35 18.3911
4088.40 18.3920
4088.45 18.3929
4088.50 18.3938
4088.55 18.3947
4088.60 18.3957
4088.65 18.3966
4088.70 18.3975
4088.75 18.3985
4088.80 18.3994
4088.85 18.4004
4088.90 18.4014
4088.95 18.4024
4089.00 18.4033
4089.05 18.4043
4089.10 18.4053
4089.15 18.4063
4089.20 18.4073
4089.25 18.4083
4089.30 18.4093
4089.35 18.4103
4089.40 18.4114
4089.45 18.4124
4089.50 18.4134
4089.55 18.4144
4089.60 18.4155
4089.65 18.4165
4089.70 18.4175
4089.75 18.4186
4089.80 18.4196
4089.85 18.4207
4089.90 18.4217
4089.95 18.4228
4090.00 18.4238
4090.05 18.4248
4090.10 18.4259
4090.15 18.4270
4090.20 18.4280
4090.25 18.4291
4090.30 18.4301
4090.35 18.4312
4090.40 18.4322
4090.45 18.4333
4090.50 18.4343
4090.55 18.4354
4090.60 18.4364
4090.65 18.4375
4090.70 18.4385
4090.75 18.4395
4090.80 18.4406
4090.85 18.4416
4090.90 18.4427
4090.95 18.4437
4091.00 18.4447
4091.05 18.4457
4091.10 18.4468
4091.15 18.4478
4091.20 18.4488
4091.25 18.4498
4091.30 18.4508
4091.35 18.4518
4091.40 18.4528
4091.45 18.4538
4091.50 18.4548
4091.55 18.4558
4091.60 18.4568
4091.65 18.4577
4091.70 18.4587
4091.75 18.4596
4091.80 18.4606
4091.85 18.4615
4091.90 18.4625
4091.95 18.4634
4092.00 18.4643
4092.05 18.4652
4092.10 18.4661
4092.15 18.4670
4092.20 18.4679
4092.25 18.4688
4092.30 18.4697
4092.35 18.4705
4092.40 18.4714
4092.45 18.4722
4092.50 18.4731
4092.55 18.4739
4092.60 18.4747
4092.65 18.4755
4092.70 18.4763
4092.75 18.4771
4092.80 18.4778
4092.85 18.4786
4092.90 18.4793
4092.95 18.4800
4093.00 18.4808
4093.05 18.4815
4093.10 18.4822
4093.15 18.4828
4093.20 18.4835
4093.25 18.4842
4093.30 18.4848
4093.35 18.4854
4093.40 18.4860
4093.45 18.4866
4093.50 18.4872
4093.55 18.4878
4093.60 18.4883
4093.65 18.4888
4093.70 18.4893
4093.75 18.4899
4093.80 18.4903
4093.85 18.4908
4093.90 18.4913
4093.95 18.4917
4094.00 18.4921
4094.05 18.4925
4094.10 18.4929
4094.15 18.4932
4094.20 18.4936
4094.25 18.4939
4094.30 18.4942
4094.35 18.4945
4094.40 18.4948
4094.45 18.4950
4094.50 18.4953
4094.55 18.4955
4094.60 18.4957
4094.65 18.4958
4094.70 18.4960
4094.75 18.4961
4094.80 18.4962
4094.85 18.4963
4094.90 18.4964
4094.95 18.4964
4095.00 18.4964
4095.05 18.4964
4095.10 18.4964
4095.15 18.4964
4095.20 18.4963
4095.25 18.4962
4095.30 18.4961
4095.35 18.4959
4095.40 18.4958
4095.45 18.4956
4095.50 18.4954
4095.55 18.4951
4095.60 18.4949
4095.65 18.4946
4095.70 18.4943
4095.75 18.4940
4095.80 18.4936
4095.85 18.4932
4095.90 18.4928
4095.95 18.4924
4096.00 18.4919
4096.05 18.4914
4096.10 18.4909
4096.15 18.4904
4096.20 18.4898
4096.25 18.4892
4096.30 18.4886
4096.35 18.4880
4096.40 18.4873
4096.45 18.4866
4096.50 18.4859
4096.55 18.4851
4096.60 18.4844
4096.65 18.4836
4096.70 18.4827
4096.75 18.4819
4096.80 18.4810
4096.85 18.4801
4096.90 18.4791
4096.95 18.4782
4097.00 18.4772
4097.05 18.4761
4097.10 18.4751
4097.15 18.4740
4097.20 18.4729
4097.25 18.4718
4097.30 18.4706
4097.35 18.4694
4097.40 18.4682
4097.45 18.4669
4097.50 18.4656
4097.55 18.4643
4097.60 18.4630
4097.65 18.4616
4097.70 18.4603
4097.75 18.4588
4097.80 18.4574
4097.85 18.4559
4097.90 18.4544
4097.95 18.4529
4098.00 18.4513
4098.05 18.4497
4098.10 18.4481
4098.15 18.4465
4098.20 18.4448
4098.25 18.4431
4098.30 18.4414
4098.35 18.4396
4098.40 18.4379
4098.45 18.4360
4098.50 18.4342
4098.55 18.4324
4098.60 18.4305
4098.65 18.4286
4098.70 18.4266
4098.75 18.4247
4098.80 18.4227
4098.85 18.4207
4098.90 18.4186
4098.95 18.4165
4099.00 18.4145
4099.05 18.4123
4099.10 18.4102
4099.15 18.4080
4099.20 18.4059
4099.25 18.4036
4099.30 18.4014
4099.35 18.3991
4099.40 18.3969
4099.45 18.3946
4099.50 18.3922
4099.55 18.3899
4099.60 18.3875
4099.65 18.3851
4099.70 18.3827
4099.75 18.3803
4099.80 18.3778
4099.85 18.3753
4099.90 18.3728
4099.95 18.3703
4100.00 18.3678
4100.05 18.3653
4100.10 18.3627
4100.15 18.3601
4100.20 18.3575
4100.25 18.3549
4100.30 18.3522
4100.35 18.3496
4100.40 18.3469
4100.45 18.3442
4100.50 18.3415
4100.55 18.3388
4100.60 18.3360
4100.65 18.3333
4100.70 18.3305
4100.75 18.3278
4100.80 18.3250
4100.85 18.3222
4100.90 18.3194
4100.95 18.3166
4101.00 18.3137
4101.05 18.3109
4101.10 18.3080
4101.15 18.3052
4101.20 18.3023
4101.25 18.2994
4101.30 18.2965
4101.35 18.2936
4101.40 18.2907
4101.45 18.2878
4101.50 18.2849
4101.55 18.2820
4101.60 18.2791
4101.65 18.2761
4101.70 18.2732
4101.75 18.2703
4101.80 18.2673
4101.85 18.2644
4101.90 18.2614
4101.95 18.2585
4102.00 18.2555
4102.05 18.2526
4102.10 18.2496
4102.15 18.2467
4102.20 18.2437
4102.25 18.2408
4102.30 18.2378
4102.35 18.2349
4102.40 18.2320
4102.45 18.2290
4102.50 18.2261
4102.55 18.2232
4102.60 18.2202
4102.65 18.2173
4102.70 18.2144
4102.75 18.2115
4102.80 18.2086
4102.85 18.2057
4102.90 18.2028
4102.95 18.1999
4103.00 18.1971
4103.05 18.1942
4103.10 18.1914
4103.15 18.1885
4103.20 18.1857
4103.25 18.1829
4103.30 18.1801
4103.35 18.1773
4103.40 18.1745
4103.45 18.1717
4103.50 18.1690
4103.55 18.1662
4103.60 18.1635
4103.65 18.1608
4103.70 18.1581
4103.75 18.1554
4103.80 18.1527
4103.85 18.1501
4103.90 18.1474
4103.95 18.1448
4104.00 18.1422
4104.05 18.1396
4104.10 18.1371
4104.15 18.1345
4104.20 18.1320
4104.25 18.1295
4104.30 18.1270
4104.35 18.1245
4104.40 18.1220
4104.45 18.1196
4104.50 18.1172
4104.55 18.1148
4104.60 18.1124
4104.65 18.1100
4104.70 18.1077
4104.75 18.1054
4104.80 18.1031
4104.85 18.1008
4104.90 18.0986
4104.95 18.0964
4105.00 18.0942
4105.05 18.0920
4105.10 18.0898
4105.15 18.0877
4105.20 18.0856
4105.25 18.0835
4105.30 18.0814
4105.35 18.0794
4105.40 18.0773
4105.45 18.0754
4105.50 18.0734
4105.55 18.0714
4105.60 18.0695
4105.65 18.0676
4105.70 18.0657
4105.75 18.0639
4105.80 18.0621
4105.85 18.0603
4105.90 18.0585
4105.95 18.0567
4106.00 18.0550
4106.05 18.0533
4106.10 18.0516
4106.15 18.0500
4106.20 18.0484
4106.25 18.0467
4106.30 18.0452
4106.35 18.0436
4106.40 18.0421
4106.45 18.0406
4106.50 18.0391
4106.55 18.0377
4106.60 18.0362
4106.65 18.0348
4106.70 18.0334
4106.75 18.0321
4106.80 18.0307
4106.85 18.0294
4106.90 18.0281
4106.95 18.0269
4107.00 18.0256
4107.05 18.0244
4107.10 18.0232
4107.15 18.0221
4107.20 18.0209
4107.25 18.0198
4107.30 18.0187
4107.35 18.0176
4107.40 18.0166
4107.45 18.0156
4107.50 18.0145
4107.55 18.0136
4107.60 18.0126
4107.65 18.0116
4107.70 18.0107
4107.75 18.0098
4107.80 18.0089
4107.85 18.0081
4107.90 18.0073
4107.95 18.0064
4108.00 18.0056
4108.05 18.0049
4108.10 18.0041
4108.15 18.0034
4108.20 18.0026
4108.25 18.0019
4108.30 18.0012
4108.35 18.0006
4108.40 17.9999
4108.45 17.9993
4108.50 17.9987
4108.55 17.9981
4108.60 17.9975
4108.65 17.9969
4108.70 17.9964
4108.75 17.9958
4108.80 17.9953
4108.85 17.9948
4108.90 17.9943
4108.95 17.9939
4109.00 17.9934
4109.05 17.9930
4109.10 17.9926
4109.15 17.9922
4109.20 17.9918
4109.25 17.9914
4109.30 17.9910
4109.35 17.9906
4109.40 17.9903
4109.45 17.9900
4109.50 17.9896
4109.55 17.9893
4109.60 17.9890
4109.65 17.9888
4109.70 17.9885
4109.75 17.9882
4109.80 17.9880
4109.85 17.9877
4109.90 17.9875
4109.95 17.9872
4110.00 17.9870
4110.05 17.9868
4110.10 17.9866
4110.15 17.9864
4110.20 17.9862
4110.25 17.9860
4110.30 17.9859
4110.35 17.9857
4110.40 17.9855
4110.45 17.9854
4110.50 17.9853
4110.55 17.9851
4110.60 17.9850
4110.65 17.9848
4110.70 17.9847
4110.75 17.9846
4110.80 17.9845
4110.85 17.9844
4110.90 17.9843
4110.95 17.9842
4111.00 17.9841
4111.05 17.9840
4111.10 17.9839
4111.15 17.9838
4111.20 17.9837
4111.25 17.9836
4111.30 17.9836
4111.35 17.9835
4111.40 17.9834
4111.45 17.9833
4111.50 17.9832
4111.55 17.9832
4111.60 17.9831
4111.65 17.9830
4111.70 17.9830
4111.75 17.9829
4111.80 17.9828
4111.85 17.9828
4111.90 17.9827
4111.95 17.9826
4112.00 17.9825
4112.05 17.9825
4112.10 17.9824
4112.15 17.9823
4112.20 17.9823
4112.25 17.9822
4112.30 17.9821
4112.35 17.9820
4112.40 17.9819
4112.45 17.9819
4112.50 17.9818
4112.55 17.9817
4112.60 17.9816
4112.65 17.9815
4112.70 17.9814
4112.75 17.9813
4112.80 17.9812
4112.85 17.9811
4112.90 17.9810
4112.95 17.9809
4113.00 17.9808
4113.05 17.9807
4113.10 17.9806
4113.15 17.9805
4113.20 17.9803
4113.25 17.9802
4113.30 17.9801
4113.35 17.9799
4113.40 17.9798
4113.45 17.9797
4113.50 17.9795
4113.55 17.9794
4113.60 17.9792
4113.65 17.9790
4113.70 17.9789
4113.75 17.9787
4113.80 17.9785
4113.85 17.9784
4113.90 17.9782
4113.95 17.9780
4114.00 17.9778
4114.05 17.9776
4114.10 17.9774
4114.15 17.9772
4114.20 17.9770
4114.25 17.9768
4114.30 17.9766
4114.35 17.9764
4114.40 17.9761
4114.45 17.9759
4114.50 17.9757
4114.55 17.9754
4114.60 17.9752
4114.65 17.9749
4114.70 17.9747
4114.75 17.9744
4114.80 17.9742
4114.85 17.9739
4114.90 17.9736
4114.95 17.9733
4115.00 17.9731
4115.05 17.9728
4115.10 17.9725
4115.15 17.9722
4115.20 17.9719
4115.25 17.9716
4115.30 17.9713
4115.35 17.9709
4115.40 17.9706
4115.45 17.9703
4115.50 17.9700
4115.55 17.9696
4115.60 17.9693
4115.65 17.9690
4115.70 17.9686
4115.75 17.9683
4115.80 17.9679
4115.85 17.9675
4115.90 17.9672
4115.95 17.9668
4116.00 17.9664
4116.05 17.9661
4116.10 17.9657
4116.15 17.9653
4116.20 17.9649
4116.25 17.9645
4116.30 17.9641
4116.35 17.9637
4116.40 17.9633
4116.45 17.9629
4116.50 17.9625
4116.55 17.9621
4116.60 17.9616
4116.65 17.9612
4116.70 17.9608
4116.75 17.9604
4116.80 17.9599
4116.85 17.9595
4116.90 17.9590
4116.95 17.9586
4117.00 17.9581
4117.05 17.9577
4117.10 17.9572
4117.15 17.9568
4117.20 17.9563
4117.25 17.9558
4117.30 17.9554
4117.35 17.9549
4117.40 17.9544
4117.45 17.9539
4117.50 17.9534
4117.55 17.9530
4117.60 17.9525
4117.65 17.9520
4117.70 17.9515
4117.75 17.9510
4117.80 17.9505
4117.85 17.9500
4117.90 17.9495
4117.95 17.9490
4118.00 17.9484
4118.05 17.9479
4118.10 17.9474
4118.15 17.9469
4118.20 17.9464
4118.25 17.9459
4118.30 17.9453
4118.35 17.9448
4118.40 17.9443
4118.45 17.9437
4118.50 17.9432
4118.55 17.9427
4118.60 17.9421
4118.65 17.9416
4118.70 17.9410
4118.75 17.9405
4118.80 17.9399
4118.85 17.9394
4118.90 17.9388
4118.95 17.9383
4119.00 17.9377
4119.05 17.9372
4119.10 17.9366
4119.15 17.9361
4119.20 17.9355
4119.25 17.9349
4119.30 17.9344
4119.35 17.9338
4119.40 17.9332
4119.45 17.9326
4119.50 17.9321
4119.55 17.9315
4119.60 17.9309
4119.65 17.9303
4119.70 17.9298
4119.75 17.9292
4119.80 17.9286
4119.85 17.9280
4119.90 17.9274
4119.95 17.9269
4120.00 17.9263
4120.05 17.9257
4120.10 17.9251
4120.15 17.9245
4120.20 17.9239
4120.25 17.9233
4120.30 17.9227
4120.35 17.9221
4120.40 17.9215
4120.45 17.9209
4120.50 17.9203
4120.55 17.9197
4120.60 17.9191
4120.65 17.9185
4120.70 17.9179
4120.75 17.9173
4120.80 17.9167
4120.85 17.9161
4120.90 17.9155
4120.95 17.9149
4121.00 17.9143
4121.05 17.9137
4121.10 17.9131
4121.15 17.9125
4121.20 17.9119
4121.25 17.9113
4121.30 17.9107
4121.35 17.9101
4121.40 17.9095
4121.45 17.9089
4121.50 17.9082
4121.55 17.9076
4121.60 17.9070
4121.65 17.9064
4121.70 17.9058
4121.75 17.9052
4121.80 17.9046
4121.85 17.9040
4121.90 17.9034
4121.95 17.9028
4122.00 17.9022
4122.05 17.9016
4122.10 17.9010
4122.15 17.9004
4122.20 17.8998
4122.25 17.8992
4122.30 17.8986
4122.35 17.8980
4122.40 17.8974
4122.45 17.8968
4122.50 17.8962
4122.55 17.8956
4122.60 17.8950
4122.65 17.8944
4122.70 17.8938
4122.75 17.8932
4122.80 17.8926
4122.85 17.8920
4122.90 17.8914
4122.95 17.8908
4123.00 17.8903
4123.05 17.8897
4123.10 17.8891
4123.15 17.8885
4123.20 17.8879
4123.25 17.8873
4123.30 17.8868
4123.35 17.8862
4123.40 17.8856
4123.45 17.8850
4123.50 17.8845
4123.55 17.8839
4123.60 17.8833
4123.65 17.8828
4123.70 17.8822
4123.75 17.8817
4123.80 17.8811
4123.85 17.8805
4123.90 17.8800
4123.95 17.8794
4124.00 17.8789
4124.05 17.8784
4124.10 17.8778
4124.15 17.8773
4124.20 17.8768
4124.25 17.8762
4124.30 17.8757
4124.35 17.8752
4124.40 17.8747
4124.45 17.8741
4124.50 17.8736
4124.55 17.8731
4124.60 17.8726
4124.65 17.8721
4124.70 17.8716
4124.75 17.8711
4124.80 17.8706
4124.85 17.8702
4124.90 17.8697
4124.95 17.8692
4125.00 17.8687
4125.05 17.8683
4125.10 17.8678
4125.15 17.8673
4125.20 17.8669
4125.25 17.8664
4125.30 17.8660
4125.35 17.8656
4125.40 17.8651
4125.45 17.8647
4125.50 17.8643
4125.55 17.8639
4125.60 17.8634
4125.65 17.8630
4125.70 17.8626
4125.75 17.8622
4125.80 17.8619
4125.85 17.8615
4125.90 17.8611
4125.95 17.8607
4126.00 17.8604
4126.05 17.8600
4126.10 17.8596
4126.15 17.8593
4126.20 17.8589
4126.25 17.8586
4126.30 17.8583
4126.35 17.8580
4126.40 17.8576
4126.45 17.8573
4126.50 17.8570
4126.55 17.8567
4126.60 17.8564
4126.65 17.8562
4126.70 17.8559
4126.75 17.8556
4126.80 17.8553
4126.85 17.8551
4126.90 17.8548
4126.95 17.8546
4127.00 17.8544
4127.05 17.8541
4127.10 17.8539
4127.15 17.8537
4127.20 17.8535
4127.25 17.8533
4127.30 17.8531
4127.35 17.8529
4127.40 17.8528
4127.45 17.8526
4127.50 17.8524
4127.55 17.8523
4127.60 17.8522
4127.65 17.8520
4127.70 17.8519
4127.75 17.8518
4127.80 17.8517
4127.85 17.8516
4127.90 17.8515
4127.95 17.8514
4128.00 17.8513
4128.05 17.8512
4128.10 17.8512
4128.15 17.8511
4128.20 17.8511
4128.25 17.8510
4128.30 17.8510
4128.35 17.8510
4128.40 17.8509
4128.45 17.8509
