6511.50 3.8055
6511.55 3.8055
6511.60 3.8055
6511.65 3.8055
6511.70 3.8055
6511.75 3.8056
6511.80 3.8056
6511.85 3.8056
6511.90 3.8057
6511.95 3.8057
6512.00 3.8058
6512.05 3.8058
6512.10 3.8059
6512.15 3.8060
6512.20 3.8061
6512.25 3.8061
6512.30 3.8062
6512.35 3.8063
6512.40 3.8064
6512.45 3.8065
6512.50 3.8066
6512.55 3.8067
6512.60 3.8069
6512.65 3.8070
6512.70 3.8071
6512.75 3.8072
6512.80 3.8074
6512.85 3.8075
6512.90 3.8077
6512.95 3.8078
6513.00 3.8080
6513.05 3.8082
6513.10 3.8083
6513.15 3.8085
6513.20 3.8087
6513.25 3.8089
6513.30 3.8091
6513.35 3.8093
6513.40 3.8095
6513.45 3.8097
6513.50 3.8099
6513.55 3.8101
6513.60 3.8104
6513.65 3.8106
6513.70 3.8108
6513.75 3.8111
6513.80 3.8113
6513.85 3.8116
6513.90 3.8118
6513.95 3.8121
6514.00 3.8124
6514.05 3.8126
6514.10 3.8129
6514.15 3.8132
6514.20 3.8135
6514.25 3.8138
6514.30 3.8141
6514.35 3.8144
6514.40 3.8147
6514.45 3.8150
6514.50 3.8154
6514.55 3.8157
6514.60 3.8160
6514.65 3.8163
6514.70 3.8167
6514.75 3.8170
6514.80 3.8174
6514.85 3.8178
6514.90 3.8181
6514.95 3.8185
6515.00 3.8189
6515.05 3.8192
6515.10 3.8196
6515.15 3.8200
6515.20 3.8204
6515.25 3.8208
6515.30 3.8212
6515.35 3.8216
6515.40 3.8220
6515.45 3.8224
6515.50 3.8229
6515.55 3.8233
6515.60 3.8237
6515.65 3.8242
6515.70 3.8246
6515.75 3.8251
6515.80 3.8255
6515.85 3.8260
6515.90 3.8265
6515.95 3.8269
6516.00 3.8274
6516.05 3.8279
6516.10 3.8284
6516.15 3.8289
6516.20 3.8294
6516.25 3.8299
6516.30 3.8304
6516.35 3.8309
6516.40 3.8314
6516.45 3.8319
6516.50 3.8324
6516.55 3.8330
6516.60 3.8335
6516.65 3.8340
6516.70 3.8346
6516.75 3.8351
6516.80 3.8357
6516.85 3.8362
6516.90 3.8368
6516.95 3.8374
6517.00 3.8379
6517.05 3.8385
6517.10 3.8391
6517.15 3.8397
6517.20 3.8403
6517.25 3.8409
6517.30 3.8415
6517.35 3.8421
6517.40 3.8427
6517.45 3.8433
6517.50 3.8439
6517.55 3.8446
6517.60 3.8452
6517.65 3.8458
6517.70 3.8465
6517.75 3.8471
6517.80 3.8477
6517.85 3.8484
6517.90 3.8491
6517.95 3.8497
6518.00 3.8504
6518.05 3.8511
6518.10 3.8517
6518.15 3.8524
6518.20 3.8531
6518.25 3.8538
6518.30 3.8545
6518.35 3.8552
6518.40 3.8559
6518.45 3.8566
6518.50 3.8573
6518.55 3.8580
6518.60 3.8587
6518.65 3.8595
6518.70 3.8602
6518.75 3.8609
6518.80 3.8616
6518.85 3.8624
6518.90 3.8631
6518.95 3.8639
6519.00 3.8646
6519.05 3.8654
6519.10 3.8662
6519.15 3.8669
6519.20 3.8677
6519.25 3.8685
6519.30 3.8692
6519.35 3.8700
6519.40 3.8708
6519.45 3.8716
6519.50 3.8724
6519.55 3.8732
6519.60 3.8740
6519.65 3.8748
6519.70 3.8756
6519.75 3.8764
6519.80 3.8773
6519.85 3.8781
6519.90 3.8789
6519.95 3.8797
6520.00 3.8806
6520.05 3.8814
6520.10 3.8823
6520.15 3.8831
6520.20 3.8840
6520.25 3.8848
6520.30 3.8857
6520.35 3.8865
6520.40 3.8874
6520.45 3.8883
6520.50 3.8891
6520.55 3.8900
6520.60 3.8909
6520.65 3.8918
6520.70 3.8927
6520.75 3.8936
6520.80 3.8945
6520.85 3.8954
6520.90 3.8963
6520.95 3.8972
6521.00 3.8981
6521.05 3.8990
6521.10 3.8999
6521.15 3.9008
6521.20 3.9017
6521.25 3.9027
6521.30 3.9036
6521.35 3.9045
6521.40 3.9055
6521.45 3.9064
6521.50 3.9074
6521.55 3.9083
6521.60 3.9093
6521.65 3.9102
6521.70 3.9112
6521.75 3.9121
6521.80 3.9131
6521.85 3.9141
6521.90 3.9150
6521.95 3.9160
6522.00 3.9170
6522.05 3.9180
6522.10 3.9189
6522.15 3.9199
6522.20 3.9209
6522.25 3.9219
6522.30 3.9229
6522.35 3.9239
6522.40 3.9249
6522.45 3.9259
6522.50 3.9269
6522.55 3.9279
6522.60 3.9289
6522.65 3.9300
6522.70 3.9310
6522.75 3.9320
6522.80 3.9330
6522.85 3.9340
6522.90 3.9351
6522.95 3.9361
6523.00 3.9371
6523.05 3.9382
6523.10 3.9392
6523.15 3.9403
6523.20 3.9413
6523.25 3.9424
6523.30 3.9434
6523.35 3.9445
6523.40 3.9455
6523.45 3.9466
6523.50 3.9476
6523.55 3.9487
6523.60 3.9498
6523.65 3.9508
6523.70 3.9519
6523.75 3.9530
6523.80 3.9541
6523.85 3.9551
6523.90 3.9562
6523.95 3.9573
6524.00 3.9584
6524.05 3.9595
6524.10 3.9606
6524.15 3.9617
6524.20 3.9628
6524.25 3.9639
6524.30 3.9650
6524.35 3.9661
6524.40 3.9672
6524.45 3.9683
6524.50 3.9694
6524.55 3.9705
6524.60 3.9716
6524.65 3.9727
6524.70 3.9738
6524.75 3.9749
6524.80 3.9761
6524.85 3.9772
6524.90 3.9783
6524.95 3.9794
6525.00 3.9806
6525.05 3.9817
6525.10 3.9828
6525.15 3.9840
6525.20 3.9851
6525.25 3.9862
6525.30 3.9874
6525.35 3.9885
6525.40 3.9897
6525.45 3.9908
6525.50 3.9919
6525.55 3.9931
6525.60 3.9942
6525.65 3.9954
6525.70 3.9965
6525.75 3.9977
6525.80 3.9989
6525.85 4.0000
6525.90 4.0012
6525.95 4.0023
6526.00 4.0035
6526.05 4.0047
6526.10 4.0058
6526.15 4.0070
6526.20 4.0082
6526.25 4.0093
6526.30 4.0105
6526.35 4.0117
6526.40 4.0128
6526.45 4.0140
6526.50 4.0152
6526.55 4.0164
6526.60 4.0175
6526.65 4.0187
6526.70 4.0199
6526.75 4.0211
6526.80 4.0223
6526.85 4.0234
6526.90 4.0246
6526.95 4.0258
6527.00 4.0270
6527.05 4.0282
6527.10 4.0294
6527.15 4.0306
6527.20 4.0318
6527.25 4.0329
6527.30 4.0341
6527.35 4.0353
6527.40 4.0365
6527.45 4.0377
6527.50 4.0389
6527.55 4.0401
6527.60 4.0413
6527.65 4.0425
6527.70 4.0437
6527.75 4.0449
6527.80 4.0461
6527.85 4.0473
6527.90 4.0485
6527.95 4.0497
6528.00 4.0509
6528.05 4.0521
6528.10 4.0533
6528.15 4.0545
6528.20 4.0557
6528.25 4.0569
6528.30 4.0581
6528.35 4.0594
6528.40 4.0606
6528.45 4.0618
6528.50 4.0630
6528.55 4.0642
6528.60 4.0654
6528.65 4.0666
6528.70 4.0678
6528.75 4.0690
6528.80 4.0702
6528.85 4.0715
6528.90 4.0727
6528.95 4.0739
6529.00 4.0751
6529.05 4.0763
6529.10 4.0775
6529.15 4.0787
6529.20 4.0799
6529.25 4.0812
6529.30 4.0824
6529.35 4.0836
6529.40 4.0848
6529.45 4.0860
6529.50 4.0872
6529.55 4.0884
6529.60 4.0896
6529.65 4.0909
6529.70 4.0921
6529.75 4.0933
6529.80 4.0945
6529.85 4.0957
6529.90 4.0969
6529.95 4.0981
6530.00 4.0993
6530.05 4.1006
6530.10 4.1018
6530.15 4.1030
6530.20 4.1042
6530.25 4.1054
6530.30 4.1066
6530.35 4.1078
6530.40 4.1090
6530.45 4.1103
6530.50 4.1115
6530.55 4.1127
6530.60 4.1139
6530.65 4.1151
6530.70 4.1163
6530.75 4.1175
6530.80 4.1187
6530.85 4.1199
6530.90 4.1211
6530.95 4.1223
6531.00 4.1235
6531.05 4.1248
6531.10 4.1260
6531.15 4.1272
6531.20 4.1284
6531.25 4.1296
6531.30 4.1308
6531.35 4.1320
6531.40 4.1332
6531.45 4.1344
6531.50 4.1356
6531.55 4.1368
6531.60 4.1380
6531.65 4.1392
6531.70 4.1404
6531.75 4.1416
6531.80 4.1428
6531.85 4.1440
6531.90 4.1452
6531.95 4.1464
6532.00 4.1475
6532.05 4.1487
6532.10 4.1499
6532.15 4.1511
6532.20 4.1523
6532.25 4.1535
6532.30 4.1547
6532.35 4.1559
6532.40 4.1571
6532.45 4.1582
6532.50 4.1594
6532.55 4.1606
6532.60 4.1618
6532.65 4.1630
6532.70 4.1641
6532.75 4.1653
6532.80 4.1665
6532.85 4.1677
6532.90 4.1689
6532.95 4.1700
6533.00 4.1712
6533.05 4.1724
6533.10 4.1735
6533.15 4.1747
6533.20 4.1759
6533.25 4.1771
6533.30 4.1782
6533.35 4.1794
6533.40 4.1805
6533.45 4.1817
6533.50 4.1829
6533.55 4.1840
6533.60 4.1852
6533.65 4.1863
6533.70 4.1875
6533.75 4.1887
6533.80 4.1898
6533.85 4.1910
6533.90 4.1921
6533.95 4.1933
6534.00 4.1944
6534.05 4.1956
6534.10 4.1967
6534.15 4.1978
6534.20 4.1990
6534.25 4.2001
6534.30 4.2013
6534.35 4.2024
6534.40 4.2035
6534.45 4.2047
6534.50 4.2058
6534.55 4.2069
6534.60 4.2081
6534.65 4.2092
6534.70 4.2103
6534.75 4.2115
6534.80 4.2126
6534.85 4.2137
6534.90 4.2148
6534.95 4.2159
6535.00 4.2171
6535.05 4.2182
6535.10 4.2193
6535.15 4.2204
6535.20 4.2215
6535.25 4.2226
6535.30 4.2237
6535.35 4.2248
6535.40 4.2259
6535.45 4.2270
6535.50 4.2281
6535.55 4.2292
6535.60 4.2303
6535.65 4.2314
6535.70 4.2325
6535.75 4.2336
6535.80 4.2347
6535.85 4.2358
6535.90 4.2369
6535.95 4.2380
6536.00 4.2390
6536.05 4.2401
6536.10 4.2412
6536.15 4.2423
6536.20 4.2434
6536.25 4.2444
6536.30 4.2455
6536.35 4.2466
6536.40 4.2476
6536.45 4.2487
6536.50 4.2498
6536.55 4.2508
6536.60 4.2519
6536.65 4.2529
6536.70 4.2540
6536.75 4.2551
6536.80 4.2561
6536.85 4.2572
6536.90 4.2582
6536.95 4.2593
6537.00 4.2603
6537.05 4.2613
6537.10 4.2624
6537.15 4.2634
6537.20 4.2645
6537.25 4.2655
6537.30 4.2665
6537.35 4.2675
6537.40 4.2686
6537.45 4.2696
6537.50 4.2706
6537.55 4.2716
6537.60 4.2727
6537.65 4.2737
6537.70 4.2747
6537.75 4.2757
6537.80 4.2767
6537.85 4.2777
6537.90 4.2787
6537.95 4.2797
6538.00 4.2807
6538.05 4.2817
6538.10 4.2827
6538.15 4.2837
6538.20 4.2847
6538.25 4.2857
6538.30 4.2867
6538.35 4.2877
6538.40 4.2887
6538.45 4.2897
6538.50 4.2906
6538.55 4.2916
6538.60 4.2926
6538.65 4.2936
6538.70 4.2946
6538.75 4.2955
6538.80 4.2965
6538.85 4.2975
6538.90 4.2984
6538.95 4.2994
6539.00 4.3003
6539.05 4.3013
6539.10 4.3022
6539.15 4.3032
6539.20 4.3041
6539.25 4.3051
6539.30 4.3060
6539.35 4.3070
6539.40 4.3079
6539.45 4.3089
6539.50 4.3098
6539.55 4.3107
6539.60 4.3117
6539.65 4.3126
6539.70 4.3135
6539.75 4.3144
6539.80 4.3154
6539.85 4.3163
6539.90 4.3172
6539.95 4.3181
6540.00 4.3190
6540.05 4.3199
6540.10 4.3208
6540.15 4.3218
6540.20 4.3227
6540.25 4.3236
6540.30 4.3245
6540.35 4.3254
6540.40 4.3263
6540.45 4.3271
6540.50 4.3280
6540.55 4.3289
6540.60 4.3298
6540.65 4.3307
6540.70 4.3316
6540.75 4.3324
6540.80 4.3333
6540.85 4.3342
6540.90 4.3351
6540.95 4.3359
6541.00 4.3368
6541.05 4.3377
6541.10 4.3385
6541.15 4.3394
6541.20 4.3402
6541.25 4.3411
6541.30 4.3419
6541.35 4.3428
6541.40 4.3436
6541.45 4.3445
6541.50 4.3453
6541.55 4.3462
6541.60 4.3470
6541.65 4.3478
6541.70 4.3487
6541.75 4.3495
6541.80 4.3503
6541.85 4.3512
6541.90 4.3520
6541.95 4.3528
6542.00 4.3536
6542.05 4.3544
6542.10 4.3553
6542.15 4.3561
6542.20 4.3569
6542.25 4.3577
6542.30 4.3585
6542.35 4.3593
6542.40 4.3601
6542.45 4.3609
6542.50 4.3617
6542.55 4.3625
6542.60 4.3633
6542.65 4.3640
6542.70 4.3648
6542.75 4.3656
6542.80 4.3664
6542.85 4.3672
6542.90 4.3679
6542.95 4.3687
6543.00 4.3695
6543.05 4.3703
6543.10 4.3710
6543.15 4.3718
6543.20 4.3725
6543.25 4.3733
6543.30 4.3741
6543.35 4.3748
6543.40 4.3756
6543.45 4.3763
6543.50 4.3771
6543.55 4.3778
6543.60 4.3785
6543.65 4.3793
6543.70 4.3800
6543.75 4.3807
6543.80 4.3815
6543.85 4.3822
6543.90 4.3829
6543.95 4.3837
6544.00 4.3844
6544.05 4.3851
6544.10 4.3858
6544.15 4.3865
6544.20 4.3872
6544.25 4.3879
6544.30 4.3887
6544.35 4.3894
6544.40 4.3901
6544.45 4.3908
6544.50 4.3915
6544.55 4.3921
6544.60 4.3928
6544.65 4.3935
6544.70 4.3942
6544.75 4.3949
6544.80 4.3956
6544.85 4.3963
6544.90 4.3969
6544.95 4.3976
6545.00 4.3983
6545.05 4.3989
6545.10 4.3996
6545.15 4.4003
6545.20 4.4009
6545.25 4.4016
6545.30 4.4023
6545.35 4.4029
6545.40 4.4036
6545.45 4.4042
6545.50 4.4049
6545.55 4.4055
6545.60 4.4061
6545.65 4.4068
6545.70 4.4074
6545.75 4.4081
6545.80 4.4087
6545.85 4.4093
6545.90 4.4099
6545.95 4.4106
6546.00 4.4112
6546.05 4.4118
6546.10 4.4124
6546.15 4.4130
6546.20 4.4136
6546.25 4.4143
6546.30 4.4149
6546.35 4.4155
6546.40 4.4161
6546.45 4.4167
6546.50 4.4173
6546.55 4.4178
6546.60 4.4184
6546.65 4.4190
6546.70 4.4196
6546.75 4.4202
6546.80 4.4208
6546.85 4.4214
6546.90 4.4219
6546.95 4.4225
6547.00 4.4231
6547.05 4.4236
6547.10 4.4242
6547.15 4.4248
6547.20 4.4253
6547.25 4.4259
6547.30 4.4264
6547.35 4.4270
6547.40 4.4275
6547.45 4.4281
6547.50 4.4286
6547.55 4.4292
6547.60 4.4297
6547.65 4.4302
6547.70 4.4308
6547.75 4.4313
6547.80 4.4318
6547.85 4.4323
6547.90 4.4329
6547.95 4.4334
6548.00 4.4339
6548.05 4.4344
6548.10 4.4349
6548.15 4.4354
6548.20 4.4359
6548.25 4.4364
6548.30 4.4369
6548.35 4.4374
6548.40 4.4379
6548.45 4.4384
6548.50 4.4389
6548.55 4.4394
6548.60 4.4399
6548.65 4.4404
6548.70 4.4408
6548.75 4.4413
6548.80 4.4418
6548.85 4.4423
6548.90 4.4427
6548.95 4.4432
6549.00 4.4437
6549.05 4.4441
6549.10 4.4446
6549.15 4.4450
6549.20 4.4455
6549.25 4.4459
6549.30 4.4464
6549.35 4.4468
6549.40 4.4472
6549.45 4.4477
6549.50 4.4481
6549.55 4.4485
6549.60 4.4490
6549.65 4.4494
6549.70 4.4498
6549.75 4.4502
6549.80 4.4507
6549.85 4.4511
6549.90 4.4515
6549.95 4.4519
6550.00 4.4523
6550.05 4.4527
6550.10 4.4531
6550.15 4.4535
6550.20 4.4539
6550.25 4.4543
6550.30 4.4547
6550.35 4.4550
6550.40 4.4554
6550.45 4.4558
6550.50 4.4562
6550.55 4.4566
6550.60 4.4569
6550.65 4.4573
6550.70 4.4577
6550.75 4.4580
6550.80 4.4584
6550.85 4.4587
6550.90 4.4591
6550.95 4.4594
6551.00 4.4598
6551.05 4.4601
6551.10 4.4605
6551.15 4.4608
6551.20 4.4611
6551.25 4.4615
6551.30 4.4618
6551.35 4.4621
6551.40 4.4625
6551.45 4.4628
6551.50 4.4631
6551.55 4.4634
6551.60 4.4637
6551.65 4.4640
6551.70 4.4643
6551.75 4.4646
6551.80 4.4649
6551.85 4.4652
6551.90 4.4655
6551.95 4.4658
6552.00 4.4661
6552.05 4.4664
6552.10 4.4667
6552.15 4.4669
6552.20 4.4672
6552.25 4.4675
6552.30 4.4678
6552.35 4.4680
6552.40 4.4683
6552.45 4.4686
6552.50 4.4688
6552.55 4.4691
6552.60 4.4693
6552.65 4.4696
6552.70 4.4698
6552.75 4.4701
6552.80 4.4703
6552.85 4.4705
6552.90 4.4708
6552.95 4.4710
6553.00 4.4712
6553.05 4.4714
6553.10 4.4717
6553.15 4.4719
6553.20 4.4721
6553.25 4.4723
6553.30 4.4725
6553.35 4.4727
6553.40 4.4729
6553.45 4.4731
6553.50 4.4733
6553.55 4.4735
6553.60 4.4737
6553.65 4.4739
6553.70 4.4741
6553.75 4.4743
6553.80 4.4745
6553.85 4.4746
6553.90 4.4748
6553.95 4.4750
6554.00 4.4752
6554.05 4.4753
6554.10 4.4755
6554.15 4.4757
6554.20 4.4758
6554.25 4.4760
6554.30 4.4761
6554.35 4.4763
6554.40 4.4764
6554.45 4.4766
6554.50 4.4767
6554.55 4.4768
6554.60 4.4770
6554.65 4.4771
6554.70 4.4772
6554.75 4.4773
6554.80 4.4775
6554.85 4.4776
6554.90 4.4777
6554.95 4.4778
6555.00 4.4779
6555.05 4.4780
6555.10 4.4782
6555.15 4.4783
6555.20 4.4784
6555.25 4.4785
6555.30 4.4786
6555.35 4.4786
6555.40 4.4787
6555.45 4.4788
6555.50 4.4789
6555.55 4.4790
6555.60 4.4791
6555.65 4.4791
6555.70 4.4792
6555.75 4.4793
6555.80 4.4794
6555.85 4.4794
6555.90 4.4795
6555.95 4.4796
6556.00 4.4796
6556.05 4.4797
6556.10 4.4797
6556.15 4.4798
6556.20 4.4798
6556.25 4.4799
6556.30 4.4799
6556.35 4.4800
6556.40 4.4800
6556.45 4.4800
6556.50 4.4801
6556.55 4.4801
6556.60 4.4801
6556.65 4.4801
6556.70 4.4802
6556.75 4.4802
6556.80 4.4802
6556.85 4.4802
6556.90 4.4802
6556.95 4.4803
6557.00 4.4803
6557.05 4.4803
6557.10 4.4803
6557.15 4.4803
6557.20 4.4803
6557.25 4.4803
6557.30 4.4803
6557.35 4.4803
6557.40 4.4803
6557.45 4.4803
6557.50 4.4803
6557.55 4.4802
6557.60 4.4802
6557.65 4.4802
6557.70 4.4802
6557.75 4.4802
6557.80 4.4802
6557.85 4.4801
6557.90 4.4801
6557.95 4.4801
6558.00 4.4800
6558.05 4.4800
6558.10 4.4800
6558.15 4.4799
6558.20 4.4799
6558.25 4.4799
6558.30 4.4798
6558.35 4.4798
6558.40 4.4797
6558.45 4.4797
6558.50 4.4796
6558.55 4.4796
6558.60 4.4795
6558.65 4.4795
6558.70 4.4794
6558.75 4.4794
6558.80 4.4793
6558.85 4.4793
6558.90 4.4792
6558.95 4.4791
6559.00 4.4791
6559.05 4.4790
6559.10 4.4789
6559.15 4.4789
6559.20 4.4788
6559.25 4.4787
6559.30 4.4787
6559.35 4.4786
6559.40 4.4785
6559.45 4.4785
6559.50 4.4784
6559.55 4.4783
6559.60 4.4782
6559.65 4.4781
6559.70 4.4781
6559.75 4.4780
6559.80 4.4779
6559.85 4.4778
6559.90 4.4777
6559.95 4.4776
6560.00 4.4776
6560.05 4.4775
6560.10 4.4774
6560.15 4.4773
6560.20 4.4772
6560.25 4.4771
6560.30 4.4770
6560.35 4.4769
6560.40 4.4768
6560.45 4.4768
6560.50 4.4767
6560.55 4.4766
6560.60 4.4765
6560.65 4.4764
6560.70 4.4763
6560.75 4.4762
6560.80 4.4761
6560.85 4.4760
6560.90 4.4759
6560.95 4.4758
6561.00 4.4757
6561.05 4.4756
6561.10 4.4755
6561.15 4.4754
6561.20 4.4753
6561.25 4.4752
6561.30 4.4751
6561.35 4.4750
6561.40 4.4749
6561.45 4.4748
6561.50 4.4747
6561.55 4.4746
6561.60 4.4745
6561.65 4.4744
6561.70 4.4743
6561.75 4.4742
6561.80 4.4741
6561.85 4.4740
6561.90 4.4739
6561.95 4.4738
6562.00 4.4737
6562.05 4.4736
6562.10 4.4735
6562.15 4.4734
6562.20 4.4733
6562.25 4.4732
6562.30 4.4731
6562.35 4.4730
6562.40 4.4729
6562.45 4.4728
6562.50 4.4727
6562.55 4.4726
6562.60 4.4725
6562.65 4.4725
6562.70 4.4724
6562.75 4.4723
6562.80 4.4722
6562.85 4.4721
6562.90 4.4720
6562.95 4.4719
6563.00 4.4718
6563.05 4.4717
6563.10 4.4716
6563.15 4.4715
6563.20 4.4715
6563.25 4.4714
6563.30 4.4713
6563.35 4.4712
6563.40 4.4711
6563.45 4.4710
6563.50 4.4710
6563.55 4.4709
6563.60 4.4708
6563.65 4.4707
6563.70 4.4706
6563.75 4.4706
6563.80 4.4705
6563.85 4.4704
6563.90 4.4704
6563.95 4.4703
6564.00 4.4702
6564.05 4.4701
6564.10 4.4701
6564.15 4.4700
6564.20 4.4699
6564.25 4.4699
6564.30 4.4698
6564.35 4.4698
6564.40 4.4697
6564.45 4.4696
6564.50 4.4696
6564.55 4.4695
6564.60 4.4695
6564.65 4.4694
6564.70 4.4694
6564.75 4.4693
6564.80 4.4693
6564.85 4.4692
6564.90 4.4692
6564.95 4.4691
6565.00 4.4691
6565.05 4.4691
6565.10 4.4690
6565.15 4.4690
6565.20 4.4690
6565.25 4.4689
6565.30 4.4689
6565.35 4.4689
6565.40 4.4688
6565.45 4.4688
6565.50 4.4688
6565.55 4.4688
6565.60 4.4687
6565.65 4.4687
6565.70 4.4687
6565.75 4.4687
6565.80 4.4687
6565.85 4.4687
6565.90 4.4686
6565.95 4.4686
6566.00 4.4686
6566.05 4.4686
6566.10 4.4686
6566.15 4.4686
6566.20 4.4686
6566.25 4.4686
6566.30 4.4686
6566.35 4.4687
6566.40 4.4687
6566.45 4.4687
6566.50 4.4687
6566.55 4.4687
6566.60 4.4687
6566.65 4.4687
6566.70 4.4688
6566.75 4.4688
6566.80 4.4688
6566.85 4.4688
6566.90 4.4689
6566.95 4.4689
6567.00 4.4689
6567.05 4.4690
6567.10 4.4690
6567.15 4.4691
6567.20 4.4691
6567.25 4.4691
6567.30 4.4692
6567.35 4.4692
6567.40 4.4693
6567.45 4.4693
6567.50 4.4694
6567.55 4.4695
6567.60 4.4695
6567.65 4.4696
6567.70 4.4697
6567.75 4.4697
6567.80 4.4698
6567.85 4.4699
6567.90 4.4699
6567.95 4.4700
6568.00 4.4701
6568.05 4.4702
6568.10 4.4703
6568.15 4.4703
6568.20 4.4704
6568.25 4.4705
6568.30 4.4706
6568.35 4.4707
6568.40 4.4708
6568.45 4.4709
6568.50 4.4710
6568.55 4.4711
6568.60 4.4712
6568.65 4.4713
6568.70 4.4714
6568.75 4.4715
6568.80 4.4716
6568.85 4.4718
6568.90 4.4719
6568.95 4.4720
6569.00 4.4721
6569.05 4.4722
6569.10 4.4724
6569.15 4.4725
6569.20 4.4726
6569.25 4.4728
6569.30 4.4729
6569.35 4.4730
6569.40 4.4732
6569.45 4.4733
6569.50 4.4735
6569.55 4.4736
6569.60 4.4738
6569.65 4.4739
6569.70 4.4741
6569.75 4.4742
6569.80 4.4744
6569.85 4.4745
6569.90 4.4747
6569.95 4.4748
6570.00 4.4750
6570.05 4.4752
6570.10 4.4753
6570.15 4.4755
6570.20 4.4757
6570.25 4.4759
6570.30 4.4760
6570.35 4.4762
6570.40 4.4764
6570.45 4.4766
6570.50 4.4768
6570.55 4.4770
6570.60 4.4771
6570.65 4.4773
6570.70 4.4775
6570.75 4.4777
6570.80 4.4779
6570.85 4.4781
6570.90 4.4783
6570.95 4.4785
6571.00 4.4787
6571.05 4.4789
6571.10 4.4791
6571.15 4.4793
6571.20 4.4796
6571.25 4.4798
6571.30 4.4800
6571.35 4.4802
6571.40 4.4804
6571.45 4.4806
6571.50 4.4809
6571.55 4.4811
6571.60 4.4813
6571.65 4.4815
6571.70 4.4818
6571.75 4.4820
6571.80 4.4822
6571.85 4.4825
6571.90 4.4827
6571.95 4.4829
6572.00 4.4832
6572.05 4.4834
6572.10 4.4836
6572.15 4.4839
6572.20 4.4841
6572.25 4.4844
6572.30 4.4846
6572.35 4.4849
6572.40 4.4851
6572.45 4.4854
6572.50 4.4856
6572.55 4.4859
6572.60 4.4861
6572.65 4.4864
6572.70 4.4866
6572.75 4.4869
6572.80 4.4872
6572.85 4.4874
6572.90 4.4877
6572.95 4.4880
6573.00 4.4882
6573.05 4.4885
6573.10 4.4888
6573.15 4.4890
6573.20 4.4893
6573.25 4.4896
6573.30 4.4898
6573.35 4.4901
6573.40 4.4904
6573.45 4.4907
6573.50 4.4909
6573.55 4.4912
6573.60 4.4915
6573.65 4.4918
6573.70 4.4921
6573.75 4.4923
6573.80 4.4926
6573.85 4.4929
6573.90 4.4932
6573.95 4.4935
6574.00 4.4938
6574.05 4.4941
6574.10 4.4944
6574.15 4.4946
6574.20 4.4949
6574.25 4.4952
6574.30 4.4955
6574.35 4.4958
6574.40 4.4961
6574.45 4.4964
6574.50 4.4967
6574.55 4.4970
6574.60 4.4973
6574.65 4.4976
6574.70 4.4979
6574.75 4.4982
6574.80 4.4985
6574.85 4.4988
6574.90 4.4991
6574.95 4.4994
6575.00 4.4997
6575.05 4.5000
6575.10 4.5003
6575.15 4.5006
6575.20 4.5009
6575.25 4.5012
6575.30 4.5015
6575.35 4.5018
6575.40 4.5021
6575.45 4.5024
6575.50 4.5027
6575.55 4.5030
6575.60 4.5033
6575.65 4.5037
6575.70 4.5040
6575.75 4.5043
6575.80 4.5046
6575.85 4.5049
6575.90 4.5052
6575.95 4.5055
6576.00 4.5058
6576.05 4.5061
6576.10 4.5064
6576.15 4.5068
6576.20 4.5071
6576.25 4.5074
6576.30 4.5077
6576.35 4.5080
6576.40 4.5083
6576.45 4.5086
6576.50 4.5089
6576.55 4.5093
6576.60 4.5096
6576.65 4.5099
6576.70 4.5102
6576.75 4.5105
6576.80 4.5108
6576.85 4.5111
6576.90 4.5114
6576.95 4.5118
6577.00 4.5121
6577.05 4.5124
6577.10 4.5127
6577.15 4.5130
6577.20 4.5133
6577.25 4.5136
6577.30 4.5139
6577.35 4.5143
6577.40 4.5146
6577.45 4.5149
6577.50 4.5152
6577.55 4.5155
6577.60 4.5158
6577.65 4.5161
6577.70 4.5164
6577.75 4.5167
6577.80 4.5171
6577.85 4.5174
6577.90 4.5177
6577.95 4.5180
6578.00 4.5183
6578.05 4.5186
6578.10 4.5189
6578.15 4.5192
6578.20 4.5195
6578.25 4.5199
6578.30 4.5202
6578.35 4.5205
6578.40 4.5208
6578.45 4.5211
6578.50 4.5214
6578.55 4.5217
6578.60 4.5220
6578.65 4.5223
6578.70 4.5226
6578.75 4.5229
6578.80 4.5232
6578.85 4.5235
6578.90 4.5238
6578.95 4.5241
6579.00 4.5244
6579.05 4.5248
6579.10 4.5251
6579.15 4.5254
6579.20 4.5257
6579.25 4.5260
6579.30 4.5263
6579.35 4.5266
6579.40 4.5269
6579.45 4.5272
6579.50 4.5275
6579.55 4.5278
6579.60 4.5281
6579.65 4.5284
6579.70 4.5287
6579.75 4.5290
6579.80 4.5293
6579.85 4.5295
6579.90 4.5298
6579.95 4.5301
6580.00 4.5304
6580.05 4.5307
6580.10 4.5310
6580.15 4.5313
6580.20 4.5316
6580.25 4.5319
6580.30 4.5322
6580.35 4.5325
6580.40 4.5328
6580.45 4.5331
6580.50 4.5334
6580.55 4.5336
6580.60 4.5339
6580.65 4.5342
6580.70 4.5345
6580.75 4.5348
6580.80 4.5351
6580.85 4.5354
6580.90 4.5356
6580.95 4.5359
6581.00 4.5362
6581.05 4.5365
6581.10 4.5368
6581.15 4.5371
6581.20 4.5373
6581.25 4.5376
6581.30 4.5379
6581.35 4.5382
6581.40 4.5385
6581.45 4.5387
6581.50 4.5390
6581.55 4.5393
6581.60 4.5396
6581.65 4.5398
6581.70 4.5401
6581.75 4.5404
6581.80 4.5407
6581.85 4.5409
6581.90 4.5412
6581.95 4.5415
6582.00 4.5418
6582.05 4.5420
6582.10 4.5423
6582.15 4.5426
6582.20 4.5428
6582.25 4.5431
6582.30 4.5434
6582.35 4.5436
6582.40 4.5439
6582.45 4.5442
6582.50 4.5444
6582.55 4.5447
6582.60 4.5450
6582.65 4.5452
6582.70 4.5455
6582.75 4.5458
6582.80 4.5460
6582.85 4.5463
6582.90 4.5465
6582.95 4.5468
6583.00 4.5471
6583.05 4.5473
6583.10 4.5476
6583.15 4.5478
6583.20 4.5481
6583.25 4.5484
6583.30 4.5486
6583.35 4.5489
6583.40 4.5491
6583.45 4.5494
6583.50 4.5496
6583.55 4.5499
6583.60 4.5501
6583.65 4.5504
6583.70 4.5506
6583.75 4.5509
6583.80 4.5511
6583.85 4.5514
6583.90 4.5516
6583.95 4.5519
6584.00 4.5521
6584.05 4.5524
6584.10 4.5526
6584.15 4.5529
6584.20 4.5531
6584.25 4.5534
6584.30 4.5536
6584.35 4.5539
6584.40 4.5541
6584.45 4.5543
6584.50 4.5546
6584.55 4.5548
6584.60 4.5551
6584.65 4.5553
6584.70 4.5555
6584.75 4.5558
6584.80 4.5560
6584.85 4.5563
6584.90 4.5565
6584.95 4.5567
6585.00 4.5570
6585.05 4.5572
6585.10 4.5575
6585.15 4.5577
6585.20 4.5579
6585.25 4.5582
6585.30 4.5584
6585.35 4.5586
6585.40 4.5589
6585.45 4.5591
6585.50 4.5593
6585.55 4.5596
6585.60 4.5598
6585.65 4.5600
6585.70 4.5603
6585.75 4.5605
6585.80 4.5607
6585.85 4.5609
6585.90 4.5612
6585.95 4.5614
6586.00 4.5616
6586.05 4.5619
6586.10 4.5621
6586.15 4.5623
6586.20 4.5625
6586.25 4.5628
6586.30 4.5630
6586.35 4.5632
6586.40 4.5634
6586.45 4.5637
6586.50 4.5639
6586.55 4.5641
6586.60 4.5643
6586.65 4.5645
6586.70 4.5648
6586.75 4.5650
6586.80 4.5652
6586.85 4.5654
6586.90 4.5657
6586.95 4.5659
6587.00 4.5661
6587.05 4.5663
6587.10 4.5665
6587.15 4.5668
6587.20 4.5670
6587.25 4.5672
6587.30 4.5674
6587.35 4.5676
6587.40 4.5678
6587.45 4.5681
6587.50 4.5683
6587.55 4.5685
6587.60 4.5687
6587.65 4.5689
6587.70 4.5691
6587.75 4.5693
6587.80 4.5696
6587.85 4.5698
6587.90 4.5700
6587.95 4.5702
6588.00 4.5704
6588.05 4.5706
6588.10 4.5708
6588.15 4.5710
6588.20 4.5713
6588.25 4.5715
6588.30 4.5717
6588.35 4.5719
6588.40 4.5721
6588.45 4.5723
6588.50 4.5725
6588.55 4.5727
6588.60 4.5729
6588.65 4.5731
6588.70 4.5734
6588.75 4.5736
6588.80 4.5738
6588.85 4.5740
6588.90 4.5742
6588.95 4.5744
6589.00 4.5746
6589.05 4.5748
6589.10 4.5750
6589.15 4.5752
6589.20 4.5754
6589.25 4.5756
6589.30 4.5758
6589.35 4.5760
6589.40 4.5762
6589.45 4.5764
6589.50 4.5766
6589.55 4.5768
6589.60 4.5771
6589.65 4.5773
6589.70 4.5775
6589.75 4.5777
6589.80 4.5779
6589.85 4.5781
6589.90 4.5783
6589.95 4.5785
6590.00 4.5787
6590.05 4.5789
6590.10 4.5791
6590.15 4.5793
6590.20 4.5795
6590.25 4.5797
6590.30 4.5799
6590.35 4.5801
6590.40 4.5803
6590.45 4.5805
6590.50 4.5807
6590.55 4.5809
6590.60 4.5811
6590.65 4.5813
6590.70 4.5815
6590.75 4.5817
6590.80 4.5819
6590.85 4.5821
6590.90 4.5822
6590.95 4.5824
6591.00 4.5826
6591.05 4.5828
6591.10 4.5830
6591.15 4.5832
6591.20 4.5834
6591.25 4.5836
6591.30 4.5838
6591.35 4.5840
6591.40 4.5842
6591.45 4.5844
6591.50 4.5846
6591.55 4.5848
6591.60 4.5850
6591.65 4.5852
6591.70 4.5854
6591.75 4.5856
6591.80 4.5858
6591.85 4.5859
6591.90 4.5861
6591.95 4.5863
6592.00 4.5865
6592.05 4.5867
6592.10 4.5869
6592.15 4.5871
6592.20 4.5873
6592.25 4.5875
6592.30 4.5877
6592.35 4.5879
6592.40 4.5880
6592.45 4.5882
6592.50 4.5884
6592.55 4.5886
6592.60 4.5888
6592.65 4.5890
6592.70 4.5892
6592.75 4.5894
6592.80 4.5896
6592.85 4.5897
6592.90 4.5899
6592.95 4.5901
6593.00 4.5903
6593.05 4.5905
6593.10 4.5907
6593.15 4.5909
6593.20 4.5911
6593.25 4.5912
6593.30 4.5914
6593.35 4.5916
6593.40 4.5918
6593.45 4.5920
6593.50 4.5922
6593.55 4.5924
6593.60 4.5925
6593.65 4.5927
6593.70 4.5929
6593.75 4.5931
6593.80 4.5933
6593.85 4.5935
6593.90 4.5936
6593.95 4.5938
6594.00 4.5940
6594.05 4.5942
6594.10 4.5944
6594.15 4.5946
6594.20 4.5947
6594.25 4.5949
6594.30 4.5951
6594.35 4.5953
6594.40 4.5955
6594.45 4.5957
6594.50 4.5958
6594.55 4.5960
6594.60 4.5962
6594.65 4.5964
6594.70 4.5966
6594.75 4.5967
6594.80 4.5969
6594.85 4.5971
6594.90 4.5973
6594.95 4.5974
6595.00 4.5976
6595.05 4.5978
6595.10 4.5980
6595.15 4.5982
6595.20 4.5983
6595.25 4.5985
6595.30 4.5987
6595.35 4.5989
6595.40 4.5990
6595.45 4.5992
6595.50 4.5994
6595.55 4.5996
6595.60 4.5997
6595.65 4.5999
6595.70 4.6001
6595.75 4.6003
6595.80 4.6004
6595.85 4.6006
6595.90 4.6008
6595.95 4.6010
6596.00 4.6011
6596.05 4.6013
6596.10 4.6015
6596.15 4.6017
6596.20 4.6018
6596.25 4.6020
6596.30 4.6022
6596.35 4.6023
6596.40 4.6025
6596.45 4.6027
6596.50 4.6029
6596.55 4.6030
6596.60 4.6032
6596.65 4.6034
6596.70 4.6035
6596.75 4.6037
6596.80 4.6039
6596.85 4.6040
6596.90 4.6042
6596.95 4.6044
6597.00 4.6045
6597.05 4.6047
6597.10 4.6049
6597.15 4.6050
6597.20 4.6052
6597.25 4.6054
6597.30 4.6055
6597.35 4.6057
6597.40 4.6059
6597.45 4.6060
6597.50 4.6062
6597.55 4.6064
6597.60 4.6065
6597.65 4.6067
6597.70 4.6069
6597.75 4.6070
6597.80 4.6072
6597.85 4.6073
6597.90 4.6075
6597.95 4.6077
6598.00 4.6078
6598.05 4.6080
6598.10 4.6081
6598.15 4.6083
6598.20 4.6085
6598.25 4.6086
6598.30 4.6088
6598.35 4.6089
6598.40 4.6091
6598.45 4.6093
6598.50 4.6094
6598.55 4.6096
6598.60 4.6097
6598.65 4.6099
6598.70 4.6101
6598.75 4.6102
6598.80 4.6104
6598.85 4.6105
6598.90 4.6107
6598.95 4.6108
6599.00 4.6110
6599.05 4.6111
6599.10 4.6113
6599.15 4.6114
6599.20 4.6116
6599.25 4.6118
6599.30 4.6119
6599.35 4.6121
6599.40 4.6122
6599.45 4.6124
6599.50 4.6125
6599.55 4.6127
6599.60 4.6128
6599.65 4.6130
6599.70 4.6131
6599.75 4.6133
6599.80 4.6134
6599.85 4.6136
6599.90 4.6137
6599.95 4.6139
6600.00 4.6140
6600.05 4.6141
6600.10 4.6143
6600.15 4.6144
6600.20 4.6146
6600.25 4.6147
6600.30 4.6149
6600.35 4.6150
6600.40 4.6152
6600.45 4.6153
6600.50 4.6155
6600.55 4.6156
6600.60 4.6157
6600.65 4.6159
6600.70 4.6160
6600.75 4.6162
6600.80 4.6163
6600.85 4.6165
6600.90 4.6166
6600.95 4.6167
6601.00 4.6169
6601.05 4.6170
6601.10 4.6172
6601.15 4.6173
6601.20 4.6174
6601.25 4.6176
6601.30 4.6177
6601.35 4.6178
6601.40 4.6180
6601.45 4.6181
6601.50 4.6183
6601.55 4.6184
6601.60 4.6185
6601.65 4.6187
6601.70 4.6188
6601.75 4.6189
6601.80 4.6191
6601.85 4.6192
6601.90 4.6193
6601.95 4.6195
6602.00 4.6196
6602.05 4.6197
6602.10 4.6199
6602.15 4.6200
6602.20 4.6201
6602.25 4.6202
6602.30 4.6204
6602.35 4.6205
6602.40 4.6206
6602.45 4.6208
6602.50 4.6209
6602.55 4.6210
6602.60 4.6211
6602.65 4.6213
6602.70 4.6214
6602.75 4.6215
6602.80 4.6217
6602.85 4.6218
6602.90 4.6219
6602.95 4.6220
6603.00 4.6221
6603.05 4.6223
6603.10 4.6224
6603.15 4.6225
6603.20 4.6226
6603.25 4.6228
6603.30 4.6229
6603.35 4.6230
6603.40 4.6231
6603.45 4.6232
6603.50 4.6234
6603.55 4.6235
6603.60 4.6236
6603.65 4.6237
6603.70 4.6238
6603.75 4.6240
6603.80 4.6241
6603.85 4.6242
6603.90 4.6243
6603.95 4.6244
6604.00 4.6245
6604.05 4.6247
6604.10 4.6248
6604.15 4.6249
6604.20 4.6250
6604.25 4.6251
6604.30 4.6252
6604.35 4.6253
6604.40 4.6254
6604.45 4.6256
6604.50 4.6257
6604.55 4.6258
6604.60 4.6259
6604.65 4.6260
6604.70 4.6261
6604.75 4.6262
6604.80 4.6263
6604.85 4.6264
6604.90 4.6265
6604.95 4.6266
6605.00 4.6268
6605.05 4.6269
6605.10 4.6270
6605.15 4.6271
6605.20 4.6272
6605.25 4.6273
6605.30 4.6274
6605.35 4.6275
6605.40 4.6276
6605.45 4.6277
6605.50 4.6278
6605.55 4.6279
6605.60 4.6280
6605.65 4.6281
6605.70 4.6282
6605.75 4.6283
6605.80 4.6284
6605.85 4.6285
6605.90 4.6286
6605.95 4.6287
6606.00 4.6288
6606.05 4.6289
6606.10 4.6290
6606.15 4.6291
6606.20 4.6292
6606.25 4.6293
6606.30 4.6294
6606.35 4.6295
6606.40 4.6296
6606.45 4.6297
6606.50 4.6298
6606.55 4.6298
6606.60 4.6299
6606.65 4.6300
6606.70 4.6301
6606.75 4.6302
6606.80 4.6303
6606.85 4.6304
6606.90 4.6305
6606.95 4.6306
6607.00 4.6307
6607.05 4.6308
6607.10 4.6308
6607.15 4.6309
6607.20 4.6310
6607.25 4.6311
6607.30 4.6312
6607.35 4.6313
6607.40 4.6314
6607.45 4.6314
6607.50 4.6315
6607.55 4.6316
6607.60 4.6317
6607.65 4.6318
6607.70 4.6319
6607.75 4.6320
6607.80 4.6320
6607.85 4.6321
6607.90 4.6322
6607.95 4.6323
6608.00 4.6324
6608.05 4.6324
6608.10 4.6325
6608.15 4.6326
6608.20 4.6327
6608.25 4.6328
6608.30 4.6328
6608.35 4.6329
6608.40 4.6330
6608.45 4.6331
6608.50 4.6331
6608.55 4.6332
6608.60 4.6333
6608.65 4.6334
6608.70 4.6335
6608.75 4.6335
6608.80 4.6336
6608.85 4.6337
6608.90 4.6337
6608.95 4.6338
6609.00 4.6339
6609.05 4.6340
6609.10 4.6340
6609.15 4.6341
6609.20 4.6342
6609.25 4.6343
6609.30 4.6343
6609.35 4.6344
6609.40 4.6345
6609.45 4.6345
6609.50 4.6346
6609.55 4.6347
6609.60 4.6347
6609.65 4.6348
6609.70 4.6349
6609.75 4.6349
6609.80 4.6350
6609.85 4.6351
6609.90 4.6351
6609.95 4.6352
6610.00 4.6353
6610.05 4.6353
6610.10 4.6354
6610.15 4.6355
6610.20 4.6355
6610.25 4.6356
6610.30 4.6357
6610.35 4.6357
6610.40 4.6358
6610.45 4.6358
6610.50 4.6359
6610.55 4.6360
6610.60 4.6360
6610.65 4.6361
6610.70 4.6361
6610.75 4.6362
6610.80 4.6363
6610.85 4.6363
6610.90 4.6364
6610.95 4.6364
6611.00 4.6365
6611.05 4.6366
6611.10 4.6366
6611.15 4.6367
6611.20 4.6367
6611.25 4.6368
6611.30 4.6368
6611.35 4.6369
6611.40 4.6370
6611.45 4.6370
6611.50 4.6371
6611.55 4.6371
6611.60 4.6372
6611.65 4.6372
6611.70 4.6373
6611.75 4.6373
6611.80 4.6374
6611.85 4.6375
6611.90 4.6375
6611.95 4.6376
6612.00 4.6376
6612.05 4.6377
6612.10 4.6377
6612.15 4.6378
6612.20 4.6378
6612.25 4.6379
6612.30 4.6379
6612.35 4.6380
6612.40 4.6380
6612.45 4.6381
6612.50 4.6381
6612.55 4.6382
6612.60 4.6382
6612.65 4.6383
6612.70 4.6383
6612.75 4.6384
6612.80 4.6384
6612.85 4.6385
6612.90 4.6385
6612.95 4.6386
6613.00 4.6386
6613.05 4.6387
6613.10 4.6387
6613.15 4.6388
6613.20 4.6388
6613.25 4.6388
6613.30 4.6389
6613.35 4.6389
6613.40 4.6390
6613.45 4.6390
6613.50 4.6391
6613.55 4.6391
6613.60 4.6392
6613.65 4.6392
6613.70 4.6393
6613.75 4.6393
6613.80 4.6394
6613.85 4.6394
6613.90 4.6394
6613.95 4.6395
6614.00 4.6395
6614.05 4.6396
6614.10 4.6396
6614.15 4.6397
6614.20 4.6397
6614.25 4.6397
6614.30 4.6398
6614.35 4.6398
6614.40 4.6399
6614.45 4.6399
6614.50 4.6400
6614.55 4.6400
6614.60 4.6401
6614.65 4.6401
6614.70 4.6401
6614.75 4.6402
6614.80 4.6402
6614.85 4.6403
6614.90 4.6403
6614.95 4.6403
6615.00 4.6404
6615.05 4.6404
6615.10 4.6405
6615.15 4.6405
6615.20 4.6406
6615.25 4.6406
6615.30 4.6406
6615.35 4.6407
6615.40 4.6407
6615.45 4.6408
6615.50 4.6408
6615.55 4.6409
6615.60 4.6409
6615.65 4.6409
6615.70 4.6410
6615.75 4.6410
6615.80 4.6411
6615.85 4.6411
6615.90 4.6411
6615.95 4.6412
6616.00 4.6412
6616.05 4.6413
6616.10 4.6413
6616.15 4.6414
6616.20 4.6414
6616.25 4.6414
6616.30 4.6415
6616.35 4.6415
6616.40 4.6416
6616.45 4.6416
6616.50 4.6417
6616.55 4.6417
6616.60 4.6417
6616.65 4.6418
6616.70 4.6418
6616.75 4.6419
6616.80 4.6419
6616.85 4.6419
6616.90 4.6420
6616.95 4.6420
6617.00 4.6421
6617.05 4.6421
6617.10 4.6422
6617.15 4.6422
6617.20 4.6423
6617.25 4.6423
6617.30 4.6423
6617.35 4.6424
6617.40 4.6424
6617.45 4.6425
6617.50 4.6425
6617.55 4.6426
6617.60 4.6426
6617.65 4.6427
6617.70 4.6427
6617.75 4.6427
6617.80 4.6428
6617.85 4.6428
6617.90 4.6429
6617.95 4.6429
6618.00 4.6430
6618.05 4.6430
6618.10 4.6431
6618.15 4.6431
6618.20 4.6432
6618.25 4.6432
6618.30 4.6433
6618.35 4.6433
6618.40 4.6433
6618.45 4.6434
6618.50 4.6434
6618.55 4.6435
6618.60 4.6435
6618.65 4.6436
6618.70 4.6436
6618.75 4.6437
6618.80 4.6437
6618.85 4.6438
6618.90 4.6438
6618.95 4.6439
6619.00 4.6439
6619.05 4.6440
6619.10 4.6440
6619.15 4.6441
6619.20 4.6442
6619.25 4.6442
6619.30 4.6443
6619.35 4.6443
6619.40 4.6444
6619.45 4.6444
6619.50 4.6445
6619.55 4.6445
6619.60 4.6446
6619.65 4.6446
6619.70 4.6447
6619.75 4.6447
6619.80 4.6448
6619.85 4.6449
6619.90 4.6449
6619.95 4.6450
6620.00 4.6450
6620.05 4.6451
6620.10 4.6451
6620.15 4.6452
6620.20 4.6453
6620.25 4.6453
6620.30 4.6454
6620.35 4.6454
6620.40 4.6455
6620.45 4.6456
6620.50 4.6456
6620.55 4.6457
6620.60 4.6458
6620.65 4.6458
6620.70 4.6459
6620.75 4.6459
6620.80 4.6460
6620.85 4.6461
6620.90 4.6461
6620.95 4.6462
6621.00 4.6463
6621.05 4.6463
6621.10 4.6464
6621.15 4.6465
6621.20 4.6465
6621.25 4.6466
6621.30 4.6467
6621.35 4.6467
6621.40 4.6468
6621.45 4.6469
6621.50 4.6470
6621.55 4.6470
6621.60 4.6471
6621.65 4.6472
6621.70 4.6472
6621.75 4.6473
6621.80 4.6474
6621.85 4.6475
6621.90 4.6475
6621.95 4.6476
6622.00 4.6477
6622.05 4.6478
6622.10 4.6478
6622.15 4.6479
6622.20 4.6480
6622.25 4.6481
6622.30 4.6482
6622.35 4.6482
6622.40 4.6483
6622.45 4.6484
6622.50 4.6485
6622.55 4.6486
6622.60 4.6486
6622.65 4.6487
6622.70 4.6488
6622.75 4.6489
6622.80 4.6490
6622.85 4.6491
6622.90 4.6491
6622.95 4.6492
6623.00 4.6493
6623.05 4.6494
6623.10 4.6495
6623.15 4.6496
6623.20 4.6497
6623.25 4.6498
6623.30 4.6498
6623.35 4.6499
6623.40 4.6500
6623.45 4.6501
6623.50 4.6502
6623.55 4.6503
6623.60 4.6504
6623.65 4.6505
6623.70 4.6506
6623.75 4.6507
6623.80 4.6508
6623.85 4.6509
6623.90 4.6510
6623.95 4.6511
6624.00 4.6512
6624.05 4.6513
6624.10 4.6514
6624.15 4.6515
6624.20 4.6516
6624.25 4.6517
6624.30 4.6518
6624.35 4.6519
6624.40 4.6520
6624.45 4.6521
6624.50 4.6522
6624.55 4.6523
6624.60 4.6524
6624.65 4.6525
6624.70 4.6526
6624.75 4.6527
6624.80 4.6528
6624.85 4.6529
6624.90 4.6530
6624.95 4.6531
6625.00 4.6532
6625.05 4.6534
6625.10 4.6535
6625.15 4.6536
6625.20 4.6537
6625.25 4.6538
6625.30 4.6539
6625.35 4.6540
6625.40 4.6542
6625.45 4.6543
6625.50 4.6544
6625.55 4.6545
6625.60 4.6546
6625.65 4.6547
6625.70 4.6549
6625.75 4.6550
6625.80 4.6551
6625.85 4.6552
6625.90 4.6553
6625.95 4.6555
6626.00 4.6556
6626.05 4.6557
6626.10 4.6558
6626.15 4.6560
6626.20 4.6561
6626.25 4.6562
6626.30 4.6563
6626.35 4.6565
6626.40 4.6566
6626.45 4.6567
6626.50 4.6568
6626.55 4.6570
6626.60 4.6571
6626.65 4.6572
6626.70 4.6574
6626.75 4.6575
6626.80 4.6576
6626.85 4.6578
6626.90 4.6579
6626.95 4.6580
6627.00 4.6582
6627.05 4.6583
6627.10 4.6584
6627.15 4.6586
6627.20 4.6587
6627.25 4.6589
6627.30 4.6590
6627.35 4.6591
6627.40 4.6593
6627.45 4.6594
6627.50 4.6596
6627.55 4.6597
6627.60 4.6598
6627.65 4.6600
6627.70 4.6601
6627.75 4.6603
6627.80 4.6604
6627.85 4.6606
6627.90 4.6607
6627.95 4.6609
6628.00 4.6610
6628.05 4.6611
6628.10 4.6613
6628.15 4.6614
6628.20 4.6616
6628.25 4.6617
6628.30 4.6619
6628.35 4.6620
6628.40 4.6622
6628.45 4.6623
6628.50 4.6625
6628.55 4.6626
6628.60 4.6628
6628.65 4.6630
6628.70 4.6631
6628.75 4.6633
6628.80 4.6634
6628.85 4.6636
6628.90 4.6637
6628.95 4.6639
6629.00 4.6640
6629.05 4.6642
6629.10 4.6644
6629.15 4.6645
6629.20 4.6647
6629.25 4.6648
6629.30 4.6650
6629.35 4.6652
6629.40 4.6653
6629.45 4.6655
6629.50 4.6657
6629.55 4.6658
6629.60 4.6660
6629.65 4.6661
6629.70 4.6663
6629.75 4.6665
6629.80 4.6666
6629.85 4.6668
6629.90 4.6670
6629.95 4.6671
6630.00 4.6673
6630.05 4.6675
6630.10 4.6676
6630.15 4.6678
6630.20 4.6680
6630.25 4.6682
6630.30 4.6683
6630.35 4.6685
6630.40 4.6687
6630.45 4.6688
6630.50 4.6690
6630.55 4.6692
6630.60 4.6694
6630.65 4.6695
6630.70 4.6697
6630.75 4.6699
6630.80 4.6700
6630.85 4.6702
6630.90 4.6704
6630.95 4.6706
6631.00 4.6707
6631.05 4.6709
6631.10 4.6711
6631.15 4.6713
6631.20 4.6715
6631.25 4.6716
6631.30 4.6718
6631.35 4.6720
6631.40 4.6722
6631.45 4.6723
6631.50 4.6725
6631.55 4.6727
6631.60 4.6729
6631.65 4.6731
6631.70 4.6732
6631.75 4.6734
6631.80 4.6736
6631.85 4.6738
6631.90 4.6740
6631.95 4.6742
6632.00 4.6743
6632.05 4.6745
6632.10 4.6747
6632.15 4.6749
6632.20 4.6751
6632.25 4.6753
6632.30 4.6754
6632.35 4.6756
6632.40 4.6758
6632.45 4.6760
6632.50 4.6762
6632.55 4.6764
6632.60 4.6765
6632.65 4.6767
6632.70 4.6769
6632.75 4.6771
6632.80 4.6773
6632.85 4.6775
6632.90 4.6777
6632.95 4.6779
6633.00 4.6780
6633.05 4.6782
6633.10 4.6784
6633.15 4.6786
6633.20 4.6788
6633.25 4.6790
6633.30 4.6792
6633.35 4.6794
6633.40 4.6795
6633.45 4.6797
6633.50 4.6799
6633.55 4.6801
6633.60 4.6803
6633.65 4.6805
6633.70 4.6807
6633.75 4.6809
6633.80 4.6811
6633.85 4.6812
6633.90 4.6814
6633.95 4.6816
6634.00 4.6818
6634.05 4.6820
6634.10 4.6822
6634.15 4.6824
6634.20 4.6826
6634.25 4.6828
6634.30 4.6830
6634.35 4.6831
6634.40 4.6833
6634.45 4.6835
6634.50 4.6837
6634.55 4.6839
6634.60 4.6841
6634.65 4.6843
6634.70 4.6845
6634.75 4.6847
6634.80 4.6849
6634.85 4.6851
6634.90 4.6852
6634.95 4.6854
6635.00 4.6856
6635.05 4.6858
6635.10 4.6860
6635.15 4.6862
6635.20 4.6864
6635.25 4.6866
6635.30 4.6868
6635.35 4.6870
6635.40 4.6871
6635.45 4.6873
6635.50 4.6875
6635.55 4.6877
6635.60 4.6879
6635.65 4.6881
6635.70 4.6883
6635.75 4.6885
6635.80 4.6887
6635.85 4.6889
6635.90 4.6890
6635.95 4.6892
6636.00 4.6894
6636.05 4.6896
6636.10 4.6898
6636.15 4.6900
6636.20 4.6902
6636.25 4.6904
6636.30 4.6905
6636.35 4.6907
6636.40 4.6909
6636.45 4.6911
6636.50 4.6913
6636.55 4.6915
6636.60 4.6917
6636.65 4.6919
6636.70 4.6920
6636.75 4.6922
6636.80 4.6924
6636.85 4.6926
6636.90 4.6928
6636.95 4.6930
6637.00 4.6932
6637.05 4.6933
6637.10 4.6935
6637.15 4.6937
6637.20 4.6939
6637.25 4.6941
6637.30 4.6943
6637.35 4.6944
6637.40 4.6946
6637.45 4.6948
6637.50 4.6950
6637.55 4.6952
6637.60 4.6953
6637.65 4.6955
6637.70 4.6957
6637.75 4.6959
6637.80 4.6961
6637.85 4.6962
6637.90 4.6964
6637.95 4.6966
6638.00 4.6968
6638.05 4.6970
6638.10 4.6971
6638.15 4.6973
6638.20 4.6975
6638.25 4.6977
6638.30 4.6978
6638.35 4.6980
6638.40 4.6982
6638.45 4.6984
6638.50 4.6985
6638.55 4.6987
6638.60 4.6989
6638.65 4.6990
6638.70 4.6992
6638.75 4.6994
6638.80 4.6996
6638.85 4.6997
6638.90 4.6999
6638.95 4.7001
6639.00 4.7002
6639.05 4.7004
6639.10 4.7006
6639.15 4.7007
6639.20 4.7009
6639.25 4.7011
6639.30 4.7012
6639.35 4.7014
6639.40 4.7016
6639.45 4.7017
6639.50 4.7019
6639.55 4.7020
6639.60 4.7022
6639.65 4.7024
6639.70 4.7025
6639.75 4.7027
6639.80 4.7028
6639.85 4.7030
6639.90 4.7032
6639.95 4.7033
6640.00 4.7035
6640.05 4.7036
6640.10 4.7038
6640.15 4.7039
6640.20 4.7041
6640.25 4.7042
6640.30 4.7044
6640.35 4.7045
6640.40 4.7047
6640.45 4.7048
6640.50 4.7050
6640.55 4.7051
6640.60 4.7053
6640.65 4.7054
6640.70 4.7056
6640.75 4.7057
6640.80 4.7059
6640.85 4.7060
6640.90 4.7061
6640.95 4.7063
6641.00 4.7064
6641.05 4.7066
6641.10 4.7067
6641.15 4.7068
6641.20 4.7070
6641.25 4.7071
6641.30 4.7072
6641.35 4.7074
6641.40 4.7075
6641.45 4.7076
6641.50 4.7078
6641.55 4.7079
6641.60 4.7080
6641.65 4.7082
6641.70 4.7083
6641.75 4.7084
6641.80 4.7085
6641.85 4.7087
6641.90 4.7088
6641.95 4.7089
6642.00 4.7090
6642.05 4.7092
6642.10 4.7093
6642.15 4.7094
6642.20 4.7095
6642.25 4.7096
6642.30 4.7098
6642.35 4.7099
6642.40 4.7100
6642.45 4.7101
6642.50 4.7102
6642.55 4.7103
6642.60 4.7104
6642.65 4.7105
6642.70 4.7106
6642.75 4.7108
6642.80 4.7109
6642.85 4.7110
6642.90 4.7111
6642.95 4.7112
6643.00 4.7113
6643.05 4.7114
6643.10 4.7115
6643.15 4.7116
6643.20 4.7117
6643.25 4.7118
6643.30 4.7118
6643.35 4.7119
6643.40 4.7120
6643.45 4.7121
6643.50 4.7122
6643.55 4.7123
6643.60 4.7124
6643.65 4.7125
6643.70 4.7126
6643.75 4.7126
6643.80 4.7127
6643.85 4.7128
6643.90 4.7129
6643.95 4.7130
6644.00 4.7130
6644.05 4.7131
6644.10 4.7132
6644.15 4.7133
6644.20 4.7133
6644.25 4.7134
6644.30 4.7135
6644.35 4.7135
6644.40 4.7136
6644.45 4.7137
6644.50 4.7137
6644.55 4.7138
6644.60 4.7139
6644.65 4.7139
6644.70 4.7140
6644.75 4.7140
6644.80 4.7141
6644.85 4.7141
6644.90 4.7142
6644.95 4.7142
6645.00 4.7143
6645.05 4.7143
6645.10 4.7144
6645.15 4.7144
6645.20 4.7145
6645.25 4.7145
6645.30 4.7146
6645.35 4.7146
6645.40 4.7146
6645.45 4.7147
6645.50 4.7147
6645.55 4.7148
6645.60 4.7148
6645.65 4.7148
6645.70 4.7148
6645.75 4.7149
6645.80 4.7149
6645.85 4.7149
6645.90 4.7150
6645.95 4.7150
6646.00 4.7150
6646.05 4.7150
6646.10 4.7150
6646.15 4.7150
6646.20 4.7151
6646.25 4.7151
6646.30 4.7151
6646.35 4.7151
6646.40 4.7151
6646.45 4.7151
6646.50 4.7151
6646.55 4.7151
6646.60 4.7151
6646.65 4.7151
6646.70 4.7151
6646.75 4.7151
6646.80 4.7151
6646.85 4.7151
6646.90 4.7151
6646.95 4.7151
6647.00 4.7151
6647.05 4.7151
6647.10 4.7151
6647.15 4.7150
6647.20 4.7150
6647.25 4.7150
6647.30 4.7150
6647.35 4.7150
6647.40 4.7149
6647.45 4.7149
6647.50 4.7149
6647.55 4.7149
6647.60 4.7148
6647.65 4.7148
6647.70 4.7148
6647.75 4.7147
6647.80 4.7147
6647.85 4.7147
6647.90 4.7146
6647.95 4.7146
6648.00 4.7145
6648.05 4.7145
6648.10 4.7145
6648.15 4.7144
6648.20 4.7144
6648.25 4.7143
6648.30 4.7142
6648.35 4.7142
6648.40 4.7141
6648.45 4.7141
6648.50 4.7140
6648.55 4.7140
6648.60 4.7139
6648.65 4.7138
6648.70 4.7138
6648.75 4.7137
6648.80 4.7136
6648.85 4.7136
6648.90 4.7135
6648.95 4.7134
6649.00 4.7133
6649.05 4.7133
6649.10 4.7132
6649.15 4.7131
6649.20 4.7130
6649.25 4.7129
6649.30 4.7128
6649.35 4.7127
6649.40 4.7127
6649.45 4.7126
6649.50 4.7125
6649.55 4.7124
6649.60 4.7123
6649.65 4.7122
6649.70 4.7121
6649.75 4.7120
6649.80 4.7119
6649.85 4.7118
6649.90 4.7117
6649.95 4.7116
6650.00 4.7114
6650.05 4.7113
6650.10 4.7112
6650.15 4.7111
6650.20 4.7110
6650.25 4.7109
6650.30 4.7107
6650.35 4.7106
6650.40 4.7105
6650.45 4.7104
6650.50 4.7102
6650.55 4.7101
6650.60 4.7100
6650.65 4.7099
6650.70 4.7097
6650.75 4.7096
6650.80 4.7094
6650.85 4.7093
6650.90 4.7092
6650.95 4.7090
6651.00 4.7089
6651.05 4.7087
6651.10 4.7086
6651.15 4.7084
6651.20 4.7083
6651.25 4.7081
6651.30 4.7080
6651.35 4.7078
6651.40 4.7077
6651.45 4.7075
6651.50 4.7074
6651.55 4.7072
6651.60 4.7070
6651.65 4.7069
6651.70 4.7067
6651.75 4.7065
6651.80 4.7064
6651.85 4.7062
6651.90 4.7060
6651.95 4.7058
6652.00 4.7057
6652.05 4.7055
6652.10 4.7053
6652.15 4.7051
6652.20 4.7049
6652.25 4.7048
6652.30 4.7046
6652.35 4.7044
6652.40 4.7042
6652.45 4.7040
6652.50 4.7038
6652.55 4.7036
6652.60 4.7034
6652.65 4.7032
6652.70 4.7030
6652.75 4.7028
6652.80 4.7026
6652.85 4.7024
6652.90 4.7022
6652.95 4.7020
6653.00 4.7018
6653.05 4.7016
6653.10 4.7014
6653.15 4.7012
6653.20 4.7010
6653.25 4.7008
6653.30 4.7006
6653.35 4.7003
6653.40 4.7001
6653.45 4.6999
6653.50 4.6997
6653.55 4.6995
6653.60 4.6992
6653.65 4.6990
6653.70 4.6988
6653.75 4.6986
6653.80 4.6983
6653.85 4.6981
6653.90 4.6979
6653.95 4.6976
6654.00 4.6974
6654.05 4.6972
6654.10 4.6969
6654.15 4.6967
6654.20 4.6965
6654.25 4.6962
6654.30 4.6960
6654.35 4.6957
6654.40 4.6955
6654.45 4.6953
6654.50 4.6950
6654.55 4.6948
6654.60 4.6945
6654.65 4.6943
6654.70 4.6940
6654.75 4.6938
6654.80 4.6935
6654.85 4.6933
6654.90 4.6930
6654.95 4.6927
6655.00 4.6925
6655.05 4.6922
6655.10 4.6920
6655.15 4.6917
6655.20 4.6915
6655.25 4.6912
6655.30 4.6909
6655.35 4.6907
6655.40 4.6904
6655.45 4.6901
6655.50 4.6899
6655.55 4.6896
6655.60 4.6893
6655.65 4.6890
6655.70 4.6888
6655.75 4.6885
6655.80 4.6882
6655.85 4.6880
6655.90 4.6877
6655.95 4.6874
6656.00 4.6871
6656.05 4.6868
6656.10 4.6866
6656.15 4.6863
6656.20 4.6860
6656.25 4.6857
6656.30 4.6854
6656.35 4.6852
6656.40 4.6849
6656.45 4.6846
6656.50 4.6843
6656.55 4.6840
6656.60 4.6837
6656.65 4.6834
6656.70 4.6831
6656.75 4.6828
6656.80 4.6826
6656.85 4.6823
6656.90 4.6820
6656.95 4.6817
6657.00 4.6814
6657.05 4.6811
6657.10 4.6808
6657.15 4.6805
6657.20 4.6802
6657.25 4.6799
6657.30 4.6796
6657.35 4.6793
6657.40 4.6790
6657.45 4.6787
6657.50 4.6784
6657.55 4.6781
6657.60 4.6778
6657.65 4.6775
6657.70 4.6772
6657.75 4.6769
6657.80 4.6766
6657.85 4.6763
6657.90 4.6760
6657.95 4.6757
6658.00 4.6754
6658.05 4.6750
6658.10 4.6747
6658.15 4.6744
6658.20 4.6741
6658.25 4.6738
6658.30 4.6735
6658.35 4.6732
6658.40 4.6729
6658.45 4.6726
6658.50 4.6723
6658.55 4.6719
6658.60 4.6716
6658.65 4.6713
6658.70 4.6710
6658.75 4.6707
6658.80 4.6704
6658.85 4.6701
6658.90 4.6697
6658.95 4.6694
6659.00 4.6691
6659.05 4.6688
6659.10 4.6685
6659.15 4.6682
6659.20 4.6678
6659.25 4.6675
6659.30 4.6672
6659.35 4.6669
6659.40 4.6666
6659.45 4.6662
6659.50 4.6659
6659.55 4.6656
6659.60 4.6653
6659.65 4.6650
6659.70 4.6646
6659.75 4.6643
6659.80 4.6640
6659.85 4.6637
6659.90 4.6634
6659.95 4.6630
6660.00 4.6627
6660.05 4.6624
6660.10 4.6621
6660.15 4.6618
6660.20 4.6614
6660.25 4.6611
6660.30 4.6608
6660.35 4.6605
6660.40 4.6601
6660.45 4.6598
6660.50 4.6595
6660.55 4.6592
6660.60 4.6589
6660.65 4.6585
6660.70 4.6582
6660.75 4.6579
6660.80 4.6576
6660.85 4.6572
6660.90 4.6569
6660.95 4.6566
6661.00 4.6563
6661.05 4.6559
6661.10 4.6556
6661.15 4.6553
6661.20 4.6550
6661.25 4.6546
6661.30 4.6543
6661.35 4.6540
6661.40 4.6537
6661.45 4.6534
6661.50 4.6530
6661.55 4.6527
6661.60 4.6524
6661.65 4.6521
6661.70 4.6517
6661.75 4.6514
6661.80 4.6511
6661.85 4.6508
6661.90 4.6504
6661.95 4.6501
6662.00 4.6498
6662.05 4.6495
6662.10 4.6491
6662.15 4.6488
6662.20 4.6485
6662.25 4.6482
6662.30 4.6479
6662.35 4.6475
6662.40 4.6472
6662.45 4.6469
6662.50 4.6466
6662.55 4.6462
6662.60 4.6459
6662.65 4.6456
6662.70 4.6453
6662.75 4.6450
6662.80 4.6446
6662.85 4.6443
6662.90 4.6440
6662.95 4.6437
6663.00 4.6433
6663.05 4.6430
6663.10 4.6427
6663.15 4.6424
6663.20 4.6421
6663.25 4.6417
6663.30 4.6414
6663.35 4.6411
6663.40 4.6408
6663.45 4.6405
6663.50 4.6401
6663.55 4.6398
6663.60 4.6395
6663.65 4.6392
6663.70 4.6389
6663.75 4.6386
6663.80 4.6382
6663.85 4.6379
6663.90 4.6376
6663.95 4.6373
6664.00 4.6370
6664.05 4.6366
6664.10 4.6363
6664.15 4.6360
6664.20 4.6357
6664.25 4.6354
6664.30 4.6351
6664.35 4.6348
6664.40 4.6344
6664.45 4.6341
6664.50 4.6338
6664.55 4.6335
6664.60 4.6332
6664.65 4.6329
6664.70 4.6326
6664.75 4.6322
6664.80 4.6319
6664.85 4.6316
6664.90 4.6313
6664.95 4.6310
6665.00 4.6307
6665.05 4.6304
6665.10 4.6301
6665.15 4.6297
6665.20 4.6294
6665.25 4.6291
6665.30 4.6288
6665.35 4.6285
6665.40 4.6282
6665.45 4.6279
6665.50 4.6276
6665.55 4.6273
6665.60 4.6269
6665.65 4.6266
6665.70 4.6263
6665.75 4.6260
6665.80 4.6257
6665.85 4.6254
6665.90 4.6251
6665.95 4.6248
6666.00 4.6245
6666.05 4.6242
6666.10 4.6239
6666.15 4.6236
6666.20 4.6233
6666.25 4.6230
6666.30 4.6227
6666.35 4.6223
6666.40 4.6220
6666.45 4.6217
6666.50 4.6214
6666.55 4.6211
6666.60 4.6208
6666.65 4.6205
6666.70 4.6202
6666.75 4.6199
6666.80 4.6196
6666.85 4.6193
6666.90 4.6190
6666.95 4.6187
6667.00 4.6184
6667.05 4.6181
6667.10 4.6178
6667.15 4.6175
6667.20 4.6172
6667.25 4.6169
6667.30 4.6166
6667.35 4.6163
6667.40 4.6160
6667.45 4.6157
6667.50 4.6154
6667.55 4.6151
6667.60 4.6148
6667.65 4.6145
6667.70 4.6142
6667.75 4.6139
6667.80 4.6136
6667.85 4.6133
6667.90 4.6130
6667.95 4.6127
6668.00 4.6125
6668.05 4.6122
6668.10 4.6119
6668.15 4.6116
6668.20 4.6113
6668.25 4.6110
6668.30 4.6107
6668.35 4.6104
6668.40 4.6101
6668.45 4.6098
6668.50 4.6095
6668.55 4.6092
6668.60 4.6089
6668.65 4.6086
6668.70 4.6083
6668.75 4.6081
6668.80 4.6078
6668.85 4.6075
6668.90 4.6072
6668.95 4.6069
6669.00 4.6066
6669.05 4.6063
6669.10 4.6060
6669.15 4.6057
6669.20 4.6055
6669.25 4.6052
6669.30 4.6049
6669.35 4.6046
6669.40 4.6043
6669.45 4.6040
6669.50 4.6037
6669.55 4.6034
6669.60 4.6032
6669.65 4.6029
6669.70 4.6026
6669.75 4.6023
6669.80 4.6020
6669.85 4.6017
6669.90 4.6015
6669.95 4.6012
6670.00 4.6009
6670.05 4.6006
6670.10 4.6003
6670.15 4.6000
6670.20 4.5998
6670.25 4.5995
6670.30 4.5992
6670.35 4.5989
6670.40 4.5986
6670.45 4.5983
6670.50 4.5981
6670.55 4.5978
6670.60 4.5975
6670.65 4.5972
6670.70 4.5970
6670.75 4.5967
6670.80 4.5964
6670.85 4.5961
6670.90 4.5958
6670.95 4.5956
6671.00 4.5953
6671.05 4.5950
6671.10 4.5947
6671.15 4.5945
6671.20 4.5942
6671.25 4.5939
6671.30 4.5936
6671.35 4.5934
6671.40 4.5931
6671.45 4.5928
6671.50 4.5925
6671.55 4.5923
6671.60 4.5920
6671.65 4.5917
6671.70 4.5914
6671.75 4.5912
6671.80 4.5909
6671.85 4.5906
6671.90 4.5904
6671.95 4.5901
6672.00 4.5898
6672.05 4.5896
6672.10 4.5893
6672.15 4.5890
6672.20 4.5887
6672.25 4.5885
6672.30 4.5882
6672.35 4.5879
6672.40 4.5877
6672.45 4.5874
6672.50 4.5871
6672.55 4.5869
6672.60 4.5866
6672.65 4.5864
6672.70 4.5861
6672.75 4.5858
6672.80 4.5856
6672.85 4.5853
6672.90 4.5850
6672.95 4.5848
6673.00 4.5845
6673.05 4.5843
6673.10 4.5840
6673.15 4.5837
6673.20 4.5835
6673.25 4.5832
6673.30 4.5830
6673.35 4.5827
6673.40 4.5824
6673.45 4.5822
6673.50 4.5819
6673.55 4.5817
6673.60 4.5814
6673.65 4.5812
6673.70 4.5809
6673.75 4.5807
6673.80 4.5804
6673.85 4.5801
6673.90 4.5799
6673.95 4.5796
6674.00 4.5794
6674.05 4.5791
6674.10 4.5789
6674.15 4.5786
6674.20 4.5784
6674.25 4.5781
6674.30 4.5779
6674.35 4.5776
6674.40 4.5774
6674.45 4.5772
6674.50 4.5769
6674.55 4.5767
6674.60 4.5764
6674.65 4.5762
6674.70 4.5759
6674.75 4.5757
6674.80 4.5754
6674.85 4.5752
6674.90 4.5750
6674.95 4.5747
6675.00 4.5745
6675.05 4.5742
6675.10 4.5740
6675.15 4.5738
6675.20 4.5735
6675.25 4.5733
6675.30 4.5731
6675.35 4.5728
6675.40 4.5726
6675.45 4.5723
6675.50 4.5721
6675.55 4.5719
6675.60 4.5716
6675.65 4.5714
6675.70 4.5712
6675.75 4.5710
6675.80 4.5707
6675.85 4.5705
6675.90 4.5703
6675.95 4.5700
6676.00 4.5698
6676.05 4.5696
6676.10 4.5694
6676.15 4.5691
6676.20 4.5689
6676.25 4.5687
6676.30 4.5685
6676.35 4.5683
6676.40 4.5680
6676.45 4.5678
6676.50 4.5676
6676.55 4.5674
6676.60 4.5672
6676.65 4.5669
6676.70 4.5667
6676.75 4.5665
6676.80 4.5663
6676.85 4.5661
6676.90 4.5659
6676.95 4.5657
6677.00 4.5655
6677.05 4.5652
6677.10 4.5650
6677.15 4.5648
6677.20 4.5646
6677.25 4.5644
6677.30 4.5642
6677.35 4.5640
6677.40 4.5638
6677.45 4.5636
6677.50 4.5634
6677.55 4.5632
6677.60 4.5630
6677.65 4.5628
6677.70 4.5626
6677.75 4.5624
6677.80 4.5622
6677.85 4.5620
6677.90 4.5618
6677.95 4.5616
6678.00 4.5614
6678.05 4.5613
6678.10 4.5611
6678.15 4.5609
6678.20 4.5607
6678.25 4.5605
6678.30 4.5603
6678.35 4.5601
6678.40 4.5599
6678.45 4.5598
6678.50 4.5596
6678.55 4.5594
6678.60 4.5592
6678.65 4.5590
6678.70 4.5589
6678.75 4.5587
6678.80 4.5585
6678.85 4.5583
6678.90 4.5582
6678.95 4.5580
6679.00 4.5578
6679.05 4.5577
6679.10 4.5575
6679.15 4.5573
6679.20 4.5572
6679.25 4.5570
6679.30 4.5568
6679.35 4.5567
6679.40 4.5565
6679.45 4.5563
6679.50 4.5562
6679.55 4.5560
6679.60 4.5559
6679.65 4.5557
6679.70 4.5556
6679.75 4.5554
6679.80 4.5553
6679.85 4.5551
6679.90 4.5550
6679.95 4.5548
6680.00 4.5547
6680.05 4.5545
6680.10 4.5544
6680.15 4.5542
6680.20 4.5541
6680.25 4.5539
6680.30 4.5538
6680.35 4.5537
6680.40 4.5535
6680.45 4.5534
6680.50 4.5533
6680.55 4.5531
6680.60 4.5530
6680.65 4.5529
6680.70 4.5527
6680.75 4.5526
6680.80 4.5525
6680.85 4.5524
6680.90 4.5522
6680.95 4.5521
6681.00 4.5520
6681.05 4.5519
6681.10 4.5517
6681.15 4.5516
6681.20 4.5515
6681.25 4.5514
6681.30 4.5513
6681.35 4.5512
6681.40 4.5511
6681.45 4.5510
6681.50 4.5508
6681.55 4.5507
6681.60 4.5506
6681.65 4.5505
6681.70 4.5504
6681.75 4.5503
6681.80 4.5502
6681.85 4.5501
6681.90 4.5500
6681.95 4.5499
6682.00 4.5499
6682.05 4.5498
6682.10 4.5497
6682.15 4.5496
6682.20 4.5495
6682.25 4.5494
6682.30 4.5493
6682.35 4.5492
6682.40 4.5492
6682.45 4.5491
6682.50 4.5490
6682.55 4.5489
6682.60 4.5489
6682.65 4.5488
6682.70 4.5487
6682.75 4.5486
6682.80 4.5486
6682.85 4.5485
6682.90 4.5484
6682.95 4.5484
6683.00 4.5483
6683.05 4.5482
6683.10 4.5482
6683.15 4.5481
6683.20 4.5481
6683.25 4.5480
6683.30 4.5480
6683.35 4.5479
6683.40 4.5479
6683.45 4.5478
6683.50 4.5478
6683.55 4.5477
6683.60 4.5477
6683.65 4.5476
6683.70 4.5476
6683.75 4.5475
6683.80 4.5475
6683.85 4.5475
6683.90 4.5474
6683.95 4.5474
6684.00 4.5474
6684.05 4.5473
6684.10 4.5473
6684.15 4.5473
6684.20 4.5473
6684.25 4.5472
6684.30 4.5472
6684.35 4.5472
6684.40 4.5472
6684.45 4.5472
6684.50 4.5471
6684.55 4.5471
6684.60 4.5471
6684.65 4.5471
6684.70 4.5471
6684.75 4.5471
6684.80 4.5471
6684.85 4.5471
6684.90 4.5471
6684.95 4.5471
6685.00 4.5471
6685.05 4.5471
6685.10 4.5471
6685.15 4.5471
6685.20 4.5471
6685.25 4.5471
6685.30 4.5471
6685.35 4.5471
6685.40 4.5471
6685.45 4.5472
6685.50 4.5472
6685.55 4.5472
6685.60 4.5472
6685.65 4.5472
6685.70 4.5473
6685.75 4.5473
6685.80 4.5473
6685.85 4.5473
6685.90 4.5474
6685.95 4.5474
6686.00 4.5474
6686.05 4.5475
6686.10 4.5475
6686.15 4.5475
6686.20 4.5476
6686.25 4.5476
6686.30 4.5477
6686.35 4.5477
6686.40 4.5478
6686.45 4.5478
6686.50 4.5479
6686.55 4.5479
6686.60 4.5480
6686.65 4.5480
6686.70 4.5481
6686.75 4.5481
6686.80 4.5482
6686.85 4.5483
6686.90 4.5483
6686.95 4.5484
6687.00 4.5485
6687.05 4.5485
6687.10 4.5486
6687.15 4.5487
6687.20 4.5487
6687.25 4.5488
6687.30 4.5489
6687.35 4.5490
6687.40 4.5490
6687.45 4.5491
6687.50 4.5492
6687.55 4.5493
6687.60 4.5494
6687.65 4.5495
6687.70 4.5496
6687.75 4.5496
6687.80 4.5497
6687.85 4.5498
6687.90 4.5499
6687.95 4.5500
6688.00 4.5501
6688.05 4.5502
6688.10 4.5503
6688.15 4.5504
6688.20 4.5505
6688.25 4.5506
6688.30 4.5507
6688.35 4.5509
6688.40 4.5510
6688.45 4.5511
6688.50 4.5512
6688.55 4.5513
6688.60 4.5514
6688.65 4.5515
6688.70 4.5517
6688.75 4.5518
6688.80 4.5519
6688.85 4.5520
6688.90 4.5522
6688.95 4.5523
6689.00 4.5524
6689.05 4.5526
6689.10 4.5527
6689.15 4.5528
6689.20 4.5530
6689.25 4.5531
6689.30 4.5532
6689.35 4.5534
6689.40 4.5535
6689.45 4.5537
6689.50 4.5538
6689.55 4.5540
6689.60 4.5541
6689.65 4.5542
6689.70 4.5544
6689.75 4.5546
6689.80 4.5547
6689.85 4.5549
6689.90 4.5550
6689.95 4.5552
6690.00 4.5553
6690.05 4.5555
6690.10 4.5557
6690.15 4.5558
6690.20 4.5560
6690.25 4.5562
6690.30 4.5563
6690.35 4.5565
6690.40 4.5567
6690.45 4.5568
6690.50 4.5570
6690.55 4.5572
6690.60 4.5574
6690.65 4.5575
6690.70 4.5577
6690.75 4.5579
6690.80 4.5581
6690.85 4.5583
6690.90 4.5585
6690.95 4.5586
6691.00 4.5588
6691.05 4.5590
6691.10 4.5592
6691.15 4.5594
6691.20 4.5596
6691.25 4.5598
6691.30 4.5600
6691.35 4.5602
6691.40 4.5604
6691.45 4.5606
6691.50 4.5608
6691.55 4.5610
6691.60 4.5612
6691.65 4.5614
6691.70 4.5616
6691.75 4.5618
6691.80 4.5620
6691.85 4.5622
6691.90 4.5624
6691.95 4.5627
6692.00 4.5629
6692.05 4.5631
6692.10 4.5633
6692.15 4.5635
6692.20 4.5637
6692.25 4.5640
6692.30 4.5642
6692.35 4.5644
6692.40 4.5646
6692.45 4.5649
6692.50 4.5651
6692.55 4.5653
6692.60 4.5655
6692.65 4.5658
6692.70 4.5660
6692.75 4.5662
6692.80 4.5665
6692.85 4.5667
6692.90 4.5669
6692.95 4.5672
6693.00 4.5674
6693.05 4.5676
6693.10 4.5679
6693.15 4.5681
6693.20 4.5684
6693.25 4.5686
6693.30 4.5689
6693.35 4.5691
6693.40 4.5694
6693.45 4.5696
6693.50 4.5699
6693.55 4.5701
6693.60 4.5704
6693.65 4.5706
6693.70 4.5709
6693.75 4.5711
6693.80 4.5714
6693.85 4.5716
6693.90 4.5719
6693.95 4.5722
6694.00 4.5724
6694.05 4.5727
6694.10 4.5729
6694.15 4.5732
6694.20 4.5735
6694.25 4.5737
6694.30 4.5740
6694.35 4.5743
6694.40 4.5745
6694.45 4.5748
6694.50 4.5751
6694.55 4.5753
6694.60 4.5756
6694.65 4.5759
6694.70 4.5762
6694.75 4.5764
6694.80 4.5767
6694.85 4.5770
6694.90 4.5773
6694.95 4.5776
6695.00 4.5778
6695.05 4.5781
6695.10 4.5784
6695.15 4.5787
6695.20 4.5790
6695.25 4.5792
6695.30 4.5795
6695.35 4.5798
6695.40 4.5801
6695.45 4.5804
6695.50 4.5807
6695.55 4.5810
6695.60 4.5813
6695.65 4.5816
6695.70 4.5819
6695.75 4.5822
6695.80 4.5824
6695.85 4.5827
6695.90 4.5830
6695.95 4.5833
6696.00 4.5836
6696.05 4.5839
6696.10 4.5842
6696.15 4.5845
6696.20 4.5848
6696.25 4.5851
6696.30 4.5854
6696.35 4.5858
6696.40 4.5861
6696.45 4.5864
6696.50 4.5867
6696.55 4.5870
6696.60 4.5873
6696.65 4.5876
6696.70 4.5879
6696.75 4.5882
6696.80 4.5885
6696.85 4.5889
6696.90 4.5892
6696.95 4.5895
6697.00 4.5898
6697.05 4.5901
6697.10 4.5904
6697.15 4.5907
6697.20 4.5911
6697.25 4.5914
6697.30 4.5917
6697.35 4.5920
6697.40 4.5924
6697.45 4.5927
6697.50 4.5930
6697.55 4.5933
6697.60 4.5936
6697.65 4.5940
6697.70 4.5943
6697.75 4.5946
6697.80 4.5950
6697.85 4.5953
6697.90 4.5956
6697.95 4.5960
6698.00 4.5963
6698.05 4.5966
6698.10 4.5969
6698.15 4.5973
6698.20 4.5976
6698.25 4.5980
6698.30 4.5983
6698.35 4.5986
6698.40 4.5990
6698.45 4.5993
6698.50 4.5996
6698.55 4.6000
6698.60 4.6003
6698.65 4.6007
6698.70 4.6010
6698.75 4.6014
6698.80 4.6017
6698.85 4.6020
6698.90 4.6024
6698.95 4.6027
6699.00 4.6031
6699.05 4.6034
6699.10 4.6038
6699.15 4.6041
6699.20 4.6045
6699.25 4.6048
6699.30 4.6052
6699.35 4.6055
6699.40 4.6059
6699.45 4.6062
6699.50 4.6066
6699.55 4.6069
6699.60 4.6073
6699.65 4.6077
6699.70 4.6080
6699.75 4.6084
6699.80 4.6087
6699.85 4.6091
6699.90 4.6094
6699.95 4.6098
6700.00 4.6102
6700.05 4.6105
6700.10 4.6109
6700.15 4.6113
6700.20 4.6116
6700.25 4.6120
6700.30 4.6123
6700.35 4.6127
6700.40 4.6131
6700.45 4.6134
6700.50 4.6138
6700.55 4.6142
6700.60 4.6145
6700.65 4.6149
6700.70 4.6153
6700.75 4.6157
6700.80 4.6160
6700.85 4.6164
6700.90 4.6168
6700.95 4.6172
6701.00 4.6175
6701.05 4.6179
6701.10 4.6183
6701.15 4.6187
6701.20 4.6190
6701.25 4.6194
6701.30 4.6198
6701.35 4.6202
6701.40 4.6205
6701.45 4.6209
6701.50 4.6213
6701.55 4.6217
6701.60 4.6221
6701.65 4.6225
6701.70 4.6228
6701.75 4.6232
6701.80 4.6236
6701.85 4.6240
6701.90 4.6244
6701.95 4.6248
6702.00 4.6252
6702.05 4.6255
6702.10 4.6259
6702.15 4.6263
6702.20 4.6267
6702.25 4.6271
6702.30 4.6275
6702.35 4.6279
6702.40 4.6283
6702.45 4.6287
6702.50 4.6291
6702.55 4.6295
6702.60 4.6299
6702.65 4.6302
6702.70 4.6306
6702.75 4.6310
6702.80 4.6314
6702.85 4.6318
6702.90 4.6322
6702.95 4.6326
6703.00 4.6330
6703.05 4.6334
6703.10 4.6338
6703.15 4.6342
6703.20 4.6346
6703.25 4.6350
6703.30 4.6354
6703.35 4.6358
6703.40 4.6362
6703.45 4.6366
6703.50 4.6371
6703.55 4.6375
6703.60 4.6379
6703.65 4.6383
6703.70 4.6387
6703.75 4.6391
6703.80 4.6395
6703.85 4.6399
6703.90 4.6403
6703.95 4.6407
6704.00 4.6411
6704.05 4.6415
6704.10 4.6419
6704.15 4.6424
6704.20 4.6428
6704.25 4.6432
6704.30 4.6436
6704.35 4.6440
6704.40 4.6444
6704.45 4.6448
6704.50 4.6452
6704.55 4.6457
6704.60 4.6461
6704.65 4.6465
6704.70 4.6469
6704.75 4.6473
6704.80 4.6477
6704.85 4.6481
6704.90 4.6486
6704.95 4.6490
6705.00 4.6494
6705.05 4.6498
6705.10 4.6502
6705.15 4.6507
6705.20 4.6511
6705.25 4.6515
6705.30 4.6519
6705.35 4.6523
6705.40 4.6527
6705.45 4.6532
6705.50 4.6536
6705.55 4.6540
6705.60 4.6544
6705.65 4.6548
6705.70 4.6553
6705.75 4.6557
6705.80 4.6561
6705.85 4.6565
6705.90 4.6570
6705.95 4.6574
6706.00 4.6578
6706.05 4.6582
6706.10 4.6586
6706.15 4.6591
6706.20 4.6595
6706.25 4.6599
6706.30 4.6603
6706.35 4.6608
6706.40 4.6612
6706.45 4.6616
6706.50 4.6620
6706.55 4.6624
6706.60 4.6629
6706.65 4.6633
6706.70 4.6637
6706.75 4.6641
6706.80 4.6646
6706.85 4.6650
6706.90 4.6654
6706.95 4.6658
6707.00 4.6663
6707.05 4.6667
6707.10 4.6671
6707.15 4.6675
6707.20 4.6679
6707.25 4.6684
6707.30 4.6688
6707.35 4.6692
6707.40 4.6696
6707.45 4.6701
6707.50 4.6705
6707.55 4.6709
6707.60 4.6713
6707.65 4.6717
6707.70 4.6722
6707.75 4.6726
6707.80 4.6730
6707.85 4.6734
6707.90 4.6738
6707.95 4.6743
6708.00 4.6747
6708.05 4.6751
6708.10 4.6755
6708.15 4.6759
6708.20 4.6764
6708.25 4.6768
6708.30 4.6772
6708.35 4.6776
6708.40 4.6780
6708.45 4.6784
6708.50 4.6789
6708.55 4.6793
6708.60 4.6797
6708.65 4.6801
6708.70 4.6805
6708.75 4.6809
6708.80 4.6813
6708.85 4.6817
6708.90 4.6822
6708.95 4.6826
6709.00 4.6830
6709.05 4.6834
6709.10 4.6838
6709.15 4.6842
6709.20 4.6846
6709.25 4.6850
6709.30 4.6854
6709.35 4.6858
6709.40 4.6862
6709.45 4.6866
6709.50 4.6870
6709.55 4.6874
6709.60 4.6878
6709.65 4.6882
6709.70 4.6886
6709.75 4.6890
6709.80 4.6894
6709.85 4.6898
6709.90 4.6902
6709.95 4.6906
6710.00 4.6910
6710.05 4.6914
6710.10 4.6918
6710.15 4.6922
6710.20 4.6926
6710.25 4.6930
6710.30 4.6933
6710.35 4.6937
6710.40 4.6941
6710.45 4.6945
6710.50 4.6949
6710.55 4.6953
6710.60 4.6956
6710.65 4.6960
6710.70 4.6964
6710.75 4.6968
6710.80 4.6972
6710.85 4.6975
6710.90 4.6979
6710.95 4.6983
6711.00 4.6986
6711.05 4.6990
6711.10 4.6994
6711.15 4.6998
6711.20 4.7001
6711.25 4.7005
6711.30 4.7008
6711.35 4.7012
6711.40 4.7016
6711.45 4.7019
6711.50 4.7023
6711.55 4.7026
6711.60 4.7030
6711.65 4.7033
6711.70 4.7037
6711.75 4.7040
6711.80 4.7044
6711.85 4.7047
6711.90 4.7051
6711.95 4.7054
6712.00 4.7058
6712.05 4.7061
6712.10 4.7064
6712.15 4.7068
6712.20 4.7071
6712.25 4.7074
6712.30 4.7078
6712.35 4.7081
6712.40 4.7084
6712.45 4.7087
6712.50 4.7091
6712.55 4.7094
6712.60 4.7097
6712.65 4.7100
6712.70 4.7103
6712.75 4.7106
6712.80 4.7110
6712.85 4.7113
6712.90 4.7116
6712.95 4.7119
6713.00 4.7122
6713.05 4.7125
6713.10 4.7128
6713.15 4.7131
6713.20 4.7134
6713.25 4.7137
6713.30 4.7140
6713.35 4.7142
6713.40 4.7145
6713.45 4.7148
6713.50 4.7151
6713.55 4.7154
6713.60 4.7156
6713.65 4.7159
6713.70 4.7162
6713.75 4.7165
6713.80 4.7167
6713.85 4.7170
6713.90 4.7173
6713.95 4.7175
6714.00 4.7178
6714.05 4.7180
6714.10 4.7183
6714.15 4.7185
6714.20 4.7188
6714.25 4.7190
6714.30 4.7193
6714.35 4.7195
6714.40 4.7198
6714.45 4.7200
6714.50 4.7202
6714.55 4.7205
6714.60 4.7207
6714.65 4.7209
6714.70 4.7211
6714.75 4.7214
6714.80 4.7216
6714.85 4.7218
6714.90 4.7220
6714.95 4.7222
6715.00 4.7224
6715.05 4.7226
6715.10 4.7228
6715.15 4.7230
6715.20 4.7232
6715.25 4.7234
6715.30 4.7236
6715.35 4.7238
6715.40 4.7240
6715.45 4.7242
6715.50 4.7244
6715.55 4.7246
6715.60 4.7247
6715.65 4.7249
6715.70 4.7251
6715.75 4.7252
6715.80 4.7254
6715.85 4.7256
6715.90 4.7257
6715.95 4.7259
6716.00 4.7260
6716.05 4.7262
6716.10 4.7263
6716.15 4.7265
6716.20 4.7266
6716.25 4.7267
6716.30 4.7269
6716.35 4.7270
6716.40 4.7271
6716.45 4.7273
6716.50 4.7274
6716.55 4.7275
6716.60 4.7276
6716.65 4.7277
6716.70 4.7279
6716.75 4.7280
6716.80 4.7281
6716.85 4.7282
6716.90 4.7283
6716.95 4.7284
6717.00 4.7285
6717.05 4.7286
6717.10 4.7286
6717.15 4.7287
6717.20 4.7288
6717.25 4.7289
6717.30 4.7290
6717.35 4.7290
6717.40 4.7291
6717.45 4.7292
6717.50 4.7292
6717.55 4.7293
6717.60 4.7293
6717.65 4.7294
6717.70 4.7294
6717.75 4.7295
6717.80 4.7295
6717.85 4.7296
6717.90 4.7296
6717.95 4.7296
6718.00 4.7297
6718.05 4.7297
6718.10 4.7297
6718.15 4.7298
6718.20 4.7298
6718.25 4.7298
6718.30 4.7298
6718.35 4.7298
6718.40 4.7298
6718.45 4.7298
