4832.50 9.5509
4832.55 9.5522
4832.60 9.5536
4832.65 9.5549
4832.70 9.5563
4832.75 9.5576
4832.80 9.5589
4832.85 9.5602
4832.90 9.5615
4832.95 9.5628
4833.00 9.5641
4833.05 9.5654
4833.10 9.5666
4833.15 9.5679
4833.20 9.5691
4833.25 9.5704
4833.30 9.5716
4833.35 9.5729
4833.40 9.5741
4833.45 9.5753
4833.50 9.5765
4833.55 9.5777
4833.60 9.5789
4833.65 9.5801
4833.70 9.5812
4833.75 9.5824
4833.80 9.5836
4833.85 9.5847
4833.90 9.5858
4833.95 9.5870
4834.00 9.5881
4834.05 9.5892
4834.10 9.5903
4834.15 9.5914
4834.20 9.5925
4834.25 9.5936
4834.30 9.5947
4834.35 9.5958
4834.40 9.5968
4834.45 9.5979
4834.50 9.5989
4834.55 9.6000
4834.60 9.6010
4834.65 9.6021
4834.70 9.6031
4834.75 9.6041
4834.80 9.6051
4834.85 9.6061
4834.90 9.6071
4834.95 9.6081
4835.00 9.6090
4835.05 9.6100
4835.10 9.6110
4835.15 9.6119
4835.20 9.6129
4835.25 9.6138
4835.30 9.6147
4835.35 9.6157
4835.40 9.6166
4835.45 9.6175
4835.50 9.6184
4835.55 9.6193
4835.60 9.6202
4835.65 9.6210
4835.70 9.6219
4835.75 9.6228
4835.80 9.6236
4835.85 9.6245
4835.90 9.6253
4835.95 9.6262
4836.00 9.6270
4836.05 9.6278
4836.10 9.6286
4836.15 9.6295
4836.20 9.6303
4836.25 9.6310
4836.30 9.6318
4836.35 9.6326
4836.40 9.6334
4836.45 9.6342
4836.50 9.6349
4836.55 9.6357
4836.60 9.6364
4836.65 9.6372
4836.70 9.6379
4836.75 9.6386
4836.80 9.6393
4836.85 9.6401
4836.90 9.6408
4836.95 9.6415
4837.00 9.6421
4837.05 9.6428
4837.10 9.6435
4837.15 9.6442
4837.20 9.6448
4837.25 9.6455
4837.30 9.6462
4837.35 9.6468
4837.40 9.6474
4837.45 9.6481
4837.50 9.6487
4837.55 9.6493
4837.60 9.6499
4837.65 9.6505
4837.70 9.6511
4837.75 9.6517
4837.80 9.6523
4837.85 9.6529
4837.90 9.6535
4837.95 9.6540
4838.00 9.6546
4838.05 9.6551
4838.10 9.6557
4838.15 9.6562
4838.20 9.6568
4838.25 9.6573
4838.30 9.6578
4838.35 9.6583
4838.40 9.6588
4838.45 9.6593
4838.50 9.6598
4838.55 9.6603
4838.60 9.6608
4838.65 9.6613
4838.70 9.6618
4838.75 9.6622
4838.80 9.6627
4838.85 9.6631
4838.90 9.6636
4838.95 9.6640
4839.00 9.6645
4839.05 9.6649
4839.10 9.6653
4839.15 9.6657
4839.20 9.6661
4839.25 9.6665
4839.30 9.6669
4839.35 9.6673
4839.40 9.6677
4839.45 9.6681
4839.50 9.6685
4839.55 9.6688
4839.60 9.6692
4839.65 9.6696
4839.70 9.6699
4839.75 9.6702
4839.80 9.6706
4839.85 9.6709
4839.90 9.6712
4839.95 9.6716
4840.00 9.6719
4840.05 9.6722
4840.10 9.6725
4840.15 9.6728
4840.20 9.6731
4840.25 9.6734
4840.30 9.6736
4840.35 9.6739
4840.40 9.6742
4840.45 9.6744
4840.50 9.6747
4840.55 9.6750
4840.60 9.6752
4840.65 9.6754
4840.70 9.6757
4840.75 9.6759
4840.80 9.6761
4840.85 9.6763
4840.90 9.6766
4840.95 9.6768
4841.00 9.6770
4841.05 9.6772
4841.10 9.6773
4841.15 9.6775
4841.20 9.6777
4841.25 9.6779
4841.30 9.6780
4841.35 9.6782
4841.40 9.6784
4841.45 9.6785
4841.50 9.6787
4841.55 9.6788
4841.60 9.6789
4841.65 9.6791
4841.70 9.6792
4841.75 9.6793
4841.80 9.6794
4841.85 9.6795
4841.90 9.6796
4841.95 9.6797
4842.00 9.6798
4842.05 9.6799
4842.10 9.6800
4842.15 9.6801
4842.20 9.6801
4842.25 9.6802
4842.30 9.6803
4842.35 9.6803
4842.40 9.6804
4842.45 9.6804
4842.50 9.6805
4842.55 9.6805
4842.60 9.6805
4842.65 9.6806
4842.70 9.6806
4842.75 9.6806
4842.80 9.6806
4842.85 9.6806
4842.90 9.6806
4842.95 9.6806
4843.00 9.6806
4843.05 9.6806
4843.10 9.6806
4843.15 9.6805
4843.20 9.6805
4843.25 9.6805
4843.30 9.6804
4843.35 9.6804
4843.40 9.6803
4843.45 9.6803
4843.50 9.6802
4843.55 9.6802
4843.60 9.6801
4843.65 9.6800
4843.70 9.6799
4843.75 9.6799
4843.80 9.6798
4843.85 9.6797
4843.90 9.6796
4843.95 9.6795
4844.00 9.6794
4844.05 9.6793
4844.10 9.6791
4844.15 9.6790
4844.20 9.6789
4844.25 9.6788
4844.30 9.6786
4844.35 9.6785
4844.40 9.6784
4844.45 9.6782
4844.50 9.6781
4844.55 9.6779
4844.60 9.6777
4844.65 9.6776
4844.70 9.6774
4844.75 9.6772
4844.80 9.6770
4844.85 9.6769
4844.90 9.6767
4844.95 9.6765
4845.00 9.6763
4845.05 9.6761
4845.10 9.6759
4845.15 9.6757
4845.20 9.6754
4845.25 9.6752
4845.30 9.6750
4845.35 9.6748
4845.40 9.6745
4845.45 9.6743
4845.50 9.6741
4845.55 9.6738
4845.60 9.6736
4845.65 9.6733
4845.70 9.6730
4845.75 9.6728
4845.80 9.6725
4845.85 9.6722
4845.90 9.6720
4845.95 9.6717
4846.00 9.6714
4846.05 9.6711
4846.10 9.6708
4846.15 9.6705
4846.20 9.6702
4846.25 9.6699
4846.30 9.6696
4846.35 9.6693
4846.40 9.6690
4846.45 9.6687
4846.50 9.6683
4846.55 9.6680
4846.60 9.6677
4846.65 9.6673
4846.70 9.6670
4846.75 9.6667
4846.80 9.6663
4846.85 9.6660
4846.90 9.6656
4846.95 9.6652
4847.00 9.6649
4847.05 9.6645
4847.10 9.6641
4847.15 9.6638
4847.20 9.6634
4847.25 9.6630
4847.30 9.6626
4847.35 9.6622
4847.40 9.6618
4847.45 9.6614
4847.50 9.6610
4847.55 9.6606
4847.60 9.6602
4847.65 9.6598
4847.70 9.6594
4847.75 9.6589
4847.80 9.6585
4847.85 9.6581
4847.90 9.6577
4847.95 9.6572
4848.00 9.6568
4848.05 9.6563
4848.10 9.6559
4848.15 9.6554
4848.20 9.6550
4848.25 9.6545
4848.30 9.6541
4848.35 9.6536
4848.40 9.6531
4848.45 9.6527
4848.50 9.6522
4848.55 9.6517
4848.60 9.6512
4848.65 9.6507
4848.70 9.6502
4848.75 9.6497
4848.80 9.6492
4848.85 9.6487
4848.90 9.6482
4848.95 9.6477
4849.00 9.6472
4849.05 9.6467
4849.10 9.6462
4849.15 9.6457
4849.20 9.6451
4849.25 9.6446
4849.30 9.6441
4849.35 9.6436
4849.40 9.6430
4849.45 9.6425
4849.50 9.6419
4849.55 9.6414
4849.60 9.6408
4849.65 9.6403
4849.70 9.6397
4849.75 9.6392
4849.80 9.6386
4849.85 9.6380
4849.90 9.6375
4849.95 9.6369
4850.00 9.6363
4850.05 9.6357
4850.10 9.6351
4850.15 9.6346
4850.20 9.6340
4850.25 9.6334
4850.30 9.6328
4850.35 9.6322
4850.40 9.6316
4850.45 9.6310
4850.50 9.6304
4850.55 9.6298
4850.60 9.6291
4850.65 9.6285
4850.70 9.6279
4850.75 9.6273
4850.80 9.6267
4850.85 9.6260
4850.90 9.6254
4850.95 9.6248
4851.00 9.6241
4851.05 9.6235
4851.10 9.6228
4851.15 9.6222
4851.20 9.6215
4851.25 9.6209
4851.30 9.6202
4851.35 9.6196
4851.40 9.6189
4851.45 9.6182
4851.50 9.6176
4851.55 9.6169
4851.60 9.6162
4851.65 9.6156
4851.70 9.6149
4851.75 9.6142
4851.80 9.6135
4851.85 9.6128
4851.90 9.6121
4851.95 9.6114
4852.00 9.6108
4852.05 9.6101
4852.10 9.6094
4852.15 9.6087
4852.20 9.6079
4852.25 9.6072
4852.30 9.6065
4852.35 9.6058
4852.40 9.6051
4852.45 9.6044
4852.50 9.6037
4852.55 9.6029
4852.60 9.6022
4852.65 9.6015
4852.70 9.6007
4852.75 9.6000
4852.80 9.5993
4852.85 9.5985
4852.90 9.5978
4852.95 9.5971
4853.00 9.5963
4853.05 9.5956
4853.10 9.5948
4853.15 9.5941
4853.20 9.5933
4853.25 9.5925
4853.30 9.5918
4853.35 9.5910
4853.40 9.5902
4853.45 9.5895
4853.50 9.5887
4853.55 9.5879
4853.60 9.5872
4853.65 9.5864
4853.70 9.5856
4853.75 9.5848
4853.80 9.5840
4853.85 9.5832
4853.90 9.5825
4853.95 9.5817
4854.00 9.5809
4854.05 9.5801
4854.10 9.5793
4854.15 9.5785
4854.20 9.5777
4854.25 9.5769
4854.30 9.5761
4854.35 9.5752
4854.40 9.5744
4854.45 9.5736
4854.50 9.5728
4854.55 9.5720
4854.60 9.5712
4854.65 9.5703
4854.70 9.5695
4854.75 9.5687
4854.80 9.5679
4854.85 9.5670
4854.90 9.5662
4854.95 9.5653
4855.00 9.5645
4855.05 9.5637
4855.10 9.5628
4855.15 9.5620
4855.20 9.5611
4855.25 9.5603
4855.30 9.5594
4855.35 9.5586
4855.40 9.5577
4855.45 9.5569
4855.50 9.5560
4855.55 9.5552
4855.60 9.5543
4855.65 9.5534
4855.70 9.5526
4855.75 9.5517
4855.80 9.5508
4855.85 9.5500
4855.90 9.5491
4855.95 9.5482
4856.00 9.5473
4856.05 9.5465
4856.10 9.5456
4856.15 9.5447
4856.20 9.5438
4856.25 9.5429
4856.30 9.5420
4856.35 9.5411
4856.40 9.5402
4856.45 9.5394
4856.50 9.5385
4856.55 9.5376
4856.60 9.5367
4856.65 9.5358
4856.70 9.5349
4856.75 9.5340
4856.80 9.5330
4856.85 9.5321
4856.90 9.5312
4856.95 9.5303
4857.00 9.5294
4857.05 9.5285
4857.10 9.5276
4857.15 9.5267
4857.20 9.5257
4857.25 9.5248
4857.30 9.5239
4857.35 9.5230
4857.40 9.5220
4857.45 9.5211
4857.50 9.5202
4857.55 9.5193
4857.60 9.5183
4857.65 9.5174
4857.70 9.5165
4857.75 9.5155
4857.80 9.5146
4857.85 9.5136
4857.90 9.5127
4857.95 9.5118
4858.00 9.5108
4858.05 9.5099
4858.10 9.5089
4858.15 9.5080
4858.20 9.5070
4858.25 9.5061
4858.30 9.5051
4858.35 9.5042
4858.40 9.5032
4858.45 9.5022
4858.50 9.5013
4858.55 9.5003
4858.60 9.4994
4858.65 9.4984
4858.70 9.4974
4858.75 9.4965
4858.80 9.4955
4858.85 9.4945
4858.90 9.4936
4858.95 9.4926
4859.00 9.4916
4859.05 9.4907
4859.10 9.4897
4859.15 9.4887
4859.20 9.4877
4859.25 9.4867
4859.30 9.4858
4859.35 9.4848
4859.40 9.4838
4859.45 9.4828
4859.50 9.4818
4859.55 9.4809
4859.60 9.4799
4859.65 9.4789
4859.70 9.4779
4859.75 9.4769
4859.80 9.4759
4859.85 9.4749
4859.90 9.4739
4859.95 9.4729
4860.00 9.4719
4860.05 9.4709
4860.10 9.4699
4860.15 9.4689
4860.20 9.4679
4860.25 9.4669
4860.30 9.4659
4860.35 9.4649
4860.40 9.4639
4860.45 9.4629
4860.50 9.4619
4860.55 9.4609
4860.60 9.4599
4860.65 9.4589
4860.70 9.4579
4860.75 9.4569
4860.80 9.4558
4860.85 9.4548
4860.90 9.4538
4860.95 9.4528
4861.00 9.4518
4861.05 9.4508
4861.10 9.4497
4861.15 9.4487
4861.20 9.4477
4861.25 9.4467
4861.30 9.4457
4861.35 9.4446
4861.40 9.4436
4861.45 9.4426
4861.50 9.4416
4861.55 9.4405
4861.60 9.4395
4861.65 9.4385
4861.70 9.4374
4861.75 9.4364
4861.80 9.4354
4861.85 9.4343
4861.90 9.4333
4861.95 9.4323
4862.00 9.4312
4862.05 9.4302
4862.10 9.4292
4862.15 9.4281
4862.20 9.4271
4862.25 9.4261
4862.30 9.4250
4862.35 9.4240
4862.40 9.4229
4862.45 9.4219
4862.50 9.4209
4862.55 9.4198
4862.60 9.4188
4862.65 9.4177
4862.70 9.4167
4862.75 9.4156
4862.80 9.4146
4862.85 9.4136
4862.90 9.4125
4862.95 9.4115
4863.00 9.4104
4863.05 9.4094
4863.10 9.4083
4863.15 9.4073
4863.20 9.4062
4863.25 9.4052
4863.30 9.4041
4863.35 9.4031
4863.40 9.4020
4863.45 9.4009
4863.50 9.3999
4863.55 9.3988
4863.60 9.3978
4863.65 9.3967
4863.70 9.3957
4863.75 9.3946
4863.80 9.3936
4863.85 9.3925
4863.90 9.3914
4863.95 9.3904
4864.00 9.3893
4864.05 9.3883
4864.10 9.3872
4864.15 9.3861
4864.20 9.3851
4864.25 9.3840
4864.30 9.3830
4864.35 9.3819
4864.40 9.3808
4864.45 9.3798
4864.50 9.3787
4864.55 9.3776
4864.60 9.3766
4864.65 9.3755
4864.70 9.3744
4864.75 9.3734
4864.80 9.3723
4864.85 9.3713
4864.90 9.3702
4864.95 9.3691
4865.00 9.3681
4865.05 9.3670
4865.10 9.3659
4865.15 9.3648
4865.20 9.3638
4865.25 9.3627
4865.30 9.3616
4865.35 9.3606
4865.40 9.3595
4865.45 9.3584
4865.50 9.3574
4865.55 9.3563
4865.60 9.3552
4865.65 9.3542
4865.70 9.3531
4865.75 9.3520
4865.80 9.3509
4865.85 9.3499
4865.90 9.3488
4865.95 9.3477
4866.00 9.3467
4866.05 9.3456
4866.10 9.3445
4866.15 9.3434
4866.20 9.3424
4866.25 9.3413
4866.30 9.3402
4866.35 9.3391
4866.40 9.3381
4866.45 9.3370
4866.50 9.3359
4866.55 9.3348
4866.60 9.3338
4866.65 9.3327
4866.70 9.3316
4866.75 9.3306
4866.80 9.3295
4866.85 9.3284
4866.90 9.3273
4866.95 9.3263
4867.00 9.3252
4867.05 9.3241
4867.10 9.3230
4867.15 9.3220
4867.20 9.3209
4867.25 9.3198
4867.30 9.3187
4867.35 9.3177
4867.40 9.3166
4867.45 9.3155
4867.50 9.3144
4867.55 9.3134
4867.60 9.3123
4867.65 9.3112
4867.70 9.3101
4867.75 9.3091
4867.80 9.3080
4867.85 9.3069
4867.90 9.3058
4867.95 9.3048
4868.00 9.3037
4868.05 9.3026
4868.10 9.3015
4868.15 9.3005
4868.20 9.2994
4868.25 9.2983
4868.30 9.2973
4868.35 9.2962
4868.40 9.2951
4868.45 9.2940
4868.50 9.2930
4868.55 9.2919
4868.60 9.2908
4868.65 9.2897
4868.70 9.2887
4868.75 9.2876
4868.80 9.2865
4868.85 9.2855
4868.90 9.2844
4868.95 9.2833
4869.00 9.2822
4869.05 9.2812
4869.10 9.2801
4869.15 9.2790
4869.20 9.2780
4869.25 9.2769
4869.30 9.2758
4869.35 9.2748
4869.40 9.2737
4869.45 9.2726
4869.50 9.2715
4869.55 9.2705
4869.60 9.2694
4869.65 9.2683
4869.70 9.2673
4869.75 9.2662
4869.80 9.2651
4869.85 9.2641
4869.90 9.2630
4869.95 9.2619
4870.00 9.2609
4870.05 9.2598
4870.10 9.2587
4870.15 9.2577
4870.20 9.2566
4870.25 9.2556
4870.30 9.2545
4870.35 9.2534
4870.40 9.2524
4870.45 9.2513
4870.50 9.2502
4870.55 9.2492
4870.60 9.2481
4870.65 9.2471
4870.70 9.2460
4870.75 9.2449
4870.80 9.2439
4870.85 9.2428
4870.90 9.2418
4870.95 9.2407
4871.00 9.2396
4871.05 9.2386
4871.10 9.2375
4871.15 9.2365
4871.20 9.2354
4871.25 9.2344
4871.30 9.2333
4871.35 9.2322
4871.40 9.2312
4871.45 9.2301
4871.50 9.2291
4871.55 9.2280
4871.60 9.2270
4871.65 9.2259
4871.70 9.2249
4871.75 9.2238
4871.80 9.2228
4871.85 9.2217
4871.90 9.2207
4871.95 9.2196
4872.00 9.2186
4872.05 9.2175
4872.10 9.2165
4872.15 9.2154
4872.20 9.2144
4872.25 9.2133
4872.30 9.2123
4872.35 9.2113
4872.40 9.2102
4872.45 9.2092
4872.50 9.2081
4872.55 9.2071
4872.60 9.2060
4872.65 9.2050
4872.70 9.2040
4872.75 9.2029
4872.80 9.2019
4872.85 9.2008
4872.90 9.1998
4872.95 9.1988
4873.00 9.1977
4873.05 9.1967
4873.10 9.1957
4873.15 9.1946
4873.20 9.1936
4873.25 9.1926
4873.30 9.1915
4873.35 9.1905
4873.40 9.1895
4873.45 9.1884
4873.50 9.1874
4873.55 9.1864
4873.60 9.1853
4873.65 9.1843
4873.70 9.1833
4873.75 9.1823
4873.80 9.1812
4873.85 9.1802
4873.90 9.1792
4873.95 9.1782
4874.00 9.1771
4874.05 9.1761
4874.10 9.1751
4874.15 9.1741
4874.20 9.1731
4874.25 9.1720
4874.30 9.1710
4874.35 9.1700
4874.40 9.1690
4874.45 9.1680
4874.50 9.1670
4874.55 9.1659
4874.60 9.1649
4874.65 9.1639
4874.70 9.1629
4874.75 9.1619
4874.80 9.1609
4874.85 9.1599
4874.90 9.1589
4874.95 9.1579
4875.00 9.1569
4875.05 9.1558
4875.10 9.1548
4875.15 9.1538
4875.20 9.1528
4875.25 9.1518
4875.30 9.1508
4875.35 9.1498
4875.40 9.1488
4875.45 9.1478
4875.50 9.1468
4875.55 9.1458
4875.60 9.1448
4875.65 9.1438
4875.70 9.1428
4875.75 9.1418
4875.80 9.1409
4875.85 9.1399
4875.90 9.1389
4875.95 9.1379
4876.00 9.1369
4876.05 9.1359
4876.10 9.1349
4876.15 9.1339
4876.20 9.1329
4876.25 9.1320
4876.30 9.1310
4876.35 9.1300
4876.40 9.1290
4876.45 9.1280
4876.50 9.1270
4876.55 9.1261
4876.60 9.1251
4876.65 9.1241
4876.70 9.1231
4876.75 9.1222
4876.80 9.1212
4876.85 9.1202
4876.90 9.1192
4876.95 9.1183
4877.00 9.1173
4877.05 9.1163
4877.10 9.1153
4877.15 9.1144
4877.20 9.1134
4877.25 9.1124
4877.30 9.1115
4877.35 9.1105
4877.40 9.1096
4877.45 9.1086
4877.50 9.1076
4877.55 9.1067
4877.60 9.1057
4877.65 9.1048
4877.70 9.1038
4877.75 9.1028
4877.80 9.1019
4877.85 9.1009
4877.90 9.1000
4877.95 9.0990
4878.00 9.0981
4878.05 9.0971
4878.10 9.0962
4878.15 9.0952
4878.20 9.0943
4878.25 9.0933
4878.30 9.0924
4878.35 9.0914
4878.40 9.0905
4878.45 9.0896
4878.50 9.0886
4878.55 9.0877
4878.60 9.0867
4878.65 9.0858
4878.70 9.0849
4878.75 9.0839
4878.80 9.0830
4878.85 9.0821
4878.90 9.0811
4878.95 9.0802
4879.00 9.0793
4879.05 9.0784
4879.10 9.0774
4879.15 9.0765
4879.20 9.0756
4879.25 9.0746
4879.30 9.0737
4879.35 9.0728
4879.40 9.0719
4879.45 9.0710
4879.50 9.0700
4879.55 9.0691
4879.60 9.0682
4879.65 9.0673
4879.70 9.0664
4879.75 9.0655
4879.80 9.0646
4879.85 9.0637
4879.90 9.0627
4879.95 9.0618
4880.00 9.0609
4880.05 9.0600
4880.10 9.0591
4880.15 9.0582
4880.20 9.0573
4880.25 9.0564
4880.30 9.0555
4880.35 9.0546
4880.40 9.0537
4880.45 9.0528
4880.50 9.0519
4880.55 9.0510
4880.60 9.0501
4880.65 9.0492
4880.70 9.0484
4880.75 9.0475
4880.80 9.0466
4880.85 9.0457
4880.90 9.0448
4880.95 9.0439
4881.00 9.0430
4881.05 9.0422
4881.10 9.0413
4881.15 9.0404
4881.20 9.0395
4881.25 9.0386
4881.30 9.0378
4881.35 9.0369
4881.40 9.0360
4881.45 9.0352
4881.50 9.0343
4881.55 9.0334
4881.60 9.0325
4881.65 9.0317
4881.70 9.0308
4881.75 9.0299
4881.80 9.0291
4881.85 9.0282
4881.90 9.0274
4881.95 9.0265
4882.00 9.0256
4882.05 9.0248
4882.10 9.0239
4882.15 9.0231
4882.20 9.0222
4882.25 9.0214
4882.30 9.0205
4882.35 9.0197
4882.40 9.0188
4882.45 9.0180
4882.50 9.0171
4882.55 9.0163
4882.60 9.0154
4882.65 9.0146
4882.70 9.0138
4882.75 9.0129
4882.80 9.0121
4882.85 9.0112
4882.90 9.0104
4882.95 9.0096
4883.00 9.0087
4883.05 9.0079
4883.10 9.0071
4883.15 9.0063
4883.20 9.0054
4883.25 9.0046
4883.30 9.0038
4883.35 9.0030
4883.40 9.0021
4883.45 9.0013
4883.50 9.0005
4883.55 8.9997
4883.60 8.9989
4883.65 8.9980
4883.70 8.9972
4883.75 8.9964
4883.80 8.9956
4883.85 8.9948
4883.90 8.9940
4883.95 8.9932
4884.00 8.9924
4884.05 8.9916
4884.10 8.9908
4884.15 8.9900
4884.20 8.9892
4884.25 8.9884
4884.30 8.9876
4884.35 8.9868
4884.40 8.9860
4884.45 8.9852
4884.50 8.9844
4884.55 8.9836
4884.60 8.9828
4884.65 8.9820
4884.70 8.9812
4884.75 8.9804
4884.80 8.9796
4884.85 8.9789
4884.90 8.9781
4884.95 8.9773
4885.00 8.9765
4885.05 8.9757
4885.10 8.9750
4885.15 8.9742
4885.20 8.9734
4885.25 8.9726
4885.30 8.9719
4885.35 8.9711
4885.40 8.9703
4885.45 8.9696
4885.50 8.9688
4885.55 8.9680
4885.60 8.9673
4885.65 8.9665
4885.70 8.9657
4885.75 8.9650
4885.80 8.9642
4885.85 8.9635
4885.90 8.9627
4885.95 8.9620
4886.00 8.9612
4886.05 8.9605
4886.10 8.9597
4886.15 8.9590
4886.20 8.9582
4886.25 8.9575
4886.30 8.9567
4886.35 8.9560
4886.40 8.9552
4886.45 8.9545
4886.50 8.9538
4886.55 8.9530
4886.60 8.9523
4886.65 8.9516
4886.70 8.9508
4886.75 8.9501
4886.80 8.9494
4886.85 8.9486
4886.90 8.9479
4886.95 8.9472
4887.00 8.9465
4887.05 8.9457
4887.10 8.9450
4887.15 8.9443
4887.20 8.9436
4887.25 8.9428
4887.30 8.9421
4887.35 8.9414
4887.40 8.9407
4887.45 8.9400
4887.50 8.9393
4887.55 8.9386
4887.60 8.9379
4887.65 8.9372
4887.70 8.9365
4887.75 8.9357
4887.80 8.9350
4887.85 8.9343
4887.90 8.9336
4887.95 8.9329
4888.00 8.9322
4888.05 8.9316
4888.10 8.9309
4888.15 8.9302
4888.20 8.9295
4888.25 8.9288
4888.30 8.9281
4888.35 8.9274
4888.40 8.9267
4888.45 8.9260
4888.50 8.9254
4888.55 8.9247
4888.60 8.9240
4888.65 8.9233
4888.70 8.9226
4888.75 8.9220
4888.80 8.9213
4888.85 8.9206
4888.90 8.9199
4888.95 8.9193
4889.00 8.9186
4889.05 8.9179
4889.10 8.9173
4889.15 8.9166
4889.20 8.9159
4889.25 8.9153
4889.30 8.9146
4889.35 8.9140
4889.40 8.9133
4889.45 8.9126
4889.50 8.9120
4889.55 8.9113
4889.60 8.9107
4889.65 8.9100
4889.70 8.9094
4889.75 8.9087
4889.80 8.9081
4889.85 8.9074
4889.90 8.9068
4889.95 8.9062
4890.00 8.9055
4890.05 8.9049
4890.10 8.9042
4890.15 8.9036
4890.20 8.9030
4890.25 8.9023
4890.30 8.9017
4890.35 8.9011
4890.40 8.9004
4890.45 8.8998
4890.50 8.8992
4890.55 8.8986
4890.60 8.8979
4890.65 8.8973
4890.70 8.8967
4890.75 8.8961
4890.80 8.8954
4890.85 8.8948
4890.90 8.8942
4890.95 8.8936
4891.00 8.8930
4891.05 8.8924
4891.10 8.8918
4891.15 8.8912
4891.20 8.8905
4891.25 8.8899
4891.30 8.8893
4891.35 8.8887
4891.40 8.8881
4891.45 8.8875
4891.50 8.8869
4891.55 8.8863
4891.60 8.8857
4891.65 8.8851
4891.70 8.8845
4891.75 8.8839
4891.80 8.8834
4891.85 8.8828
4891.90 8.8822
4891.95 8.8816
4892.00 8.8810
4892.05 8.8804
4892.10 8.8798
4892.15 8.8793
4892.20 8.8787
4892.25 8.8781
4892.30 8.8775
4892.35 8.8769
4892.40 8.8764
4892.45 8.8758
4892.50 8.8752
4892.55 8.8746
4892.60 8.8741
4892.65 8.8735
4892.70 8.8729
4892.75 8.8724
4892.80 8.8718
4892.85 8.8713
4892.90 8.8707
4892.95 8.8701
4893.00 8.8696
4893.05 8.8690
4893.10 8.8685
4893.15 8.8679
4893.20 8.8673
4893.25 8.8668
4893.30 8.8662
4893.35 8.8657
4893.40 8.8651
4893.45 8.8646
4893.50 8.8641
4893.55 8.8635
4893.60 8.8630
4893.65 8.8624
4893.70 8.8619
4893.75 8.8613
4893.80 8.8608
4893.85 8.8603
4893.90 8.8597
4893.95 8.8592
4894.00 8.8587
4894.05 8.8581
4894.10 8.8576
4894.15 8.8571
4894.20 8.8566
4894.25 8.8560
4894.30 8.8555
4894.35 8.8550
4894.40 8.8545
4894.45 8.8539
4894.50 8.8534
4894.55 8.8529
4894.60 8.8524
4894.65 8.8519
4894.70 8.8514
4894.75 8.8508
4894.80 8.8503
4894.85 8.8498
4894.90 8.8493
4894.95 8.8488
4895.00 8.8483
4895.05 8.8478
4895.10 8.8473
4895.15 8.8468
4895.20 8.8463
4895.25 8.8458
4895.30 8.8453
4895.35 8.8448
4895.40 8.8443
4895.45 8.8438
4895.50 8.8433
4895.55 8.8428
4895.60 8.8423
4895.65 8.8418
4895.70 8.8413
4895.75 8.8409
4895.80 8.8404
4895.85 8.8399
4895.90 8.8394
4895.95 8.8389
4896.00 8.8384
4896.05 8.8380
4896.10 8.8375
4896.15 8.8370
4896.20 8.8365
4896.25 8.8360
4896.30 8.8356
4896.35 8.8351
4896.40 8.8346
4896.45 8.8342
4896.50 8.8337
4896.55 8.8332
4896.60 8.8328
4896.65 8.8323
4896.70 8.8318
4896.75 8.8314
4896.80 8.8309
4896.85 8.8304
4896.90 8.8300
4896.95 8.8295
4897.00 8.8291
4897.05 8.8286
4897.10 8.8282
4897.15 8.8277
4897.20 8.8272
4897.25 8.8268
4897.30 8.8263
4897.35 8.8259
4897.40 8.8254
4897.45 8.8250
4897.50 8.8246
4897.55 8.8241
4897.60 8.8237
4897.65 8.8232
4897.70 8.8228
4897.75 8.8223
4897.80 8.8219
4897.85 8.8215
4897.90 8.8210
4897.95 8.8206
4898.00 8.8202
4898.05 8.8197
4898.10 8.8193
4898.15 8.8189
4898.20 8.8184
4898.25 8.8180
4898.30 8.8176
4898.35 8.8172
4898.40 8.8167
4898.45 8.8163
4898.50 8.8159
4898.55 8.8155
4898.60 8.8151
4898.65 8.8146
4898.70 8.8142
4898.75 8.8138
4898.80 8.8134
4898.85 8.8130
4898.90 8.8126
4898.95 8.8121
4899.00 8.8117
4899.05 8.8113
4899.10 8.8109
4899.15 8.8105
4899.20 8.8101
4899.25 8.8097
4899.30 8.8093
4899.35 8.8089
4899.40 8.8085
4899.45 8.8081
4899.50 8.8077
4899.55 8.8073
4899.60 8.8069
4899.65 8.8065
4899.70 8.8061
4899.75 8.8057
4899.80 8.8053
4899.85 8.8049
4899.90 8.8045
4899.95 8.8041
4900.00 8.8037
4900.05 8.8033
4900.10 8.8029
4900.15 8.8025
4900.20 8.8022
4900.25 8.8018
4900.30 8.8014
4900.35 8.8010
4900.40 8.8006
4900.45 8.8002
4900.50 8.7999
4900.55 8.7995
4900.60 8.7991
4900.65 8.7987
4900.70 8.7983
4900.75 8.7980
4900.80 8.7976
4900.85 8.7972
4900.90 8.7968
4900.95 8.7965
4901.00 8.7961
4901.05 8.7957
4901.10 8.7954
4901.15 8.7950
4901.20 8.7946
4901.25 8.7943
4901.30 8.7939
4901.35 8.7935
4901.40 8.7932
4901.45 8.7928
4901.50 8.7924
4901.55 8.7921
4901.60 8.7917
4901.65 8.7914
4901.70 8.7910
4901.75 8.7906
4901.80 8.7903
4901.85 8.7899
4901.90 8.7896
4901.95 8.7892
4902.00 8.7889
4902.05 8.7885
4902.10 8.7882
4902.15 8.7878
4902.20 8.7875
4902.25 8.7871
4902.30 8.7868
4902.35 8.7864
4902.40 8.7861
4902.45 8.7857
4902.50 8.7854
4902.55 8.7850
4902.60 8.7847
4902.65 8.7844
4902.70 8.7840
4902.75 8.7837
4902.80 8.7833
4902.85 8.7830
4902.90 8.7827
4902.95 8.7823
4903.00 8.7820
4903.05 8.7816
4903.10 8.7813
4903.15 8.7810
4903.20 8.7806
4903.25 8.7803
4903.30 8.7800
4903.35 8.7796
4903.40 8.7793
4903.45 8.7790
4903.50 8.7787
4903.55 8.7783
4903.60 8.7780
4903.65 8.7777
4903.70 8.7773
4903.75 8.7770
4903.80 8.7767
4903.85 8.7764
4903.90 8.7760
4903.95 8.7757
4904.00 8.7754
4904.05 8.7751
4904.10 8.7748
4904.15 8.7744
4904.20 8.7741
4904.25 8.7738
4904.30 8.7735
4904.35 8.7732
4904.40 8.7728
4904.45 8.7725
4904.50 8.7722
4904.55 8.7719
4904.60 8.7716
4904.65 8.7713
4904.70 8.7710
4904.75 8.7706
4904.80 8.7703
4904.85 8.7700
4904.90 8.7697
4904.95 8.7694
4905.00 8.7691
4905.05 8.7688
4905.10 8.7685
4905.15 8.7682
4905.20 8.7679
4905.25 8.7676
4905.30 8.7672
4905.35 8.7669
4905.40 8.7666
4905.45 8.7663
4905.50 8.7660
4905.55 8.7657
4905.60 8.7654
4905.65 8.7651
4905.70 8.7648
4905.75 8.7645
4905.80 8.7642
4905.85 8.7639
4905.90 8.7636
4905.95 8.7633
4906.00 8.7630
4906.05 8.7627
4906.10 8.7624
4906.15 8.7621
4906.20 8.7618
4906.25 8.7615
4906.30 8.7612
4906.35 8.7609
4906.40 8.7607
4906.45 8.7604
4906.50 8.7601
4906.55 8.7598
4906.60 8.7595
4906.65 8.7592
4906.70 8.7589
4906.75 8.7586
4906.80 8.7583
4906.85 8.7580
4906.90 8.7577
4906.95 8.7574
4907.00 8.7571
4907.05 8.7569
4907.10 8.7566
4907.15 8.7563
4907.20 8.7560
4907.25 8.7557
4907.30 8.7554
4907.35 8.7551
4907.40 8.7548
4907.45 8.7546
4907.50 8.7543
4907.55 8.7540
4907.60 8.7537
4907.65 8.7534
4907.70 8.7531
4907.75 8.7528
4907.80 8.7526
4907.85 8.7523
4907.90 8.7520
4907.95 8.7517
4908.00 8.7514
4908.05 8.7511
4908.10 8.7509
4908.15 8.7506
4908.20 8.7503
4908.25 8.7500
4908.30 8.7497
4908.35 8.7494
4908.40 8.7492
4908.45 8.7489
4908.50 8.7486
4908.55 8.7483
4908.60 8.7480
4908.65 8.7478
4908.70 8.7475
4908.75 8.7472
4908.80 8.7469
4908.85 8.7466
4908.90 8.7464
4908.95 8.7461
4909.00 8.7458
4909.05 8.7455
4909.10 8.7452
4909.15 8.7450
4909.20 8.7447
4909.25 8.7444
4909.30 8.7441
4909.35 8.7439
4909.40 8.7436
4909.45 8.7433
4909.50 8.7430
4909.55 8.7427
4909.60 8.7425
4909.65 8.7422
4909.70 8.7419
4909.75 8.7416
4909.80 8.7414
4909.85 8.7411
4909.90 8.7408
4909.95 8.7405
4910.00 8.7402
4910.05 8.7400
4910.10 8.7397
4910.15 8.7394
4910.20 8.7391
4910.25 8.7389
4910.30 8.7386
4910.35 8.7383
4910.40 8.7380
4910.45 8.7377
4910.50 8.7375
4910.55 8.7372
4910.60 8.7369
4910.65 8.7366
4910.70 8.7364
4910.75 8.7361
4910.80 8.7358
4910.85 8.7355
4910.90 8.7352
4910.95 8.7350
4911.00 8.7347
4911.05 8.7344
4911.10 8.7341
4911.15 8.7339
4911.20 8.7336
4911.25 8.7333
4911.30 8.7330
4911.35 8.7327
4911.40 8.7325
4911.45 8.7322
4911.50 8.7319
4911.55 8.7316
4911.60 8.7313
4911.65 8.7311
4911.70 8.7308
4911.75 8.7305
4911.80 8.7302
4911.85 8.7299
4911.90 8.7297
4911.95 8.7294
4912.00 8.7291
4912.05 8.7288
4912.10 8.7285
4912.15 8.7282
4912.20 8.7280
4912.25 8.7277
4912.30 8.7274
4912.35 8.7271
4912.40 8.7268
4912.45 8.7265
4912.50 8.7263
4912.55 8.7260
4912.60 8.7257
4912.65 8.7254
4912.70 8.7251
4912.75 8.7248
4912.80 8.7245
4912.85 8.7243
4912.90 8.7240
4912.95 8.7237
4913.00 8.7234
4913.05 8.7231
4913.10 8.7228
4913.15 8.7225
4913.20 8.7222
4913.25 8.7219
4913.30 8.7217
4913.35 8.7214
4913.40 8.7211
4913.45 8.7208
4913.50 8.7205
4913.55 8.7202
4913.60 8.7199
4913.65 8.7196
4913.70 8.7193
4913.75 8.7190
4913.80 8.7187
4913.85 8.7184
4913.90 8.7181
4913.95 8.7178
4914.00 8.7175
4914.05 8.7172
4914.10 8.7169
4914.15 8.7166
4914.20 8.7163
4914.25 8.7160
4914.30 8.7157
4914.35 8.7154
4914.40 8.7151
4914.45 8.7148
4914.50 8.7145
4914.55 8.7142
4914.60 8.7139
4914.65 8.7136
4914.70 8.7133
4914.75 8.7130
4914.80 8.7127
4914.85 8.7124
4914.90 8.7121
4914.95 8.7118
4915.00 8.7115
4915.05 8.7111
4915.10 8.7108
4915.15 8.7105
4915.20 8.7102
4915.25 8.7099
4915.30 8.7096
4915.35 8.7093
4915.40 8.7089
4915.45 8.7086
4915.50 8.7083
4915.55 8.7080
4915.60 8.7077
4915.65 8.7074
4915.70 8.7070
4915.75 8.7067
4915.80 8.7064
4915.85 8.7061
4915.90 8.7057
4915.95 8.7054
4916.00 8.7051
4916.05 8.7048
4916.10 8.7044
4916.15 8.7041
4916.20 8.7038
4916.25 8.7034
4916.30 8.7031
4916.35 8.7028
4916.40 8.7025
4916.45 8.7021
4916.50 8.7018
4916.55 8.7014
4916.60 8.7011
4916.65 8.7008
4916.70 8.7004
4916.75 8.7001
4916.80 8.6998
4916.85 8.6994
4916.90 8.6991
4916.95 8.6987
4917.00 8.6984
4917.05 8.6980
4917.10 8.6977
4917.15 8.6973
4917.20 8.6970
4917.25 8.6966
4917.30 8.6963
4917.35 8.6959
4917.40 8.6956
4917.45 8.6952
4917.50 8.6949
4917.55 8.6945
4917.60 8.6942
4917.65 8.6938
4917.70 8.6934
4917.75 8.6931
4917.80 8.6927
4917.85 8.6924
4917.90 8.6920
4917.95 8.6916
4918.00 8.6913
4918.05 8.6909
4918.10 8.6905
4918.15 8.6901
4918.20 8.6898
4918.25 8.6894
4918.30 8.6890
4918.35 8.6886
4918.40 8.6883
4918.45 8.6879
4918.50 8.6875
4918.55 8.6871
4918.60 8.6868
4918.65 8.6864
4918.70 8.6860
4918.75 8.6856
4918.80 8.6852
4918.85 8.6848
4918.90 8.6844
4918.95 8.6840
4919.00 8.6836
4919.05 8.6833
4919.10 8.6829
4919.15 8.6825
4919.20 8.6821
4919.25 8.6817
4919.30 8.6813
4919.35 8.6809
4919.40 8.6804
4919.45 8.6800
4919.50 8.6796
4919.55 8.6792
4919.60 8.6788
4919.65 8.6784
4919.70 8.6780
4919.75 8.6776
4919.80 8.6772
4919.85 8.6767
4919.90 8.6763
4919.95 8.6759
4920.00 8.6755
4920.05 8.6751
4920.10 8.6746
4920.15 8.6742
4920.20 8.6738
4920.25 8.6733
4920.30 8.6729
4920.35 8.6725
4920.40 8.6720
4920.45 8.6716
4920.50 8.6712
4920.55 8.6707
4920.60 8.6703
4920.65 8.6698
4920.70 8.6694
4920.75 8.6689
4920.80 8.6685
4920.85 8.6680
4920.90 8.6676
4920.95 8.6671
4921.00 8.6667
4921.05 8.6662
4921.10 8.6658
4921.15 8.6653
4921.20 8.6648
4921.25 8.6644
4921.30 8.6639
4921.35 8.6634
4921.40 8.6630
4921.45 8.6625
4921.50 8.6620
4921.55 8.6615
4921.60 8.6611
4921.65 8.6606
4921.70 8.6601
4921.75 8.6596
4921.80 8.6591
4921.85 8.6586
4921.90 8.6582
4921.95 8.6577
4922.00 8.6572
4922.05 8.6567
4922.10 8.6562
4922.15 8.6557
4922.20 8.6552
4922.25 8.6547
4922.30 8.6542
4922.35 8.6537
4922.40 8.6531
4922.45 8.6526
4922.50 8.6521
4922.55 8.6516
4922.60 8.6511
4922.65 8.6506
4922.70 8.6500
4922.75 8.6495
4922.80 8.6490
4922.85 8.6485
4922.90 8.6479
4922.95 8.6474
4923.00 8.6469
4923.05 8.6463
4923.10 8.6458
4923.15 8.6452
4923.20 8.6447
4923.25 8.6442
4923.30 8.6436
4923.35 8.6431
4923.40 8.6425
4923.45 8.6420
4923.50 8.6414
4923.55 8.6408
4923.60 8.6403
4923.65 8.6397
4923.70 8.6391
4923.75 8.6386
4923.80 8.6380
4923.85 8.6374
4923.90 8.6369
4923.95 8.6363
4924.00 8.6357
4924.05 8.6351
4924.10 8.6345
4924.15 8.6339
4924.20 8.6333
4924.25 8.6328
4924.30 8.6322
4924.35 8.6316
4924.40 8.6310
4924.45 8.6304
4924.50 8.6298
4924.55 8.6291
4924.60 8.6285
4924.65 8.6279
4924.70 8.6273
4924.75 8.6267
4924.80 8.6261
4924.85 8.6254
4924.90 8.6248
4924.95 8.6242
4925.00 8.6236
4925.05 8.6229
4925.10 8.6223
4925.15 8.6217
4925.20 8.6210
4925.25 8.6204
4925.30 8.6197
4925.35 8.6191
4925.40 8.6184
4925.45 8.6178
4925.50 8.6171
4925.55 8.6165
4925.60 8.6158
4925.65 8.6151
4925.70 8.6145
4925.75 8.6138
4925.80 8.6131
4925.85 8.6124
4925.90 8.6118
4925.95 8.6111
4926.00 8.6104
4926.05 8.6097
4926.10 8.6090
4926.15 8.6083
4926.20 8.6076
4926.25 8.6069
4926.30 8.6062
4926.35 8.6055
4926.40 8.6048
4926.45 8.6041
4926.50 8.6034
4926.55 8.6027
4926.60 8.6019
4926.65 8.6012
4926.70 8.6005
4926.75 8.5998
4926.80 8.5990
4926.85 8.5983
4926.90 8.5976
4926.95 8.5968
4927.00 8.5961
4927.05 8.5953
4927.10 8.5946
4927.15 8.5938
4927.20 8.5931
4927.25 8.5923
4927.30 8.5916
4927.35 8.5908
4927.40 8.5900
4927.45 8.5893
4927.50 8.5885
4927.55 8.5877
4927.60 8.5869
4927.65 8.5861
4927.70 8.5853
4927.75 8.5846
4927.80 8.5838
4927.85 8.5830
4927.90 8.5822
4927.95 8.5814
4928.00 8.5806
4928.05 8.5797
4928.10 8.5789
4928.15 8.5781
4928.20 8.5773
4928.25 8.5765
4928.30 8.5756
4928.35 8.5748
4928.40 8.5740
4928.45 8.5731
4928.50 8.5723
4928.55 8.5715
4928.60 8.5706
4928.65 8.5698
4928.70 8.5689
4928.75 8.5680
4928.80 8.5672
4928.85 8.5663
4928.90 8.5654
4928.95 8.5646
4929.00 8.5637
4929.05 8.5628
4929.10 8.5619
4929.15 8.5611
4929.20 8.5602
4929.25 8.5593
4929.30 8.5584
4929.35 8.5575
4929.40 8.5566
4929.45 8.5557
4929.50 8.5547
4929.55 8.5538
4929.60 8.5529
4929.65 8.5520
4929.70 8.5511
4929.75 8.5501
4929.80 8.5492
4929.85 8.5483
4929.90 8.5473
4929.95 8.5464
4930.00 8.5454
4930.05 8.5445
4930.10 8.5435
4930.15 8.5426
4930.20 8.5416
4930.25 8.5406
4930.30 8.5397
4930.35 8.5387
4930.40 8.5377
4930.45 8.5367
4930.50 8.5357
4930.55 8.5347
4930.60 8.5337
4930.65 8.5327
4930.70 8.5317
4930.75 8.5307
4930.80 8.5297
4930.85 8.5287
4930.90 8.5277
4930.95 8.5267
4931.00 8.5256
4931.05 8.5246
4931.10 8.5236
4931.15 8.5225
4931.20 8.5215
4931.25 8.5205
4931.30 8.5194
4931.35 8.5183
4931.40 8.5173
4931.45 8.5162
4931.50 8.5152
4931.55 8.5141
4931.60 8.5130
4931.65 8.5119
4931.70 8.5108
4931.75 8.5098
4931.80 8.5087
4931.85 8.5076
4931.90 8.5065
4931.95 8.5054
4932.00 8.5042
4932.05 8.5031
4932.10 8.5020
4932.15 8.5009
4932.20 8.4998
4932.25 8.4986
4932.30 8.4975
4932.35 8.4964
4932.40 8.4952
4932.45 8.4941
4932.50 8.4929
4932.55 8.4917
4932.60 8.4906
4932.65 8.4894
4932.70 8.4882
4932.75 8.4871
4932.80 8.4859
4932.85 8.4847
4932.90 8.4835
4932.95 8.4823
4933.00 8.4811
4933.05 8.4799
4933.10 8.4787
4933.15 8.4775
4933.20 8.4763
4933.25 8.4751
4933.30 8.4738
4933.35 8.4726
4933.40 8.4714
4933.45 8.4701
4933.50 8.4689
4933.55 8.4676
4933.60 8.4664
4933.65 8.4651
4933.70 8.4638
4933.75 8.4626
4933.80 8.4613
4933.85 8.4600
4933.90 8.4587
4933.95 8.4575
4934.00 8.4562
4934.05 8.4549
4934.10 8.4536
4934.15 8.4523
4934.20 8.4509
4934.25 8.4496
4934.30 8.4483
4934.35 8.4470
4934.40 8.4456
4934.45 8.4443
4934.50 8.4430
4934.55 8.4416
4934.60 8.4403
4934.65 8.4389
4934.70 8.4376
4934.75 8.4362
4934.80 8.4348
4934.85 8.4334
4934.90 8.4321
4934.95 8.4307
4935.00 8.4293
4935.05 8.4279
4935.10 8.4265
4935.15 8.4251
4935.20 8.4237
4935.25 8.4222
4935.30 8.4208
4935.35 8.4194
4935.40 8.4180
4935.45 8.4165
4935.50 8.4151
4935.55 8.4136
4935.60 8.4122
4935.65 8.4107
4935.70 8.4092
4935.75 8.4078
4935.80 8.4063
4935.85 8.4048
4935.90 8.4033
4935.95 8.4018
4936.00 8.4003
4936.05 8.3988
4936.10 8.3973
4936.15 8.3958
4936.20 8.3943
4936.25 8.3928
4936.30 8.3912
4936.35 8.3897
4936.40 8.3882
4936.45 8.3866
4936.50 8.3851
4936.55 8.3835
4936.60 8.3819
4936.65 8.3804
4936.70 8.3788
4936.75 8.3772
4936.80 8.3756
4936.85 8.3740
4936.90 8.3724
4936.95 8.3708
4937.00 8.3692
4937.05 8.3676
4937.10 8.3660
4937.15 8.3644
4937.20 8.3627
4937.25 8.3611
4937.30 8.3595
4937.35 8.3578
4937.40 8.3562
4937.45 8.3545
4937.50 8.3528
4937.55 8.3512
4937.60 8.3495
4937.65 8.3478
4937.70 8.3461
4937.75 8.3444
4937.80 8.3427
4937.85 8.3410
4937.90 8.3393
4937.95 8.3376
4938.00 8.3358
4938.05 8.3341
4938.10 8.3324
4938.15 8.3306
4938.20 8.3289
4938.25 8.3271
4938.30 8.3254
4938.35 8.3236
4938.40 8.3218
4938.45 8.3201
4938.50 8.3183
4938.55 8.3165
4938.60 8.3147
4938.65 8.3129
4938.70 8.3111
4938.75 8.3092
4938.80 8.3074
4938.85 8.3056
4938.90 8.3038
4938.95 8.3019
4939.00 8.3001
4939.05 8.2982
4939.10 8.2964
4939.15 8.2945
4939.20 8.2926
4939.25 8.2907
4939.30 8.2888
4939.35 8.2870
4939.40 8.2851
4939.45 8.2832
4939.50 8.2812
4939.55 8.2793
4939.60 8.2774
4939.65 8.2755
4939.70 8.2735
4939.75 8.2716
4939.80 8.2696
4939.85 8.2677
4939.90 8.2657
4939.95 8.2637
4940.00 8.2618
4940.05 8.2598
4940.10 8.2578
4940.15 8.2558
4940.20 8.2538
4940.25 8.2518
4940.30 8.2498
4940.35 8.2477
4940.40 8.2457
4940.45 8.2437
4940.50 8.2416
4940.55 8.2396
4940.60 8.2375
4940.65 8.2355
4940.70 8.2334
4940.75 8.2313
4940.80 8.2292
4940.85 8.2271
4940.90 8.2250
4940.95 8.2229
4941.00 8.2208
4941.05 8.2187
4941.10 8.2166
4941.15 8.2145
4941.20 8.2123
4941.25 8.2102
4941.30 8.2080
4941.35 8.2059
4941.40 8.2037
4941.45 8.2015
4941.50 8.1993
4941.55 8.1971
4941.60 8.1949
4941.65 8.1927
4941.70 8.1905
4941.75 8.1883
4941.80 8.1861
4941.85 8.1839
4941.90 8.1816
4941.95 8.1794
4942.00 8.1771
4942.05 8.1749
4942.10 8.1726
4942.15 8.1703
4942.20 8.1680
4942.25 8.1657
4942.30 8.1634
4942.35 8.1611
4942.40 8.1588
4942.45 8.1565
4942.50 8.1542
4942.55 8.1518
4942.60 8.1495
4942.65 8.1472
4942.70 8.1448
4942.75 8.1424
4942.80 8.1401
4942.85 8.1377
4942.90 8.1353
4942.95 8.1329
4943.00 8.1305
4943.05 8.1281
4943.10 8.1257
4943.15 8.1233
4943.20 8.1208
4943.25 8.1184
4943.30 8.1159
4943.35 8.1135
4943.40 8.1110
4943.45 8.1086
4943.50 8.1061
4943.55 8.1036
4943.60 8.1011
4943.65 8.0986
4943.70 8.0961
4943.75 8.0936
4943.80 8.0910
4943.85 8.0885
4943.90 8.0860
4943.95 8.0834
4944.00 8.0809
4944.05 8.0783
4944.10 8.0757
4944.15 8.0732
4944.20 8.0706
4944.25 8.0680
4944.30 8.0654
4944.35 8.0628
4944.40 8.0601
4944.45 8.0575
4944.50 8.0549
4944.55 8.0522
4944.60 8.0496
4944.65 8.0469
4944.70 8.0443
4944.75 8.0416
4944.80 8.0389
4944.85 8.0362
4944.90 8.0335
4944.95 8.0308
4945.00 8.0281
4945.05 8.0253
4945.10 8.0226
4945.15 8.0199
4945.20 8.0171
4945.25 8.0144
4945.30 8.0116
4945.35 8.0088
4945.40 8.0060
4945.45 8.0032
