6155.50 3.1978
6155.55 3.1986
6155.60 3.1993
6155.65 3.2000
6155.70 3.2007
6155.75 3.2014
6155.80 3.2021
6155.85 3.2028
6155.90 3.2035
6155.95 3.2042
6156.00 3.2049
6156.05 3.2056
6156.10 3.2063
6156.15 3.2070
6156.20 3.2077
6156.25 3.2084
6156.30 3.2091
6156.35 3.2098
6156.40 3.2105
6156.45 3.2112
6156.50 3.2119
6156.55 3.2126
6156.60 3.2133
6156.65 3.2140
6156.70 3.2147
6156.75 3.2153
6156.80 3.2160
6156.85 3.2167
6156.90 3.2174
6156.95 3.2181
6157.00 3.2188
6157.05 3.2195
6157.10 3.2201
6157.15 3.2208
6157.20 3.2215
6157.25 3.2222
6157.30 3.2229
6157.35 3.2235
6157.40 3.2242
6157.45 3.2249
6157.50 3.2256
6157.55 3.2263
6157.60 3.2269
6157.65 3.2276
6157.70 3.2283
6157.75 3.2289
6157.80 3.2296
6157.85 3.2303
6157.90 3.2310
6157.95 3.2316
6158.00 3.2323
6158.05 3.2330
6158.10 3.2336
6158.15 3.2343
6158.20 3.2349
6158.25 3.2356
6158.30 3.2363
6158.35 3.2369
6158.40 3.2376
6158.45 3.2383
6158.50 3.2389
6158.55 3.2396
6158.60 3.2402
6158.65 3.2409
6158.70 3.2415
6158.75 3.2422
6158.80 3.2428
6158.85 3.2435
6158.90 3.2441
6158.95 3.2448
6159.00 3.2454
6159.05 3.2461
6159.10 3.2467
6159.15 3.2474
6159.20 3.2480
6159.25 3.2487
6159.30 3.2493
6159.35 3.2500
6159.40 3.2506
6159.45 3.2512
6159.50 3.2519
6159.55 3.2525
6159.60 3.2532
6159.65 3.2538
6159.70 3.2544
6159.75 3.2551
6159.80 3.2557
6159.85 3.2564
6159.90 3.2570
6159.95 3.2576
6160.00 3.2582
6160.05 3.2589
6160.10 3.2595
6160.15 3.2601
6160.20 3.2608
6160.25 3.2614
6160.30 3.2620
6160.35 3.2627
6160.40 3.2633
6160.45 3.2639
6160.50 3.2645
6160.55 3.2651
6160.60 3.2658
6160.65 3.2664
6160.70 3.2670
6160.75 3.2676
6160.80 3.2682
6160.85 3.2689
6160.90 3.2695
6160.95 3.2701
6161.00 3.2707
6161.05 3.2713
6161.10 3.2719
6161.15 3.2726
6161.20 3.2732
6161.25 3.2738
6161.30 3.2744
6161.35 3.2750
6161.40 3.2756
6161.45 3.2762
6161.50 3.2768
6161.55 3.2774
6161.60 3.2780
6161.65 3.2786
6161.70 3.2792
6161.75 3.2798
6161.80 3.2804
6161.85 3.2810
6161.90 3.2816
6161.95 3.2822
6162.00 3.2828
6162.05 3.2834
6162.10 3.2840
6162.15 3.2846
6162.20 3.2852
6162.25 3.2858
6162.30 3.2864
6162.35 3.2870
6162.40 3.2876
6162.45 3.2882
6162.50 3.2888
6162.55 3.2894
6162.60 3.2900
6162.65 3.2906
6162.70 3.2911
6162.75 3.2917
6162.80 3.2923
6162.85 3.2929
6162.90 3.2935
6162.95 3.2941
6163.00 3.2946
6163.05 3.2952
6163.10 3.2958
6163.15 3.2964
6163.20 3.2970
6163.25 3.2975
6163.30 3.2981
6163.35 3.2987
6163.40 3.2993
6163.45 3.2998
6163.50 3.3004
6163.55 3.3010
6163.60 3.3016
6163.65 3.3021
6163.70 3.3027
6163.75 3.3033
6163.80 3.3038
6163.85 3.3044
6163.90 3.3050
6163.95 3.3055
6164.00 3.3061
6164.05 3.3067
6164.10 3.3072
6164.15 3.3078
6164.20 3.3084
6164.25 3.3089
6164.30 3.3095
6164.35 3.3101
6164.40 3.3106
6164.45 3.3112
6164.50 3.3117
6164.55 3.3123
6164.60 3.3128
6164.65 3.3134
6164.70 3.3140
6164.75 3.3145
6164.80 3.3151
6164.85 3.3156
6164.90 3.3162
6164.95 3.3167
6165.00 3.3173
6165.05 3.3178
6165.10 3.3184
6165.15 3.3189
6165.20 3.3195
6165.25 3.3200
6165.30 3.3205
6165.35 3.3211
6165.40 3.3216
6165.45 3.3222
6165.50 3.3227
6165.55 3.3233
6165.60 3.3238
6165.65 3.3243
6165.70 3.3249
6165.75 3.3254
6165.80 3.3260
6165.85 3.3265
6165.90 3.3270
6165.95 3.3276
6166.00 3.3281
6166.05 3.3286
6166.10 3.3292
6166.15 3.3297
6166.20 3.3302
6166.25 3.3308
6166.30 3.3313
6166.35 3.3318
6166.40 3.3323
6166.45 3.3329
6166.50 3.3334
6166.55 3.3339
6166.60 3.3345
6166.65 3.3350
6166.70 3.3355
6166.75 3.3360
6166.80 3.3365
6166.85 3.3371
6166.90 3.3376
6166.95 3.3381
6167.00 3.3386
6167.05 3.3391
6167.10 3.3397
6167.15 3.3402
6167.20 3.3407
6167.25 3.3412
6167.30 3.3417
6167.35 3.3422
6167.40 3.3427
6167.45 3.3433
6167.50 3.3438
6167.55 3.3443
6167.60 3.3448
6167.65 3.3453
6167.70 3.3458
6167.75 3.3463
6167.80 3.3468
6167.85 3.3473
6167.90 3.3478
6167.95 3.3483
6168.00 3.3488
6168.05 3.3493
6168.10 3.3498
6168.15 3.3503
6168.20 3.3508
6168.25 3.3513
6168.30 3.3518
6168.35 3.3523
6168.40 3.3528
6168.45 3.3533
6168.50 3.3538
6168.55 3.3543
6168.60 3.3548
6168.65 3.3553
6168.70 3.3558
6168.75 3.3563
6168.80 3.3568
6168.85 3.3573
6168.90 3.3578
6168.95 3.3583
6169.00 3.3588
6169.05 3.3592
6169.10 3.3597
6169.15 3.3602
6169.20 3.3607
6169.25 3.3612
6169.30 3.3617
6169.35 3.3622
6169.40 3.3626
6169.45 3.3631
6169.50 3.3636
6169.55 3.3641
6169.60 3.3646
6169.65 3.3650
6169.70 3.3655
6169.75 3.3660
6169.80 3.3665
6169.85 3.3670
6169.90 3.3674
6169.95 3.3679
6170.00 3.3684
6170.05 3.3689
6170.10 3.3693
6170.15 3.3698
6170.20 3.3703
6170.25 3.3707
6170.30 3.3712
6170.35 3.3717
6170.40 3.3721
6170.45 3.3726
6170.50 3.3731
6170.55 3.3735
6170.60 3.3740
6170.65 3.3745
6170.70 3.3749
6170.75 3.3754
6170.80 3.3759
6170.85 3.3763
6170.90 3.3768
6170.95 3.3772
6171.00 3.3777
6171.05 3.3782
6171.10 3.3786
6171.15 3.3791
6171.20 3.3795
6171.25 3.3800
6171.30 3.3805
6171.35 3.3809
6171.40 3.3814
6171.45 3.3818
6171.50 3.3823
6171.55 3.3827
6171.60 3.3832
6171.65 3.3836
6171.70 3.3841
6171.75 3.3845
6171.80 3.3850
6171.85 3.3854
6171.90 3.3859
6171.95 3.3863
6172.00 3.3868
6172.05 3.3872
6172.10 3.3876
6172.15 3.3881
6172.20 3.3885
6172.25 3.3890
6172.30 3.3894
6172.35 3.3898
6172.40 3.3903
6172.45 3.3907
6172.50 3.3912
6172.55 3.3916
6172.60 3.3920
6172.65 3.3925
6172.70 3.3929
6172.75 3.3933
6172.80 3.3938
6172.85 3.3942
6172.90 3.3946
6172.95 3.3951
6173.00 3.3955
6173.05 3.3959
6173.10 3.3964
6173.15 3.3968
6173.20 3.3972
6173.25 3.3977
6173.30 3.3981
6173.35 3.3985
6173.40 3.3989
6173.45 3.3994
6173.50 3.3998
6173.55 3.4002
6173.60 3.4006
6173.65 3.4011
6173.70 3.4015
6173.75 3.4019
6173.80 3.4023
6173.85 3.4027
6173.90 3.4032
6173.95 3.4036
6174.00 3.4040
6174.05 3.4044
6174.10 3.4048
6174.15 3.4052
6174.20 3.4057
6174.25 3.4061
6174.30 3.4065
6174.35 3.4069
6174.40 3.4073
6174.45 3.4077
6174.50 3.4081
6174.55 3.4085
6174.60 3.4090
6174.65 3.4094
6174.70 3.4098
6174.75 3.4102
6174.80 3.4106
6174.85 3.4110
6174.90 3.4114
6174.95 3.4118
6175.00 3.4122
6175.05 3.4126
6175.10 3.4130
6175.15 3.4134
6175.20 3.4138
6175.25 3.4142
6175.30 3.4146
6175.35 3.4150
6175.40 3.4154
6175.45 3.4158
6175.50 3.4162
6175.55 3.4166
6175.60 3.4170
6175.65 3.4174
6175.70 3.4178
6175.75 3.4182
6175.80 3.4186
6175.85 3.4190
6175.90 3.4194
6175.95 3.4198
6176.00 3.4202
6176.05 3.4205
6176.10 3.4209
6176.15 3.4213
6176.20 3.4217
6176.25 3.4221
6176.30 3.4225
6176.35 3.4229
6176.40 3.4233
6176.45 3.4236
6176.50 3.4240
6176.55 3.4244
6176.60 3.4248
6176.65 3.4252
6176.70 3.4256
6176.75 3.4259
6176.80 3.4263
6176.85 3.4267
6176.90 3.4271
6176.95 3.4275
6177.00 3.4278
6177.05 3.4282
6177.10 3.4286
6177.15 3.4290
6177.20 3.4293
6177.25 3.4297
6177.30 3.4301
6177.35 3.4305
6177.40 3.4308
6177.45 3.4312
6177.50 3.4316
6177.55 3.4319
6177.60 3.4323
6177.65 3.4327
6177.70 3.4331
6177.75 3.4334
6177.80 3.4338
6177.85 3.4342
6177.90 3.4345
6177.95 3.4349
6178.00 3.4353
6178.05 3.4356
6178.10 3.4360
6178.15 3.4363
6178.20 3.4367
6178.25 3.4371
6178.30 3.4374
6178.35 3.4378
6178.40 3.4382
6178.45 3.4385
6178.50 3.4389
6178.55 3.4392
6178.60 3.4396
6178.65 3.4399
6178.70 3.4403
6178.75 3.4407
6178.80 3.4410
6178.85 3.4414
6178.90 3.4417
6178.95 3.4421
6179.00 3.4424
6179.05 3.4428
6179.10 3.4431
6179.15 3.4435
6179.20 3.4438
6179.25 3.4442
6179.30 3.4445
6179.35 3.4449
6179.40 3.4452
6179.45 3.4456
6179.50 3.4459
6179.55 3.4463
6179.60 3.4466
6179.65 3.4469
6179.70 3.4473
6179.75 3.4476
6179.80 3.4480
6179.85 3.4483
6179.90 3.4487
6179.95 3.4490
6180.00 3.4493
6180.05 3.4497
6180.10 3.4500
6180.15 3.4504
6180.20 3.4507
6180.25 3.4510
6180.30 3.4514
6180.35 3.4517
6180.40 3.4520
6180.45 3.4524
6180.50 3.4527
6180.55 3.4530
6180.60 3.4534
6180.65 3.4537
6180.70 3.4540
6180.75 3.4544
6180.80 3.4547
6180.85 3.4550
6180.90 3.4554
6180.95 3.4557
6181.00 3.4560
6181.05 3.4563
6181.10 3.4567
6181.15 3.4570
6181.20 3.4573
6181.25 3.4576
6181.30 3.4580
6181.35 3.4583
6181.40 3.4586
6181.45 3.4589
6181.50 3.4593
6181.55 3.4596
6181.60 3.4599
6181.65 3.4602
6181.70 3.4605
6181.75 3.4609
6181.80 3.4612
6181.85 3.4615
6181.90 3.4618
6181.95 3.4621
6182.00 3.4625
6182.05 3.4628
6182.10 3.4631
6182.15 3.4634
6182.20 3.4637
6182.25 3.4640
6182.30 3.4643
6182.35 3.4646
6182.40 3.4650
6182.45 3.4653
6182.50 3.4656
6182.55 3.4659
6182.60 3.4662
6182.65 3.4665
6182.70 3.4668
6182.75 3.4671
6182.80 3.4674
6182.85 3.4677
6182.90 3.4680
6182.95 3.4683
6183.00 3.4686
6183.05 3.4690
6183.10 3.4693
6183.15 3.4696
6183.20 3.4699
6183.25 3.4702
6183.30 3.4705
6183.35 3.4708
6183.40 3.4711
6183.45 3.4714
6183.50 3.4717
6183.55 3.4720
6183.60 3.4723
6183.65 3.4726
6183.70 3.4729
6183.75 3.4731
6183.80 3.4734
6183.85 3.4737
6183.90 3.4740
6183.95 3.4743
6184.00 3.4746
6184.05 3.4749
6184.10 3.4752
6184.15 3.4755
6184.20 3.4758
6184.25 3.4761
6184.30 3.4764
6184.35 3.4767
6184.40 3.4769
6184.45 3.4772
6184.50 3.4775
6184.55 3.4778
6184.60 3.4781
6184.65 3.4784
6184.70 3.4787
6184.75 3.4789
6184.80 3.4792
6184.85 3.4795
6184.90 3.4798
6184.95 3.4801
6185.00 3.4804
6185.05 3.4806
6185.10 3.4809
6185.15 3.4812
6185.20 3.4815
6185.25 3.4818
6185.30 3.4820
6185.35 3.4823
6185.40 3.4826
6185.45 3.4829
6185.50 3.4831
6185.55 3.4834
6185.60 3.4837
6185.65 3.4840
6185.70 3.4842
6185.75 3.4845
6185.80 3.4848
6185.85 3.4851
6185.90 3.4853
6185.95 3.4856
6186.00 3.4859
6186.05 3.4861
6186.10 3.4864
6186.15 3.4867
6186.20 3.4869
6186.25 3.4872
6186.30 3.4875
6186.35 3.4878
6186.40 3.4880
6186.45 3.4883
6186.50 3.4885
6186.55 3.4888
6186.60 3.4891
6186.65 3.4893
6186.70 3.4896
6186.75 3.4899
6186.80 3.4901
6186.85 3.4904
6186.90 3.4906
6186.95 3.4909
6187.00 3.4912
6187.05 3.4914
6187.10 3.4917
6187.15 3.4919
6187.20 3.4922
6187.25 3.4925
6187.30 3.4927
6187.35 3.4930
6187.40 3.4932
6187.45 3.4935
6187.50 3.4937
6187.55 3.4940
6187.60 3.4942
6187.65 3.4945
6187.70 3.4947
6187.75 3.4950
6187.80 3.4953
6187.85 3.4955
6187.90 3.4958
6187.95 3.4960
6188.00 3.4963
6188.05 3.4965
6188.10 3.4967
6188.15 3.4970
6188.20 3.4972
6188.25 3.4975
6188.30 3.4977
6188.35 3.4980
6188.40 3.4982
6188.45 3.4985
6188.50 3.4987
6188.55 3.4990
6188.60 3.4992
6188.65 3.4994
6188.70 3.4997
6188.75 3.4999
6188.80 3.5002
6188.85 3.5004
6188.90 3.5006
6188.95 3.5009
6189.00 3.5011
6189.05 3.5014
6189.10 3.5016
6189.15 3.5018
6189.20 3.5021
6189.25 3.5023
6189.30 3.5025
6189.35 3.5028
6189.40 3.5030
6189.45 3.5032
6189.50 3.5035
6189.55 3.5037
6189.60 3.5039
6189.65 3.5042
6189.70 3.5044
6189.75 3.5046
6189.80 3.5049
6189.85 3.5051
6189.90 3.5053
6189.95 3.5056
6190.00 3.5058
6190.05 3.5060
6190.10 3.5062
6190.15 3.5065
6190.20 3.5067
6190.25 3.5069
6190.30 3.5072
6190.35 3.5074
6190.40 3.5076
6190.45 3.5078
6190.50 3.5080
6190.55 3.5083
6190.60 3.5085
6190.65 3.5087
6190.70 3.5089
6190.75 3.5092
6190.80 3.5094
6190.85 3.5096
6190.90 3.5098
6190.95 3.5100
6191.00 3.5103
6191.05 3.5105
6191.10 3.5107
6191.15 3.5109
6191.20 3.5111
6191.25 3.5113
6191.30 3.5116
6191.35 3.5118
6191.40 3.5120
6191.45 3.5122
6191.50 3.5124
6191.55 3.5126
6191.60 3.5128
6191.65 3.5130
6191.70 3.5133
6191.75 3.5135
6191.80 3.5137
6191.85 3.5139
6191.90 3.5141
6191.95 3.5143
6192.00 3.5145
6192.05 3.5147
6192.10 3.5149
6192.15 3.5151
6192.20 3.5153
6192.25 3.5156
6192.30 3.5158
6192.35 3.5160
6192.40 3.5162
6192.45 3.5164
6192.50 3.5166
6192.55 3.5168
6192.60 3.5170
6192.65 3.5172
6192.70 3.5174
6192.75 3.5176
6192.80 3.5178
6192.85 3.5180
6192.90 3.5182
6192.95 3.5184
6193.00 3.5186
6193.05 3.5188
6193.10 3.5190
6193.15 3.5192
6193.20 3.5194
6193.25 3.5196
6193.30 3.5198
6193.35 3.5200
6193.40 3.5202
6193.45 3.5204
6193.50 3.5206
6193.55 3.5207
6193.60 3.5209
6193.65 3.5211
6193.70 3.5213
6193.75 3.5215
6193.80 3.5217
6193.85 3.5219
6193.90 3.5221
6193.95 3.5223
6194.00 3.5225
6194.05 3.5227
6194.10 3.5228
6194.15 3.5230
6194.20 3.5232
6194.25 3.5234
6194.30 3.5236
6194.35 3.5238
6194.40 3.5240
6194.45 3.5242
6194.50 3.5243
6194.55 3.5245
6194.60 3.5247
6194.65 3.5249
6194.70 3.5251
6194.75 3.5253
6194.80 3.5254
6194.85 3.5256
6194.90 3.5258
6194.95 3.5260
6195.00 3.5262
6195.05 3.5263
6195.10 3.5265
6195.15 3.5267
6195.20 3.5269
6195.25 3.5271
6195.30 3.5272
6195.35 3.5274
6195.40 3.5276
6195.45 3.5278
6195.50 3.5279
6195.55 3.5281
6195.60 3.5283
6195.65 3.5285
6195.70 3.5286
6195.75 3.5288
6195.80 3.5290
6195.85 3.5292
6195.90 3.5293
6195.95 3.5295
6196.00 3.5297
6196.05 3.5298
6196.10 3.5300
6196.15 3.5302
6196.20 3.5304
6196.25 3.5305
6196.30 3.5307
6196.35 3.5309
6196.40 3.5310
6196.45 3.5312
6196.50 3.5314
6196.55 3.5315
6196.60 3.5317
6196.65 3.5319
6196.70 3.5320
6196.75 3.5322
6196.80 3.5324
6196.85 3.5325
6196.90 3.5327
6196.95 3.5328
6197.00 3.5330
6197.05 3.5332
6197.10 3.5333
6197.15 3.5335
6197.20 3.5337
6197.25 3.5338
6197.30 3.5340
6197.35 3.5341
6197.40 3.5343
6197.45 3.5345
6197.50 3.5346
6197.55 3.5348
6197.60 3.5349
6197.65 3.5351
6197.70 3.5352
6197.75 3.5354
6197.80 3.5355
6197.85 3.5357
6197.90 3.5359
6197.95 3.5360
6198.00 3.5362
6198.05 3.5363
6198.10 3.5365
6198.15 3.5366
6198.20 3.5368
6198.25 3.5369
6198.30 3.5371
6198.35 3.5372
6198.40 3.5374
6198.45 3.5375
6198.50 3.5377
6198.55 3.5378
6198.60 3.5380
6198.65 3.5381
6198.70 3.5383
6198.75 3.5384
6198.80 3.5386
6198.85 3.5387
6198.90 3.5389
6198.95 3.5390
6199.00 3.5392
6199.05 3.5393
6199.10 3.5394
6199.15 3.5396
6199.20 3.5397
6199.25 3.5399
6199.30 3.5400
6199.35 3.5402
6199.40 3.5403
6199.45 3.5404
6199.50 3.5406
6199.55 3.5407
6199.60 3.5409
6199.65 3.5410
6199.70 3.5411
6199.75 3.5413
6199.80 3.5414
6199.85 3.5416
6199.90 3.5417
6199.95 3.5418
6200.00 3.5420
6200.05 3.5421
6200.10 3.5422
6200.15 3.5424
6200.20 3.5425
6200.25 3.5427
6200.30 3.5428
6200.35 3.5429
6200.40 3.5431
6200.45 3.5432
6200.50 3.5433
6200.55 3.5435
6200.60 3.5436
6200.65 3.5437
6200.70 3.5439
6200.75 3.5440
6200.80 3.5441
6200.85 3.5442
6200.90 3.5444
6200.95 3.5445
6201.00 3.5446
6201.05 3.5448
6201.10 3.5449
6201.15 3.5450
6201.20 3.5451
6201.25 3.5453
6201.30 3.5454
6201.35 3.5455
6201.40 3.5456
6201.45 3.5458
6201.50 3.5459
6201.55 3.5460
6201.60 3.5461
6201.65 3.5463
6201.70 3.5464
6201.75 3.5465
6201.80 3.5466
6201.85 3.5468
6201.90 3.5469
6201.95 3.5470
6202.00 3.5471
6202.05 3.5472
6202.10 3.5474
6202.15 3.5475
6202.20 3.5476
6202.25 3.5477
6202.30 3.5478
6202.35 3.5480
6202.40 3.5481
6202.45 3.5482
6202.50 3.5483
6202.55 3.5484
6202.60 3.5485
6202.65 3.5487
6202.70 3.5488
6202.75 3.5489
6202.80 3.5490
6202.85 3.5491
6202.90 3.5492
6202.95 3.5494
6203.00 3.5495
6203.05 3.5496
6203.10 3.5497
6203.15 3.5498
6203.20 3.5499
6203.25 3.5500
6203.30 3.5501
6203.35 3.5502
6203.40 3.5504
6203.45 3.5505
6203.50 3.5506
6203.55 3.5507
6203.60 3.5508
6203.65 3.5509
6203.70 3.5510
6203.75 3.5511
6203.80 3.5512
6203.85 3.5513
6203.90 3.5514
6203.95 3.5515
6204.00 3.5517
6204.05 3.5518
6204.10 3.5519
6204.15 3.5520
6204.20 3.5521
6204.25 3.5522
6204.30 3.5523
6204.35 3.5524
6204.40 3.5525
6204.45 3.5526
6204.50 3.5527
6204.55 3.5528
6204.60 3.5529
6204.65 3.5530
6204.70 3.5531
6204.75 3.5532
6204.80 3.5533
6204.85 3.5534
6204.90 3.5535
6204.95 3.5536
6205.00 3.5537
6205.05 3.5538
6205.10 3.5539
6205.15 3.5540
6205.20 3.5541
6205.25 3.5542
6205.30 3.5543
6205.35 3.5544
6205.40 3.5545
6205.45 3.5546
6205.50 3.5547
6205.55 3.5547
6205.60 3.5548
6205.65 3.5549
6205.70 3.5550
6205.75 3.5551
6205.80 3.5552
6205.85 3.5553
6205.90 3.5554
6205.95 3.5555
6206.00 3.5556
6206.05 3.5557
6206.10 3.5558
6206.15 3.5558
6206.20 3.5559
6206.25 3.5560
6206.30 3.5561
6206.35 3.5562
6206.40 3.5563
6206.45 3.5564
6206.50 3.5565
6206.55 3.5566
6206.60 3.5566
6206.65 3.5567
6206.70 3.5568
6206.75 3.5569
6206.80 3.5570
6206.85 3.5571
6206.90 3.5572
6206.95 3.5572
6207.00 3.5573
6207.05 3.5574
6207.10 3.5575
6207.15 3.5576
6207.20 3.5577
6207.25 3.5577
6207.30 3.5578
6207.35 3.5579
6207.40 3.5580
6207.45 3.5581
6207.50 3.5581
6207.55 3.5582
6207.60 3.5583
6207.65 3.5584
6207.70 3.5585
6207.75 3.5585
6207.80 3.5586
6207.85 3.5587
6207.90 3.5588
6207.95 3.5589
6208.00 3.5589
6208.05 3.5590
6208.10 3.5591
6208.15 3.5592
6208.20 3.5592
6208.25 3.5593
6208.30 3.5594
6208.35 3.5595
6208.40 3.5595
6208.45 3.5596
6208.50 3.5597
6208.55 3.5598
6208.60 3.5598
6208.65 3.5599
6208.70 3.5600
6208.75 3.5601
6208.80 3.5601
6208.85 3.5602
6208.90 3.5603
6208.95 3.5603
6209.00 3.5604
6209.05 3.5605
6209.10 3.5605
6209.15 3.5606
6209.20 3.5607
6209.25 3.5608
6209.30 3.5608
6209.35 3.5609
6209.40 3.5610
6209.45 3.5610
6209.50 3.5611
6209.55 3.5612
6209.60 3.5612
6209.65 3.5613
6209.70 3.5614
6209.75 3.5614
6209.80 3.5615
6209.85 3.5616
6209.90 3.5616
6209.95 3.5617
6210.00 3.5617
6210.05 3.5618
6210.10 3.5619
6210.15 3.5619
6210.20 3.5620
6210.25 3.5621
6210.30 3.5621
6210.35 3.5622
6210.40 3.5622
6210.45 3.5623
6210.50 3.5624
6210.55 3.5624
6210.60 3.5625
6210.65 3.5626
6210.70 3.5626
6210.75 3.5627
6210.80 3.5627
6210.85 3.5628
6210.90 3.5628
6210.95 3.5629
6211.00 3.5630
6211.05 3.5630
6211.10 3.5631
6211.15 3.5631
6211.20 3.5632
6211.25 3.5632
6211.30 3.5633
6211.35 3.5634
6211.40 3.5634
6211.45 3.5635
6211.50 3.5635
6211.55 3.5636
6211.60 3.5636
6211.65 3.5637
6211.70 3.5637
6211.75 3.5638
6211.80 3.5638
6211.85 3.5639
6211.90 3.5639
6211.95 3.5640
6212.00 3.5640
6212.05 3.5641
6212.10 3.5641
6212.15 3.5642
6212.20 3.5642
6212.25 3.5643
6212.30 3.5643
6212.35 3.5644
6212.40 3.5644
6212.45 3.5645
6212.50 3.5645
6212.55 3.5646
6212.60 3.5646
6212.65 3.5647
6212.70 3.5647
6212.75 3.5648
6212.80 3.5648
6212.85 3.5649
6212.90 3.5649
6212.95 3.5650
6213.00 3.5650
6213.05 3.5651
6213.10 3.5651
6213.15 3.5651
6213.20 3.5652
6213.25 3.5652
6213.30 3.5653
6213.35 3.5653
6213.40 3.5654
6213.45 3.5654
6213.50 3.5654
6213.55 3.5655
6213.60 3.5655
6213.65 3.5656
6213.70 3.5656
6213.75 3.5657
6213.80 3.5657
6213.85 3.5657
6213.90 3.5658
6213.95 3.5658
6214.00 3.5659
6214.05 3.5659
6214.10 3.5659
6214.15 3.5660
6214.20 3.5660
6214.25 3.5660
6214.30 3.5661
6214.35 3.5661
6214.40 3.5662
6214.45 3.5662
6214.50 3.5662
6214.55 3.5663
6214.60 3.5663
6214.65 3.5663
6214.70 3.5664
6214.75 3.5664
6214.80 3.5664
6214.85 3.5665
6214.90 3.5665
6214.95 3.5665
6215.00 3.5666
6215.05 3.5666
6215.10 3.5666
6215.15 3.5667
6215.20 3.5667
6215.25 3.5667
6215.30 3.5668
6215.35 3.5668
6215.40 3.5668
6215.45 3.5669
6215.50 3.5669
6215.55 3.5669
6215.60 3.5670
6215.65 3.5670
6215.70 3.5670
6215.75 3.5671
6215.80 3.5671
6215.85 3.5671
6215.90 3.5671
6215.95 3.5672
6216.00 3.5672
6216.05 3.5672
6216.10 3.5672
6216.15 3.5673
6216.20 3.5673
6216.25 3.5673
6216.30 3.5674
6216.35 3.5674
6216.40 3.5674
6216.45 3.5674
6216.50 3.5675
6216.55 3.5675
6216.60 3.5675
6216.65 3.5675
6216.70 3.5676
6216.75 3.5676
6216.80 3.5676
6216.85 3.5676
6216.90 3.5677
6216.95 3.5677
6217.00 3.5677
6217.05 3.5677
6217.10 3.5677
6217.15 3.5678
6217.20 3.5678
6217.25 3.5678
6217.30 3.5678
6217.35 3.5678
6217.40 3.5679
6217.45 3.5679
6217.50 3.5679
6217.55 3.5679
6217.60 3.5679
6217.65 3.5680
6217.70 3.5680
6217.75 3.5680
6217.80 3.5680
6217.85 3.5680
6217.90 3.5681
6217.95 3.5681
6218.00 3.5681
6218.05 3.5681
6218.10 3.5681
6218.15 3.5681
6218.20 3.5682
6218.25 3.5682
6218.30 3.5682
6218.35 3.5682
6218.40 3.5682
6218.45 3.5682
6218.50 3.5683
6218.55 3.5683
6218.60 3.5683
6218.65 3.5683
6218.70 3.5683
6218.75 3.5683
6218.80 3.5683
6218.85 3.5683
6218.90 3.5684
6218.95 3.5684
6219.00 3.5684
6219.05 3.5684
6219.10 3.5684
6219.15 3.5684
6219.20 3.5684
6219.25 3.5684
6219.30 3.5685
6219.35 3.5685
6219.40 3.5685
6219.45 3.5685
6219.50 3.5685
6219.55 3.5685
6219.60 3.5685
6219.65 3.5685
6219.70 3.5685
6219.75 3.5685
6219.80 3.5685
6219.85 3.5686
6219.90 3.5686
6219.95 3.5686
6220.00 3.5686
6220.05 3.5686
6220.10 3.5686
6220.15 3.5686
6220.20 3.5686
6220.25 3.5686
6220.30 3.5686
6220.35 3.5686
6220.40 3.5686
6220.45 3.5686
6220.50 3.5686
6220.55 3.5686
6220.60 3.5686
6220.65 3.5686
6220.70 3.5686
6220.75 3.5687
6220.80 3.5687
6220.85 3.5687
6220.90 3.5687
6220.95 3.5687
6221.00 3.5687
6221.05 3.5687
6221.10 3.5687
6221.15 3.5687
6221.20 3.5687
6221.25 3.5687
6221.30 3.5687
6221.35 3.5687
6221.40 3.5687
6221.45 3.5687
6221.50 3.5687
6221.55 3.5687
6221.60 3.5687
6221.65 3.5687
6221.70 3.5687
6221.75 3.5687
6221.80 3.5687
6221.85 3.5687
6221.90 3.5687
6221.95 3.5687
6222.00 3.5687
6222.05 3.5687
6222.10 3.5687
6222.15 3.5687
6222.20 3.5687
6222.25 3.5686
6222.30 3.5686
6222.35 3.5686
6222.40 3.5686
6222.45 3.5686
6222.50 3.5686
6222.55 3.5686
6222.60 3.5686
6222.65 3.5686
6222.70 3.5686
6222.75 3.5686
6222.80 3.5686
6222.85 3.5686
6222.90 3.5686
6222.95 3.5686
6223.00 3.5686
6223.05 3.5686
6223.10 3.5686
6223.15 3.5685
6223.20 3.5685
6223.25 3.5685
6223.30 3.5685
6223.35 3.5685
6223.40 3.5685
6223.45 3.5685
6223.50 3.5685
6223.55 3.5685
6223.60 3.5685
6223.65 3.5685
6223.70 3.5684
6223.75 3.5684
6223.80 3.5684
6223.85 3.5684
6223.90 3.5684
6223.95 3.5684
6224.00 3.5684
6224.05 3.5684
6224.10 3.5684
6224.15 3.5683
6224.20 3.5683
6224.25 3.5683
6224.30 3.5683
6224.35 3.5683
6224.40 3.5683
6224.45 3.5683
6224.50 3.5683
6224.55 3.5682
6224.60 3.5682
6224.65 3.5682
6224.70 3.5682
6224.75 3.5682
6224.80 3.5682
6224.85 3.5682
6224.90 3.5681
6224.95 3.5681
6225.00 3.5681
6225.05 3.5681
6225.10 3.5681
6225.15 3.5681
6225.20 3.5680
6225.25 3.5680
6225.30 3.5680
6225.35 3.5680
6225.40 3.5680
6225.45 3.5680
6225.50 3.5679
6225.55 3.5679
6225.60 3.5679
6225.65 3.5679
6225.70 3.5679
6225.75 3.5678
6225.80 3.5678
6225.85 3.5678
6225.90 3.5678
6225.95 3.5678
6226.00 3.5677
6226.05 3.5677
6226.10 3.5677
6226.15 3.5677
6226.20 3.5677
6226.25 3.5676
6226.30 3.5676
6226.35 3.5676
6226.40 3.5676
6226.45 3.5676
6226.50 3.5675
6226.55 3.5675
6226.60 3.5675
6226.65 3.5675
6226.70 3.5674
6226.75 3.5674
6226.80 3.5674
6226.85 3.5674
6226.90 3.5674
6226.95 3.5673
6227.00 3.5673
6227.05 3.5673
6227.10 3.5673
6227.15 3.5672
6227.20 3.5672
6227.25 3.5672
6227.30 3.5672
6227.35 3.5671
6227.40 3.5671
6227.45 3.5671
6227.50 3.5671
6227.55 3.5670
6227.60 3.5670
6227.65 3.5670
6227.70 3.5669
6227.75 3.5669
6227.80 3.5669
6227.85 3.5669
6227.90 3.5668
6227.95 3.5668
6228.00 3.5668
6228.05 3.5668
6228.10 3.5667
6228.15 3.5667
6228.20 3.5667
6228.25 3.5666
6228.30 3.5666
6228.35 3.5666
6228.40 3.5666
6228.45 3.5665
6228.50 3.5665
6228.55 3.5665
6228.60 3.5664
6228.65 3.5664
6228.70 3.5664
6228.75 3.5663
6228.80 3.5663
6228.85 3.5663
6228.90 3.5662
6228.95 3.5662
6229.00 3.5662
6229.05 3.5662
6229.10 3.5661
6229.15 3.5661
6229.20 3.5661
6229.25 3.5660
6229.30 3.5660
6229.35 3.5660
6229.40 3.5659
6229.45 3.5659
6229.50 3.5659
6229.55 3.5658
6229.60 3.5658
6229.65 3.5658
6229.70 3.5657
6229.75 3.5657
6229.80 3.5657
6229.85 3.5656
6229.90 3.5656
6229.95 3.5655
6230.00 3.5655
6230.05 3.5655
6230.10 3.5654
6230.15 3.5654
6230.20 3.5654
6230.25 3.5653
6230.30 3.5653
6230.35 3.5653
6230.40 3.5652
6230.45 3.5652
6230.50 3.5651
6230.55 3.5651
6230.60 3.5651
6230.65 3.5650
6230.70 3.5650
6230.75 3.5650
6230.80 3.5649
6230.85 3.5649
6230.90 3.5648
6230.95 3.5648
6231.00 3.5648
6231.05 3.5647
6231.10 3.5647
6231.15 3.5647
6231.20 3.5646
6231.25 3.5646
6231.30 3.5645
6231.35 3.5645
6231.40 3.5645
6231.45 3.5644
6231.50 3.5644
6231.55 3.5643
6231.60 3.5643
6231.65 3.5642
6231.70 3.5642
6231.75 3.5642
6231.80 3.5641
6231.85 3.5641
6231.90 3.5640
6231.95 3.5640
6232.00 3.5640
6232.05 3.5639
6232.10 3.5639
6232.15 3.5638
6232.20 3.5638
6232.25 3.5637
6232.30 3.5637
6232.35 3.5637
6232.40 3.5636
6232.45 3.5636
6232.50 3.5635
6232.55 3.5635
6232.60 3.5634
6232.65 3.5634
6232.70 3.5633
6232.75 3.5633
6232.80 3.5633
6232.85 3.5632
6232.90 3.5632
6232.95 3.5631
6233.00 3.5631
6233.05 3.5630
6233.10 3.5630
6233.15 3.5629
6233.20 3.5629
6233.25 3.5628
6233.30 3.5628
6233.35 3.5628
6233.40 3.5627
6233.45 3.5627
6233.50 3.5626
6233.55 3.5626
6233.60 3.5625
6233.65 3.5625
6233.70 3.5624
6233.75 3.5624
6233.80 3.5623
6233.85 3.5623
6233.90 3.5622
6233.95 3.5622
6234.00 3.5621
6234.05 3.5621
6234.10 3.5620
6234.15 3.5620
6234.20 3.5619
6234.25 3.5619
6234.30 3.5618
6234.35 3.5618
6234.40 3.5617
6234.45 3.5617
6234.50 3.5616
6234.55 3.5616
6234.60 3.5615
6234.65 3.5615
6234.70 3.5614
6234.75 3.5614
6234.80 3.5613
6234.85 3.5613
6234.90 3.5612
6234.95 3.5612
6235.00 3.5611
6235.05 3.5611
6235.10 3.5610
6235.15 3.5610
6235.20 3.5609
6235.25 3.5609
6235.30 3.5608
6235.35 3.5608
6235.40 3.5607
6235.45 3.5606
6235.50 3.5606
6235.55 3.5605
6235.60 3.5605
6235.65 3.5604
6235.70 3.5604
6235.75 3.5603
6235.80 3.5603
6235.85 3.5602
6235.90 3.5602
6235.95 3.5601
6236.00 3.5601
6236.05 3.5600
6236.10 3.5599
6236.15 3.5599
6236.20 3.5598
6236.25 3.5598
6236.30 3.5597
6236.35 3.5597
6236.40 3.5596
6236.45 3.5596
6236.50 3.5595
6236.55 3.5594
6236.60 3.5594
6236.65 3.5593
6236.70 3.5593
6236.75 3.5592
6236.80 3.5592
6236.85 3.5591
6236.90 3.5590
6236.95 3.5590
6237.00 3.5589
6237.05 3.5589
6237.10 3.5588
6237.15 3.5588
6237.20 3.5587
6237.25 3.5586
6237.30 3.5586
6237.35 3.5585
6237.40 3.5585
6237.45 3.5584
6237.50 3.5583
6237.55 3.5583
6237.60 3.5582
6237.65 3.5582
6237.70 3.5581
6237.75 3.5580
6237.80 3.5580
6237.85 3.5579
6237.90 3.5579
6237.95 3.5578
6238.00 3.5577
6238.05 3.5577
6238.10 3.5576
6238.15 3.5576
6238.20 3.5575
6238.25 3.5574
6238.30 3.5574
6238.35 3.5573
6238.40 3.5573
6238.45 3.5572
6238.50 3.5571
6238.55 3.5571
6238.60 3.5570
6238.65 3.5570
6238.70 3.5569
6238.75 3.5568
6238.80 3.5568
6238.85 3.5567
6238.90 3.5566
6238.95 3.5566
6239.00 3.5565
6239.05 3.5565
6239.10 3.5564
6239.15 3.5563
6239.20 3.5563
6239.25 3.5562
6239.30 3.5561
6239.35 3.5561
6239.40 3.5560
6239.45 3.5559
6239.50 3.5559
6239.55 3.5558
6239.60 3.5557
6239.65 3.5557
6239.70 3.5556
6239.75 3.5556
6239.80 3.5555
6239.85 3.5554
6239.90 3.5554
6239.95 3.5553
6240.00 3.5552
6240.05 3.5552
6240.10 3.5551
6240.15 3.5550
6240.20 3.5550
6240.25 3.5549
6240.30 3.5548
6240.35 3.5548
6240.40 3.5547
6240.45 3.5546
6240.50 3.5546
6240.55 3.5545
6240.60 3.5544
6240.65 3.5544
6240.70 3.5543
6240.75 3.5542
6240.80 3.5542
6240.85 3.5541
6240.90 3.5540
6240.95 3.5540
6241.00 3.5539
6241.05 3.5538
6241.10 3.5538
6241.15 3.5537
6241.20 3.5536
6241.25 3.5536
6241.30 3.5535
6241.35 3.5534
6241.40 3.5533
6241.45 3.5533
6241.50 3.5532
6241.55 3.5531
6241.60 3.5531
6241.65 3.5530
6241.70 3.5529
6241.75 3.5529
6241.80 3.5528
6241.85 3.5527
6241.90 3.5527
6241.95 3.5526
6242.00 3.5525
6242.05 3.5524
6242.10 3.5524
6242.15 3.5523
6242.20 3.5522
6242.25 3.5522
6242.30 3.5521
6242.35 3.5520
6242.40 3.5519
6242.45 3.5519
6242.50 3.5518
6242.55 3.5517
6242.60 3.5517
6242.65 3.5516
6242.70 3.5515
6242.75 3.5514
6242.80 3.5514
6242.85 3.5513
6242.90 3.5512
6242.95 3.5512
6243.00 3.5511
6243.05 3.5510
6243.10 3.5509
6243.15 3.5509
6243.20 3.5508
6243.25 3.5507
6243.30 3.5506
6243.35 3.5506
6243.40 3.5505
6243.45 3.5504
6243.50 3.5504
6243.55 3.5503
6243.60 3.5502
6243.65 3.5501
6243.70 3.5501
6243.75 3.5500
6243.80 3.5499
6243.85 3.5498
6243.90 3.5498
6243.95 3.5497
6244.00 3.5496
6244.05 3.5495
6244.10 3.5495
6244.15 3.5494
6244.20 3.5493
6244.25 3.5492
6244.30 3.5492
6244.35 3.5491
6244.40 3.5490
6244.45 3.5489
6244.50 3.5489
6244.55 3.5488
6244.60 3.5487
6244.65 3.5486
6244.70 3.5486
6244.75 3.5485
6244.80 3.5484
6244.85 3.5483
6244.90 3.5483
6244.95 3.5482
6245.00 3.5481
6245.05 3.5480
6245.10 3.5479
6245.15 3.5479
6245.20 3.5478
6245.25 3.5477
6245.30 3.5476
6245.35 3.5476
6245.40 3.5475
6245.45 3.5474
6245.50 3.5473
6245.55 3.5473
6245.60 3.5472
6245.65 3.5471
6245.70 3.5470
6245.75 3.5469
6245.80 3.5469
6245.85 3.5468
6245.90 3.5467
6245.95 3.5466
6246.00 3.5466
6246.05 3.5465
6246.10 3.5464
6246.15 3.5463
6246.20 3.5462
6246.25 3.5462
6246.30 3.5461
6246.35 3.5460
6246.40 3.5459
6246.45 3.5458
6246.50 3.5458
6246.55 3.5457
6246.60 3.5456
6246.65 3.5455
6246.70 3.5454
6246.75 3.5454
6246.80 3.5453
6246.85 3.5452
6246.90 3.5451
6246.95 3.5450
6247.00 3.5450
6247.05 3.5449
6247.10 3.5448
6247.15 3.5447
6247.20 3.5446
6247.25 3.5446
6247.30 3.5445
6247.35 3.5444
6247.40 3.5443
6247.45 3.5442
6247.50 3.5442
6247.55 3.5441
6247.60 3.5440
6247.65 3.5439
6247.70 3.5438
6247.75 3.5437
6247.80 3.5437
6247.85 3.5436
6247.90 3.5435
6247.95 3.5434
6248.00 3.5433
6248.05 3.5433
6248.10 3.5432
6248.15 3.5431
6248.20 3.5430
6248.25 3.5429
6248.30 3.5428
6248.35 3.5428
6248.40 3.5427
6248.45 3.5426
6248.50 3.5425
6248.55 3.5424
6248.60 3.5423
6248.65 3.5423
6248.70 3.5422
6248.75 3.5421
6248.80 3.5420
6248.85 3.5419
6248.90 3.5418
6248.95 3.5418
6249.00 3.5417
6249.05 3.5416
6249.10 3.5415
6249.15 3.5414
6249.20 3.5413
6249.25 3.5413
6249.30 3.5412
6249.35 3.5411
6249.40 3.5410
6249.45 3.5409
6249.50 3.5408
6249.55 3.5408
6249.60 3.5407
6249.65 3.5406
6249.70 3.5405
6249.75 3.5404
6249.80 3.5403
6249.85 3.5402
6249.90 3.5402
6249.95 3.5401
6250.00 3.5400
6250.05 3.5399
6250.10 3.5398
6250.15 3.5397
6250.20 3.5397
6250.25 3.5396
6250.30 3.5395
6250.35 3.5394
6250.40 3.5393
6250.45 3.5392
6250.50 3.5391
6250.55 3.5390
6250.60 3.5390
6250.65 3.5389
6250.70 3.5388
6250.75 3.5387
6250.80 3.5386
6250.85 3.5385
6250.90 3.5384
6250.95 3.5384
6251.00 3.5383
6251.05 3.5382
6251.10 3.5381
6251.15 3.5380
6251.20 3.5379
6251.25 3.5378
6251.30 3.5377
6251.35 3.5377
6251.40 3.5376
6251.45 3.5375
6251.50 3.5374
6251.55 3.5373
6251.60 3.5372
6251.65 3.5371
6251.70 3.5370
6251.75 3.5370
6251.80 3.5369
6251.85 3.5368
6251.90 3.5367
6251.95 3.5366
6252.00 3.5365
6252.05 3.5364
6252.10 3.5363
6252.15 3.5363
6252.20 3.5362
6252.25 3.5361
6252.30 3.5360
6252.35 3.5359
6252.40 3.5358
6252.45 3.5357
6252.50 3.5356
6252.55 3.5355
6252.60 3.5355
6252.65 3.5354
6252.70 3.5353
6252.75 3.5352
6252.80 3.5351
6252.85 3.5350
6252.90 3.5349
6252.95 3.5348
6253.00 3.5347
6253.05 3.5347
6253.10 3.5346
6253.15 3.5345
6253.20 3.5344
6253.25 3.5343
6253.30 3.5342
6253.35 3.5341
6253.40 3.5340
6253.45 3.5339
6253.50 3.5338
6253.55 3.5338
6253.60 3.5337
6253.65 3.5336
6253.70 3.5335
6253.75 3.5334
6253.80 3.5333
6253.85 3.5332
6253.90 3.5331
6253.95 3.5330
6254.00 3.5329
6254.05 3.5329
6254.10 3.5328
6254.15 3.5327
6254.20 3.5326
6254.25 3.5325
6254.30 3.5324
6254.35 3.5323
6254.40 3.5322
6254.45 3.5321
6254.50 3.5320
6254.55 3.5319
6254.60 3.5319
6254.65 3.5318
6254.70 3.5317
6254.75 3.5316
6254.80 3.5315
6254.85 3.5314
6254.90 3.5313
6254.95 3.5312
6255.00 3.5311
6255.05 3.5310
6255.10 3.5309
6255.15 3.5308
6255.20 3.5307
6255.25 3.5307
6255.30 3.5306
6255.35 3.5305
6255.40 3.5304
6255.45 3.5303
6255.50 3.5302
6255.55 3.5301
6255.60 3.5300
6255.65 3.5299
6255.70 3.5298
6255.75 3.5297
6255.80 3.5296
6255.85 3.5295
6255.90 3.5295
6255.95 3.5294
6256.00 3.5293
6256.05 3.5292
6256.10 3.5291
6256.15 3.5290
6256.20 3.5289
6256.25 3.5288
6256.30 3.5287
6256.35 3.5286
6256.40 3.5285
6256.45 3.5284
6256.50 3.5283
6256.55 3.5282
6256.60 3.5281
6256.65 3.5281
6256.70 3.5280
6256.75 3.5279
6256.80 3.5278
6256.85 3.5277
6256.90 3.5276
6256.95 3.5275
6257.00 3.5274
6257.05 3.5273
6257.10 3.5272
6257.15 3.5271
6257.20 3.5270
6257.25 3.5269
6257.30 3.5268
6257.35 3.5267
6257.40 3.5266
6257.45 3.5265
6257.50 3.5265
6257.55 3.5264
6257.60 3.5263
6257.65 3.5262
6257.70 3.5261
6257.75 3.5260
6257.80 3.5259
6257.85 3.5258
6257.90 3.5257
6257.95 3.5256
6258.00 3.5255
6258.05 3.5254
6258.10 3.5253
6258.15 3.5252
6258.20 3.5251
6258.25 3.5250
6258.30 3.5249
6258.35 3.5248
6258.40 3.5247
6258.45 3.5247
6258.50 3.5246
6258.55 3.5245
6258.60 3.5244
6258.65 3.5243
6258.70 3.5242
6258.75 3.5241
6258.80 3.5240
6258.85 3.5239
6258.90 3.5238
6258.95 3.5237
6259.00 3.5236
6259.05 3.5235
6259.10 3.5234
6259.15 3.5233
6259.20 3.5232
6259.25 3.5231
6259.30 3.5230
6259.35 3.5229
6259.40 3.5228
6259.45 3.5227
6259.50 3.5226
6259.55 3.5225
6259.60 3.5224
6259.65 3.5224
6259.70 3.5223
6259.75 3.5222
6259.80 3.5221
6259.85 3.5220
6259.90 3.5219
6259.95 3.5218
6260.00 3.5217
6260.05 3.5216
6260.10 3.5215
6260.15 3.5214
6260.20 3.5213
6260.25 3.5212
6260.30 3.5211
6260.35 3.5210
6260.40 3.5209
6260.45 3.5208
6260.50 3.5207
6260.55 3.5206
6260.60 3.5205
6260.65 3.5204
6260.70 3.5203
6260.75 3.5202
6260.80 3.5201
6260.85 3.5200
6260.90 3.5199
6260.95 3.5198
6261.00 3.5197
6261.05 3.5196
6261.10 3.5195
6261.15 3.5194
6261.20 3.5193
6261.25 3.5192
6261.30 3.5191
6261.35 3.5191
6261.40 3.5190
6261.45 3.5189
6261.50 3.5188
6261.55 3.5187
6261.60 3.5186
6261.65 3.5185
6261.70 3.5184
6261.75 3.5183
6261.80 3.5182
6261.85 3.5181
6261.90 3.5180
6261.95 3.5179
6262.00 3.5178
6262.05 3.5177
6262.10 3.5176
6262.15 3.5175
6262.20 3.5174
6262.25 3.5173
6262.30 3.5172
6262.35 3.5171
6262.40 3.5170
6262.45 3.5169
6262.50 3.5168
6262.55 3.5167
6262.60 3.5166
6262.65 3.5165
6262.70 3.5164
6262.75 3.5163
6262.80 3.5162
6262.85 3.5161
6262.90 3.5160
6262.95 3.5159
6263.00 3.5158
6263.05 3.5157
6263.10 3.5156
6263.15 3.5155
6263.20 3.5154
6263.25 3.5153
6263.30 3.5152
6263.35 3.5151
6263.40 3.5150
6263.45 3.5149
6263.50 3.5148
6263.55 3.5147
6263.60 3.5146
6263.65 3.5145
6263.70 3.5144
6263.75 3.5143
6263.80 3.5142
6263.85 3.5141
6263.90 3.5140
6263.95 3.5139
6264.00 3.5138
6264.05 3.5137
6264.10 3.5136
6264.15 3.5135
6264.20 3.5134
6264.25 3.5133
6264.30 3.5132
6264.35 3.5131
6264.40 3.5130
6264.45 3.5129
6264.50 3.5128
6264.55 3.5127
6264.60 3.5126
6264.65 3.5125
6264.70 3.5124
6264.75 3.5123
6264.80 3.5122
6264.85 3.5121
6264.90 3.5120
6264.95 3.5119
6265.00 3.5118
6265.05 3.5117
6265.10 3.5116
6265.15 3.5115
6265.20 3.5114
6265.25 3.5113
6265.30 3.5112
6265.35 3.5111
6265.40 3.5110
6265.45 3.5109
6265.50 3.5108
6265.55 3.5107
6265.60 3.5106
6265.65 3.5105
6265.70 3.5104
6265.75 3.5103
6265.80 3.5102
6265.85 3.5101
6265.90 3.5100
6265.95 3.5099
6266.00 3.5098
6266.05 3.5097
6266.10 3.5096
6266.15 3.5095
6266.20 3.5094
6266.25 3.5093
6266.30 3.5092
6266.35 3.5091
6266.40 3.5090
6266.45 3.5089
6266.50 3.5088
6266.55 3.5087
6266.60 3.5086
6266.65 3.5085
6266.70 3.5084
6266.75 3.5083
6266.80 3.5082
6266.85 3.5081
6266.90 3.5080
6266.95 3.5079
6267.00 3.5078
6267.05 3.5077
6267.10 3.5076
6267.15 3.5075
6267.20 3.5074
6267.25 3.5073
6267.30 3.5072
6267.35 3.5071
6267.40 3.5070
6267.45 3.5069
6267.50 3.5068
6267.55 3.5067
6267.60 3.5066
6267.65 3.5065
6267.70 3.5064
6267.75 3.5063
6267.80 3.5062
6267.85 3.5061
6267.90 3.5060
6267.95 3.5059
6268.00 3.5058
6268.05 3.5057
6268.10 3.5056
6268.15 3.5055
6268.20 3.5054
6268.25 3.5053
6268.30 3.5052
6268.35 3.5051
6268.40 3.5050
6268.45 3.5049
6268.50 3.5048
6268.55 3.5047
6268.60 3.5046
6268.65 3.5045
6268.70 3.5044
6268.75 3.5043
6268.80 3.5042
6268.85 3.5041
6268.90 3.5040
6268.95 3.5039
6269.00 3.5038
6269.05 3.5037
6269.10 3.5036
6269.15 3.5035
6269.20 3.5034
6269.25 3.5033
6269.30 3.5032
6269.35 3.5031
6269.40 3.5030
6269.45 3.5029
6269.50 3.5028
6269.55 3.5027
6269.60 3.5026
6269.65 3.5025
6269.70 3.5024
6269.75 3.5023
6269.80 3.5022
6269.85 3.5021
6269.90 3.5020
6269.95 3.5019
6270.00 3.5018
6270.05 3.5016
6270.10 3.5015
6270.15 3.5014
6270.20 3.5013
6270.25 3.5012
6270.30 3.5011
6270.35 3.5010
6270.40 3.5009
6270.45 3.5008
6270.50 3.5007
6270.55 3.5006
6270.60 3.5005
6270.65 3.5004
6270.70 3.5003
6270.75 3.5002
6270.80 3.5001
6270.85 3.5000
6270.90 3.4999
6270.95 3.4998
6271.00 3.4997
6271.05 3.4996
6271.10 3.4995
6271.15 3.4994
6271.20 3.4993
6271.25 3.4992
6271.30 3.4991
6271.35 3.4990
6271.40 3.4989
6271.45 3.4988
6271.50 3.4987
6271.55 3.4986
6271.60 3.4985
6271.65 3.4984
6271.70 3.4983
6271.75 3.4982
6271.80 3.4981
6271.85 3.4980
6271.90 3.4979
6271.95 3.4978
6272.00 3.4977
6272.05 3.4976
6272.10 3.4975
6272.15 3.4974
6272.20 3.4973
6272.25 3.4972
6272.30 3.4971
6272.35 3.4970
6272.40 3.4969
6272.45 3.4968
6272.50 3.4967
6272.55 3.4966
6272.60 3.4965
6272.65 3.4963
6272.70 3.4962
6272.75 3.4961
6272.80 3.4960
6272.85 3.4959
6272.90 3.4958
6272.95 3.4957
6273.00 3.4956
6273.05 3.4955
6273.10 3.4954
6273.15 3.4953
6273.20 3.4952
6273.25 3.4951
6273.30 3.4950
6273.35 3.4949
6273.40 3.4948
6273.45 3.4947
6273.50 3.4946
6273.55 3.4945
6273.60 3.4944
6273.65 3.4943
6273.70 3.4942
6273.75 3.4941
6273.80 3.4940
6273.85 3.4939
6273.90 3.4938
6273.95 3.4937
6274.00 3.4936
6274.05 3.4935
6274.10 3.4934
6274.15 3.4933
6274.20 3.4932
6274.25 3.4931
6274.30 3.4930
6274.35 3.4929
6274.40 3.4928
6274.45 3.4927
6274.50 3.4926
6274.55 3.4925
6274.60 3.4924
6274.65 3.4923
6274.70 3.4922
6274.75 3.4921
6274.80 3.4920
6274.85 3.4918
6274.90 3.4917
6274.95 3.4916
6275.00 3.4915
6275.05 3.4914
6275.10 3.4913
6275.15 3.4912
6275.20 3.4911
6275.25 3.4910
6275.30 3.4909
6275.35 3.4908
6275.40 3.4907
6275.45 3.4906
6275.50 3.4905
6275.55 3.4904
6275.60 3.4903
6275.65 3.4902
6275.70 3.4901
6275.75 3.4900
6275.80 3.4899
6275.85 3.4898
6275.90 3.4897
6275.95 3.4896
6276.00 3.4895
6276.05 3.4894
6276.10 3.4893
6276.15 3.4892
6276.20 3.4891
6276.25 3.4890
6276.30 3.4889
6276.35 3.4888
6276.40 3.4887
6276.45 3.4886
6276.50 3.4885
6276.55 3.4884
6276.60 3.4883
6276.65 3.4882
6276.70 3.4881
6276.75 3.4880
6276.80 3.4879
6276.85 3.4878
6276.90 3.4876
6276.95 3.4875
6277.00 3.4874
6277.05 3.4873
6277.10 3.4872
6277.15 3.4871
6277.20 3.4870
6277.25 3.4869
6277.30 3.4868
6277.35 3.4867
6277.40 3.4866
6277.45 3.4865
6277.50 3.4864
6277.55 3.4863
6277.60 3.4862
6277.65 3.4861
6277.70 3.4860
6277.75 3.4859
6277.80 3.4858
6277.85 3.4857
6277.90 3.4856
6277.95 3.4855
6278.00 3.4854
6278.05 3.4853
6278.10 3.4852
6278.15 3.4851
6278.20 3.4850
6278.25 3.4849
6278.30 3.4848
6278.35 3.4847
6278.40 3.4846
6278.45 3.4845
6278.50 3.4844
6278.55 3.4843
6278.60 3.4842
6278.65 3.4841
6278.70 3.4840
6278.75 3.4839
6278.80 3.4838
6278.85 3.4837
6278.90 3.4836
6278.95 3.4835
6279.00 3.4833
6279.05 3.4832
6279.10 3.4831
6279.15 3.4830
6279.20 3.4829
6279.25 3.4828
6279.30 3.4827
6279.35 3.4826
6279.40 3.4825
6279.45 3.4824
6279.50 3.4823
6279.55 3.4822
6279.60 3.4821
6279.65 3.4820
6279.70 3.4819
6279.75 3.4818
6279.80 3.4817
6279.85 3.4816
6279.90 3.4815
6279.95 3.4814
6280.00 3.4813
6280.05 3.4812
6280.10 3.4811
6280.15 3.4810
6280.20 3.4809
6280.25 3.4808
6280.30 3.4807
6280.35 3.4806
6280.40 3.4805
6280.45 3.4804
6280.50 3.4803
6280.55 3.4802
6280.60 3.4801
6280.65 3.4800
6280.70 3.4799
6280.75 3.4798
6280.80 3.4797
6280.85 3.4796
6280.90 3.4795
6280.95 3.4794
6281.00 3.4793
6281.05 3.4792
6281.10 3.4791
6281.15 3.4790
6281.20 3.4789
6281.25 3.4787
6281.30 3.4786
6281.35 3.4785
6281.40 3.4784
6281.45 3.4783
6281.50 3.4782
6281.55 3.4781
6281.60 3.4780
6281.65 3.4779
6281.70 3.4778
6281.75 3.4777
6281.80 3.4776
6281.85 3.4775
6281.90 3.4774
6281.95 3.4773
6282.00 3.4772
6282.05 3.4771
6282.10 3.4770
6282.15 3.4769
6282.20 3.4768
6282.25 3.4767
6282.30 3.4766
6282.35 3.4765
6282.40 3.4764
6282.45 3.4763
6282.50 3.4762
6282.55 3.4761
6282.60 3.4760
6282.65 3.4759
6282.70 3.4758
6282.75 3.4757
6282.80 3.4756
6282.85 3.4755
6282.90 3.4754
6282.95 3.4753
6283.00 3.4752
6283.05 3.4751
6283.10 3.4750
6283.15 3.4749
6283.20 3.4748
6283.25 3.4747
6283.30 3.4746
6283.35 3.4745
6283.40 3.4744
6283.45 3.4743
6283.50 3.4742
6283.55 3.4741
6283.60 3.4740
6283.65 3.4739
6283.70 3.4738
6283.75 3.4737
6283.80 3.4735
6283.85 3.4734
6283.90 3.4733
6283.95 3.4732
6284.00 3.4731
6284.05 3.4730
6284.10 3.4729
6284.15 3.4728
6284.20 3.4727
6284.25 3.4726
6284.30 3.4725
6284.35 3.4724
6284.40 3.4723
6284.45 3.4722
6284.50 3.4721
6284.55 3.4720
6284.60 3.4719
6284.65 3.4718
6284.70 3.4717
6284.75 3.4716
6284.80 3.4715
6284.85 3.4714
6284.90 3.4713
6284.95 3.4712
6285.00 3.4711
6285.05 3.4710
6285.10 3.4709
6285.15 3.4708
6285.20 3.4707
6285.25 3.4706
6285.30 3.4705
6285.35 3.4704
6285.40 3.4703
6285.45 3.4702
6285.50 3.4701
6285.55 3.4700
6285.60 3.4699
6285.65 3.4698
6285.70 3.4697
6285.75 3.4696
6285.80 3.4695
6285.85 3.4694
6285.90 3.4693
6285.95 3.4692
6286.00 3.4691
6286.05 3.4690
6286.10 3.4689
6286.15 3.4688
6286.20 3.4687
6286.25 3.4686
6286.30 3.4685
6286.35 3.4684
6286.40 3.4683
6286.45 3.4682
6286.50 3.4681
6286.55 3.4680
6286.60 3.4679
6286.65 3.4678
6286.70 3.4677
6286.75 3.4676
6286.80 3.4675
6286.85 3.4674
6286.90 3.4673
6286.95 3.4672
6287.00 3.4671
6287.05 3.4670
6287.10 3.4669
6287.15 3.4668
6287.20 3.4667
6287.25 3.4666
6287.30 3.4665
6287.35 3.4663
6287.40 3.4662
6287.45 3.4661
6287.50 3.4660
6287.55 3.4659
6287.60 3.4658
6287.65 3.4657
6287.70 3.4656
6287.75 3.4655
6287.80 3.4654
6287.85 3.4653
6287.90 3.4652
6287.95 3.4651
6288.00 3.4650
6288.05 3.4649
6288.10 3.4648
6288.15 3.4647
6288.20 3.4646
6288.25 3.4645
6288.30 3.4644
6288.35 3.4643
6288.40 3.4642
6288.45 3.4641
6288.50 3.4640
6288.55 3.4639
6288.60 3.4638
6288.65 3.4637
6288.70 3.4636
6288.75 3.4635
6288.80 3.4634
6288.85 3.4633
6288.90 3.4632
6288.95 3.4631
6289.00 3.4630
6289.05 3.4629
6289.10 3.4628
6289.15 3.4627
6289.20 3.4626
6289.25 3.4625
6289.30 3.4624
6289.35 3.4623
6289.40 3.4622
6289.45 3.4621
6289.50 3.4620
6289.55 3.4619
6289.60 3.4618
6289.65 3.4617
6289.70 3.4616
6289.75 3.4615
6289.80 3.4614
6289.85 3.4613
6289.90 3.4612
6289.95 3.4611
6290.00 3.4610
6290.05 3.4609
6290.10 3.4608
6290.15 3.4607
6290.20 3.4606
6290.25 3.4605
6290.30 3.4604
6290.35 3.4603
6290.40 3.4602
6290.45 3.4601
6290.50 3.4600
6290.55 3.4599
6290.60 3.4598
6290.65 3.4597
6290.70 3.4596
6290.75 3.4595
6290.80 3.4594
6290.85 3.4593
6290.90 3.4592
6290.95 3.4591
6291.00 3.4590
6291.05 3.4589
6291.10 3.4588
6291.15 3.4587
6291.20 3.4586
6291.25 3.4585
6291.30 3.4584
6291.35 3.4583
6291.40 3.4582
6291.45 3.4581
6291.50 3.4580
6291.55 3.4579
6291.60 3.4578
6291.65 3.4577
6291.70 3.4576
6291.75 3.4575
6291.80 3.4574
6291.85 3.4573
6291.90 3.4572
6291.95 3.4571
6292.00 3.4570
6292.05 3.4569
6292.10 3.4568
6292.15 3.4567
6292.20 3.4566
6292.25 3.4565
6292.30 3.4564
6292.35 3.4563
6292.40 3.4562
6292.45 3.4561
6292.50 3.4560
6292.55 3.4559
6292.60 3.4558
6292.65 3.4557
6292.70 3.4556
6292.75 3.4555
6292.80 3.4554
6292.85 3.4553
6292.90 3.4552
6292.95 3.4551
6293.00 3.4550
6293.05 3.4549
6293.10 3.4548
6293.15 3.4547
6293.20 3.4546
6293.25 3.4545
6293.30 3.4544
6293.35 3.4543
6293.40 3.4542
6293.45 3.4541
6293.50 3.4540
6293.55 3.4539
6293.60 3.4538
6293.65 3.4537
6293.70 3.4536
6293.75 3.4535
6293.80 3.4534
6293.85 3.4533
6293.90 3.4532
6293.95 3.4531
6294.00 3.4530
6294.05 3.4529
6294.10 3.4528
6294.15 3.4527
6294.20 3.4526
6294.25 3.4525
6294.30 3.4524
6294.35 3.4523
6294.40 3.4522
6294.45 3.4521
6294.50 3.4520
6294.55 3.4519
6294.60 3.4518
6294.65 3.4517
6294.70 3.4516
6294.75 3.4515
6294.80 3.4514
6294.85 3.4513
6294.90 3.4512
6294.95 3.4511
6295.00 3.4510
6295.05 3.4509
6295.10 3.4508
6295.15 3.4507
6295.20 3.4506
6295.25 3.4505
6295.30 3.4504
6295.35 3.4503
6295.40 3.4502
6295.45 3.4501
6295.50 3.4500
6295.55 3.4499
6295.60 3.4498
6295.65 3.4497
6295.70 3.4496
6295.75 3.4495
6295.80 3.4494
6295.85 3.4493
6295.90 3.4492
6295.95 3.4491
6296.00 3.4490
6296.05 3.4489
6296.10 3.4488
6296.15 3.4487
6296.20 3.4486
6296.25 3.4486
6296.30 3.4485
6296.35 3.4484
6296.40 3.4483
6296.45 3.4482
6296.50 3.4481
6296.55 3.4480
6296.60 3.4479
6296.65 3.4478
6296.70 3.4477
6296.75 3.4476
6296.80 3.4475
6296.85 3.4474
6296.90 3.4473
6296.95 3.4472
6297.00 3.4471
6297.05 3.4470
6297.10 3.4469
6297.15 3.4468
6297.20 3.4467
6297.25 3.4466
6297.30 3.4465
6297.35 3.4464
6297.40 3.4463
6297.45 3.4462
6297.50 3.4461
6297.55 3.4460
6297.60 3.4459
6297.65 3.4458
6297.70 3.4457
6297.75 3.4456
6297.80 3.4455
6297.85 3.4454
6297.90 3.4453
6297.95 3.4452
6298.00 3.4451
6298.05 3.4450
6298.10 3.4449
6298.15 3.4448
6298.20 3.4447
6298.25 3.4446
6298.30 3.4445
6298.35 3.4444
6298.40 3.4443
6298.45 3.4442
6298.50 3.4441
6298.55 3.4440
6298.60 3.4439
6298.65 3.4438
6298.70 3.4437
6298.75 3.4436
6298.80 3.4435
6298.85 3.4434
6298.90 3.4433
6298.95 3.4432
6299.00 3.4431
6299.05 3.4430
6299.10 3.4429
6299.15 3.4428
6299.20 3.4427
6299.25 3.4426
6299.30 3.4425
6299.35 3.4424
6299.40 3.4423
6299.45 3.4422
6299.50 3.4421
6299.55 3.4420
6299.60 3.4419
6299.65 3.4418
6299.70 3.4417
6299.75 3.4417
6299.80 3.4416
6299.85 3.4415
6299.90 3.4414
6299.95 3.4413
6300.00 3.4412
6300.05 3.4411
6300.10 3.4410
6300.15 3.4409
6300.20 3.4408
6300.25 3.4407
6300.30 3.4406
6300.35 3.4405
6300.40 3.4404
6300.45 3.4403
6300.50 3.4402
6300.55 3.4401
6300.60 3.4400
6300.65 3.4399
6300.70 3.4398
6300.75 3.4397
6300.80 3.4396
6300.85 3.4395
6300.90 3.4394
6300.95 3.4393
6301.00 3.4392
6301.05 3.4391
6301.10 3.4390
6301.15 3.4389
6301.20 3.4388
6301.25 3.4387
6301.30 3.4386
6301.35 3.4385
6301.40 3.4384
6301.45 3.4383
6301.50 3.4382
6301.55 3.4381
6301.60 3.4380
6301.65 3.4379
6301.70 3.4378
6301.75 3.4377
6301.80 3.4376
6301.85 3.4375
6301.90 3.4374
6301.95 3.4373
6302.00 3.4372
6302.05 3.4371
6302.10 3.4370
6302.15 3.4369
6302.20 3.4368
6302.25 3.4368
6302.30 3.4367
6302.35 3.4366
6302.40 3.4365
6302.45 3.4364
6302.50 3.4363
6302.55 3.4362
6302.60 3.4361
6302.65 3.4360
6302.70 3.4359
6302.75 3.4358
6302.80 3.4357
6302.85 3.4356
6302.90 3.4355
6302.95 3.4354
6303.00 3.4353
6303.05 3.4352
6303.10 3.4351
6303.15 3.4350
6303.20 3.4349
6303.25 3.4348
6303.30 3.4347
6303.35 3.4346
6303.40 3.4345
6303.45 3.4344
6303.50 3.4343
6303.55 3.4342
6303.60 3.4341
6303.65 3.4340
6303.70 3.4339
6303.75 3.4338
6303.80 3.4337
6303.85 3.4336
6303.90 3.4335
6303.95 3.4334
6304.00 3.4333
6304.05 3.4332
6304.10 3.4331
6304.15 3.4330
6304.20 3.4329
6304.25 3.4328
6304.30 3.4327
6304.35 3.4326
6304.40 3.4326
6304.45 3.4325
6304.50 3.4324
6304.55 3.4323
6304.60 3.4322
6304.65 3.4321
6304.70 3.4320
6304.75 3.4319
6304.80 3.4318
6304.85 3.4317
6304.90 3.4316
6304.95 3.4315
6305.00 3.4314
6305.05 3.4313
6305.10 3.4312
6305.15 3.4311
6305.20 3.4310
6305.25 3.4309
6305.30 3.4308
6305.35 3.4307
6305.40 3.4306
6305.45 3.4305
6305.50 3.4304
6305.55 3.4303
6305.60 3.4302
6305.65 3.4301
6305.70 3.4300
6305.75 3.4299
6305.80 3.4298
6305.85 3.4297
6305.90 3.4296
6305.95 3.4295
6306.00 3.4294
6306.05 3.4293
6306.10 3.4292
6306.15 3.4291
6306.20 3.4290
6306.25 3.4289
6306.30 3.4288
6306.35 3.4288
6306.40 3.4287
6306.45 3.4286
6306.50 3.4285
6306.55 3.4284
6306.60 3.4283
6306.65 3.4282
6306.70 3.4281
6306.75 3.4280
6306.80 3.4279
6306.85 3.4278
6306.90 3.4277
6306.95 3.4276
6307.00 3.4275
6307.05 3.4274
6307.10 3.4273
6307.15 3.4272
6307.20 3.4271
6307.25 3.4270
6307.30 3.4269
6307.35 3.4268
6307.40 3.4267
6307.45 3.4266
6307.50 3.4265
6307.55 3.4264
6307.60 3.4263
6307.65 3.4262
6307.70 3.4261
6307.75 3.4260
6307.80 3.4259
6307.85 3.4258
6307.90 3.4257
6307.95 3.4256
6308.00 3.4255
6308.05 3.4254
6308.10 3.4253
6308.15 3.4252
6308.20 3.4251
6308.25 3.4251
6308.30 3.4250
6308.35 3.4249
6308.40 3.4248
6308.45 3.4247
6308.50 3.4246
6308.55 3.4245
6308.60 3.4244
6308.65 3.4243
6308.70 3.4242
6308.75 3.4241
6308.80 3.4240
6308.85 3.4239
6308.90 3.4238
6308.95 3.4237
6309.00 3.4236
6309.05 3.4235
6309.10 3.4234
6309.15 3.4233
6309.20 3.4232
6309.25 3.4231
6309.30 3.4230
6309.35 3.4229
6309.40 3.4228
6309.45 3.4227
6309.50 3.4226
6309.55 3.4225
6309.60 3.4224
6309.65 3.4223
6309.70 3.4222
6309.75 3.4221
6309.80 3.4220
6309.85 3.4219
6309.90 3.4218
6309.95 3.4217
6310.00 3.4216
6310.05 3.4215
6310.10 3.4214
6310.15 3.4213
6310.20 3.4213
6310.25 3.4212
6310.30 3.4211
6310.35 3.4210
6310.40 3.4209
6310.45 3.4208
6310.50 3.4207
6310.55 3.4206
6310.60 3.4205
6310.65 3.4204
6310.70 3.4203
6310.75 3.4202
6310.80 3.4201
6310.85 3.4200
6310.90 3.4199
6310.95 3.4198
6311.00 3.4197
6311.05 3.4196
6311.10 3.4195
6311.15 3.4194
6311.20 3.4193
6311.25 3.4192
6311.30 3.4191
6311.35 3.4190
6311.40 3.4189
6311.45 3.4188
6311.50 3.4187
6311.55 3.4186
6311.60 3.4185
6311.65 3.4184
6311.70 3.4183
6311.75 3.4182
6311.80 3.4181
6311.85 3.4180
6311.90 3.4179
6311.95 3.4178
6312.00 3.4177
6312.05 3.4176
6312.10 3.4175
6312.15 3.4174
6312.20 3.4173
6312.25 3.4173
6312.30 3.4172
6312.35 3.4171
6312.40 3.4170
6312.45 3.4169
6312.50 3.4168
6312.55 3.4167
6312.60 3.4166
6312.65 3.4165
6312.70 3.4164
6312.75 3.4163
6312.80 3.4162
6312.85 3.4161
6312.90 3.4160
6312.95 3.4159
6313.00 3.4158
6313.05 3.4157
6313.10 3.4156
6313.15 3.4155
6313.20 3.4154
6313.25 3.4153
6313.30 3.4152
6313.35 3.4151
6313.40 3.4150
6313.45 3.4149
6313.50 3.4148
6313.55 3.4147
6313.60 3.4146
6313.65 3.4145
6313.70 3.4144
6313.75 3.4143
6313.80 3.4142
6313.85 3.4141
6313.90 3.4140
6313.95 3.4139
6314.00 3.4138
6314.05 3.4137
6314.10 3.4136
6314.15 3.4135
6314.20 3.4134
6314.25 3.4133
6314.30 3.4132
6314.35 3.4131
6314.40 3.4130
6314.45 3.4129
6314.50 3.4128
6314.55 3.4127
6314.60 3.4126
6314.65 3.4126
6314.70 3.4125
6314.75 3.4124
6314.80 3.4123
6314.85 3.4122
6314.90 3.4121
6314.95 3.4120
6315.00 3.4119
6315.05 3.4118
6315.10 3.4117
6315.15 3.4116
6315.20 3.4115
6315.25 3.4114
6315.30 3.4113
6315.35 3.4112
6315.40 3.4111
6315.45 3.4110
6315.50 3.4109
6315.55 3.4108
6315.60 3.4107
6315.65 3.4106
6315.70 3.4105
6315.75 3.4104
6315.80 3.4103
6315.85 3.4102
6315.90 3.4101
6315.95 3.4100
6316.00 3.4099
6316.05 3.4098
6316.10 3.4097
6316.15 3.4096
6316.20 3.4095
6316.25 3.4094
6316.30 3.4093
6316.35 3.4092
6316.40 3.4091
6316.45 3.4090
6316.50 3.4089
6316.55 3.4088
6316.60 3.4087
6316.65 3.4086
6316.70 3.4085
6316.75 3.4084
6316.80 3.4083
6316.85 3.4082
6316.90 3.4081
6316.95 3.4080
6317.00 3.4079
6317.05 3.4078
6317.10 3.4077
6317.15 3.4076
6317.20 3.4075
6317.25 3.4074
6317.30 3.4073
6317.35 3.4072
6317.40 3.4071
6317.45 3.4070
6317.50 3.4069
6317.55 3.4068
6317.60 3.4067
6317.65 3.4066
6317.70 3.4065
6317.75 3.4064
6317.80 3.4063
6317.85 3.4062
6317.90 3.4061
6317.95 3.4060
6318.00 3.4059
6318.05 3.4058
6318.10 3.4057
6318.15 3.4056
6318.20 3.4055
6318.25 3.4054
6318.30 3.4053
6318.35 3.4052
6318.40 3.4051
6318.45 3.4050
6318.50 3.4049
6318.55 3.4048
6318.60 3.4047
6318.65 3.4046
6318.70 3.4045
6318.75 3.4044
6318.80 3.4043
6318.85 3.4042
6318.90 3.4041
6318.95 3.4040
6319.00 3.4039
6319.05 3.4038
6319.10 3.4037
6319.15 3.4036
6319.20 3.4035
6319.25 3.4034
6319.30 3.4033
6319.35 3.4032
6319.40 3.4031
6319.45 3.4030
6319.50 3.4029
6319.55 3.4028
6319.60 3.4027
6319.65 3.4026
6319.70 3.4025
6319.75 3.4024
6319.80 3.4023
6319.85 3.4022
6319.90 3.4021
6319.95 3.4020
6320.00 3.4019
6320.05 3.4018
6320.10 3.4017
6320.15 3.4016
6320.20 3.4015
6320.25 3.4014
6320.30 3.4013
6320.35 3.4012
6320.40 3.4011
6320.45 3.4010
6320.50 3.4009
6320.55 3.4008
6320.60 3.4007
6320.65 3.4006
6320.70 3.4005
6320.75 3.4004
6320.80 3.4003
6320.85 3.4002
6320.90 3.4001
6320.95 3.4000
6321.00 3.3999
6321.05 3.3998
6321.10 3.3997
6321.15 3.3996
6321.20 3.3995
6321.25 3.3994
6321.30 3.3993
6321.35 3.3992
6321.40 3.3991
6321.45 3.3990
6321.50 3.3989
6321.55 3.3988
6321.60 3.3987
6321.65 3.3986
6321.70 3.3985
6321.75 3.3984
6321.80 3.3983
6321.85 3.3982
6321.90 3.3981
6321.95 3.3980
6322.00 3.3979
6322.05 3.3978
6322.10 3.3977
6322.15 3.3976
6322.20 3.3975
6322.25 3.3974
6322.30 3.3973
6322.35 3.3972
6322.40 3.3971
6322.45 3.3970
6322.50 3.3969
6322.55 3.3968
6322.60 3.3967
6322.65 3.3966
6322.70 3.3965
6322.75 3.3964
6322.80 3.3963
6322.85 3.3962
6322.90 3.3961
6322.95 3.3960
6323.00 3.3959
6323.05 3.3958
6323.10 3.3957
6323.15 3.3956
6323.20 3.3955
6323.25 3.3954
6323.30 3.3953
6323.35 3.3952
6323.40 3.3951
6323.45 3.3950
6323.50 3.3949
6323.55 3.3948
6323.60 3.3947
6323.65 3.3945
6323.70 3.3944
6323.75 3.3943
6323.80 3.3942
6323.85 3.3941
6323.90 3.3940
6323.95 3.3939
6324.00 3.3938
6324.05 3.3937
6324.10 3.3936
6324.15 3.3935
6324.20 3.3934
6324.25 3.3933
6324.30 3.3932
6324.35 3.3931
6324.40 3.3930
6324.45 3.3929
6324.50 3.3928
6324.55 3.3927
6324.60 3.3926
6324.65 3.3925
6324.70 3.3924
6324.75 3.3923
6324.80 3.3922
6324.85 3.3921
6324.90 3.3920
6324.95 3.3919
6325.00 3.3918
6325.05 3.3917
6325.10 3.3916
6325.15 3.3915
6325.20 3.3914
6325.25 3.3912
6325.30 3.3911
6325.35 3.3910
6325.40 3.3909
6325.45 3.3908
6325.50 3.3907
6325.55 3.3906
6325.60 3.3905
6325.65 3.3904
6325.70 3.3903
6325.75 3.3902
6325.80 3.3901
6325.85 3.3900
6325.90 3.3899
6325.95 3.3898
6326.00 3.3897
6326.05 3.3896
6326.10 3.3895
6326.15 3.3894
6326.20 3.3893
6326.25 3.3892
6326.30 3.3891
6326.35 3.3890
6326.40 3.3888
6326.45 3.3887
6326.50 3.3886
6326.55 3.3885
6326.60 3.3884
6326.65 3.3883
6326.70 3.3882
6326.75 3.3881
6326.80 3.3880
6326.85 3.3879
6326.90 3.3878
6326.95 3.3877
6327.00 3.3876
6327.05 3.3875
6327.10 3.3874
6327.15 3.3873
6327.20 3.3872
6327.25 3.3871
6327.30 3.3870
6327.35 3.3868
6327.40 3.3867
6327.45 3.3866
6327.50 3.3865
6327.55 3.3864
6327.60 3.3863
6327.65 3.3862
6327.70 3.3861
6327.75 3.3860
6327.80 3.3859
6327.85 3.3858
6327.90 3.3857
6327.95 3.3856
6328.00 3.3855
6328.05 3.3854
6328.10 3.3853
6328.15 3.3851
6328.20 3.3850
6328.25 3.3849
6328.30 3.3848
6328.35 3.3847
6328.40 3.3846
6328.45 3.3845
6328.50 3.3844
6328.55 3.3843
6328.60 3.3842
6328.65 3.3841
6328.70 3.3840
6328.75 3.3839
6328.80 3.3838
6328.85 3.3837
6328.90 3.3835
6328.95 3.3834
6329.00 3.3833
6329.05 3.3832
6329.10 3.3831
6329.15 3.3830
6329.20 3.3829
6329.25 3.3828
6329.30 3.3827
6329.35 3.3826
6329.40 3.3825
6329.45 3.3824
6329.50 3.3823
6329.55 3.3821
6329.60 3.3820
6329.65 3.3819
6329.70 3.3818
6329.75 3.3817
6329.80 3.3816
6329.85 3.3815
6329.90 3.3814
6329.95 3.3813
6330.00 3.3812
6330.05 3.3811
6330.10 3.3810
6330.15 3.3808
6330.20 3.3807
6330.25 3.3806
6330.30 3.3805
6330.35 3.3804
6330.40 3.3803
6330.45 3.3802
6330.50 3.3801
6330.55 3.3800
6330.60 3.3799
6330.65 3.3798
6330.70 3.3796
6330.75 3.3795
6330.80 3.3794
6330.85 3.3793
6330.90 3.3792
6330.95 3.3791
6331.00 3.3790
6331.05 3.3789
6331.10 3.3788
6331.15 3.3787
6331.20 3.3785
6331.25 3.3784
6331.30 3.3783
6331.35 3.3782
6331.40 3.3781
6331.45 3.3780
6331.50 3.3779
6331.55 3.3778
6331.60 3.3777
6331.65 3.3776
6331.70 3.3774
6331.75 3.3773
6331.80 3.3772
6331.85 3.3771
6331.90 3.3770
6331.95 3.3769
6332.00 3.3768
6332.05 3.3767
6332.10 3.3766
6332.15 3.3764
6332.20 3.3763
6332.25 3.3762
6332.30 3.3761
6332.35 3.3760
6332.40 3.3759
6332.45 3.3758
6332.50 3.3757
6332.55 3.3756
6332.60 3.3754
6332.65 3.3753
6332.70 3.3752
6332.75 3.3751
6332.80 3.3750
6332.85 3.3749
6332.90 3.3748
6332.95 3.3747
6333.00 3.3745
6333.05 3.3744
6333.10 3.3743
6333.15 3.3742
6333.20 3.3741
6333.25 3.3740
6333.30 3.3739
6333.35 3.3738
6333.40 3.3736
6333.45 3.3735
6333.50 3.3734
6333.55 3.3733
6333.60 3.3732
6333.65 3.3731
6333.70 3.3730
6333.75 3.3728
6333.80 3.3727
6333.85 3.3726
6333.90 3.3725
6333.95 3.3724
6334.00 3.3723
6334.05 3.3722
6334.10 3.3721
6334.15 3.3719
6334.20 3.3718
6334.25 3.3717
6334.30 3.3716
6334.35 3.3715
6334.40 3.3714
6334.45 3.3713
6334.50 3.3711
6334.55 3.3710
6334.60 3.3709
6334.65 3.3708
6334.70 3.3707
6334.75 3.3706
6334.80 3.3704
6334.85 3.3703
6334.90 3.3702
6334.95 3.3701
6335.00 3.3700
6335.05 3.3699
6335.10 3.3698
6335.15 3.3696
6335.20 3.3695
6335.25 3.3694
6335.30 3.3693
6335.35 3.3692
6335.40 3.3691
6335.45 3.3689
6335.50 3.3688
6335.55 3.3687
6335.60 3.3686
6335.65 3.3685
6335.70 3.3684
6335.75 3.3682
6335.80 3.3681
6335.85 3.3680
6335.90 3.3679
6335.95 3.3678
6336.00 3.3677
6336.05 3.3675
6336.10 3.3674
6336.15 3.3673
6336.20 3.3672
6336.25 3.3671
6336.30 3.3670
6336.35 3.3668
6336.40 3.3667
6336.45 3.3666
6336.50 3.3665
6336.55 3.3664
6336.60 3.3663
6336.65 3.3661
6336.70 3.3660
6336.75 3.3659
6336.80 3.3658
6336.85 3.3657
6336.90 3.3655
6336.95 3.3654
6337.00 3.3653
6337.05 3.3652
6337.10 3.3651
6337.15 3.3649
6337.20 3.3648
6337.25 3.3647
6337.30 3.3646
6337.35 3.3645
6337.40 3.3644
6337.45 3.3642
6337.50 3.3641
6337.55 3.3640
6337.60 3.3639
6337.65 3.3638
6337.70 3.3636
6337.75 3.3635
6337.80 3.3634
6337.85 3.3633
6337.90 3.3632
6337.95 3.3630
6338.00 3.3629
6338.05 3.3628
6338.10 3.3627
6338.15 3.3625
6338.20 3.3624
6338.25 3.3623
6338.30 3.3622
6338.35 3.3621
6338.40 3.3619
6338.45 3.3618
6338.50 3.3617
6338.55 3.3616
6338.60 3.3615
6338.65 3.3613
6338.70 3.3612
6338.75 3.3611
6338.80 3.3610
6338.85 3.3608
6338.90 3.3607
6338.95 3.3606
6339.00 3.3605
6339.05 3.3604
6339.10 3.3602
6339.15 3.3601
6339.20 3.3600
6339.25 3.3599
6339.30 3.3597
6339.35 3.3596
6339.40 3.3595
6339.45 3.3594
