5414.50 4.8761
5414.55 4.8765
5414.60 4.8770
5414.65 4.8774
5414.70 4.8778
5414.75 4.8783
5414.80 4.8787
5414.85 4.8792
5414.90 4.8796
5414.95 4.8800
5415.00 4.8804
5415.05 4.8809
5415.10 4.8813
5415.15 4.8817
5415.20 4.8822
5415.25 4.8826
5415.30 4.8830
5415.35 4.8834
5415.40 4.8838
5415.45 4.8843
5415.50 4.8847
5415.55 4.8851
5415.60 4.8855
5415.65 4.8859
5415.70 4.8863
5415.75 4.8867
5415.80 4.8871
5415.85 4.8875
5415.90 4.8879
5415.95 4.8883
5416.00 4.8887
5416.05 4.8891
5416.10 4.8895
5416.15 4.8899
5416.20 4.8903
5416.25 4.8907
5416.30 4.8911
5416.35 4.8915
5416.40 4.8919
5416.45 4.8923
5416.50 4.8927
5416.55 4.8930
5416.60 4.8934
5416.65 4.8938
5416.70 4.8942
5416.75 4.8945
5416.80 4.8949
5416.85 4.8953
5416.90 4.8957
5416.95 4.8960
5417.00 4.8964
5417.05 4.8968
5417.10 4.8971
5417.15 4.8975
5417.20 4.8979
5417.25 4.8982
5417.30 4.8986
5417.35 4.8990
5417.40 4.8993
5417.45 4.8997
5417.50 4.9000
5417.55 4.9004
5417.60 4.9007
5417.65 4.9011
5417.70 4.9014
5417.75 4.9018
5417.80 4.9021
5417.85 4.9025
5417.90 4.9028
5417.95 4.9031
5418.00 4.9035
5418.05 4.9038
5418.10 4.9042
5418.15 4.9045
5418.20 4.9048
5418.25 4.9052
5418.30 4.9055
5418.35 4.9058
5418.40 4.9062
5418.45 4.9065
5418.50 4.9068
5418.55 4.9071
5418.60 4.9075
5418.65 4.9078
5418.70 4.9081
5418.75 4.9084
5418.80 4.9087
5418.85 4.9091
5418.90 4.9094
5418.95 4.9097
5419.00 4.9100
5419.05 4.9103
5419.10 4.9106
5419.15 4.9109
5419.20 4.9112
5419.25 4.9115
5419.30 4.9118
5419.35 4.9121
5419.40 4.9124
5419.45 4.9127
5419.50 4.9130
5419.55 4.9133
5419.60 4.9136
5419.65 4.9139
5419.70 4.9142
5419.75 4.9145
5419.80 4.9148
5419.85 4.9151
5419.90 4.9154
5419.95 4.9156
5420.00 4.9159
5420.05 4.9162
5420.10 4.9165
5420.15 4.9168
5420.20 4.9171
5420.25 4.9173
5420.30 4.9176
5420.35 4.9179
5420.40 4.9182
5420.45 4.9184
5420.50 4.9187
5420.55 4.9190
5420.60 4.9192
5420.65 4.9195
5420.70 4.9198
5420.75 4.9200
5420.80 4.9203
5420.85 4.9206
5420.90 4.9208
5420.95 4.9211
5421.00 4.9213
5421.05 4.9216
5421.10 4.9218
5421.15 4.9221
5421.20 4.9223
5421.25 4.9226
5421.30 4.9228
5421.35 4.9231
5421.40 4.9233
5421.45 4.9236
5421.50 4.9238
5421.55 4.9241
5421.60 4.9243
5421.65 4.9246
5421.70 4.9248
5421.75 4.9250
5421.80 4.9253
5421.85 4.9255
5421.90 4.9257
5421.95 4.9260
5422.00 4.9262
5422.05 4.9264
5422.10 4.9267
5422.15 4.9269
5422.20 4.9271
5422.25 4.9273
5422.30 4.9276
5422.35 4.9278
5422.40 4.9280
5422.45 4.9282
5422.50 4.9284
5422.55 4.9287
5422.60 4.9289
5422.65 4.9291
5422.70 4.9293
5422.75 4.9295
5422.80 4.9297
5422.85 4.9299
5422.90 4.9302
5422.95 4.9304
5423.00 4.9306
5423.05 4.9308
5423.10 4.9310
5423.15 4.9312
5423.20 4.9314
5423.25 4.9316
5423.30 4.9318
5423.35 4.9320
5423.40 4.9322
5423.45 4.9324
5423.50 4.9326
5423.55 4.9328
5423.60 4.9330
5423.65 4.9331
5423.70 4.9333
5423.75 4.9335
5423.80 4.9337
5423.85 4.9339
5423.90 4.9341
5423.95 4.9343
5424.00 4.9344
5424.05 4.9346
5424.10 4.9348
5424.15 4.9350
5424.20 4.9352
5424.25 4.9353
5424.30 4.9355
5424.35 4.9357
5424.40 4.9359
5424.45 4.9360
5424.50 4.9362
5424.55 4.9364
5424.60 4.9365
5424.65 4.9367
5424.70 4.9369
5424.75 4.9370
5424.80 4.9372
5424.85 4.9374
5424.90 4.9375
5424.95 4.9377
5425.00 4.9379
5425.05 4.9380
5425.10 4.9382
5425.15 4.9383
5425.20 4.9385
5425.25 4.9386
5425.30 4.9388
5425.35 4.9389
5425.40 4.9391
5425.45 4.9392
5425.50 4.9394
5425.55 4.9395
5425.60 4.9397
5425.65 4.9398
5425.70 4.9400
5425.75 4.9401
5425.80 4.9402
5425.85 4.9404
5425.90 4.9405
5425.95 4.9407
5426.00 4.9408
5426.05 4.9409
5426.10 4.9411
5426.15 4.9412
5426.20 4.9413
5426.25 4.9415
5426.30 4.9416
5426.35 4.9417
5426.40 4.9419
5426.45 4.9420
5426.50 4.9421
5426.55 4.9422
5426.60 4.9424
5426.65 4.9425
5426.70 4.9426
5426.75 4.9427
5426.80 4.9428
5426.85 4.9430
5426.90 4.9431
5426.95 4.9432
5427.00 4.9433
5427.05 4.9434
5427.10 4.9435
5427.15 4.9437
5427.20 4.9438
5427.25 4.9439
5427.30 4.9440
5427.35 4.9441
5427.40 4.9442
5427.45 4.9443
5427.50 4.9444
5427.55 4.9445
5427.60 4.9446
5427.65 4.9447
5427.70 4.9448
5427.75 4.9449
5427.80 4.9450
5427.85 4.9451
5427.90 4.9452
5427.95 4.9453
5428.00 4.9454
5428.05 4.9455
5428.10 4.9456
5428.15 4.9457
5428.20 4.9458
5428.25 4.9459
5428.30 4.9459
5428.35 4.9460
5428.40 4.9461
5428.45 4.9462
5428.50 4.9463
5428.55 4.9464
5428.60 4.9464
5428.65 4.9465
5428.70 4.9466
5428.75 4.9467
5428.80 4.9468
5428.85 4.9468
5428.90 4.9469
5428.95 4.9470
5429.00 4.9471
5429.05 4.9471
5429.10 4.9472
5429.15 4.9473
5429.20 4.9474
5429.25 4.9474
5429.30 4.9475
5429.35 4.9476
5429.40 4.9476
5429.45 4.9477
5429.50 4.9478
5429.55 4.9478
5429.60 4.9479
5429.65 4.9479
5429.70 4.9480
5429.75 4.9481
5429.80 4.9481
5429.85 4.9482
5429.90 4.9482
5429.95 4.9483
5430.00 4.9484
5430.05 4.9484
5430.10 4.9485
5430.15 4.9485
5430.20 4.9486
5430.25 4.9486
5430.30 4.9487
5430.35 4.9487
5430.40 4.9488
5430.45 4.9488
5430.50 4.9489
5430.55 4.9489
5430.60 4.9489
5430.65 4.9490
5430.70 4.9490
5430.75 4.9491
5430.80 4.9491
5430.85 4.9491
5430.90 4.9492
5430.95 4.9492
5431.00 4.9493
5431.05 4.9493
5431.10 4.9493
5431.15 4.9494
5431.20 4.9494
5431.25 4.9494
5431.30 4.9495
5431.35 4.9495
5431.40 4.9495
5431.45 4.9495
5431.50 4.9496
5431.55 4.9496
5431.60 4.9496
5431.65 4.9496
5431.70 4.9497
5431.75 4.9497
5431.80 4.9497
5431.85 4.9497
5431.90 4.9498
5431.95 4.9498
5432.00 4.9498
5432.05 4.9498
5432.10 4.9498
5432.15 4.9498
5432.20 4.9499
5432.25 4.9499
5432.30 4.9499
5432.35 4.9499
5432.40 4.9499
5432.45 4.9499
5432.50 4.9499
5432.55 4.9499
5432.60 4.9500
5432.65 4.9500
5432.70 4.9500
5432.75 4.9500
5432.80 4.9500
5432.85 4.9500
5432.90 4.9500
5432.95 4.9500
5433.00 4.9500
5433.05 4.9500
5433.10 4.9500
5433.15 4.9500
5433.20 4.9500
5433.25 4.9500
5433.30 4.9500
5433.35 4.9500
5433.40 4.9500
5433.45 4.9500
5433.50 4.9500
5433.55 4.9500
5433.60 4.9499
5433.65 4.9499
5433.70 4.9499
5433.75 4.9499
5433.80 4.9499
5433.85 4.9499
5433.90 4.9499
5433.95 4.9499
5434.00 4.9498
5434.05 4.9498
5434.10 4.9498
5434.15 4.9498
5434.20 4.9498
5434.25 4.9498
5434.30 4.9497
5434.35 4.9497
5434.40 4.9497
5434.45 4.9497
5434.50 4.9497
5434.55 4.9496
5434.60 4.9496
5434.65 4.9496
5434.70 4.9496
5434.75 4.9495
5434.80 4.9495
5434.85 4.9495
5434.90 4.9494
5434.95 4.9494
5435.00 4.9494
5435.05 4.9494
5435.10 4.9493
5435.15 4.9493
5435.20 4.9493
5435.25 4.9492
5435.30 4.9492
5435.35 4.9492
5435.40 4.9491
5435.45 4.9491
5435.50 4.9490
5435.55 4.9490
5435.60 4.9490
5435.65 4.9489
5435.70 4.9489
5435.75 4.9488
5435.80 4.9488
5435.85 4.9488
5435.90 4.9487
5435.95 4.9487
5436.00 4.9486
5436.05 4.9486
5436.10 4.9485
5436.15 4.9485
5436.20 4.9484
5436.25 4.9484
5436.30 4.9483
5436.35 4.9483
5436.40 4.9482
5436.45 4.9482
5436.50 4.9481
5436.55 4.9481
5436.60 4.9480
5436.65 4.9480
5436.70 4.9479
5436.75 4.9478
5436.80 4.9478
5436.85 4.9477
5436.90 4.9477
5436.95 4.9476
5437.00 4.9476
5437.05 4.9475
5437.10 4.9474
5437.15 4.9474
5437.20 4.9473
5437.25 4.9472
5437.30 4.9472
5437.35 4.9471
5437.40 4.9471
5437.45 4.9470
5437.50 4.9469
5437.55 4.9469
5437.60 4.9468
5437.65 4.9467
5437.70 4.9466
5437.75 4.9466
5437.80 4.9465
5437.85 4.9464
5437.90 4.9464
5437.95 4.9463
5438.00 4.9462
5438.05 4.9461
5438.10 4.9461
5438.15 4.9460
5438.20 4.9459
5438.25 4.9458
5438.30 4.9458
5438.35 4.9457
5438.40 4.9456
5438.45 4.9455
5438.50 4.9454
5438.55 4.9454
5438.60 4.9453
5438.65 4.9452
5438.70 4.9451
5438.75 4.9450
5438.80 4.9450
5438.85 4.9449
5438.90 4.9448
5438.95 4.9447
5439.00 4.9446
5439.05 4.9445
5439.10 4.9444
5439.15 4.9443
5439.20 4.9443
5439.25 4.9442
5439.30 4.9441
5439.35 4.9440
5439.40 4.9439
5439.45 4.9438
5439.50 4.9437
5439.55 4.9436
5439.60 4.9435
5439.65 4.9434
5439.70 4.9433
5439.75 4.9432
5439.80 4.9431
5439.85 4.9430
5439.90 4.9429
5439.95 4.9428
5440.00 4.9427
5440.05 4.9426
5440.10 4.9425
5440.15 4.9424
5440.20 4.9423
5440.25 4.9422
5440.30 4.9421
5440.35 4.9420
5440.40 4.9419
5440.45 4.9418
5440.50 4.9417
5440.55 4.9416
5440.60 4.9415
5440.65 4.9414
5440.70 4.9413
5440.75 4.9412
5440.80 4.9411
5440.85 4.9410
5440.90 4.9409
5440.95 4.9408
5441.00 4.9406
5441.05 4.9405
5441.10 4.9404
5441.15 4.9403
5441.20 4.9402
5441.25 4.9401
5441.30 4.9400
5441.35 4.9399
5441.40 4.9397
5441.45 4.9396
5441.50 4.9395
5441.55 4.9394
5441.60 4.9393
5441.65 4.9392
5441.70 4.9390
5441.75 4.9389
5441.80 4.9388
5441.85 4.9387
5441.90 4.9386
5441.95 4.9384
5442.00 4.9383
5442.05 4.9382
5442.10 4.9381
5442.15 4.9379
5442.20 4.9378
5442.25 4.9377
5442.30 4.9376
5442.35 4.9374
5442.40 4.9373
5442.45 4.9372
5442.50 4.9371
5442.55 4.9369
5442.60 4.9368
5442.65 4.9367
5442.70 4.9365
5442.75 4.9364
5442.80 4.9363
5442.85 4.9362
5442.90 4.9360
5442.95 4.9359
5443.00 4.9358
5443.05 4.9356
5443.10 4.9355
5443.15 4.9354
5443.20 4.9352
5443.25 4.9351
5443.30 4.9350
5443.35 4.9348
5443.40 4.9347
5443.45 4.9345
5443.50 4.9344
5443.55 4.9343
5443.60 4.9341
5443.65 4.9340
5443.70 4.9338
5443.75 4.9337
5443.80 4.9336
5443.85 4.9334
5443.90 4.9333
5443.95 4.9331
5444.00 4.9330
5444.05 4.9329
5444.10 4.9327
5444.15 4.9326
5444.20 4.9324
5444.25 4.9323
5444.30 4.9321
5444.35 4.9320
5444.40 4.9318
5444.45 4.9317
5444.50 4.9315
5444.55 4.9314
5444.60 4.9313
5444.65 4.9311
5444.70 4.9310
5444.75 4.9308
5444.80 4.9307
5444.85 4.9305
5444.90 4.9304
5444.95 4.9302
5445.00 4.9300
5445.05 4.9299
5445.10 4.9297
5445.15 4.9296
5445.20 4.9294
5445.25 4.9293
5445.30 4.9291
5445.35 4.9290
5445.40 4.9288
5445.45 4.9287
5445.50 4.9285
5445.55 4.9283
5445.60 4.9282
5445.65 4.9280
5445.70 4.9279
5445.75 4.9277
5445.80 4.9276
5445.85 4.9274
5445.90 4.9272
5445.95 4.9271
5446.00 4.9269
5446.05 4.9268
5446.10 4.9266
5446.15 4.9264
5446.20 4.9263
5446.25 4.9261
5446.30 4.9259
5446.35 4.9258
5446.40 4.9256
5446.45 4.9254
5446.50 4.9253
5446.55 4.9251
5446.60 4.9249
5446.65 4.9248
5446.70 4.9246
5446.75 4.9244
5446.80 4.9243
5446.85 4.9241
5446.90 4.9239
5446.95 4.9238
5447.00 4.9236
5447.05 4.9234
5447.10 4.9233
5447.15 4.9231
5447.20 4.9229
5447.25 4.9228
5447.30 4.9226
5447.35 4.9224
5447.40 4.9222
5447.45 4.9221
5447.50 4.9219
5447.55 4.9217
5447.60 4.9215
5447.65 4.9214
5447.70 4.9212
5447.75 4.9210
5447.80 4.9208
5447.85 4.9207
5447.90 4.9205
5447.95 4.9203
5448.00 4.9201
5448.05 4.9200
5448.10 4.9198
5448.15 4.9196
5448.20 4.9194
5448.25 4.9192
5448.30 4.9191
5448.35 4.9189
5448.40 4.9187
5448.45 4.9185
5448.50 4.9183
5448.55 4.9182
5448.60 4.9180
5448.65 4.9178
5448.70 4.9176
5448.75 4.9174
5448.80 4.9172
5448.85 4.9171
5448.90 4.9169
5448.95 4.9167
5449.00 4.9165
5449.05 4.9163
5449.10 4.9161
5449.15 4.9160
5449.20 4.9158
5449.25 4.9156
5449.30 4.9154
5449.35 4.9152
5449.40 4.9150
5449.45 4.9148
5449.50 4.9146
5449.55 4.9145
5449.60 4.9143
5449.65 4.9141
5449.70 4.9139
5449.75 4.9137
5449.80 4.9135
5449.85 4.9133
5449.90 4.9131
5449.95 4.9129
5450.00 4.9127
5450.05 4.9126
5450.10 4.9124
5450.15 4.9122
5450.20 4.9120
5450.25 4.9118
5450.30 4.9116
5450.35 4.9114
5450.40 4.9112
5450.45 4.9110
5450.50 4.9108
5450.55 4.9106
5450.60 4.9104
5450.65 4.9102
5450.70 4.9100
5450.75 4.9098
5450.80 4.9096
5450.85 4.9094
5450.90 4.9092
5450.95 4.9090
5451.00 4.9088
5451.05 4.9086
5451.10 4.9084
5451.15 4.9082
5451.20 4.9080
5451.25 4.9079
5451.30 4.9077
5451.35 4.9075
5451.40 4.9073
5451.45 4.9070
5451.50 4.9068
5451.55 4.9066
5451.60 4.9064
5451.65 4.9062
5451.70 4.9060
5451.75 4.9058
5451.80 4.9056
5451.85 4.9054
5451.90 4.9052
5451.95 4.9050
5452.00 4.9048
5452.05 4.9046
5452.10 4.9044
5452.15 4.9042
5452.20 4.9040
5452.25 4.9038
5452.30 4.9036
5452.35 4.9034
5452.40 4.9032
5452.45 4.9030
5452.50 4.9028
5452.55 4.9026
5452.60 4.9024
5452.65 4.9021
5452.70 4.9019
5452.75 4.9017
5452.80 4.9015
5452.85 4.9013
5452.90 4.9011
5452.95 4.9009
5453.00 4.9007
5453.05 4.9005
5453.10 4.9003
5453.15 4.9001
5453.20 4.8998
5453.25 4.8996
5453.30 4.8994
5453.35 4.8992
5453.40 4.8990
5453.45 4.8988
5453.50 4.8986
5453.55 4.8984
5453.60 4.8982
5453.65 4.8979
5453.70 4.8977
5453.75 4.8975
5453.80 4.8973
5453.85 4.8971
5453.90 4.8969
5453.95 4.8967
5454.00 4.8964
5454.05 4.8962
5454.10 4.8960
5454.15 4.8958
5454.20 4.8956
5454.25 4.8954
5454.30 4.8952
5454.35 4.8949
5454.40 4.8947
5454.45 4.8945
5454.50 4.8943
5454.55 4.8941
5454.60 4.8939
5454.65 4.8936
5454.70 4.8934
5454.75 4.8932
5454.80 4.8930
5454.85 4.8928
5454.90 4.8925
5454.95 4.8923
5455.00 4.8921
5455.05 4.8919
5455.10 4.8917
5455.15 4.8914
5455.20 4.8912
5455.25 4.8910
5455.30 4.8908
5455.35 4.8906
5455.40 4.8903
5455.45 4.8901
5455.50 4.8899
5455.55 4.8897
5455.60 4.8895
5455.65 4.8892
5455.70 4.8890
5455.75 4.8888
5455.80 4.8886
5455.85 4.8883
5455.90 4.8881
5455.95 4.8879
5456.00 4.8877
5456.05 4.8875
5456.10 4.8872
5456.15 4.8870
5456.20 4.8868
5456.25 4.8866
5456.30 4.8863
5456.35 4.8861
5456.40 4.8859
5456.45 4.8857
5456.50 4.8854
5456.55 4.8852
5456.60 4.8850
5456.65 4.8848
5456.70 4.8845
5456.75 4.8843
5456.80 4.8841
5456.85 4.8839
5456.90 4.8836
5456.95 4.8834
5457.00 4.8832
5457.05 4.8829
5457.10 4.8827
5457.15 4.8825
5457.20 4.8823
5457.25 4.8820
5457.30 4.8818
5457.35 4.8816
5457.40 4.8813
5457.45 4.8811
5457.50 4.8809
5457.55 4.8807
5457.60 4.8804
5457.65 4.8802
5457.70 4.8800
5457.75 4.8797
5457.80 4.8795
5457.85 4.8793
5457.90 4.8791
5457.95 4.8788
5458.00 4.8786
5458.05 4.8784
5458.10 4.8781
5458.15 4.8779
5458.20 4.8777
5458.25 4.8774
5458.30 4.8772
5458.35 4.8770
5458.40 4.8767
5458.45 4.8765
5458.50 4.8763
5458.55 4.8760
5458.60 4.8758
5458.65 4.8756
5458.70 4.8753
5458.75 4.8751
5458.80 4.8749
5458.85 4.8746
5458.90 4.8744
5458.95 4.8742
5459.00 4.8739
5459.05 4.8737
5459.10 4.8735
5459.15 4.8732
5459.20 4.8730
5459.25 4.8728
5459.30 4.8725
5459.35 4.8723
5459.40 4.8721
5459.45 4.8718
5459.50 4.8716
5459.55 4.8714
5459.60 4.8711
5459.65 4.8709
5459.70 4.8707
5459.75 4.8704
5459.80 4.8702
5459.85 4.8699
5459.90 4.8697
5459.95 4.8695
5460.00 4.8692
5460.05 4.8690
5460.10 4.8688
5460.15 4.8685
5460.20 4.8683
5460.25 4.8681
5460.30 4.8678
5460.35 4.8676
5460.40 4.8673
5460.45 4.8671
5460.50 4.8669
5460.55 4.8666
5460.60 4.8664
5460.65 4.8662
5460.70 4.8659
5460.75 4.8657
5460.80 4.8654
5460.85 4.8652
5460.90 4.8650
5460.95 4.8647
5461.00 4.8645
5461.05 4.8642
5461.10 4.8640
5461.15 4.8638
5461.20 4.8635
5461.25 4.8633
5461.30 4.8630
5461.35 4.8628
5461.40 4.8626
5461.45 4.8623
5461.50 4.8621
5461.55 4.8619
5461.60 4.8616
5461.65 4.8614
5461.70 4.8611
5461.75 4.8609
5461.80 4.8606
5461.85 4.8604
5461.90 4.8602
5461.95 4.8599
5462.00 4.8597
5462.05 4.8594
5462.10 4.8592
5462.15 4.8590
5462.20 4.8587
5462.25 4.8585
5462.30 4.8582
5462.35 4.8580
5462.40 4.8578
5462.45 4.8575
5462.50 4.8573
5462.55 4.8570
5462.60 4.8568
5462.65 4.8565
5462.70 4.8563
5462.75 4.8561
5462.80 4.8558
5462.85 4.8556
5462.90 4.8553
5462.95 4.8551
5463.00 4.8548
5463.05 4.8546
5463.10 4.8544
5463.15 4.8541
5463.20 4.8539
5463.25 4.8536
5463.30 4.8534
5463.35 4.8531
5463.40 4.8529
5463.45 4.8527
5463.50 4.8524
5463.55 4.8522
5463.60 4.8519
5463.65 4.8517
5463.70 4.8514
5463.75 4.8512
5463.80 4.8510
5463.85 4.8507
5463.90 4.8505
5463.95 4.8502
5464.00 4.8500
5464.05 4.8497
5464.10 4.8495
5464.15 4.8492
5464.20 4.8490
5464.25 4.8488
5464.30 4.8485
5464.35 4.8483
5464.40 4.8480
5464.45 4.8478
5464.50 4.8475
5464.55 4.8473
5464.60 4.8470
5464.65 4.8468
5464.70 4.8466
5464.75 4.8463
5464.80 4.8461
5464.85 4.8458
5464.90 4.8456
5464.95 4.8453
5465.00 4.8451
5465.05 4.8448
5465.10 4.8446
5465.15 4.8443
5465.20 4.8441
5465.25 4.8439
5465.30 4.8436
5465.35 4.8434
5465.40 4.8431
5465.45 4.8429
5465.50 4.8426
5465.55 4.8424
5465.60 4.8421
5465.65 4.8419
5465.70 4.8416
5465.75 4.8414
5465.80 4.8412
5465.85 4.8409
5465.90 4.8407
5465.95 4.8404
5466.00 4.8402
5466.05 4.8399
5466.10 4.8397
5466.15 4.8394
5466.20 4.8392
5466.25 4.8389
5466.30 4.8387
5466.35 4.8384
5466.40 4.8382
5466.45 4.8379
5466.50 4.8377
5466.55 4.8375
5466.60 4.8372
5466.65 4.8370
5466.70 4.8367
5466.75 4.8365
5466.80 4.8362
5466.85 4.8360
5466.90 4.8357
5466.95 4.8355
5467.00 4.8352
5467.05 4.8350
5467.10 4.8347
5467.15 4.8345
5467.20 4.8342
5467.25 4.8340
5467.30 4.8338
5467.35 4.8335
5467.40 4.8333
5467.45 4.8330
5467.50 4.8328
5467.55 4.8325
5467.60 4.8323
5467.65 4.8320
5467.70 4.8318
5467.75 4.8315
5467.80 4.8313
5467.85 4.8310
5467.90 4.8308
5467.95 4.8305
5468.00 4.8303
5468.05 4.8300
5468.10 4.8298
5468.15 4.8295
5468.20 4.8293
5468.25 4.8291
5468.30 4.8288
5468.35 4.8286
5468.40 4.8283
5468.45 4.8281
5468.50 4.8278
5468.55 4.8276
5468.60 4.8273
5468.65 4.8271
5468.70 4.8268
5468.75 4.8266
5468.80 4.8263
5468.85 4.8261
5468.90 4.8258
5468.95 4.8256
5469.00 4.8253
5469.05 4.8251
5469.10 4.8248
5469.15 4.8246
5469.20 4.8244
5469.25 4.8241
5469.30 4.8239
5469.35 4.8236
5469.40 4.8234
5469.45 4.8231
5469.50 4.8229
5469.55 4.8226
5469.60 4.8224
5469.65 4.8221
5469.70 4.8219
5469.75 4.8216
5469.80 4.8214
5469.85 4.8211
5469.90 4.8209
5469.95 4.8206
5470.00 4.8204
5470.05 4.8201
5470.10 4.8199
5470.15 4.8197
5470.20 4.8194
5470.25 4.8192
5470.30 4.8189
5470.35 4.8187
5470.40 4.8184
5470.45 4.8182
5470.50 4.8179
5470.55 4.8177
5470.60 4.8174
5470.65 4.8172
5470.70 4.8169
5470.75 4.8167
5470.80 4.8164
5470.85 4.8162
5470.90 4.8159
5470.95 4.8157
5471.00 4.8154
5471.05 4.8152
5471.10 4.8150
5471.15 4.8147
5471.20 4.8145
5471.25 4.8142
5471.30 4.8140
5471.35 4.8137
5471.40 4.8135
5471.45 4.8132
5471.50 4.8130
5471.55 4.8127
5471.60 4.8125
5471.65 4.8122
5471.70 4.8120
5471.75 4.8117
5471.80 4.8115
5471.85 4.8113
5471.90 4.8110
5471.95 4.8108
5472.00 4.8105
5472.05 4.8103
5472.10 4.8100
5472.15 4.8098
5472.20 4.8095
5472.25 4.8093
5472.30 4.8090
5472.35 4.8088
5472.40 4.8085
5472.45 4.8083
5472.50 4.8080
5472.55 4.8078
5472.60 4.8076
5472.65 4.8073
5472.70 4.8071
5472.75 4.8068
5472.80 4.8066
5472.85 4.8063
5472.90 4.8061
5472.95 4.8058
5473.00 4.8056
5473.05 4.8053
5473.10 4.8051
5473.15 4.8048
5473.20 4.8046
5473.25 4.8044
5473.30 4.8041
5473.35 4.8039
5473.40 4.8036
5473.45 4.8034
5473.50 4.8031
5473.55 4.8029
5473.60 4.8026
5473.65 4.8024
5473.70 4.8021
5473.75 4.8019
5473.80 4.8016
5473.85 4.8014
5473.90 4.8012
5473.95 4.8009
5474.00 4.8007
5474.05 4.8004
5474.10 4.8002
5474.15 4.7999
5474.20 4.7997
5474.25 4.7994
5474.30 4.7992
5474.35 4.7990
5474.40 4.7987
5474.45 4.7985
5474.50 4.7982
5474.55 4.7980
5474.60 4.7977
5474.65 4.7975
5474.70 4.7972
5474.75 4.7970
5474.80 4.7967
5474.85 4.7965
5474.90 4.7963
5474.95 4.7960
5475.00 4.7958
5475.05 4.7955
5475.10 4.7953
5475.15 4.7950
5475.20 4.7948
5475.25 4.7945
5475.30 4.7943
5475.35 4.7941
5475.40 4.7938
5475.45 4.7936
5475.50 4.7933
5475.55 4.7931
5475.60 4.7928
5475.65 4.7926
5475.70 4.7924
5475.75 4.7921
5475.80 4.7919
5475.85 4.7916
5475.90 4.7914
5475.95 4.7911
5476.00 4.7909
5476.05 4.7906
5476.10 4.7904
5476.15 4.7902
5476.20 4.7899
5476.25 4.7897
5476.30 4.7894
5476.35 4.7892
5476.40 4.7889
5476.45 4.7887
5476.50 4.7885
5476.55 4.7882
5476.60 4.7880
5476.65 4.7877
5476.70 4.7875
5476.75 4.7872
5476.80 4.7870
5476.85 4.7868
5476.90 4.7865
5476.95 4.7863
5477.00 4.7860
5477.05 4.7858
5477.10 4.7856
5477.15 4.7853
5477.20 4.7851
5477.25 4.7848
5477.30 4.7846
5477.35 4.7843
5477.40 4.7841
5477.45 4.7839
5477.50 4.7836
5477.55 4.7834
5477.60 4.7831
5477.65 4.7829
5477.70 4.7827
5477.75 4.7824
5477.80 4.7822
5477.85 4.7819
5477.90 4.7817
5477.95 4.7814
5478.00 4.7812
5478.05 4.7810
5478.10 4.7807
5478.15 4.7805
5478.20 4.7802
5478.25 4.7800
5478.30 4.7798
5478.35 4.7795
5478.40 4.7793
5478.45 4.7790
5478.50 4.7788
5478.55 4.7786
5478.60 4.7783
5478.65 4.7781
5478.70 4.7778
5478.75 4.7776
5478.80 4.7774
5478.85 4.7771
5478.90 4.7769
5478.95 4.7766
5479.00 4.7764
5479.05 4.7762
5479.10 4.7759
5479.15 4.7757
5479.20 4.7754
5479.25 4.7752
5479.30 4.7750
5479.35 4.7747
5479.40 4.7745
5479.45 4.7743
5479.50 4.7740
5479.55 4.7738
5479.60 4.7735
5479.65 4.7733
5479.70 4.7731
5479.75 4.7728
5479.80 4.7726
5479.85 4.7723
5479.90 4.7721
5479.95 4.7719
5480.00 4.7716
5480.05 4.7714
5480.10 4.7712
5480.15 4.7709
5480.20 4.7707
5480.25 4.7704
5480.30 4.7702
5480.35 4.7700
5480.40 4.7697
5480.45 4.7695
5480.50 4.7693
5480.55 4.7690
5480.60 4.7688
5480.65 4.7685
5480.70 4.7683
5480.75 4.7681
5480.80 4.7678
5480.85 4.7676
5480.90 4.7674
5480.95 4.7671
5481.00 4.7669
5481.05 4.7666
5481.10 4.7664
5481.15 4.7662
5481.20 4.7659
5481.25 4.7657
5481.30 4.7655
5481.35 4.7652
5481.40 4.7650
5481.45 4.7648
5481.50 4.7645
5481.55 4.7643
5481.60 4.7640
5481.65 4.7638
5481.70 4.7636
5481.75 4.7633
5481.80 4.7631
5481.85 4.7629
5481.90 4.7626
5481.95 4.7624
5482.00 4.7622
5482.05 4.7619
5482.10 4.7617
5482.15 4.7615
5482.20 4.7612
5482.25 4.7610
5482.30 4.7608
5482.35 4.7605
5482.40 4.7603
5482.45 4.7601
5482.50 4.7598
5482.55 4.7596
5482.60 4.7594
5482.65 4.7591
5482.70 4.7589
5482.75 4.7587
5482.80 4.7584
5482.85 4.7582
5482.90 4.7580
5482.95 4.7577
5483.00 4.7575
5483.05 4.7573
5483.10 4.7570
5483.15 4.7568
5483.20 4.7566
5483.25 4.7563
5483.30 4.7561
5483.35 4.7559
5483.40 4.7556
5483.45 4.7554
5483.50 4.7552
5483.55 4.7549
5483.60 4.7547
5483.65 4.7545
5483.70 4.7542
5483.75 4.7540
5483.80 4.7538
5483.85 4.7535
5483.90 4.7533
5483.95 4.7531
5484.00 4.7528
5484.05 4.7526
5484.10 4.7524
5484.15 4.7521
5484.20 4.7519
5484.25 4.7517
5484.30 4.7514
5484.35 4.7512
5484.40 4.7510
5484.45 4.7508
5484.50 4.7505
5484.55 4.7503
5484.60 4.7501
5484.65 4.7498
5484.70 4.7496
5484.75 4.7494
5484.80 4.7491
5484.85 4.7489
5484.90 4.7487
5484.95 4.7484
5485.00 4.7482
5485.05 4.7480
5485.10 4.7478
5485.15 4.7475
5485.20 4.7473
5485.25 4.7471
5485.30 4.7468
5485.35 4.7466
5485.40 4.7464
5485.45 4.7462
5485.50 4.7459
5485.55 4.7457
5485.60 4.7455
5485.65 4.7452
5485.70 4.7450
5485.75 4.7448
5485.80 4.7445
5485.85 4.7443
5485.90 4.7441
5485.95 4.7439
5486.00 4.7436
5486.05 4.7434
5486.10 4.7432
5486.15 4.7430
5486.20 4.7427
5486.25 4.7425
5486.30 4.7423
5486.35 4.7420
5486.40 4.7418
5486.45 4.7416
5486.50 4.7414
5486.55 4.7411
5486.60 4.7409
5486.65 4.7407
5486.70 4.7404
5486.75 4.7402
5486.80 4.7400
5486.85 4.7398
5486.90 4.7395
5486.95 4.7393
5487.00 4.7391
5487.05 4.7389
5487.10 4.7386
5487.15 4.7384
5487.20 4.7382
5487.25 4.7380
5487.30 4.7377
5487.35 4.7375
5487.40 4.7373
5487.45 4.7370
5487.50 4.7368
5487.55 4.7366
5487.60 4.7364
5487.65 4.7361
5487.70 4.7359
5487.75 4.7357
5487.80 4.7355
5487.85 4.7352
5487.90 4.7350
5487.95 4.7348
5488.00 4.7346
5488.05 4.7343
5488.10 4.7341
5488.15 4.7339
5488.20 4.7337
5488.25 4.7334
5488.30 4.7332
5488.35 4.7330
5488.40 4.7328
5488.45 4.7325
5488.50 4.7323
5488.55 4.7321
5488.60 4.7319
5488.65 4.7316
5488.70 4.7314
5488.75 4.7312
5488.80 4.7310
5488.85 4.7307
5488.90 4.7305
5488.95 4.7303
5489.00 4.7301
5489.05 4.7299
5489.10 4.7296
5489.15 4.7294
5489.20 4.7292
5489.25 4.7290
5489.30 4.7287
5489.35 4.7285
5489.40 4.7283
5489.45 4.7281
5489.50 4.7278
5489.55 4.7276
5489.60 4.7274
5489.65 4.7272
5489.70 4.7270
5489.75 4.7267
5489.80 4.7265
5489.85 4.7263
5489.90 4.7261
5489.95 4.7258
5490.00 4.7256
5490.05 4.7254
5490.10 4.7252
5490.15 4.7250
5490.20 4.7247
5490.25 4.7245
5490.30 4.7243
5490.35 4.7241
5490.40 4.7238
5490.45 4.7236
5490.50 4.7234
5490.55 4.7232
5490.60 4.7230
5490.65 4.7227
5490.70 4.7225
5490.75 4.7223
5490.80 4.7221
5490.85 4.7219
5490.90 4.7216
5490.95 4.7214
5491.00 4.7212
5491.05 4.7210
5491.10 4.7208
5491.15 4.7205
5491.20 4.7203
5491.25 4.7201
5491.30 4.7199
5491.35 4.7197
5491.40 4.7194
5491.45 4.7192
5491.50 4.7190
5491.55 4.7188
5491.60 4.7186
5491.65 4.7183
5491.70 4.7181
5491.75 4.7179
5491.80 4.7177
5491.85 4.7175
5491.90 4.7172
5491.95 4.7170
5492.00 4.7168
5492.05 4.7166
5492.10 4.7164
5492.15 4.7161
5492.20 4.7159
5492.25 4.7157
5492.30 4.7155
5492.35 4.7153
5492.40 4.7150
5492.45 4.7148
5492.50 4.7146
5492.55 4.7144
5492.60 4.7142
5492.65 4.7140
5492.70 4.7137
5492.75 4.7135
5492.80 4.7133
5492.85 4.7131
5492.90 4.7129
5492.95 4.7126
5493.00 4.7124
5493.05 4.7122
5493.10 4.7120
5493.15 4.7118
5493.20 4.7116
5493.25 4.7113
5493.30 4.7111
5493.35 4.7109
5493.40 4.7107
5493.45 4.7105
5493.50 4.7102
5493.55 4.7100
5493.60 4.7098
5493.65 4.7096
5493.70 4.7094
5493.75 4.7092
5493.80 4.7089
5493.85 4.7087
5493.90 4.7085
5493.95 4.7083
5494.00 4.7081
5494.05 4.7079
5494.10 4.7076
5494.15 4.7074
5494.20 4.7072
5494.25 4.7070
5494.30 4.7068
5494.35 4.7066
5494.40 4.7063
5494.45 4.7061
5494.50 4.7059
5494.55 4.7057
5494.60 4.7055
5494.65 4.7053
5494.70 4.7050
5494.75 4.7048
5494.80 4.7046
5494.85 4.7044
5494.90 4.7042
5494.95 4.7040
5495.00 4.7037
5495.05 4.7035
5495.10 4.7033
5495.15 4.7031
5495.20 4.7029
5495.25 4.7027
5495.30 4.7024
5495.35 4.7022
5495.40 4.7020
5495.45 4.7018
5495.50 4.7016
5495.55 4.7014
5495.60 4.7012
5495.65 4.7009
5495.70 4.7007
5495.75 4.7005
5495.80 4.7003
5495.85 4.7001
5495.90 4.6999
5495.95 4.6997
5496.00 4.6994
5496.05 4.6992
5496.10 4.6990
5496.15 4.6988
5496.20 4.6986
5496.25 4.6984
5496.30 4.6981
5496.35 4.6979
5496.40 4.6977
5496.45 4.6975
5496.50 4.6973
5496.55 4.6971
5496.60 4.6969
5496.65 4.6966
5496.70 4.6964
5496.75 4.6962
5496.80 4.6960
5496.85 4.6958
5496.90 4.6956
5496.95 4.6954
5497.00 4.6951
5497.05 4.6949
5497.10 4.6947
5497.15 4.6945
5497.20 4.6943
5497.25 4.6941
5497.30 4.6939
5497.35 4.6936
5497.40 4.6934
5497.45 4.6932
5497.50 4.6930
5497.55 4.6928
5497.60 4.6926
5497.65 4.6924
5497.70 4.6921
5497.75 4.6919
5497.80 4.6917
5497.85 4.6915
5497.90 4.6913
5497.95 4.6911
5498.00 4.6909
5498.05 4.6906
5498.10 4.6904
5498.15 4.6902
5498.20 4.6900
5498.25 4.6898
5498.30 4.6896
5498.35 4.6894
5498.40 4.6892
5498.45 4.6889
5498.50 4.6887
5498.55 4.6885
5498.60 4.6883
5498.65 4.6881
5498.70 4.6879
5498.75 4.6877
5498.80 4.6874
5498.85 4.6872
5498.90 4.6870
5498.95 4.6868
5499.00 4.6866
5499.05 4.6864
5499.10 4.6862
5499.15 4.6859
5499.20 4.6857
5499.25 4.6855
5499.30 4.6853
5499.35 4.6851
5499.40 4.6849
5499.45 4.6847
5499.50 4.6845
5499.55 4.6842
5499.60 4.6840
5499.65 4.6838
5499.70 4.6836
5499.75 4.6834
5499.80 4.6832
5499.85 4.6830
5499.90 4.6827
5499.95 4.6825
5500.00 4.6823
5500.05 4.6821
5500.10 4.6819
5500.15 4.6817
5500.20 4.6815
5500.25 4.6813
5500.30 4.6810
5500.35 4.6808
5500.40 4.6806
5500.45 4.6804
5500.50 4.6802
5500.55 4.6800
5500.60 4.6798
5500.65 4.6796
5500.70 4.6793
5500.75 4.6791
5500.80 4.6789
5500.85 4.6787
5500.90 4.6785
5500.95 4.6783
5501.00 4.6781
5501.05 4.6778
5501.10 4.6776
5501.15 4.6774
5501.20 4.6772
5501.25 4.6770
5501.30 4.6768
5501.35 4.6766
5501.40 4.6764
5501.45 4.6761
5501.50 4.6759
5501.55 4.6757
5501.60 4.6755
5501.65 4.6753
5501.70 4.6751
5501.75 4.6749
5501.80 4.6746
5501.85 4.6744
5501.90 4.6742
5501.95 4.6740
5502.00 4.6738
5502.05 4.6736
5502.10 4.6734
5502.15 4.6731
5502.20 4.6729
5502.25 4.6727
5502.30 4.6725
5502.35 4.6723
5502.40 4.6721
5502.45 4.6719
5502.50 4.6717
5502.55 4.6714
5502.60 4.6712
5502.65 4.6710
5502.70 4.6708
5502.75 4.6706
5502.80 4.6704
5502.85 4.6702
5502.90 4.6699
5502.95 4.6697
5503.00 4.6695
5503.05 4.6693
5503.10 4.6691
5503.15 4.6689
5503.20 4.6687
5503.25 4.6684
5503.30 4.6682
5503.35 4.6680
5503.40 4.6678
5503.45 4.6676
5503.50 4.6674
5503.55 4.6672
5503.60 4.6669
5503.65 4.6667
5503.70 4.6665
5503.75 4.6663
5503.80 4.6661
5503.85 4.6659
5503.90 4.6657
5503.95 4.6654
5504.00 4.6652
5504.05 4.6650
5504.10 4.6648
5504.15 4.6646
5504.20 4.6644
5504.25 4.6642
5504.30 4.6639
5504.35 4.6637
5504.40 4.6635
5504.45 4.6633
5504.50 4.6631
5504.55 4.6629
5504.60 4.6626
5504.65 4.6624
5504.70 4.6622
5504.75 4.6620
5504.80 4.6618
5504.85 4.6616
5504.90 4.6614
5504.95 4.6611
5505.00 4.6609
5505.05 4.6607
5505.10 4.6605
5505.15 4.6603
5505.20 4.6601
5505.25 4.6598
5505.30 4.6596
5505.35 4.6594
5505.40 4.6592
5505.45 4.6590
5505.50 4.6588
5505.55 4.6585
5505.60 4.6583
5505.65 4.6581
5505.70 4.6579
5505.75 4.6577
5505.80 4.6575
5505.85 4.6572
5505.90 4.6570
5505.95 4.6568
5506.00 4.6566
5506.05 4.6564
5506.10 4.6562
5506.15 4.6559
5506.20 4.6557
5506.25 4.6555
5506.30 4.6553
5506.35 4.6551
5506.40 4.6549
5506.45 4.6546
5506.50 4.6544
5506.55 4.6542
5506.60 4.6540
5506.65 4.6538
5506.70 4.6535
5506.75 4.6533
5506.80 4.6531
5506.85 4.6529
5506.90 4.6527
5506.95 4.6525
5507.00 4.6522
5507.05 4.6520
5507.10 4.6518
5507.15 4.6516
5507.20 4.6514
5507.25 4.6511
5507.30 4.6509
5507.35 4.6507
5507.40 4.6505
5507.45 4.6503
5507.50 4.6500
5507.55 4.6498
5507.60 4.6496
5507.65 4.6494
5507.70 4.6492
5507.75 4.6489
5507.80 4.6487
5507.85 4.6485
5507.90 4.6483
5507.95 4.6481
5508.00 4.6478
5508.05 4.6476
5508.10 4.6474
5508.15 4.6472
5508.20 4.6470
5508.25 4.6467
5508.30 4.6465
5508.35 4.6463
5508.40 4.6461
5508.45 4.6459
5508.50 4.6456
5508.55 4.6454
5508.60 4.6452
5508.65 4.6450
5508.70 4.6448
5508.75 4.6445
5508.80 4.6443
5508.85 4.6441
5508.90 4.6439
5508.95 4.6436
5509.00 4.6434
5509.05 4.6432
5509.10 4.6430
5509.15 4.6427
5509.20 4.6425
5509.25 4.6423
5509.30 4.6421
5509.35 4.6419
5509.40 4.6416
5509.45 4.6414
5509.50 4.6412
5509.55 4.6410
5509.60 4.6407
5509.65 4.6405
5509.70 4.6403
5509.75 4.6401
5509.80 4.6398
5509.85 4.6396
5509.90 4.6394
5509.95 4.6392
5510.00 4.6389
5510.05 4.6387
5510.10 4.6385
5510.15 4.6383
5510.20 4.6380
5510.25 4.6378
5510.30 4.6376
5510.35 4.6374
5510.40 4.6371
5510.45 4.6369
5510.50 4.6367
5510.55 4.6365
5510.60 4.6362
5510.65 4.6360
5510.70 4.6358
5510.75 4.6355
5510.80 4.6353
5510.85 4.6351
5510.90 4.6349
5510.95 4.6346
5511.00 4.6344
5511.05 4.6342
5511.10 4.6339
5511.15 4.6337
5511.20 4.6335
5511.25 4.6333
5511.30 4.6330
5511.35 4.6328
5511.40 4.6326
5511.45 4.6323
5511.50 4.6321
5511.55 4.6319
5511.60 4.6317
5511.65 4.6314
5511.70 4.6312
5511.75 4.6310
5511.80 4.6307
5511.85 4.6305
5511.90 4.6303
5511.95 4.6300
5512.00 4.6298
5512.05 4.6296
5512.10 4.6293
5512.15 4.6291
5512.20 4.6289
5512.25 4.6287
5512.30 4.6284
5512.35 4.6282
5512.40 4.6280
5512.45 4.6277
5512.50 4.6275
5512.55 4.6273
5512.60 4.6270
5512.65 4.6268
5512.70 4.6266
5512.75 4.6263
5512.80 4.6261
5512.85 4.6259
5512.90 4.6256
5512.95 4.6254
5513.00 4.6252
5513.05 4.6249
5513.10 4.6247
5513.15 4.6244
5513.20 4.6242
5513.25 4.6240
5513.30 4.6237
5513.35 4.6235
5513.40 4.6233
5513.45 4.6230
5513.50 4.6228
5513.55 4.6226
5513.60 4.6223
5513.65 4.6221
5513.70 4.6218
5513.75 4.6216
5513.80 4.6214
5513.85 4.6211
5513.90 4.6209
5513.95 4.6207
5514.00 4.6204
5514.05 4.6202
5514.10 4.6199
5514.15 4.6197
5514.20 4.6195
5514.25 4.6192
5514.30 4.6190
5514.35 4.6187
5514.40 4.6185
5514.45 4.6183
5514.50 4.6180
5514.55 4.6178
5514.60 4.6175
5514.65 4.6173
5514.70 4.6170
5514.75 4.6168
5514.80 4.6166
5514.85 4.6163
5514.90 4.6161
5514.95 4.6158
5515.00 4.6156
5515.05 4.6153
5515.10 4.6151
5515.15 4.6149
5515.20 4.6146
5515.25 4.6144
5515.30 4.6141
5515.35 4.6139
5515.40 4.6136
5515.45 4.6134
5515.50 4.6131
5515.55 4.6129
5515.60 4.6127
5515.65 4.6124
5515.70 4.6122
5515.75 4.6119
5515.80 4.6117
5515.85 4.6114
5515.90 4.6112
5515.95 4.6109
5516.00 4.6107
5516.05 4.6104
5516.10 4.6102
5516.15 4.6099
5516.20 4.6097
5516.25 4.6094
5516.30 4.6092
5516.35 4.6089
5516.40 4.6087
5516.45 4.6084
5516.50 4.6082
5516.55 4.6079
5516.60 4.6077
5516.65 4.6074
5516.70 4.6072
5516.75 4.6069
5516.80 4.6067
5516.85 4.6064
5516.90 4.6062
5516.95 4.6059
5517.00 4.6057
5517.05 4.6054
5517.10 4.6052
5517.15 4.6049
5517.20 4.6047
5517.25 4.6044
5517.30 4.6041
5517.35 4.6039
5517.40 4.6036
5517.45 4.6034
5517.50 4.6031
5517.55 4.6029
5517.60 4.6026
5517.65 4.6024
5517.70 4.6021
5517.75 4.6018
5517.80 4.6016
5517.85 4.6013
5517.90 4.6011
5517.95 4.6008
5518.00 4.6005
5518.05 4.6003
5518.10 4.6000
5518.15 4.5998
5518.20 4.5995
5518.25 4.5992
5518.30 4.5990
5518.35 4.5987
5518.40 4.5985
5518.45 4.5982
5518.50 4.5979
5518.55 4.5977
5518.60 4.5974
5518.65 4.5972
5518.70 4.5969
5518.75 4.5966
5518.80 4.5964
5518.85 4.5961
5518.90 4.5958
5518.95 4.5956
5519.00 4.5953
5519.05 4.5950
5519.10 4.5948
5519.15 4.5945
5519.20 4.5942
5519.25 4.5940
5519.30 4.5937
5519.35 4.5934
5519.40 4.5932
5519.45 4.5929
5519.50 4.5926
5519.55 4.5924
5519.60 4.5921
5519.65 4.5918
5519.70 4.5916
5519.75 4.5913
5519.80 4.5910
5519.85 4.5908
5519.90 4.5905
5519.95 4.5902
5520.00 4.5899
5520.05 4.5897
5520.10 4.5894
5520.15 4.5891
5520.20 4.5888
5520.25 4.5886
5520.30 4.5883
5520.35 4.5880
5520.40 4.5878
5520.45 4.5875
5520.50 4.5872
5520.55 4.5869
5520.60 4.5867
5520.65 4.5864
5520.70 4.5861
5520.75 4.5858
5520.80 4.5855
5520.85 4.5853
5520.90 4.5850
5520.95 4.5847
5521.00 4.5844
5521.05 4.5842
5521.10 4.5839
5521.15 4.5836
5521.20 4.5833
5521.25 4.5830
5521.30 4.5828
5521.35 4.5825
5521.40 4.5822
5521.45 4.5819
5521.50 4.5816
5521.55 4.5813
5521.60 4.5811
5521.65 4.5808
5521.70 4.5805
5521.75 4.5802
5521.80 4.5799
5521.85 4.5796
5521.90 4.5794
5521.95 4.5791
5522.00 4.5788
5522.05 4.5785
5522.10 4.5782
5522.15 4.5779
5522.20 4.5776
5522.25 4.5773
5522.30 4.5771
5522.35 4.5768
5522.40 4.5765
5522.45 4.5762
5522.50 4.5759
5522.55 4.5756
5522.60 4.5753
5522.65 4.5750
5522.70 4.5747
5522.75 4.5744
5522.80 4.5742
5522.85 4.5739
5522.90 4.5736
5522.95 4.5733
5523.00 4.5730
5523.05 4.5727
5523.10 4.5724
5523.15 4.5721
5523.20 4.5718
5523.25 4.5715
5523.30 4.5712
5523.35 4.5709
5523.40 4.5706
5523.45 4.5703
5523.50 4.5700
5523.55 4.5697
5523.60 4.5694
5523.65 4.5691
5523.70 4.5688
5523.75 4.5685
5523.80 4.5682
5523.85 4.5679
5523.90 4.5676
5523.95 4.5673
5524.00 4.5670
5524.05 4.5667
5524.10 4.5664
5524.15 4.5661
5524.20 4.5658
5524.25 4.5655
5524.30 4.5652
5524.35 4.5649
5524.40 4.5646
5524.45 4.5643
5524.50 4.5640
5524.55 4.5636
5524.60 4.5633
5524.65 4.5630
5524.70 4.5627
5524.75 4.5624
5524.80 4.5621
5524.85 4.5618
5524.90 4.5615
5524.95 4.5612
5525.00 4.5609
5525.05 4.5605
5525.10 4.5602
5525.15 4.5599
5525.20 4.5596
5525.25 4.5593
5525.30 4.5590
5525.35 4.5587
5525.40 4.5583
5525.45 4.5580
5525.50 4.5577
5525.55 4.5574
5525.60 4.5571
5525.65 4.5568
5525.70 4.5564
5525.75 4.5561
5525.80 4.5558
5525.85 4.5555
5525.90 4.5552
5525.95 4.5548
5526.00 4.5545
5526.05 4.5542
5526.10 4.5539
5526.15 4.5535
5526.20 4.5532
5526.25 4.5529
5526.30 4.5526
5526.35 4.5523
5526.40 4.5519
5526.45 4.5516
5526.50 4.5513
5526.55 4.5509
5526.60 4.5506
5526.65 4.5503
5526.70 4.5500
5526.75 4.5496
5526.80 4.5493
5526.85 4.5490
5526.90 4.5486
5526.95 4.5483
5527.00 4.5480
5527.05 4.5476
5527.10 4.5473
5527.15 4.5470
5527.20 4.5466
5527.25 4.5463
5527.30 4.5460
5527.35 4.5456
5527.40 4.5453
5527.45 4.5450
5527.50 4.5446
5527.55 4.5443
5527.60 4.5440
5527.65 4.5436
5527.70 4.5433
5527.75 4.5429
5527.80 4.5426
5527.85 4.5423
5527.90 4.5419
5527.95 4.5416
5528.00 4.5412
5528.05 4.5409
5528.10 4.5405
5528.15 4.5402
5528.20 4.5399
5528.25 4.5395
5528.30 4.5392
5528.35 4.5388
5528.40 4.5385
5528.45 4.5381
5528.50 4.5378
5528.55 4.5374
5528.60 4.5371
5528.65 4.5367
5528.70 4.5364
5528.75 4.5360
5528.80 4.5357
5528.85 4.5353
5528.90 4.5350
5528.95 4.5346
5529.00 4.5343
5529.05 4.5339
5529.10 4.5336
5529.15 4.5332
5529.20 4.5328
5529.25 4.5325
5529.30 4.5321
5529.35 4.5318
5529.40 4.5314
5529.45 4.5310
5529.50 4.5307
5529.55 4.5303
5529.60 4.5300
5529.65 4.5296
5529.70 4.5292
5529.75 4.5289
5529.80 4.5285
5529.85 4.5282
5529.90 4.5278
5529.95 4.5274
5530.00 4.5271
5530.05 4.5267
5530.10 4.5263
5530.15 4.5260
5530.20 4.5256
5530.25 4.5252
5530.30 4.5248
5530.35 4.5245
5530.40 4.5241
5530.45 4.5237
5530.50 4.5234
5530.55 4.5230
5530.60 4.5226
5530.65 4.5222
5530.70 4.5219
5530.75 4.5215
5530.80 4.5211
5530.85 4.5207
5530.90 4.5204
5530.95 4.5200
5531.00 4.5196
5531.05 4.5192
5531.10 4.5188
5531.15 4.5185
5531.20 4.5181
5531.25 4.5177
5531.30 4.5173
5531.35 4.5169
5531.40 4.5166
5531.45 4.5162
5531.50 4.5158
5531.55 4.5154
5531.60 4.5150
5531.65 4.5146
5531.70 4.5142
5531.75 4.5138
5531.80 4.5135
5531.85 4.5131
5531.90 4.5127
5531.95 4.5123
5532.00 4.5119
5532.05 4.5115
5532.10 4.5111
5532.15 4.5107
5532.20 4.5103
5532.25 4.5099
5532.30 4.5095
5532.35 4.5091
5532.40 4.5087
5532.45 4.5083
5532.50 4.5079
5532.55 4.5075
5532.60 4.5071
5532.65 4.5067
5532.70 4.5063
5532.75 4.5059
5532.80 4.5055
5532.85 4.5051
5532.90 4.5047
5532.95 4.5043
5533.00 4.5039
5533.05 4.5035
5533.10 4.5031
5533.15 4.5027
5533.20 4.5023
5533.25 4.5019
5533.30 4.5015
5533.35 4.5010
5533.40 4.5006
5533.45 4.5002
5533.50 4.4998
5533.55 4.4994
5533.60 4.4990
5533.65 4.4986
5533.70 4.4982
5533.75 4.4977
5533.80 4.4973
5533.85 4.4969
5533.90 4.4965
5533.95 4.4961
5534.00 4.4956
5534.05 4.4952
5534.10 4.4948
5534.15 4.4944
5534.20 4.4940
5534.25 4.4935
5534.30 4.4931
5534.35 4.4927
5534.40 4.4923
5534.45 4.4918
5534.50 4.4914
5534.55 4.4910
5534.60 4.4905
5534.65 4.4901
5534.70 4.4897
5534.75 4.4892
5534.80 4.4888
5534.85 4.4884
5534.90 4.4879
5534.95 4.4875
5535.00 4.4871
5535.05 4.4866
5535.10 4.4862
5535.15 4.4858
5535.20 4.4853
5535.25 4.4849
5535.30 4.4844
5535.35 4.4840
5535.40 4.4836
5535.45 4.4831
5535.50 4.4827
5535.55 4.4822
5535.60 4.4818
5535.65 4.4813
5535.70 4.4809
5535.75 4.4804
5535.80 4.4800
5535.85 4.4795
5535.90 4.4791
5535.95 4.4786
5536.00 4.4782
5536.05 4.4777
5536.10 4.4773
5536.15 4.4768
5536.20 4.4764
5536.25 4.4759
5536.30 4.4755
5536.35 4.4750
5536.40 4.4746
5536.45 4.4741
5536.50 4.4736
5536.55 4.4732
5536.60 4.4727
5536.65 4.4723
5536.70 4.4718
5536.75 4.4713
5536.80 4.4709
5536.85 4.4704
5536.90 4.4699
5536.95 4.4695
5537.00 4.4690
5537.05 4.4685
5537.10 4.4681
5537.15 4.4676
5537.20 4.4671
5537.25 4.4666
5537.30 4.4662
5537.35 4.4657
5537.40 4.4652
5537.45 4.4647
5537.50 4.4643
5537.55 4.4638
5537.60 4.4633
5537.65 4.4628
5537.70 4.4623
5537.75 4.4619
5537.80 4.4614
5537.85 4.4609
5537.90 4.4604
5537.95 4.4599
5538.00 4.4594
5538.05 4.4590
5538.10 4.4585
5538.15 4.4580
5538.20 4.4575
5538.25 4.4570
5538.30 4.4565
5538.35 4.4560
5538.40 4.4555
5538.45 4.4550
5538.50 4.4545
5538.55 4.4540
5538.60 4.4536
5538.65 4.4531
5538.70 4.4526
5538.75 4.4521
5538.80 4.4516
5538.85 4.4511
5538.90 4.4506
5538.95 4.4501
5539.00 4.4496
5539.05 4.4490
5539.10 4.4485
5539.15 4.4480
5539.20 4.4475
5539.25 4.4470
5539.30 4.4465
5539.35 4.4460
5539.40 4.4455
5539.45 4.4450
5539.50 4.4445
5539.55 4.4439
5539.60 4.4434
5539.65 4.4429
5539.70 4.4424
5539.75 4.4419
5539.80 4.4414
5539.85 4.4408
5539.90 4.4403
5539.95 4.4398
5540.00 4.4393
5540.05 4.4388
5540.10 4.4382
5540.15 4.4377
5540.20 4.4372
5540.25 4.4367
5540.30 4.4361
5540.35 4.4356
5540.40 4.4351
5540.45 4.4345
5540.50 4.4340
5540.55 4.4335
5540.60 4.4329
5540.65 4.4324
5540.70 4.4319
5540.75 4.4313
5540.80 4.4308
5540.85 4.4303
5540.90 4.4297
5540.95 4.4292
5541.00 4.4286
5541.05 4.4281
5541.10 4.4275
5541.15 4.4270
5541.20 4.4265
5541.25 4.4259
5541.30 4.4254
5541.35 4.4248
5541.40 4.4243
5541.45 4.4237
5541.50 4.4232
5541.55 4.4226
5541.60 4.4220
5541.65 4.4215
5541.70 4.4209
5541.75 4.4204
5541.80 4.4198
5541.85 4.4193
5541.90 4.4187
5541.95 4.4181
5542.00 4.4176
5542.05 4.4170
5542.10 4.4165
5542.15 4.4159
5542.20 4.4153
5542.25 4.4148
5542.30 4.4142
5542.35 4.4136
5542.40 4.4130
5542.45 4.4125
5542.50 4.4119
5542.55 4.4113
5542.60 4.4108
5542.65 4.4102
5542.70 4.4096
5542.75 4.4090
5542.80 4.4084
5542.85 4.4079
5542.90 4.4073
5542.95 4.4067
5543.00 4.4061
5543.05 4.4055
5543.10 4.4049
5543.15 4.4044
5543.20 4.4038
5543.25 4.4032
5543.30 4.4026
5543.35 4.4020
5543.40 4.4014
5543.45 4.4008
5543.50 4.4002
5543.55 4.3996
5543.60 4.3990
5543.65 4.3984
5543.70 4.3978
5543.75 4.3972
5543.80 4.3966
5543.85 4.3960
5543.90 4.3954
5543.95 4.3948
5544.00 4.3942
5544.05 4.3936
5544.10 4.3930
5544.15 4.3924
5544.20 4.3918
5544.25 4.3912
5544.30 4.3906
5544.35 4.3900
5544.40 4.3893
5544.45 4.3887
5544.50 4.3881
5544.55 4.3875
5544.60 4.3869
5544.65 4.3862
5544.70 4.3856
5544.75 4.3850
5544.80 4.3844
5544.85 4.3838
5544.90 4.3831
5544.95 4.3825
5545.00 4.3819
5545.05 4.3812
5545.10 4.3806
5545.15 4.3800
5545.20 4.3794
5545.25 4.3787
5545.30 4.3781
5545.35 4.3774
5545.40 4.3768
5545.45 4.3762
5545.50 4.3755
5545.55 4.3749
5545.60 4.3742
5545.65 4.3736
5545.70 4.3730
5545.75 4.3723
5545.80 4.3717
5545.85 4.3710
5545.90 4.3704
5545.95 4.3697
5546.00 4.3691
5546.05 4.3684
5546.10 4.3678
5546.15 4.3671
5546.20 4.3665
5546.25 4.3658
5546.30 4.3651
5546.35 4.3645
5546.40 4.3638
5546.45 4.3632
5546.50 4.3625
5546.55 4.3618
5546.60 4.3612
5546.65 4.3605
5546.70 4.3598
5546.75 4.3592
5546.80 4.3585
5546.85 4.3578
5546.90 4.3571
5546.95 4.3565
5547.00 4.3558
5547.05 4.3551
5547.10 4.3544
5547.15 4.3537
5547.20 4.3531
5547.25 4.3524
5547.30 4.3517
5547.35 4.3510
5547.40 4.3503
5547.45 4.3496
5547.50 4.3490
5547.55 4.3483
5547.60 4.3476
5547.65 4.3469
5547.70 4.3462
5547.75 4.3455
5547.80 4.3448
5547.85 4.3441
5547.90 4.3434
5547.95 4.3427
5548.00 4.3420
5548.05 4.3413
5548.10 4.3406
5548.15 4.3399
5548.20 4.3392
5548.25 4.3385
5548.30 4.3378
5548.35 4.3371
5548.40 4.3363
5548.45 4.3356
5548.50 4.3349
5548.55 4.3342
5548.60 4.3335
5548.65 4.3328
5548.70 4.3321
5548.75 4.3313
5548.80 4.3306
5548.85 4.3299
5548.90 4.3292
5548.95 4.3284
5549.00 4.3277
5549.05 4.3270
5549.10 4.3262
5549.15 4.3255
5549.20 4.3248
5549.25 4.3241
5549.30 4.3233
5549.35 4.3226
5549.40 4.3218
5549.45 4.3211
5549.50 4.3204
5549.55 4.3196
5549.60 4.3189
5549.65 4.3181
5549.70 4.3174
5549.75 4.3166
5549.80 4.3159
5549.85 4.3151
5549.90 4.3144
5549.95 4.3136
5550.00 4.3129
5550.05 4.3121
5550.10 4.3114
5550.15 4.3106
5550.20 4.3098
5550.25 4.3091
5550.30 4.3083
5550.35 4.3076
5550.40 4.3068
5550.45 4.3060
5550.50 4.3053
5550.55 4.3045
5550.60 4.3037
5550.65 4.3029
5550.70 4.3022
5550.75 4.3014
5550.80 4.3006
5550.85 4.2998
5550.90 4.2991
5550.95 4.2983
5551.00 4.2975
5551.05 4.2967
5551.10 4.2959
5551.15 4.2951
5551.20 4.2944
5551.25 4.2936
5551.30 4.2928
5551.35 4.2920
5551.40 4.2912
5551.45 4.2904
5551.50 4.2896
5551.55 4.2888
5551.60 4.2880
5551.65 4.2872
5551.70 4.2864
5551.75 4.2856
5551.80 4.2848
5551.85 4.2840
5551.90 4.2832
5551.95 4.2824
5552.00 4.2816
5552.05 4.2807
5552.10 4.2799
5552.15 4.2791
5552.20 4.2783
5552.25 4.2775
5552.30 4.2767
5552.35 4.2758
5552.40 4.2750
5552.45 4.2742
5552.50 4.2734
5552.55 4.2725
5552.60 4.2717
5552.65 4.2709
5552.70 4.2701
5552.75 4.2692
5552.80 4.2684
5552.85 4.2676
5552.90 4.2667
5552.95 4.2659
5553.00 4.2650
5553.05 4.2642
5553.10 4.2633
5553.15 4.2625
5553.20 4.2617
5553.25 4.2608
5553.30 4.2600
5553.35 4.2591
5553.40 4.2583
5553.45 4.2574
5553.50 4.2565
5553.55 4.2557
5553.60 4.2548
5553.65 4.2540
5553.70 4.2531
5553.75 4.2522
5553.80 4.2514
5553.85 4.2505
5553.90 4.2496
5553.95 4.2488
5554.00 4.2479
5554.05 4.2470
5554.10 4.2462
5554.15 4.2453
5554.20 4.2444
5554.25 4.2435
5554.30 4.2426
5554.35 4.2418
5554.40 4.2409
5554.45 4.2400
5554.50 4.2391
5554.55 4.2382
5554.60 4.2373
5554.65 4.2364
5554.70 4.2355
5554.75 4.2346
5554.80 4.2337
5554.85 4.2329
5554.90 4.2320
5554.95 4.2311
5555.00 4.2301
5555.05 4.2292
5555.10 4.2283
5555.15 4.2274
5555.20 4.2265
5555.25 4.2256
5555.30 4.2247
5555.35 4.2238
5555.40 4.2229
5555.45 4.2220
5555.50 4.2210
5555.55 4.2201
5555.60 4.2192
5555.65 4.2183
5555.70 4.2173
5555.75 4.2164
5555.80 4.2155
5555.85 4.2146
5555.90 4.2136
5555.95 4.2127
5556.00 4.2118
5556.05 4.2108
5556.10 4.2099
5556.15 4.2089
5556.20 4.2080
5556.25 4.2071
5556.30 4.2061
5556.35 4.2052
5556.40 4.2042
5556.45 4.2033
