4364.50 17.7604
4364.55 17.7615
4364.60 17.7626
4364.65 17.7637
4364.70 17.7648
4364.75 17.7659
4364.80 17.7670
4364.85 17.7681
4364.90 17.7692
4364.95 17.7702
4365.00 17.7713
4365.05 17.7724
4365.10 17.7734
4365.15 17.7745
4365.20 17.7755
4365.25 17.7765
4365.30 17.7776
4365.35 17.7786
4365.40 17.7796
4365.45 17.7806
4365.50 17.7816
4365.55 17.7826
4365.60 17.7836
4365.65 17.7846
4365.70 17.7856
4365.75 17.7866
4365.80 17.7875
4365.85 17.7885
4365.90 17.7895
4365.95 17.7904
4366.00 17.7913
4366.05 17.7923
4366.10 17.7932
4366.15 17.7942
4366.20 17.7951
4366.25 17.7960
4366.30 17.7969
4366.35 17.7978
4366.40 17.7987
4366.45 17.7996
4366.50 17.8005
4366.55 17.8014
4366.60 17.8022
4366.65 17.8031
4366.70 17.8040
4366.75 17.8048
4366.80 17.8057
4366.85 17.8065
4366.90 17.8074
4366.95 17.8082
4367.00 17.8091
4367.05 17.8099
4367.10 17.8107
4367.15 17.8115
4367.20 17.8123
4367.25 17.8131
4367.30 17.8139
4367.35 17.8147
4367.40 17.8155
4367.45 17.8163
4367.50 17.8171
4367.55 17.8178
4367.60 17.8186
4367.65 17.8194
4367.70 17.8201
4367.75 17.8209
4367.80 17.8216
4367.85 17.8223
4367.90 17.8231
4367.95 17.8238
4368.00 17.8245
4368.05 17.8252
4368.10 17.8260
4368.15 17.8267
4368.20 17.8274
4368.25 17.8281
4368.30 17.8287
4368.35 17.8294
4368.40 17.8301
4368.45 17.8308
4368.50 17.8315
4368.55 17.8321
4368.60 17.8328
4368.65 17.8334
4368.70 17.8341
4368.75 17.8347
4368.80 17.8354
4368.85 17.8360
4368.90 17.8366
4368.95 17.8372
4369.00 17.8379
4369.05 17.8385
4369.10 17.8391
4369.15 17.8397
4369.20 17.8403
4369.25 17.8409
4369.30 17.8415
4369.35 17.8420
4369.40 17.8426
4369.45 17.8432
4369.50 17.8438
4369.55 17.8443
4369.60 17.8449
4369.65 17.8454
4369.70 17.8460
4369.75 17.8465
4369.80 17.8471
4369.85 17.8476
4369.90 17.8481
4369.95 17.8486
4370.00 17.8492
4370.05 17.8497
4370.10 17.8502
4370.15 17.8507
4370.20 17.8512
4370.25 17.8517
4370.30 17.8522
4370.35 17.8526
4370.40 17.8531
4370.45 17.8536
4370.50 17.8541
4370.55 17.8545
4370.60 17.8550
4370.65 17.8554
4370.70 17.8559
4370.75 17.8563
4370.80 17.8568
4370.85 17.8572
4370.90 17.8577
4370.95 17.8581
4371.00 17.8585
4371.05 17.8589
4371.10 17.8593
4371.15 17.8597
4371.20 17.8601
4371.25 17.8605
4371.30 17.8609
4371.35 17.8613
4371.40 17.8617
4371.45 17.8621
4371.50 17.8625
4371.55 17.8628
4371.60 17.8632
4371.65 17.8636
4371.70 17.8639
4371.75 17.8643
4371.80 17.8646
4371.85 17.8650
4371.90 17.8653
4371.95 17.8657
4372.00 17.8660
4372.05 17.8663
4372.10 17.8666
4372.15 17.8670
4372.20 17.8673
4372.25 17.8676
4372.30 17.8679
4372.35 17.8682
4372.40 17.8685
4372.45 17.8688
4372.50 17.8691
4372.55 17.8693
4372.60 17.8696
4372.65 17.8699
4372.70 17.8702
4372.75 17.8704
4372.80 17.8707
4372.85 17.8710
4372.90 17.8712
4372.95 17.8715
4373.00 17.8717
4373.05 17.8720
4373.10 17.8722
4373.15 17.8724
4373.20 17.8726
4373.25 17.8729
4373.30 17.8731
4373.35 17.8733
4373.40 17.8735
4373.45 17.8737
4373.50 17.8739
4373.55 17.8741
4373.60 17.8743
4373.65 17.8745
4373.70 17.8747
4373.75 17.8749
4373.80 17.8751
4373.85 17.8752
4373.90 17.8754
4373.95 17.8756
4374.00 17.8757
4374.05 17.8759
4374.10 17.8761
4374.15 17.8762
4374.20 17.8764
4374.25 17.8765
4374.30 17.8766
4374.35 17.8768
4374.40 17.8769
4374.45 17.8770
4374.50 17.8772
4374.55 17.8773
4374.60 17.8774
4374.65 17.8775
4374.70 17.8776
4374.75 17.8777
4374.80 17.8778
4374.85 17.8779
4374.90 17.8780
4374.95 17.8781
4375.00 17.8782
4375.05 17.8783
4375.10 17.8783
4375.15 17.8784
4375.20 17.8785
4375.25 17.8785
4375.30 17.8786
4375.35 17.8787
4375.40 17.8787
4375.45 17.8788
4375.50 17.8788
4375.55 17.8789
4375.60 17.8789
4375.65 17.8789
4375.70 17.8790
4375.75 17.8790
4375.80 17.8790
4375.85 17.8791
4375.90 17.8791
4375.95 17.8791
4376.00 17.8791
4376.05 17.8791
4376.10 17.8791
4376.15 17.8791
4376.20 17.8791
4376.25 17.8791
4376.30 17.8791
4376.35 17.8791
4376.40 17.8791
4376.45 17.8790
4376.50 17.8790
4376.55 17.8790
4376.60 17.8790
4376.65 17.8789
4376.70 17.8789
4376.75 17.8788
4376.80 17.8788
4376.85 17.8787
4376.90 17.8787
4376.95 17.8786
4377.00 17.8786
4377.05 17.8785
4377.10 17.8784
4377.15 17.8784
4377.20 17.8783
4377.25 17.8782
4377.30 17.8781
4377.35 17.8781
4377.40 17.8780
4377.45 17.8779
4377.50 17.8778
4377.55 17.8777
4377.60 17.8776
4377.65 17.8775
4377.70 17.8774
4377.75 17.8773
4377.80 17.8772
4377.85 17.8771
4377.90 17.8769
4377.95 17.8768
4378.00 17.8767
4378.05 17.8766
4378.10 17.8764
4378.15 17.8763
4378.20 17.8762
4378.25 17.8760
4378.30 17.8759
4378.35 17.8757
4378.40 17.8756
4378.45 17.8754
4378.50 17.8753
4378.55 17.8751
4378.60 17.8749
4378.65 17.8748
4378.70 17.8746
4378.75 17.8744
4378.80 17.8743
4378.85 17.8741
4378.90 17.8739
4378.95 17.8737
4379.00 17.8735
4379.05 17.8733
4379.10 17.8731
4379.15 17.8729
4379.20 17.8727
4379.25 17.8725
4379.30 17.8723
4379.35 17.8721
4379.40 17.8719
4379.45 17.8717
4379.50 17.8715
4379.55 17.8713
4379.60 17.8710
4379.65 17.8708
4379.70 17.8706
4379.75 17.8704
4379.80 17.8701
4379.85 17.8699
4379.90 17.8696
4379.95 17.8694
4380.00 17.8692
4380.05 17.8689
4380.10 17.8687
4380.15 17.8684
4380.20 17.8681
4380.25 17.8679
4380.30 17.8676
4380.35 17.8673
4380.40 17.8671
4380.45 17.8668
4380.50 17.8665
4380.55 17.8663
4380.60 17.8660
4380.65 17.8657
4380.70 17.8654
4380.75 17.8651
4380.80 17.8648
4380.85 17.8645
4380.90 17.8642
4380.95 17.8639
4381.00 17.8636
4381.05 17.8633
4381.10 17.8630
4381.15 17.8627
4381.20 17.8624
4381.25 17.8621
4381.30 17.8618
4381.35 17.8614
4381.40 17.8611
4381.45 17.8608
4381.50 17.8605
4381.55 17.8601
4381.60 17.8598
4381.65 17.8595
4381.70 17.8591
4381.75 17.8588
4381.80 17.8584
4381.85 17.8581
4381.90 17.8578
4381.95 17.8574
4382.00 17.8570
4382.05 17.8567
4382.10 17.8563
4382.15 17.8560
4382.20 17.8556
4382.25 17.8552
4382.30 17.8549
4382.35 17.8545
4382.40 17.8541
4382.45 17.8538
4382.50 17.8534
4382.55 17.8530
4382.60 17.8526
4382.65 17.8522
4382.70 17.8518
4382.75 17.8514
4382.80 17.8511
4382.85 17.8507
4382.90 17.8503
4382.95 17.8499
4383.00 17.8495
4383.05 17.8491
4383.10 17.8486
4383.15 17.8482
4383.20 17.8478
4383.25 17.8474
4383.30 17.8470
4383.35 17.8466
4383.40 17.8462
4383.45 17.8457
4383.50 17.8453
4383.55 17.8449
4383.60 17.8444
4383.65 17.8440
4383.70 17.8436
4383.75 17.8431
4383.80 17.8427
4383.85 17.8423
4383.90 17.8418
4383.95 17.8414
4384.00 17.8409
4384.05 17.8405
4384.10 17.8400
4384.15 17.8396
4384.20 17.8391
4384.25 17.8387
4384.30 17.8382
4384.35 17.8377
4384.40 17.8373
4384.45 17.8368
4384.50 17.8363
4384.55 17.8359
4384.60 17.8354
4384.65 17.8349
4384.70 17.8344
4384.75 17.8339
4384.80 17.8335
4384.85 17.8330
4384.90 17.8325
4384.95 17.8320
4385.00 17.8315
4385.05 17.8310
4385.10 17.8305
4385.15 17.8300
4385.20 17.8295
4385.25 17.8290
4385.30 17.8285
4385.35 17.8280
4385.40 17.8275
4385.45 17.8270
4385.50 17.8265
4385.55 17.8260
4385.60 17.8255
4385.65 17.8250
4385.70 17.8244
4385.75 17.8239
4385.80 17.8234
4385.85 17.8229
4385.90 17.8223
4385.95 17.8218
4386.00 17.8213
4386.05 17.8208
4386.10 17.8202
4386.15 17.8197
4386.20 17.8191
4386.25 17.8186
4386.30 17.8181
4386.35 17.8175
4386.40 17.8170
4386.45 17.8164
4386.50 17.8159
4386.55 17.8153
4386.60 17.8148
4386.65 17.8142
4386.70 17.8137
4386.75 17.8131
4386.80 17.8126
4386.85 17.8120
4386.90 17.8114
4386.95 17.8109
4387.00 17.8103
4387.05 17.8097
4387.10 17.8092
4387.15 17.8086
4387.20 17.8080
4387.25 17.8074
4387.30 17.8069
4387.35 17.8063
4387.40 17.8057
4387.45 17.8051
4387.50 17.8045
4387.55 17.8040
4387.60 17.8034
4387.65 17.8028
4387.70 17.8022
4387.75 17.8016
4387.80 17.8010
4387.85 17.8004
4387.90 17.7998
4387.95 17.7992
4388.00 17.7986
4388.05 17.7980
4388.10 17.7974
4388.15 17.7968
4388.20 17.7962
4388.25 17.7956
4388.30 17.7950
4388.35 17.7944
4388.40 17.7937
4388.45 17.7931
4388.50 17.7925
4388.55 17.7919
4388.60 17.7913
4388.65 17.7907
4388.70 17.7900
4388.75 17.7894
4388.80 17.7888
4388.85 17.7882
4388.90 17.7875
4388.95 17.7869
4389.00 17.7863
4389.05 17.7856
4389.10 17.7850
4389.15 17.7844
4389.20 17.7837
4389.25 17.7831
4389.30 17.7824
4389.35 17.7818
4389.40 17.7812
4389.45 17.7805
4389.50 17.7799
4389.55 17.7792
4389.60 17.7786
4389.65 17.7779
4389.70 17.7773
4389.75 17.7766
4389.80 17.7760
4389.85 17.7753
4389.90 17.7746
4389.95 17.7740
4390.00 17.7733
4390.05 17.7727
4390.10 17.7720
4390.15 17.7713
4390.20 17.7707
4390.25 17.7700
4390.30 17.7693
4390.35 17.7687
4390.40 17.7680
4390.45 17.7673
4390.50 17.7667
4390.55 17.7660
4390.60 17.7653
4390.65 17.7646
4390.70 17.7639
4390.75 17.7633
4390.80 17.7626
4390.85 17.7619
4390.90 17.7612
4390.95 17.7605
4391.00 17.7598
4391.05 17.7592
4391.10 17.7585
4391.15 17.7578
4391.20 17.7571
4391.25 17.7564
4391.30 17.7557
4391.35 17.7550
4391.40 17.7543
4391.45 17.7536
4391.50 17.7529
4391.55 17.7522
4391.60 17.7515
4391.65 17.7508
4391.70 17.7501
4391.75 17.7494
4391.80 17.7487
4391.85 17.7480
4391.90 17.7473
4391.95 17.7466
4392.00 17.7459
4392.05 17.7451
4392.10 17.7444
4392.15 17.7437
4392.20 17.7430
4392.25 17.7423
4392.30 17.7416
4392.35 17.7408
4392.40 17.7401
4392.45 17.7394
4392.50 17.7387
4392.55 17.7380
4392.60 17.7372
4392.65 17.7365
4392.70 17.7358
4392.75 17.7351
4392.80 17.7343
4392.85 17.7336
4392.90 17.7329
4392.95 17.7321
4393.00 17.7314
4393.05 17.7307
4393.10 17.7299
4393.15 17.7292
4393.20 17.7285
4393.25 17.7277
4393.30 17.7270
4393.35 17.7263
4393.40 17.7255
4393.45 17.7248
4393.50 17.7240
4393.55 17.7233
4393.60 17.7225
4393.65 17.7218
4393.70 17.7210
4393.75 17.7203
4393.80 17.7195
4393.85 17.7188
4393.90 17.7180
4393.95 17.7173
4394.00 17.7165
4394.05 17.7158
4394.10 17.7150
4394.15 17.7143
4394.20 17.7135
4394.25 17.7128
4394.30 17.7120
4394.35 17.7113
4394.40 17.7105
4394.45 17.7097
4394.50 17.7090
4394.55 17.7082
4394.60 17.7074
4394.65 17.7067
4394.70 17.7059
4394.75 17.7052
4394.80 17.7044
4394.85 17.7036
4394.90 17.7029
4394.95 17.7021
4395.00 17.7013
4395.05 17.7005
4395.10 17.6998
4395.15 17.6990
4395.20 17.6982
4395.25 17.6975
4395.30 17.6967
4395.35 17.6959
4395.40 17.6951
4395.45 17.6943
4395.50 17.6936
4395.55 17.6928
4395.60 17.6920
4395.65 17.6912
4395.70 17.6904
4395.75 17.6897
4395.80 17.6889
4395.85 17.6881
4395.90 17.6873
4395.95 17.6865
4396.00 17.6857
4396.05 17.6850
4396.10 17.6842
4396.15 17.6834
4396.20 17.6826
4396.25 17.6818
4396.30 17.6810
4396.35 17.6802
4396.40 17.6794
4396.45 17.6786
4396.50 17.6778
4396.55 17.6771
4396.60 17.6763
4396.65 17.6755
4396.70 17.6747
4396.75 17.6739
4396.80 17.6731
4396.85 17.6723
4396.90 17.6715
4396.95 17.6707
4397.00 17.6699
4397.05 17.6691
4397.10 17.6683
4397.15 17.6675
4397.20 17.6667
4397.25 17.6659
4397.30 17.6651
4397.35 17.6643
4397.40 17.6635
4397.45 17.6627
4397.50 17.6618
4397.55 17.6610
4397.60 17.6602
4397.65 17.6594
4397.70 17.6586
4397.75 17.6578
4397.80 17.6570
4397.85 17.6562
4397.90 17.6554
4397.95 17.6546
4398.00 17.6538
4398.05 17.6529
4398.10 17.6521
4398.15 17.6513
4398.20 17.6505
4398.25 17.6497
4398.30 17.6489
4398.35 17.6480
4398.40 17.6472
4398.45 17.6464
4398.50 17.6456
4398.55 17.6448
4398.60 17.6440
4398.65 17.6431
4398.70 17.6423
4398.75 17.6415
4398.80 17.6407
4398.85 17.6399
4398.90 17.6390
4398.95 17.6382
4399.00 17.6374
4399.05 17.6366
4399.10 17.6357
4399.15 17.6349
4399.20 17.6341
4399.25 17.6333
4399.30 17.6324
4399.35 17.6316
4399.40 17.6308
4399.45 17.6300
4399.50 17.6291
4399.55 17.6283
4399.60 17.6275
4399.65 17.6266
4399.70 17.6258
4399.75 17.6250
4399.80 17.6242
4399.85 17.6233
4399.90 17.6225
4399.95 17.6217
4400.00 17.6208
4400.05 17.6200
4400.10 17.6192
4400.15 17.6183
4400.20 17.6175
4400.25 17.6167
4400.30 17.6158
4400.35 17.6150
4400.40 17.6141
4400.45 17.6133
4400.50 17.6125
4400.55 17.6116
4400.60 17.6108
4400.65 17.6100
4400.70 17.6091
4400.75 17.6083
4400.80 17.6074
4400.85 17.6066
4400.90 17.6058
4400.95 17.6049
4401.00 17.6041
4401.05 17.6032
4401.10 17.6024
4401.15 17.6016
4401.20 17.6007
4401.25 17.5999
4401.30 17.5990
4401.35 17.5982
4401.40 17.5973
4401.45 17.5965
4401.50 17.5957
4401.55 17.5948
4401.60 17.5940
4401.65 17.5931
4401.70 17.5923
4401.75 17.5914
4401.80 17.5906
4401.85 17.5897
4401.90 17.5889
4401.95 17.5880
4402.00 17.5872
4402.05 17.5863
4402.10 17.5855
4402.15 17.5847
4402.20 17.5838
4402.25 17.5830
4402.30 17.5821
4402.35 17.5813
4402.40 17.5804
4402.45 17.5796
4402.50 17.5787
4402.55 17.5779
4402.60 17.5770
4402.65 17.5762
4402.70 17.5753
4402.75 17.5744
4402.80 17.5736
4402.85 17.5727
4402.90 17.5719
4402.95 17.5710
4403.00 17.5702
4403.05 17.5693
4403.10 17.5685
4403.15 17.5676
4403.20 17.5668
4403.25 17.5659
4403.30 17.5651
4403.35 17.5642
4403.40 17.5633
4403.45 17.5625
4403.50 17.5616
4403.55 17.5608
4403.60 17.5599
4403.65 17.5591
4403.70 17.5582
4403.75 17.5574
4403.80 17.5565
4403.85 17.5556
4403.90 17.5548
4403.95 17.5539
4404.00 17.5531
4404.05 17.5522
4404.10 17.5513
4404.15 17.5505
4404.20 17.5496
4404.25 17.5488
4404.30 17.5479
4404.35 17.5471
4404.40 17.5462
4404.45 17.5453
4404.50 17.5445
4404.55 17.5436
4404.60 17.5428
4404.65 17.5419
4404.70 17.5410
4404.75 17.5402
4404.80 17.5393
4404.85 17.5384
4404.90 17.5376
4404.95 17.5367
4405.00 17.5359
4405.05 17.5350
4405.10 17.5341
4405.15 17.5333
4405.20 17.5324
4405.25 17.5315
4405.30 17.5307
4405.35 17.5298
4405.40 17.5290
4405.45 17.5281
4405.50 17.5272
4405.55 17.5264
4405.60 17.5255
4405.65 17.5246
4405.70 17.5238
4405.75 17.5229
4405.80 17.5220
4405.85 17.5212
4405.90 17.5203
4405.95 17.5195
4406.00 17.5186
4406.05 17.5177
4406.10 17.5169
4406.15 17.5160
4406.20 17.5151
4406.25 17.5143
4406.30 17.5134
4406.35 17.5125
4406.40 17.5117
4406.45 17.5108
4406.50 17.5099
4406.55 17.5091
4406.60 17.5082
4406.65 17.5073
4406.70 17.5065
4406.75 17.5056
4406.80 17.5047
4406.85 17.5039
4406.90 17.5030
4406.95 17.5021
4407.00 17.5013
4407.05 17.5004
4407.10 17.4995
4407.15 17.4987
4407.20 17.4978
4407.25 17.4969
4407.30 17.4960
4407.35 17.4952
4407.40 17.4943
4407.45 17.4934
4407.50 17.4926
4407.55 17.4917
4407.60 17.4908
4407.65 17.4900
4407.70 17.4891
4407.75 17.4882
4407.80 17.4874
4407.85 17.4865
4407.90 17.4856
4407.95 17.4848
4408.00 17.4839
4408.05 17.4830
4408.10 17.4821
4408.15 17.4813
4408.20 17.4804
4408.25 17.4795
4408.30 17.4787
4408.35 17.4778
4408.40 17.4769
4408.45 17.4761
4408.50 17.4752
4408.55 17.4743
4408.60 17.4734
4408.65 17.4726
4408.70 17.4717
4408.75 17.4708
4408.80 17.4700
4408.85 17.4691
4408.90 17.4682
4408.95 17.4674
4409.00 17.4665
4409.05 17.4656
4409.10 17.4647
4409.15 17.4639
4409.20 17.4630
4409.25 17.4621
4409.30 17.4613
4409.35 17.4604
4409.40 17.4595
4409.45 17.4586
4409.50 17.4578
4409.55 17.4569
4409.60 17.4560
4409.65 17.4552
4409.70 17.4543
4409.75 17.4534
4409.80 17.4525
4409.85 17.4517
4409.90 17.4508
4409.95 17.4499
4410.00 17.4491
4410.05 17.4482
4410.10 17.4473
4410.15 17.4464
4410.20 17.4456
4410.25 17.4447
4410.30 17.4438
4410.35 17.4430
4410.40 17.4421
4410.45 17.4412
4410.50 17.4403
4410.55 17.4395
4410.60 17.4386
4410.65 17.4377
4410.70 17.4368
4410.75 17.4360
4410.80 17.4351
4410.85 17.4342
4410.90 17.4334
4410.95 17.4325
4411.00 17.4316
4411.05 17.4307
4411.10 17.4299
4411.15 17.4290
4411.20 17.4281
4411.25 17.4273
4411.30 17.4264
4411.35 17.4255
4411.40 17.4246
4411.45 17.4238
4411.50 17.4229
4411.55 17.4220
4411.60 17.4211
4411.65 17.4203
4411.70 17.4194
4411.75 17.4185
4411.80 17.4176
4411.85 17.4168
4411.90 17.4159
4411.95 17.4150
4412.00 17.4142
4412.05 17.4133
4412.10 17.4124
4412.15 17.4115
4412.20 17.4107
4412.25 17.4098
4412.30 17.4089
4412.35 17.4080
4412.40 17.4072
4412.45 17.4063
4412.50 17.4054
4412.55 17.4045
4412.60 17.4037
4412.65 17.4028
4412.70 17.4019
4412.75 17.4011
4412.80 17.4002
4412.85 17.3993
4412.90 17.3984
4412.95 17.3976
4413.00 17.3967
4413.05 17.3958
4413.10 17.3949
4413.15 17.3941
4413.20 17.3932
4413.25 17.3923
4413.30 17.3914
4413.35 17.3906
4413.40 17.3897
4413.45 17.3888
4413.50 17.3879
4413.55 17.3871
4413.60 17.3862
4413.65 17.3853
4413.70 17.3844
4413.75 17.3836
4413.80 17.3827
4413.85 17.3818
4413.90 17.3810
4413.95 17.3801
4414.00 17.3792
4414.05 17.3783
4414.10 17.3775
4414.15 17.3766
4414.20 17.3757
4414.25 17.3748
4414.30 17.3740
4414.35 17.3731
4414.40 17.3722
4414.45 17.3713
4414.50 17.3705
4414.55 17.3696
4414.60 17.3687
4414.65 17.3678
4414.70 17.3670
4414.75 17.3661
4414.80 17.3652
4414.85 17.3643
4414.90 17.3635
4414.95 17.3626
4415.00 17.3617
4415.05 17.3608
4415.10 17.3600
4415.15 17.3591
4415.20 17.3582
4415.25 17.3573
4415.30 17.3564
4415.35 17.3556
4415.40 17.3547
4415.45 17.3538
4415.50 17.3529
4415.55 17.3521
4415.60 17.3512
4415.65 17.3503
4415.70 17.3494
4415.75 17.3486
4415.80 17.3477
4415.85 17.3468
4415.90 17.3459
4415.95 17.3451
4416.00 17.3442
4416.05 17.3433
4416.10 17.3424
4416.15 17.3416
4416.20 17.3407
4416.25 17.3398
4416.30 17.3389
4416.35 17.3380
4416.40 17.3372
4416.45 17.3363
4416.50 17.3354
4416.55 17.3345
4416.60 17.3337
4416.65 17.3328
4416.70 17.3319
4416.75 17.3310
4416.80 17.3301
4416.85 17.3293
4416.90 17.3284
4416.95 17.3275
4417.00 17.3266
4417.05 17.3258
4417.10 17.3249
4417.15 17.3240
4417.20 17.3231
4417.25 17.3222
4417.30 17.3214
4417.35 17.3205
4417.40 17.3196
4417.45 17.3187
4417.50 17.3178
4417.55 17.3170
4417.60 17.3161
4417.65 17.3152
4417.70 17.3143
4417.75 17.3135
4417.80 17.3126
4417.85 17.3117
4417.90 17.3108
4417.95 17.3099
4418.00 17.3091
4418.05 17.3082
4418.10 17.3073
4418.15 17.3064
4418.20 17.3055
4418.25 17.3046
4418.30 17.3038
4418.35 17.3029
4418.40 17.3020
4418.45 17.3011
4418.50 17.3002
4418.55 17.2994
4418.60 17.2985
4418.65 17.2976
4418.70 17.2967
4418.75 17.2958
4418.80 17.2949
4418.85 17.2941
4418.90 17.2932
4418.95 17.2923
4419.00 17.2914
4419.05 17.2905
4419.10 17.2897
4419.15 17.2888
4419.20 17.2879
4419.25 17.2870
4419.30 17.2861
4419.35 17.2852
4419.40 17.2843
4419.45 17.2835
4419.50 17.2826
4419.55 17.2817
4419.60 17.2808
4419.65 17.2799
4419.70 17.2790
4419.75 17.2782
4419.80 17.2773
4419.85 17.2764
4419.90 17.2755
4419.95 17.2746
4420.00 17.2737
4420.05 17.2728
4420.10 17.2719
4420.15 17.2711
4420.20 17.2702
4420.25 17.2693
4420.30 17.2684
4420.35 17.2675
4420.40 17.2666
4420.45 17.2657
4420.50 17.2648
4420.55 17.2640
4420.60 17.2631
4420.65 17.2622
4420.70 17.2613
4420.75 17.2604
4420.80 17.2595
4420.85 17.2586
4420.90 17.2577
4420.95 17.2568
4421.00 17.2559
4421.05 17.2551
4421.10 17.2542
4421.15 17.2533
4421.20 17.2524
4421.25 17.2515
4421.30 17.2506
4421.35 17.2497
4421.40 17.2488
4421.45 17.2479
4421.50 17.2470
4421.55 17.2461
4421.60 17.2452
4421.65 17.2443
4421.70 17.2434
4421.75 17.2426
4421.80 17.2417
4421.85 17.2408
4421.90 17.2399
4421.95 17.2390
4422.00 17.2381
4422.05 17.2372
4422.10 17.2363
4422.15 17.2354
4422.20 17.2345
4422.25 17.2336
4422.30 17.2327
4422.35 17.2318
4422.40 17.2309
4422.45 17.2300
4422.50 17.2291
4422.55 17.2282
4422.60 17.2273
4422.65 17.2264
4422.70 17.2255
4422.75 17.2246
4422.80 17.2237
4422.85 17.2228
4422.90 17.2219
4422.95 17.2210
4423.00 17.2201
4423.05 17.2192
4423.10 17.2183
4423.15 17.2174
4423.20 17.2165
4423.25 17.2156
4423.30 17.2147
4423.35 17.2138
4423.40 17.2129
4423.45 17.2120
4423.50 17.2110
4423.55 17.2101
4423.60 17.2092
4423.65 17.2083
4423.70 17.2074
4423.75 17.2065
4423.80 17.2056
4423.85 17.2047
4423.90 17.2038
4423.95 17.2029
4424.00 17.2020
4424.05 17.2011
4424.10 17.2001
4424.15 17.1992
4424.20 17.1983
4424.25 17.1974
4424.30 17.1965
4424.35 17.1956
4424.40 17.1947
4424.45 17.1938
4424.50 17.1928
4424.55 17.1919
4424.60 17.1910
4424.65 17.1901
4424.70 17.1892
4424.75 17.1883
4424.80 17.1873
4424.85 17.1864
4424.90 17.1855
4424.95 17.1846
4425.00 17.1837
4425.05 17.1828
4425.10 17.1818
4425.15 17.1809
4425.20 17.1800
4425.25 17.1791
4425.30 17.1782
4425.35 17.1772
4425.40 17.1763
4425.45 17.1754
4425.50 17.1745
4425.55 17.1735
4425.60 17.1726
4425.65 17.1717
4425.70 17.1708
4425.75 17.1698
4425.80 17.1689
4425.85 17.1680
4425.90 17.1671
4425.95 17.1661
4426.00 17.1652
4426.05 17.1643
4426.10 17.1633
4426.15 17.1624
4426.20 17.1615
4426.25 17.1605
4426.30 17.1596
4426.35 17.1587
4426.40 17.1577
4426.45 17.1568
4426.50 17.1559
4426.55 17.1549
4426.60 17.1540
4426.65 17.1531
4426.70 17.1521
4426.75 17.1512
4426.80 17.1503
4426.85 17.1493
4426.90 17.1484
4426.95 17.1474
4427.00 17.1465
4427.05 17.1456
4427.10 17.1446
4427.15 17.1437
4427.20 17.1427
4427.25 17.1418
4427.30 17.1408
4427.35 17.1399
4427.40 17.1390
4427.45 17.1380
4427.50 17.1371
4427.55 17.1361
4427.60 17.1352
4427.65 17.1342
4427.70 17.1333
4427.75 17.1323
4427.80 17.1314
4427.85 17.1304
4427.90 17.1295
4427.95 17.1285
4428.00 17.1276
4428.05 17.1266
4428.10 17.1256
4428.15 17.1247
4428.20 17.1237
4428.25 17.1228
4428.30 17.1218
4428.35 17.1209
4428.40 17.1199
4428.45 17.1189
4428.50 17.1180
4428.55 17.1170
4428.60 17.1161
4428.65 17.1151
4428.70 17.1141
4428.75 17.1132
4428.80 17.1122
4428.85 17.1112
4428.90 17.1103
4428.95 17.1093
4429.00 17.1083
4429.05 17.1074
4429.10 17.1064
4429.15 17.1054
4429.20 17.1044
4429.25 17.1035
4429.30 17.1025
4429.35 17.1015
4429.40 17.1006
4429.45 17.0996
4429.50 17.0986
4429.55 17.0976
4429.60 17.0966
4429.65 17.0957
4429.70 17.0947
4429.75 17.0937
4429.80 17.0927
4429.85 17.0917
4429.90 17.0908
4429.95 17.0898
4430.00 17.0888
4430.05 17.0878
4430.10 17.0868
4430.15 17.0858
4430.20 17.0848
4430.25 17.0838
4430.30 17.0829
4430.35 17.0819
4430.40 17.0809
4430.45 17.0799
4430.50 17.0789
4430.55 17.0779
4430.60 17.0769
4430.65 17.0759
4430.70 17.0749
4430.75 17.0739
4430.80 17.0729
4430.85 17.0719
4430.90 17.0709
4430.95 17.0699
4431.00 17.0689
4431.05 17.0679
4431.10 17.0669
4431.15 17.0659
4431.20 17.0649
4431.25 17.0638
4431.30 17.0628
4431.35 17.0618
4431.40 17.0608
4431.45 17.0598
4431.50 17.0588
4431.55 17.0578
4431.60 17.0568
4431.65 17.0557
4431.70 17.0547
4431.75 17.0537
4431.80 17.0527
4431.85 17.0517
4431.90 17.0506
4431.95 17.0496
4432.00 17.0486
4432.05 17.0476
4432.10 17.0465
4432.15 17.0455
4432.20 17.0445
4432.25 17.0434
4432.30 17.0424
4432.35 17.0414
4432.40 17.0403
4432.45 17.0393
4432.50 17.0383
4432.55 17.0372
4432.60 17.0362
4432.65 17.0352
4432.70 17.0341
4432.75 17.0331
4432.80 17.0320
4432.85 17.0310
4432.90 17.0299
4432.95 17.0289
4433.00 17.0278
4433.05 17.0268
4433.10 17.0257
4433.15 17.0247
4433.20 17.0236
4433.25 17.0226
4433.30 17.0215
4433.35 17.0205
4433.40 17.0194
4433.45 17.0184
4433.50 17.0173
4433.55 17.0162
4433.60 17.0152
4433.65 17.0141
4433.70 17.0131
4433.75 17.0120
4433.80 17.0109
4433.85 17.0098
4433.90 17.0088
4433.95 17.0077
4434.00 17.0066
4434.05 17.0056
4434.10 17.0045
4434.15 17.0034
4434.20 17.0023
4434.25 17.0012
4434.30 17.0002
4434.35 16.9991
4434.40 16.9980
4434.45 16.9969
4434.50 16.9958
4434.55 16.9947
4434.60 16.9937
4434.65 16.9926
4434.70 16.9915
4434.75 16.9904
4434.80 16.9893
4434.85 16.9882
4434.90 16.9871
4434.95 16.9860
4435.00 16.9849
4435.05 16.9838
4435.10 16.9827
4435.15 16.9816
4435.20 16.9805
4435.25 16.9794
4435.30 16.9783
4435.35 16.9771
4435.40 16.9760
4435.45 16.9749
4435.50 16.9738
4435.55 16.9727
4435.60 16.9716
4435.65 16.9705
4435.70 16.9693
4435.75 16.9682
4435.80 16.9671
4435.85 16.9660
4435.90 16.9648
4435.95 16.9637
4436.00 16.9626
4436.05 16.9614
4436.10 16.9603
4436.15 16.9592
4436.20 16.9580
4436.25 16.9569
4436.30 16.9558
4436.35 16.9546
4436.40 16.9535
4436.45 16.9523
4436.50 16.9512
4436.55 16.9500
4436.60 16.9489
4436.65 16.9477
4436.70 16.9466
4436.75 16.9454
4436.80 16.9443
4436.85 16.9431
4436.90 16.9419
4436.95 16.9408
4437.00 16.9396
4437.05 16.9385
4437.10 16.9373
4437.15 16.9361
4437.20 16.9350
4437.25 16.9338
4437.30 16.9326
4437.35 16.9314
4437.40 16.9303
4437.45 16.9291
4437.50 16.9279
4437.55 16.9267
4437.60 16.9255
4437.65 16.9243
4437.70 16.9232
4437.75 16.9220
4437.80 16.9208
4437.85 16.9196
4437.90 16.9184
4437.95 16.9172
4438.00 16.9160
4438.05 16.9148
4438.10 16.9136
4438.15 16.9124
4438.20 16.9112
4438.25 16.9100
4438.30 16.9088
4438.35 16.9076
4438.40 16.9063
4438.45 16.9051
4438.50 16.9039
4438.55 16.9027
4438.60 16.9015
4438.65 16.9003
4438.70 16.8990
4438.75 16.8978
4438.80 16.8966
4438.85 16.8953
4438.90 16.8941
4438.95 16.8929
4439.00 16.8916
4439.05 16.8904
4439.10 16.8892
4439.15 16.8879
4439.20 16.8867
4439.25 16.8854
4439.30 16.8842
4439.35 16.8829
4439.40 16.8817
4439.45 16.8804
4439.50 16.8792
4439.55 16.8779
4439.60 16.8767
4439.65 16.8754
4439.70 16.8741
4439.75 16.8729
4439.80 16.8716
4439.85 16.8703
4439.90 16.8690
4439.95 16.8678
4440.00 16.8665
4440.05 16.8652
4440.10 16.8639
4440.15 16.8626
4440.20 16.8614
4440.25 16.8601
4440.30 16.8588
4440.35 16.8575
4440.40 16.8562
4440.45 16.8549
4440.50 16.8536
4440.55 16.8523
4440.60 16.8510
4440.65 16.8497
4440.70 16.8484
4440.75 16.8471
4440.80 16.8458
4440.85 16.8444
4440.90 16.8431
4440.95 16.8418
4441.00 16.8405
4441.05 16.8392
4441.10 16.8378
4441.15 16.8365
4441.20 16.8352
4441.25 16.8339
4441.30 16.8325
4441.35 16.8312
4441.40 16.8298
4441.45 16.8285
4441.50 16.8272
4441.55 16.8258
4441.60 16.8245
4441.65 16.8231
4441.70 16.8218
4441.75 16.8204
4441.80 16.8190
4441.85 16.8177
4441.90 16.8163
4441.95 16.8149
4442.00 16.8136
4442.05 16.8122
4442.10 16.8108
4442.15 16.8095
4442.20 16.8081
4442.25 16.8067
4442.30 16.8053
4442.35 16.8039
4442.40 16.8025
4442.45 16.8012
4442.50 16.7998
4442.55 16.7984
4442.60 16.7970
4442.65 16.7956
4442.70 16.7942
4442.75 16.7928
4442.80 16.7914
4442.85 16.7899
4442.90 16.7885
4442.95 16.7871
4443.00 16.7857
4443.05 16.7843
4443.10 16.7828
4443.15 16.7814
4443.20 16.7800
4443.25 16.7786
4443.30 16.7771
4443.35 16.7757
4443.40 16.7742
4443.45 16.7728
4443.50 16.7714
4443.55 16.7699
4443.60 16.7685
4443.65 16.7670
4443.70 16.7656
4443.75 16.7641
4443.80 16.7626
4443.85 16.7612
4443.90 16.7597
4443.95 16.7582
4444.00 16.7568
4444.05 16.7553
4444.10 16.7538
4444.15 16.7523
4444.20 16.7508
4444.25 16.7494
4444.30 16.7479
4444.35 16.7464
4444.40 16.7449
4444.45 16.7434
4444.50 16.7419
4444.55 16.7404
4444.60 16.7389
4444.65 16.7374
4444.70 16.7359
4444.75 16.7343
4444.80 16.7328
4444.85 16.7313
4444.90 16.7298
4444.95 16.7283
4445.00 16.7267
4445.05 16.7252
4445.10 16.7237
4445.15 16.7221
4445.20 16.7206
4445.25 16.7190
4445.30 16.7175
4445.35 16.7159
4445.40 16.7144
4445.45 16.7128
4445.50 16.7113
4445.55 16.7097
4445.60 16.7081
4445.65 16.7066
4445.70 16.7050
4445.75 16.7034
4445.80 16.7018
4445.85 16.7003
4445.90 16.6987
4445.95 16.6971
4446.00 16.6955
4446.05 16.6939
4446.10 16.6923
4446.15 16.6907
4446.20 16.6891
4446.25 16.6875
4446.30 16.6859
4446.35 16.6843
4446.40 16.6827
4446.45 16.6811
4446.50 16.6794
4446.55 16.6778
4446.60 16.6762
4446.65 16.6746
4446.70 16.6729
4446.75 16.6713
4446.80 16.6696
4446.85 16.6680
4446.90 16.6663
4446.95 16.6647
4447.00 16.6630
4447.05 16.6614
4447.10 16.6597
4447.15 16.6581
4447.20 16.6564
4447.25 16.6547
4447.30 16.6530
4447.35 16.6514
4447.40 16.6497
4447.45 16.6480
4447.50 16.6463
4447.55 16.6446
4447.60 16.6429
4447.65 16.6412
4447.70 16.6395
4447.75 16.6378
4447.80 16.6361
4447.85 16.6344
4447.90 16.6327
4447.95 16.6310
4448.00 16.6292
4448.05 16.6275
4448.10 16.6258
4448.15 16.6241
4448.20 16.6223
4448.25 16.6206
4448.30 16.6188
4448.35 16.6171
4448.40 16.6153
4448.45 16.6136
4448.50 16.6118
4448.55 16.6101
4448.60 16.6083
4448.65 16.6065
4448.70 16.6048
4448.75 16.6030
4448.80 16.6012
4448.85 16.5994
4448.90 16.5976
4448.95 16.5958
4449.00 16.5940
4449.05 16.5922
4449.10 16.5904
4449.15 16.5886
4449.20 16.5868
4449.25 16.5850
4449.30 16.5832
4449.35 16.5814
4449.40 16.5796
4449.45 16.5777
4449.50 16.5759
4449.55 16.5741
4449.60 16.5722
4449.65 16.5704
4449.70 16.5685
4449.75 16.5667
4449.80 16.5648
4449.85 16.5630
4449.90 16.5611
4449.95 16.5592
4450.00 16.5574
4450.05 16.5555
4450.10 16.5536
4450.15 16.5517
4450.20 16.5498
4450.25 16.5480
4450.30 16.5461
4450.35 16.5442
4450.40 16.5423
4450.45 16.5404
4450.50 16.5384
4450.55 16.5365
4450.60 16.5346
4450.65 16.5327
4450.70 16.5308
4450.75 16.5288
4450.80 16.5269
4450.85 16.5250
4450.90 16.5230
4450.95 16.5211
4451.00 16.5191
4451.05 16.5172
4451.10 16.5152
4451.15 16.5133
4451.20 16.5113
4451.25 16.5093
4451.30 16.5073
4451.35 16.5054
4451.40 16.5034
4451.45 16.5014
4451.50 16.4994
4451.55 16.4974
4451.60 16.4954
4451.65 16.4934
4451.70 16.4914
4451.75 16.4894
4451.80 16.4874
4451.85 16.4853
4451.90 16.4833
4451.95 16.4813
4452.00 16.4792
4452.05 16.4772
4452.10 16.4752
4452.15 16.4731
4452.20 16.4711
4452.25 16.4690
4452.30 16.4669
4452.35 16.4649
4452.40 16.4628
4452.45 16.4607
4452.50 16.4587
4452.55 16.4566
4452.60 16.4545
4452.65 16.4524
4452.70 16.4503
4452.75 16.4482
4452.80 16.4461
4452.85 16.4440
4452.90 16.4419
4452.95 16.4397
4453.00 16.4376
4453.05 16.4355
4453.10 16.4334
4453.15 16.4312
4453.20 16.4291
4453.25 16.4269
4453.30 16.4248
4453.35 16.4226
4453.40 16.4205
4453.45 16.4183
4453.50 16.4161
4453.55 16.4140
4453.60 16.4118
4453.65 16.4096
4453.70 16.4074
4453.75 16.4052
4453.80 16.4030
4453.85 16.4008
4453.90 16.3986
4453.95 16.3964
4454.00 16.3942
4454.05 16.3920
4454.10 16.3897
4454.15 16.3875
4454.20 16.3853
4454.25 16.3830
4454.30 16.3808
4454.35 16.3785
4454.40 16.3763
4454.45 16.3740
4454.50 16.3718
4454.55 16.3695
4454.60 16.3672
4454.65 16.3649
4454.70 16.3627
4454.75 16.3604
4454.80 16.3581
4454.85 16.3558
4454.90 16.3535
4454.95 16.3512
4455.00 16.3488
4455.05 16.3465
4455.10 16.3442
4455.15 16.3419
4455.20 16.3395
4455.25 16.3372
4455.30 16.3349
4455.35 16.3325
4455.40 16.3302
4455.45 16.3278
