4832.50 10.6479
4832.55 10.6479
4832.60 10.6479
4832.65 10.6479
4832.70 10.6479
4832.75 10.6479
4832.80 10.6479
4832.85 10.6479
4832.90 10.6479
4832.95 10.6479
4833.00 10.6480
4833.05 10.6480
4833.10 10.6480
4833.15 10.6480
4833.20 10.6480
4833.25 10.6481
4833.30 10.6481
4833.35 10.6481
4833.40 10.6481
4833.45 10.6482
4833.50 10.6482
4833.55 10.6482
4833.60 10.6482
4833.65 10.6483
4833.70 10.6483
4833.75 10.6483
4833.80 10.6484
4833.85 10.6484
4833.90 10.6485
4833.95 10.6485
4834.00 10.6485
4834.05 10.6486
4834.10 10.6486
4834.15 10.6487
4834.20 10.6487
4834.25 10.6488
4834.30 10.6488
4834.35 10.6489
4834.40 10.6489
4834.45 10.6490
4834.50 10.6490
4834.55 10.6491
4834.60 10.6491
4834.65 10.6492
4834.70 10.6492
4834.75 10.6493
4834.80 10.6494
4834.85 10.6494
4834.90 10.6495
4834.95 10.6496
4835.00 10.6496
4835.05 10.6497
4835.10 10.6498
4835.15 10.6498
4835.20 10.6499
4835.25 10.6500
4835.30 10.6501
4835.35 10.6501
4835.40 10.6502
4835.45 10.6503
4835.50 10.6504
4835.55 10.6504
4835.60 10.6505
4835.65 10.6506
4835.70 10.6507
4835.75 10.6508
4835.80 10.6509
4835.85 10.6509
4835.90 10.6510
4835.95 10.6511
4836.00 10.6512
4836.05 10.6513
4836.10 10.6514
4836.15 10.6515
4836.20 10.6516
4836.25 10.6517
4836.30 10.6518
4836.35 10.6518
4836.40 10.6519
4836.45 10.6520
4836.50 10.6521
4836.55 10.6522
4836.60 10.6523
4836.65 10.6524
4836.70 10.6525
4836.75 10.6526
4836.80 10.6527
4836.85 10.6528
4836.90 10.6530
4836.95 10.6531
4837.00 10.6532
4837.05 10.6533
4837.10 10.6534
4837.15 10.6535
4837.20 10.6536
4837.25 10.6537
4837.30 10.6538
4837.35 10.6539
4837.40 10.6540
4837.45 10.6541
4837.50 10.6543
4837.55 10.6544
4837.60 10.6545
4837.65 10.6546
4837.70 10.6547
4837.75 10.6548
4837.80 10.6549
4837.85 10.6551
4837.90 10.6552
4837.95 10.6553
4838.00 10.6554
4838.05 10.6555
4838.10 10.6557
4838.15 10.6558
4838.20 10.6559
4838.25 10.6560
4838.30 10.6561
4838.35 10.6562
4838.40 10.6564
4838.45 10.6565
4838.50 10.6566
4838.55 10.6567
4838.60 10.6569
4838.65 10.6570
4838.70 10.6571
4838.75 10.6572
4838.80 10.6573
4838.85 10.6575
4838.90 10.6576
4838.95 10.6577
4839.00 10.6578
4839.05 10.6580
4839.10 10.6581
4839.15 10.6582
4839.20 10.6583
4839.25 10.6584
4839.30 10.6586
4839.35 10.6587
4839.40 10.6588
4839.45 10.6589
4839.50 10.6591
4839.55 10.6592
4839.60 10.6593
4839.65 10.6594
4839.70 10.6595
4839.75 10.6597
4839.80 10.6598
4839.85 10.6599
4839.90 10.6600
4839.95 10.6602
4840.00 10.6603
4840.05 10.6604
4840.10 10.6605
4840.15 10.6606
4840.20 10.6608
4840.25 10.6609
4840.30 10.6610
4840.35 10.6611
4840.40 10.6612
4840.45 10.6613
4840.50 10.6615
4840.55 10.6616
4840.60 10.6617
4840.65 10.6618
4840.70 10.6619
4840.75 10.6620
4840.80 10.6621
4840.85 10.6623
4840.90 10.6624
4840.95 10.6625
4841.00 10.6626
4841.05 10.6627
4841.10 10.6628
4841.15 10.6629
4841.20 10.6630
4841.25 10.6631
4841.30 10.6632
4841.35 10.6633
4841.40 10.6634
4841.45 10.6635
4841.50 10.6636
4841.55 10.6637
4841.60 10.6638
4841.65 10.6639
4841.70 10.6640
4841.75 10.6641
4841.80 10.6642
4841.85 10.6643
4841.90 10.6644
4841.95 10.6645
4842.00 10.6646
4842.05 10.6647
4842.10 10.6648
4842.15 10.6648
4842.20 10.6649
4842.25 10.6650
4842.30 10.6651
4842.35 10.6652
4842.40 10.6652
4842.45 10.6653
4842.50 10.6654
4842.55 10.6655
4842.60 10.6655
4842.65 10.6656
4842.70 10.6657
4842.75 10.6658
4842.80 10.6658
4842.85 10.6659
4842.90 10.6659
4842.95 10.6660
4843.00 10.6661
4843.05 10.6661
4843.10 10.6662
4843.15 10.6662
4843.20 10.6663
4843.25 10.6663
4843.30 10.6664
4843.35 10.6664
4843.40 10.6665
4843.45 10.6665
4843.50 10.6666
4843.55 10.6666
4843.60 10.6666
4843.65 10.6667
4843.70 10.6667
4843.75 10.6667
4843.80 10.6668
4843.85 10.6668
4843.90 10.6668
4843.95 10.6668
4844.00 10.6669
4844.05 10.6669
4844.10 10.6669
4844.15 10.6669
4844.20 10.6669
4844.25 10.6669
4844.30 10.6669
4844.35 10.6669
4844.40 10.6669
4844.45 10.6669
4844.50 10.6669
4844.55 10.6669
4844.60 10.6669
4844.65 10.6669
4844.70 10.6669
4844.75 10.6669
4844.80 10.6668
4844.85 10.6668
4844.90 10.6668
4844.95 10.6668
4845.00 10.6667
4845.05 10.6667
4845.10 10.6667
4845.15 10.6666
4845.20 10.6666
4845.25 10.6665
4845.30 10.6665
4845.35 10.6664
4845.40 10.6664
4845.45 10.6663
4845.50 10.6662
4845.55 10.6662
4845.60 10.6661
4845.65 10.6660
4845.70 10.6660
4845.75 10.6659
4845.80 10.6658
4845.85 10.6657
4845.90 10.6656
4845.95 10.6655
4846.00 10.6655
4846.05 10.6654
4846.10 10.6653
4846.15 10.6651
4846.20 10.6650
4846.25 10.6649
4846.30 10.6648
4846.35 10.6647
4846.40 10.6646
4846.45 10.6645
4846.50 10.6643
4846.55 10.6642
4846.60 10.6641
4846.65 10.6639
4846.70 10.6638
4846.75 10.6636
4846.80 10.6635
4846.85 10.6633
4846.90 10.6632
4846.95 10.6630
4847.00 10.6628
4847.05 10.6627
4847.10 10.6625
4847.15 10.6623
4847.20 10.6621
4847.25 10.6619
4847.30 10.6617
4847.35 10.6615
4847.40 10.6613
4847.45 10.6611
4847.50 10.6609
4847.55 10.6607
4847.60 10.6605
4847.65 10.6603
4847.70 10.6601
4847.75 10.6598
4847.80 10.6596
4847.85 10.6594
4847.90 10.6591
4847.95 10.6589
4848.00 10.6586
4848.05 10.6584
4848.10 10.6581
4848.15 10.6579
4848.20 10.6576
4848.25 10.6573
4848.30 10.6570
4848.35 10.6568
4848.40 10.6565
4848.45 10.6562
4848.50 10.6559
4848.55 10.6556
4848.60 10.6553
4848.65 10.6550
4848.70 10.6546
4848.75 10.6543
4848.80 10.6540
4848.85 10.6537
4848.90 10.6533
4848.95 10.6530
4849.00 10.6527
4849.05 10.6523
4849.10 10.6520
4849.15 10.6516
4849.20 10.6512
4849.25 10.6509
4849.30 10.6505
4849.35 10.6501
4849.40 10.6497
4849.45 10.6494
4849.50 10.6490
4849.55 10.6486
4849.60 10.6482
4849.65 10.6477
4849.70 10.6473
4849.75 10.6469
4849.80 10.6465
4849.85 10.6461
4849.90 10.6456
4849.95 10.6452
4850.00 10.6448
4850.05 10.6443
4850.10 10.6438
4850.15 10.6434
4850.20 10.6429
4850.25 10.6425
4850.30 10.6420
4850.35 10.6415
4850.40 10.6410
4850.45 10.6405
4850.50 10.6400
4850.55 10.6395
4850.60 10.6390
4850.65 10.6385
4850.70 10.6380
4850.75 10.6375
4850.80 10.6369
4850.85 10.6364
4850.90 10.6359
4850.95 10.6353
4851.00 10.6348
4851.05 10.6342
4851.10 10.6336
4851.15 10.6331
4851.20 10.6325
4851.25 10.6319
4851.30 10.6313
4851.35 10.6308
4851.40 10.6302
4851.45 10.6296
4851.50 10.6290
4851.55 10.6283
4851.60 10.6277
4851.65 10.6271
4851.70 10.6265
4851.75 10.6258
4851.80 10.6252
4851.85 10.6246
4851.90 10.6239
4851.95 10.6233
4852.00 10.6226
4852.05 10.6219
4852.10 10.6213
4852.15 10.6206
4852.20 10.6199
4852.25 10.6192
4852.30 10.6185
4852.35 10.6178
4852.40 10.6171
4852.45 10.6164
4852.50 10.6157
4852.55 10.6150
4852.60 10.6142
4852.65 10.6135
4852.70 10.6128
4852.75 10.6120
4852.80 10.6113
4852.85 10.6105
4852.90 10.6098
4852.95 10.6090
4853.00 10.6082
4853.05 10.6075
4853.10 10.6067
4853.15 10.6059
4853.20 10.6051
4853.25 10.6043
4853.30 10.6035
4853.35 10.6027
4853.40 10.6019
4853.45 10.6011
4853.50 10.6002
4853.55 10.5994
4853.60 10.5986
4853.65 10.5977
4853.70 10.5969
4853.75 10.5960
4853.80 10.5952
4853.85 10.5943
4853.90 10.5935
4853.95 10.5926
4854.00 10.5917
4854.05 10.5908
4854.10 10.5899
4854.15 10.5891
4854.20 10.5882
4854.25 10.5873
4854.30 10.5863
4854.35 10.5854
4854.40 10.5845
4854.45 10.5836
4854.50 10.5827
4854.55 10.5817
4854.60 10.5808
4854.65 10.5799
4854.70 10.5789
4854.75 10.5780
4854.80 10.5770
4854.85 10.5761
4854.90 10.5751
4854.95 10.5741
4855.00 10.5732
4855.05 10.5722
4855.10 10.5712
4855.15 10.5702
4855.20 10.5692
4855.25 10.5682
4855.30 10.5672
4855.35 10.5662
4855.40 10.5652
4855.45 10.5642
4855.50 10.5632
4855.55 10.5621
4855.60 10.5611
4855.65 10.5601
4855.70 10.5590
4855.75 10.5580
4855.80 10.5570
4855.85 10.5559
4855.90 10.5549
4855.95 10.5538
4856.00 10.5527
4856.05 10.5517
4856.10 10.5506
4856.15 10.5495
4856.20 10.5485
4856.25 10.5474
4856.30 10.5463
4856.35 10.5452
4856.40 10.5441
4856.45 10.5430
4856.50 10.5419
4856.55 10.5408
4856.60 10.5397
4856.65 10.5386
4856.70 10.5375
4856.75 10.5364
4856.80 10.5353
4856.85 10.5342
4856.90 10.5330
4856.95 10.5319
4857.00 10.5308
4857.05 10.5296
4857.10 10.5285
4857.15 10.5274
4857.20 10.5262
4857.25 10.5251
4857.30 10.5239
4857.35 10.5228
4857.40 10.5216
4857.45 10.5204
4857.50 10.5193
4857.55 10.5181
4857.60 10.5170
4857.65 10.5158
4857.70 10.5146
4857.75 10.5134
4857.80 10.5123
4857.85 10.5111
4857.90 10.5099
4857.95 10.5087
4858.00 10.5075
4858.05 10.5064
4858.10 10.5052
4858.15 10.5040
4858.20 10.5028
4858.25 10.5016
4858.30 10.5004
4858.35 10.4992
4858.40 10.4980
4858.45 10.4968
4858.50 10.4956
4858.55 10.4944
4858.60 10.4932
4858.65 10.4920
4858.70 10.4908
4858.75 10.4896
4858.80 10.4883
4858.85 10.4871
4858.90 10.4859
4858.95 10.4847
4859.00 10.4835
4859.05 10.4823
4859.10 10.4810
4859.15 10.4798
4859.20 10.4786
4859.25 10.4774
4859.30 10.4762
4859.35 10.4749
4859.40 10.4737
4859.45 10.4725
4859.50 10.4713
4859.55 10.4700
4859.60 10.4688
4859.65 10.4676
4859.70 10.4664
4859.75 10.4651
4859.80 10.4639
4859.85 10.4627
4859.90 10.4614
4859.95 10.4602
4860.00 10.4590
4860.05 10.4578
4860.10 10.4565
4860.15 10.4553
4860.20 10.4541
4860.25 10.4528
4860.30 10.4516
4860.35 10.4504
4860.40 10.4492
4860.45 10.4479
4860.50 10.4467
4860.55 10.4455
4860.60 10.4443
4860.65 10.4430
4860.70 10.4418
4860.75 10.4406
4860.80 10.4394
4860.85 10.4382
4860.90 10.4369
4860.95 10.4357
4861.00 10.4345
4861.05 10.4333
4861.10 10.4321
4861.15 10.4309
4861.20 10.4296
4861.25 10.4284
4861.30 10.4272
4861.35 10.4260
4861.40 10.4248
4861.45 10.4236
4861.50 10.4224
4861.55 10.4212
4861.60 10.4200
4861.65 10.4188
4861.70 10.4176
4861.75 10.4164
4861.80 10.4152
4861.85 10.4140
4861.90 10.4128
4861.95 10.4116
4862.00 10.4104
4862.05 10.4092
4862.10 10.4081
4862.15 10.4069
4862.20 10.4057
4862.25 10.4045
4862.30 10.4034
4862.35 10.4022
4862.40 10.4010
4862.45 10.3998
4862.50 10.3987
4862.55 10.3975
4862.60 10.3964
4862.65 10.3952
4862.70 10.3941
4862.75 10.3929
4862.80 10.3917
4862.85 10.3906
4862.90 10.3895
4862.95 10.3883
4863.00 10.3872
4863.05 10.3860
4863.10 10.3849
4863.15 10.3838
4863.20 10.3827
4863.25 10.3815
4863.30 10.3804
4863.35 10.3793
4863.40 10.3782
4863.45 10.3771
4863.50 10.3760
4863.55 10.3749
4863.60 10.3738
4863.65 10.3727
4863.70 10.3716
4863.75 10.3705
4863.80 10.3694
4863.85 10.3683
4863.90 10.3672
4863.95 10.3661
4864.00 10.3651
4864.05 10.3640
4864.10 10.3629
4864.15 10.3619
4864.20 10.3608
4864.25 10.3598
4864.30 10.3587
4864.35 10.3576
4864.40 10.3566
4864.45 10.3556
4864.50 10.3545
4864.55 10.3535
4864.60 10.3525
4864.65 10.3514
4864.70 10.3504
4864.75 10.3494
4864.80 10.3484
4864.85 10.3474
4864.90 10.3464
4864.95 10.3454
4865.00 10.3444
4865.05 10.3434
4865.10 10.3424
4865.15 10.3414
4865.20 10.3404
4865.25 10.3394
4865.30 10.3384
4865.35 10.3375
4865.40 10.3365
4865.45 10.3355
4865.50 10.3346
4865.55 10.3336
4865.60 10.3327
4865.65 10.3317
4865.70 10.3308
4865.75 10.3298
4865.80 10.3289
4865.85 10.3280
4865.90 10.3271
4865.95 10.3261
4866.00 10.3252
4866.05 10.3243
4866.10 10.3234
4866.15 10.3225
4866.20 10.3216
4866.25 10.3207
4866.30 10.3198
4866.35 10.3189
4866.40 10.3180
4866.45 10.3171
4866.50 10.3163
4866.55 10.3154
4866.60 10.3145
4866.65 10.3137
4866.70 10.3128
4866.75 10.3119
4866.80 10.3111
4866.85 10.3102
4866.90 10.3094
4866.95 10.3086
4867.00 10.3077
4867.05 10.3069
4867.10 10.3061
4867.15 10.3053
4867.20 10.3044
4867.25 10.3036
4867.30 10.3028
4867.35 10.3020
4867.40 10.3012
4867.45 10.3004
4867.50 10.2996
4867.55 10.2988
4867.60 10.2980
4867.65 10.2973
4867.70 10.2965
4867.75 10.2957
4867.80 10.2949
4867.85 10.2942
4867.90 10.2934
4867.95 10.2927
4868.00 10.2919
4868.05 10.2912
4868.10 10.2904
4868.15 10.2897
4868.20 10.2889
4868.25 10.2882
4868.30 10.2875
4868.35 10.2868
4868.40 10.2860
4868.45 10.2853
4868.50 10.2846
4868.55 10.2839
4868.60 10.2832
4868.65 10.2825
4868.70 10.2818
4868.75 10.2811
4868.80 10.2804
4868.85 10.2797
4868.90 10.2790
4868.95 10.2784
4869.00 10.2777
4869.05 10.2770
4869.10 10.2763
4869.15 10.2757
4869.20 10.2750
4869.25 10.2744
4869.30 10.2737
4869.35 10.2731
4869.40 10.2724
4869.45 10.2718
4869.50 10.2711
4869.55 10.2705
4869.60 10.2698
4869.65 10.2692
4869.70 10.2686
4869.75 10.2680
4869.80 10.2673
4869.85 10.2667
4869.90 10.2661
4869.95 10.2655
4870.00 10.2649
4870.05 10.2643
4870.10 10.2637
4870.15 10.2631
4870.20 10.2625
4870.25 10.2619
4870.30 10.2613
4870.35 10.2607
4870.40 10.2601
4870.45 10.2596
4870.50 10.2590
4870.55 10.2584
4870.60 10.2578
4870.65 10.2573
4870.70 10.2567
4870.75 10.2561
4870.80 10.2556
4870.85 10.2550
4870.90 10.2545
4870.95 10.2539
4871.00 10.2534
4871.05 10.2528
4871.10 10.2523
4871.15 10.2517
4871.20 10.2512
4871.25 10.2506
4871.30 10.2501
4871.35 10.2496
4871.40 10.2490
4871.45 10.2485
4871.50 10.2480
4871.55 10.2475
4871.60 10.2469
4871.65 10.2464
4871.70 10.2459
4871.75 10.2454
4871.80 10.2449
4871.85 10.2444
4871.90 10.2439
4871.95 10.2433
4872.00 10.2428
4872.05 10.2423
4872.10 10.2418
4872.15 10.2413
4872.20 10.2408
4872.25 10.2403
4872.30 10.2399
4872.35 10.2394
4872.40 10.2389
4872.45 10.2384
4872.50 10.2379
4872.55 10.2374
4872.60 10.2369
4872.65 10.2364
4872.70 10.2360
4872.75 10.2355
4872.80 10.2350
4872.85 10.2345
4872.90 10.2341
4872.95 10.2336
4873.00 10.2331
4873.05 10.2326
4873.10 10.2322
4873.15 10.2317
4873.20 10.2312
4873.25 10.2308
4873.30 10.2303
4873.35 10.2299
4873.40 10.2294
4873.45 10.2289
4873.50 10.2285
4873.55 10.2280
4873.60 10.2276
4873.65 10.2271
4873.70 10.2266
4873.75 10.2262
4873.80 10.2257
4873.85 10.2253
4873.90 10.2248
4873.95 10.2244
4874.00 10.2239
4874.05 10.2235
4874.10 10.2230
4874.15 10.2226
4874.20 10.2222
4874.25 10.2217
4874.30 10.2213
4874.35 10.2208
4874.40 10.2204
4874.45 10.2199
4874.50 10.2195
4874.55 10.2191
4874.60 10.2186
4874.65 10.2182
4874.70 10.2177
4874.75 10.2173
4874.80 10.2169
4874.85 10.2164
4874.90 10.2160
4874.95 10.2155
4875.00 10.2151
4875.05 10.2147
4875.10 10.2142
4875.15 10.2138
4875.20 10.2134
4875.25 10.2129
4875.30 10.2125
4875.35 10.2121
4875.40 10.2116
4875.45 10.2112
4875.50 10.2107
4875.55 10.2103
4875.60 10.2099
4875.65 10.2094
4875.70 10.2090
4875.75 10.2086
4875.80 10.2081
4875.85 10.2077
4875.90 10.2073
4875.95 10.2068
4876.00 10.2064
4876.05 10.2060
4876.10 10.2055
4876.15 10.2051
4876.20 10.2047
4876.25 10.2042
4876.30 10.2038
4876.35 10.2034
4876.40 10.2029
4876.45 10.2025
4876.50 10.2021
4876.55 10.2016
4876.60 10.2012
4876.65 10.2007
4876.70 10.2003
4876.75 10.1999
4876.80 10.1994
4876.85 10.1990
4876.90 10.1986
4876.95 10.1981
4877.00 10.1977
4877.05 10.1973
4877.10 10.1968
4877.15 10.1964
4877.20 10.1959
4877.25 10.1955
4877.30 10.1951
4877.35 10.1946
4877.40 10.1942
4877.45 10.1937
4877.50 10.1933
4877.55 10.1928
4877.60 10.1924
4877.65 10.1920
4877.70 10.1915
4877.75 10.1911
4877.80 10.1906
4877.85 10.1902
4877.90 10.1897
4877.95 10.1893
4878.00 10.1888
4878.05 10.1884
4878.10 10.1879
4878.15 10.1875
4878.20 10.1870
4878.25 10.1866
4878.30 10.1861
4878.35 10.1857
4878.40 10.1852
4878.45 10.1848
4878.50 10.1843
4878.55 10.1839
4878.60 10.1834
4878.65 10.1830
4878.70 10.1825
4878.75 10.1821
4878.80 10.1816
4878.85 10.1812
4878.90 10.1807
4878.95 10.1802
4879.00 10.1798
4879.05 10.1793
4879.10 10.1789
4879.15 10.1784
4879.20 10.1779
4879.25 10.1775
4879.30 10.1770
4879.35 10.1765
4879.40 10.1761
4879.45 10.1756
4879.50 10.1751
4879.55 10.1747
4879.60 10.1742
4879.65 10.1737
4879.70 10.1733
4879.75 10.1728
4879.80 10.1723
4879.85 10.1719
4879.90 10.1714
4879.95 10.1709
4880.00 10.1705
4880.05 10.1700
4880.10 10.1695
4880.15 10.1690
4880.20 10.1686
4880.25 10.1681
4880.30 10.1676
4880.35 10.1671
4880.40 10.1666
4880.45 10.1662
4880.50 10.1657
4880.55 10.1652
4880.60 10.1647
4880.65 10.1642
4880.70 10.1638
4880.75 10.1633
4880.80 10.1628
4880.85 10.1623
4880.90 10.1618
4880.95 10.1613
4881.00 10.1609
4881.05 10.1604
4881.10 10.1599
4881.15 10.1594
4881.20 10.1589
4881.25 10.1584
4881.30 10.1579
4881.35 10.1574
4881.40 10.1569
4881.45 10.1565
4881.50 10.1560
4881.55 10.1555
4881.60 10.1550
4881.65 10.1545
4881.70 10.1540
4881.75 10.1535
4881.80 10.1530
4881.85 10.1525
4881.90 10.1520
4881.95 10.1515
4882.00 10.1510
4882.05 10.1505
4882.10 10.1500
4882.15 10.1495
4882.20 10.1490
4882.25 10.1485
4882.30 10.1480
4882.35 10.1475
4882.40 10.1470
4882.45 10.1465
4882.50 10.1460
4882.55 10.1455
4882.60 10.1450
4882.65 10.1445
4882.70 10.1440
4882.75 10.1435
4882.80 10.1430
4882.85 10.1425
4882.90 10.1420
4882.95 10.1414
4883.00 10.1409
4883.05 10.1404
4883.10 10.1399
4883.15 10.1394
4883.20 10.1389
4883.25 10.1384
4883.30 10.1379
4883.35 10.1374
4883.40 10.1369
4883.45 10.1363
4883.50 10.1358
4883.55 10.1353
4883.60 10.1348
4883.65 10.1343
4883.70 10.1338
4883.75 10.1333
4883.80 10.1327
4883.85 10.1322
4883.90 10.1317
4883.95 10.1312
4884.00 10.1307
4884.05 10.1302
4884.10 10.1297
4884.15 10.1291
4884.20 10.1286
4884.25 10.1281
4884.30 10.1276
4884.35 10.1271
4884.40 10.1266
4884.45 10.1260
4884.50 10.1255
4884.55 10.1250
4884.60 10.1245
4884.65 10.1240
4884.70 10.1234
4884.75 10.1229
4884.80 10.1224
4884.85 10.1219
4884.90 10.1214
4884.95 10.1208
4885.00 10.1203
4885.05 10.1198
4885.10 10.1193
4885.15 10.1188
4885.20 10.1182
4885.25 10.1177
4885.30 10.1172
4885.35 10.1167
4885.40 10.1162
4885.45 10.1156
4885.50 10.1151
4885.55 10.1146
4885.60 10.1141
4885.65 10.1136
4885.70 10.1130
4885.75 10.1125
4885.80 10.1120
4885.85 10.1115
4885.90 10.1109
4885.95 10.1104
4886.00 10.1099
4886.05 10.1094
4886.10 10.1089
4886.15 10.1083
4886.20 10.1078
4886.25 10.1073
4886.30 10.1068
4886.35 10.1063
4886.40 10.1057
4886.45 10.1052
4886.50 10.1047
4886.55 10.1042
4886.60 10.1037
4886.65 10.1031
4886.70 10.1026
4886.75 10.1021
4886.80 10.1016
4886.85 10.1011
4886.90 10.1005
4886.95 10.1000
4887.00 10.0995
4887.05 10.0990
4887.10 10.0985
4887.15 10.0979
4887.20 10.0974
4887.25 10.0969
4887.30 10.0964
4887.35 10.0959
4887.40 10.0953
4887.45 10.0948
4887.50 10.0943
4887.55 10.0938
4887.60 10.0933
4887.65 10.0928
4887.70 10.0922
4887.75 10.0917
4887.80 10.0912
4887.85 10.0907
4887.90 10.0902
4887.95 10.0897
4888.00 10.0891
4888.05 10.0886
4888.10 10.0881
4888.15 10.0876
4888.20 10.0871
4888.25 10.0866
4888.30 10.0861
4888.35 10.0856
4888.40 10.0850
4888.45 10.0845
4888.50 10.0840
4888.55 10.0835
4888.60 10.0830
4888.65 10.0825
4888.70 10.0820
4888.75 10.0815
4888.80 10.0810
4888.85 10.0805
4888.90 10.0799
4888.95 10.0794
4889.00 10.0789
4889.05 10.0784
4889.10 10.0779
4889.15 10.0774
4889.20 10.0769
4889.25 10.0764
4889.30 10.0759
4889.35 10.0754
4889.40 10.0749
4889.45 10.0744
4889.50 10.0739
4889.55 10.0734
4889.60 10.0729
4889.65 10.0724
4889.70 10.0719
4889.75 10.0714
4889.80 10.0709
4889.85 10.0704
4889.90 10.0699
4889.95 10.0694
4890.00 10.0689
4890.05 10.0684
4890.10 10.0679
4890.15 10.0674
4890.20 10.0669
4890.25 10.0664
4890.30 10.0659
4890.35 10.0654
4890.40 10.0649
4890.45 10.0645
4890.50 10.0640
4890.55 10.0635
4890.60 10.0630
4890.65 10.0625
4890.70 10.0620
4890.75 10.0615
4890.80 10.0610
4890.85 10.0606
4890.90 10.0601
4890.95 10.0596
4891.00 10.0591
4891.05 10.0586
4891.10 10.0581
4891.15 10.0577
4891.20 10.0572
4891.25 10.0567
4891.30 10.0562
4891.35 10.0557
4891.40 10.0553
4891.45 10.0548
4891.50 10.0543
4891.55 10.0538
4891.60 10.0534
4891.65 10.0529
4891.70 10.0524
4891.75 10.0519
4891.80 10.0515
4891.85 10.0510
4891.90 10.0505
4891.95 10.0501
4892.00 10.0496
4892.05 10.0491
4892.10 10.0486
4892.15 10.0482
4892.20 10.0477
4892.25 10.0473
4892.30 10.0468
4892.35 10.0463
4892.40 10.0459
4892.45 10.0454
4892.50 10.0449
4892.55 10.0445
4892.60 10.0440
4892.65 10.0436
4892.70 10.0431
4892.75 10.0427
4892.80 10.0422
4892.85 10.0418
4892.90 10.0413
4892.95 10.0408
4893.00 10.0404
4893.05 10.0399
4893.10 10.0395
4893.15 10.0390
4893.20 10.0386
4893.25 10.0382
4893.30 10.0377
4893.35 10.0373
4893.40 10.0368
4893.45 10.0364
4893.50 10.0359
4893.55 10.0355
4893.60 10.0351
4893.65 10.0346
4893.70 10.0342
4893.75 10.0337
4893.80 10.0333
4893.85 10.0329
4893.90 10.0324
4893.95 10.0320
4894.00 10.0316
4894.05 10.0311
4894.10 10.0307
4894.15 10.0303
4894.20 10.0299
4894.25 10.0294
4894.30 10.0290
4894.35 10.0286
4894.40 10.0282
4894.45 10.0277
4894.50 10.0273
4894.55 10.0269
4894.60 10.0265
4894.65 10.0261
4894.70 10.0256
4894.75 10.0252
4894.80 10.0248
4894.85 10.0244
4894.90 10.0240
4894.95 10.0236
4895.00 10.0232
4895.05 10.0228
4895.10 10.0224
4895.15 10.0219
4895.20 10.0215
4895.25 10.0211
4895.30 10.0207
4895.35 10.0203
4895.40 10.0199
4895.45 10.0195
4895.50 10.0191
4895.55 10.0187
4895.60 10.0183
4895.65 10.0179
4895.70 10.0175
4895.75 10.0171
4895.80 10.0168
4895.85 10.0164
4895.90 10.0160
4895.95 10.0156
4896.00 10.0152
4896.05 10.0148
4896.10 10.0144
4896.15 10.0140
4896.20 10.0137
4896.25 10.0133
4896.30 10.0129
4896.35 10.0125
4896.40 10.0121
4896.45 10.0118
4896.50 10.0114
4896.55 10.0110
4896.60 10.0106
4896.65 10.0103
4896.70 10.0099
4896.75 10.0095
4896.80 10.0092
4896.85 10.0088
4896.90 10.0084
4896.95 10.0081
4897.00 10.0077
4897.05 10.0073
4897.10 10.0070
4897.15 10.0066
4897.20 10.0063
4897.25 10.0059
4897.30 10.0055
4897.35 10.0052
4897.40 10.0048
4897.45 10.0045
4897.50 10.0041
4897.55 10.0038
4897.60 10.0034
4897.65 10.0031
4897.70 10.0027
4897.75 10.0024
4897.80 10.0021
4897.85 10.0017
4897.90 10.0014
4897.95 10.0010
4898.00 10.0007
4898.05 10.0004
4898.10 10.0000
4898.15 9.9997
4898.20 9.9994
4898.25 9.9990
4898.30 9.9987
4898.35 9.9984
4898.40 9.9980
4898.45 9.9977
4898.50 9.9974
4898.55 9.9971
4898.60 9.9967
4898.65 9.9964
4898.70 9.9961
4898.75 9.9958
4898.80 9.9955
4898.85 9.9951
4898.90 9.9948
4898.95 9.9945
4899.00 9.9942
4899.05 9.9939
4899.10 9.9936
4899.15 9.9933
4899.20 9.9930
4899.25 9.9927
4899.30 9.9924
4899.35 9.9921
4899.40 9.9917
4899.45 9.9914
4899.50 9.9911
4899.55 9.9909
4899.60 9.9906
4899.65 9.9903
4899.70 9.9900
4899.75 9.9897
4899.80 9.9894
4899.85 9.9891
4899.90 9.9888
4899.95 9.9885
4900.00 9.9882
4900.05 9.9879
4900.10 9.9877
4900.15 9.9874
4900.20 9.9871
4900.25 9.9868
4900.30 9.9865
4900.35 9.9863
4900.40 9.9860
4900.45 9.9857
4900.50 9.9854
4900.55 9.9852
4900.60 9.9849
4900.65 9.9846
4900.70 9.9843
4900.75 9.9841
4900.80 9.9838
4900.85 9.9835
4900.90 9.9833
4900.95 9.9830
4901.00 9.9828
4901.05 9.9825
4901.10 9.9822
4901.15 9.9820
4901.20 9.9817
4901.25 9.9815
4901.30 9.9812
4901.35 9.9810
4901.40 9.9807
4901.45 9.9805
4901.50 9.9802
4901.55 9.9800
4901.60 9.9797
4901.65 9.9795
4901.70 9.9792
4901.75 9.9790
4901.80 9.9787
4901.85 9.9785
4901.90 9.9783
4901.95 9.9780
4902.00 9.9778
4902.05 9.9776
4902.10 9.9773
4902.15 9.9771
4902.20 9.9768
4902.25 9.9766
4902.30 9.9764
4902.35 9.9762
4902.40 9.9759
4902.45 9.9757
4902.50 9.9755
4902.55 9.9752
4902.60 9.9750
4902.65 9.9748
4902.70 9.9746
4902.75 9.9744
4902.80 9.9741
4902.85 9.9739
4902.90 9.9737
4902.95 9.9735
4903.00 9.9733
4903.05 9.9731
4903.10 9.9728
4903.15 9.9726
4903.20 9.9724
4903.25 9.9722
4903.30 9.9720
4903.35 9.9718
4903.40 9.9716
4903.45 9.9714
4903.50 9.9712
4903.55 9.9710
4903.60 9.9708
4903.65 9.9706
4903.70 9.9704
4903.75 9.9702
4903.80 9.9700
4903.85 9.9698
4903.90 9.9696
4903.95 9.9694
4904.00 9.9692
4904.05 9.9690
4904.10 9.9688
4904.15 9.9686
4904.20 9.9684
4904.25 9.9682
4904.30 9.9680
4904.35 9.9678
4904.40 9.9676
4904.45 9.9674
4904.50 9.9673
4904.55 9.9671
4904.60 9.9669
4904.65 9.9667
4904.70 9.9665
4904.75 9.9663
4904.80 9.9661
4904.85 9.9660
4904.90 9.9658
4904.95 9.9656
4905.00 9.9654
4905.05 9.9652
4905.10 9.9651
4905.15 9.9649
4905.20 9.9647
4905.25 9.9645
4905.30 9.9644
4905.35 9.9642
4905.40 9.9640
4905.45 9.9638
4905.50 9.9637
4905.55 9.9635
4905.60 9.9633
4905.65 9.9631
4905.70 9.9630
4905.75 9.9628
4905.80 9.9626
4905.85 9.9625
4905.90 9.9623
4905.95 9.9621
4906.00 9.9619
4906.05 9.9618
4906.10 9.9616
4906.15 9.9614
4906.20 9.9613
4906.25 9.9611
4906.30 9.9609
4906.35 9.9608
4906.40 9.9606
4906.45 9.9605
4906.50 9.9603
4906.55 9.9601
4906.60 9.9600
4906.65 9.9598
4906.70 9.9596
4906.75 9.9595
4906.80 9.9593
4906.85 9.9592
4906.90 9.9590
4906.95 9.9588
4907.00 9.9587
4907.05 9.9585
4907.10 9.9583
4907.15 9.9582
4907.20 9.9580
4907.25 9.9579
4907.30 9.9577
4907.35 9.9576
4907.40 9.9574
4907.45 9.9572
4907.50 9.9571
4907.55 9.9569
4907.60 9.9568
4907.65 9.9566
4907.70 9.9564
4907.75 9.9563
4907.80 9.9561
4907.85 9.9560
4907.90 9.9558
4907.95 9.9557
4908.00 9.9555
4908.05 9.9553
4908.10 9.9552
4908.15 9.9550
4908.20 9.9549
4908.25 9.9547
4908.30 9.9546
4908.35 9.9544
4908.40 9.9542
4908.45 9.9541
4908.50 9.9539
4908.55 9.9538
4908.60 9.9536
4908.65 9.9534
4908.70 9.9533
4908.75 9.9531
4908.80 9.9530
4908.85 9.9528
4908.90 9.9527
4908.95 9.9525
4909.00 9.9523
4909.05 9.9522
4909.10 9.9520
4909.15 9.9519
4909.20 9.9517
4909.25 9.9515
4909.30 9.9514
4909.35 9.9512
4909.40 9.9511
4909.45 9.9509
4909.50 9.9507
4909.55 9.9506
4909.60 9.9504
4909.65 9.9502
4909.70 9.9501
4909.75 9.9499
4909.80 9.9497
4909.85 9.9496
4909.90 9.9494
4909.95 9.9493
4910.00 9.9491
4910.05 9.9489
4910.10 9.9488
4910.15 9.9486
4910.20 9.9484
4910.25 9.9482
4910.30 9.9481
4910.35 9.9479
4910.40 9.9477
4910.45 9.9476
4910.50 9.9474
4910.55 9.9472
4910.60 9.9471
4910.65 9.9469
4910.70 9.9467
4910.75 9.9465
4910.80 9.9464
4910.85 9.9462
4910.90 9.9460
4910.95 9.9458
4911.00 9.9457
4911.05 9.9455
4911.10 9.9453
4911.15 9.9451
4911.20 9.9449
4911.25 9.9448
4911.30 9.9446
4911.35 9.9444
4911.40 9.9442
4911.45 9.9440
4911.50 9.9438
4911.55 9.9437
4911.60 9.9435
4911.65 9.9433
4911.70 9.9431
4911.75 9.9429
4911.80 9.9427
4911.85 9.9425
4911.90 9.9423
4911.95 9.9421
4912.00 9.9419
4912.05 9.9418
4912.10 9.9416
4912.15 9.9414
4912.20 9.9412
4912.25 9.9410
4912.30 9.9408
4912.35 9.9406
4912.40 9.9404
4912.45 9.9402
4912.50 9.9400
4912.55 9.9398
4912.60 9.9396
4912.65 9.9393
4912.70 9.9391
4912.75 9.9389
4912.80 9.9387
4912.85 9.9385
4912.90 9.9383
4912.95 9.9381
4913.00 9.9379
4913.05 9.9377
4913.10 9.9374
4913.15 9.9372
4913.20 9.9370
4913.25 9.9368
4913.30 9.9366
4913.35 9.9364
4913.40 9.9361
4913.45 9.9359
4913.50 9.9357
4913.55 9.9355
4913.60 9.9352
4913.65 9.9350
4913.70 9.9348
4913.75 9.9345
4913.80 9.9343
4913.85 9.9341
4913.90 9.9338
4913.95 9.9336
4914.00 9.9334
4914.05 9.9331
4914.10 9.9329
4914.15 9.9327
4914.20 9.9324
4914.25 9.9322
4914.30 9.9319
4914.35 9.9317
4914.40 9.9314
4914.45 9.9312
4914.50 9.9309
4914.55 9.9307
4914.60 9.9304
4914.65 9.9302
4914.70 9.9299
4914.75 9.9297
4914.80 9.9294
4914.85 9.9291
4914.90 9.9289
4914.95 9.9286
4915.00 9.9284
4915.05 9.9281
4915.10 9.9278
4915.15 9.9276
4915.20 9.9273
4915.25 9.9270
4915.30 9.9267
4915.35 9.9265
4915.40 9.9262
4915.45 9.9259
4915.50 9.9256
4915.55 9.9254
4915.60 9.9251
4915.65 9.9248
4915.70 9.9245
4915.75 9.9242
4915.80 9.9239
4915.85 9.9237
4915.90 9.9234
4915.95 9.9231
4916.00 9.9228
4916.05 9.9225
4916.10 9.9222
4916.15 9.9219
4916.20 9.9216
4916.25 9.9213
4916.30 9.9210
4916.35 9.9207
4916.40 9.9204
4916.45 9.9201
4916.50 9.9198
4916.55 9.9194
4916.60 9.9191
4916.65 9.9188
4916.70 9.9185
4916.75 9.9182
4916.80 9.9179
4916.85 9.9175
4916.90 9.9172
4916.95 9.9169
4917.00 9.9166
4917.05 9.9162
4917.10 9.9159
4917.15 9.9156
4917.20 9.9152
4917.25 9.9149
4917.30 9.9146
4917.35 9.9142
4917.40 9.9139
4917.45 9.9136
4917.50 9.9132
4917.55 9.9129
4917.60 9.9125
4917.65 9.9122
4917.70 9.9118
4917.75 9.9115
4917.80 9.9111
4917.85 9.9108
4917.90 9.9104
4917.95 9.9100
4918.00 9.9097
4918.05 9.9093
4918.10 9.9090
4918.15 9.9086
4918.20 9.9082
4918.25 9.9078
4918.30 9.9075
4918.35 9.9071
4918.40 9.9067
4918.45 9.9063
4918.50 9.9060
4918.55 9.9056
4918.60 9.9052
4918.65 9.9048
4918.70 9.9044
4918.75 9.9040
4918.80 9.9036
4918.85 9.9033
4918.90 9.9029
4918.95 9.9025
4919.00 9.9021
4919.05 9.9017
4919.10 9.9013
4919.15 9.9009
4919.20 9.9005
4919.25 9.9000
4919.30 9.8996
4919.35 9.8992
4919.40 9.8988
4919.45 9.8984
4919.50 9.8980
4919.55 9.8975
4919.60 9.8971
4919.65 9.8967
4919.70 9.8963
4919.75 9.8958
4919.80 9.8954
4919.85 9.8950
4919.90 9.8945
4919.95 9.8941
4920.00 9.8937
4920.05 9.8932
4920.10 9.8928
4920.15 9.8923
4920.20 9.8919
4920.25 9.8914
4920.30 9.8910
4920.35 9.8905
4920.40 9.8901
4920.45 9.8896
4920.50 9.8892
4920.55 9.8887
4920.60 9.8882
4920.65 9.8878
4920.70 9.8873
4920.75 9.8868
4920.80 9.8864
4920.85 9.8859
4920.90 9.8854
4920.95 9.8849
4921.00 9.8845
4921.05 9.8840
4921.10 9.8835
4921.15 9.8830
4921.20 9.8825
4921.25 9.8820
4921.30 9.8815
4921.35 9.8810
4921.40 9.8805
4921.45 9.8800
4921.50 9.8795
4921.55 9.8790
4921.60 9.8785
4921.65 9.8780
4921.70 9.8775
4921.75 9.8770
4921.80 9.8765
4921.85 9.8759
4921.90 9.8754
4921.95 9.8749
4922.00 9.8744
4922.05 9.8739
4922.10 9.8733
4922.15 9.8728
4922.20 9.8723
4922.25 9.8717
4922.30 9.8712
4922.35 9.8706
4922.40 9.8701
4922.45 9.8695
4922.50 9.8690
4922.55 9.8684
4922.60 9.8679
4922.65 9.8673
4922.70 9.8668
4922.75 9.8662
4922.80 9.8657
4922.85 9.8651
4922.90 9.8645
4922.95 9.8640
4923.00 9.8634
4923.05 9.8628
4923.10 9.8622
4923.15 9.8616
4923.20 9.8611
4923.25 9.8605
4923.30 9.8599
4923.35 9.8593
4923.40 9.8587
4923.45 9.8581
4923.50 9.8575
4923.55 9.8569
4923.60 9.8563
4923.65 9.8557
4923.70 9.8551
4923.75 9.8545
4923.80 9.8539
4923.85 9.8533
4923.90 9.8527
4923.95 9.8520
4924.00 9.8514
4924.05 9.8508
4924.10 9.8502
4924.15 9.8495
4924.20 9.8489
4924.25 9.8483
4924.30 9.8476
4924.35 9.8470
4924.40 9.8464
4924.45 9.8457
4924.50 9.8451
4924.55 9.8444
4924.60 9.8438
4924.65 9.8431
4924.70 9.8425
4924.75 9.8418
4924.80 9.8411
4924.85 9.8405
4924.90 9.8398
4924.95 9.8391
4925.00 9.8385
4925.05 9.8378
4925.10 9.8371
4925.15 9.8364
4925.20 9.8358
4925.25 9.8351
4925.30 9.8344
4925.35 9.8337
4925.40 9.8330
4925.45 9.8323
4925.50 9.8316
4925.55 9.8309
4925.60 9.8302
4925.65 9.8295
4925.70 9.8288
4925.75 9.8281
4925.80 9.8274
4925.85 9.8266
4925.90 9.8259
4925.95 9.8252
4926.00 9.8245
4926.05 9.8238
4926.10 9.8230
4926.15 9.8223
4926.20 9.8216
4926.25 9.8208
4926.30 9.8201
4926.35 9.8193
4926.40 9.8186
4926.45 9.8179
4926.50 9.8171
4926.55 9.8163
4926.60 9.8156
4926.65 9.8148
4926.70 9.8141
4926.75 9.8133
4926.80 9.8125
4926.85 9.8118
4926.90 9.8110
4926.95 9.8102
4927.00 9.8095
4927.05 9.8087
4927.10 9.8079
4927.15 9.8071
4927.20 9.8063
4927.25 9.8055
4927.30 9.8047
4927.35 9.8040
4927.40 9.8032
4927.45 9.8024
4927.50 9.8016
4927.55 9.8007
4927.60 9.7999
4927.65 9.7991
4927.70 9.7983
4927.75 9.7975
4927.80 9.7967
4927.85 9.7959
4927.90 9.7950
4927.95 9.7942
4928.00 9.7934
4928.05 9.7926
4928.10 9.7917
4928.15 9.7909
4928.20 9.7901
4928.25 9.7892
4928.30 9.7884
4928.35 9.7875
4928.40 9.7867
4928.45 9.7858
4928.50 9.7850
4928.55 9.7841
4928.60 9.7833
4928.65 9.7824
4928.70 9.7815
4928.75 9.7807
4928.80 9.7798
4928.85 9.7789
4928.90 9.7781
4928.95 9.7772
4929.00 9.7763
4929.05 9.7754
4929.10 9.7746
4929.15 9.7737
4929.20 9.7728
4929.25 9.7719
4929.30 9.7710
4929.35 9.7701
4929.40 9.7692
4929.45 9.7683
4929.50 9.7674
4929.55 9.7665
4929.60 9.7656
4929.65 9.7647
4929.70 9.7638
4929.75 9.7629
4929.80 9.7620
4929.85 9.7610
4929.90 9.7601
4929.95 9.7592
4930.00 9.7583
4930.05 9.7574
4930.10 9.7564
4930.15 9.7555
4930.20 9.7546
4930.25 9.7536
4930.30 9.7527
4930.35 9.7518
4930.40 9.7508
4930.45 9.7499
4930.50 9.7489
4930.55 9.7480
4930.60 9.7471
4930.65 9.7461
4930.70 9.7452
4930.75 9.7442
4930.80 9.7433
4930.85 9.7423
4930.90 9.7413
4930.95 9.7404
4931.00 9.7394
4931.05 9.7385
4931.10 9.7375
4931.15 9.7365
4931.20 9.7356
4931.25 9.7346
4931.30 9.7336
4931.35 9.7326
4931.40 9.7317
4931.45 9.7307
4931.50 9.7297
4931.55 9.7287
4931.60 9.7277
4931.65 9.7268
4931.70 9.7258
4931.75 9.7248
4931.80 9.7238
4931.85 9.7228
4931.90 9.7218
4931.95 9.7208
4932.00 9.7198
4932.05 9.7188
4932.10 9.7178
4932.15 9.7169
4932.20 9.7159
4932.25 9.7149
4932.30 9.7139
4932.35 9.7129
4932.40 9.7118
4932.45 9.7108
4932.50 9.7098
4932.55 9.7088
4932.60 9.7078
4932.65 9.7068
4932.70 9.7058
4932.75 9.7048
4932.80 9.7038
4932.85 9.7028
4932.90 9.7018
4932.95 9.7008
4933.00 9.6997
4933.05 9.6987
4933.10 9.6977
4933.15 9.6967
4933.20 9.6957
4933.25 9.6947
4933.30 9.6936
4933.35 9.6926
4933.40 9.6916
4933.45 9.6906
4933.50 9.6896
4933.55 9.6885
4933.60 9.6875
4933.65 9.6865
4933.70 9.6855
4933.75 9.6845
4933.80 9.6834
4933.85 9.6824
4933.90 9.6814
4933.95 9.6804
4934.00 9.6793
4934.05 9.6783
4934.10 9.6773
4934.15 9.6763
4934.20 9.6752
4934.25 9.6742
4934.30 9.6732
4934.35 9.6722
4934.40 9.6712
4934.45 9.6701
4934.50 9.6691
4934.55 9.6681
4934.60 9.6671
4934.65 9.6660
4934.70 9.6650
4934.75 9.6640
4934.80 9.6630
4934.85 9.6620
4934.90 9.6609
4934.95 9.6599
4935.00 9.6589
4935.05 9.6579
4935.10 9.6569
4935.15 9.6559
4935.20 9.6549
4935.25 9.6538
4935.30 9.6528
4935.35 9.6518
4935.40 9.6508
4935.45 9.6498
4935.50 9.6488
4935.55 9.6478
4935.60 9.6468
4935.65 9.6458
4935.70 9.6448
4935.75 9.6438
4935.80 9.6428
4935.85 9.6418
4935.90 9.6408
4935.95 9.6398
4936.00 9.6388
4936.05 9.6378
4936.10 9.6368
4936.15 9.6358
4936.20 9.6348
4936.25 9.6338
4936.30 9.6328
4936.35 9.6318
4936.40 9.6309
4936.45 9.6299
4936.50 9.6289
4936.55 9.6279
4936.60 9.6269
4936.65 9.6260
4936.70 9.6250
4936.75 9.6240
4936.80 9.6231
4936.85 9.6221
4936.90 9.6211
4936.95 9.6202
4937.00 9.6192
4937.05 9.6183
4937.10 9.6173
4937.15 9.6164
4937.20 9.6154
4937.25 9.6145
4937.30 9.6135
4937.35 9.6126
4937.40 9.6117
4937.45 9.6107
4937.50 9.6098
4937.55 9.6089
4937.60 9.6079
4937.65 9.6070
4937.70 9.6061
4937.75 9.6052
4937.80 9.6043
4937.85 9.6034
4937.90 9.6024
4937.95 9.6015
4938.00 9.6006
4938.05 9.5997
4938.10 9.5989
4938.15 9.5980
4938.20 9.5971
4938.25 9.5962
4938.30 9.5953
4938.35 9.5944
4938.40 9.5936
4938.45 9.5927
4938.50 9.5918
4938.55 9.5910
4938.60 9.5901
4938.65 9.5893
4938.70 9.5884
4938.75 9.5876
4938.80 9.5867
4938.85 9.5859
4938.90 9.5850
4938.95 9.5842
4939.00 9.5834
4939.05 9.5826
4939.10 9.5818
4939.15 9.5809
4939.20 9.5801
4939.25 9.5793
4939.30 9.5785
4939.35 9.5777
4939.40 9.5769
4939.45 9.5762
4939.50 9.5754
4939.55 9.5746
4939.60 9.5738
4939.65 9.5731
4939.70 9.5723
4939.75 9.5715
4939.80 9.5708
4939.85 9.5700
4939.90 9.5693
4939.95 9.5685
4940.00 9.5678
4940.05 9.5671
4940.10 9.5664
4940.15 9.5656
4940.20 9.5649
4940.25 9.5642
4940.30 9.5635
4940.35 9.5628
4940.40 9.5621
4940.45 9.5614
4940.50 9.5608
4940.55 9.5601
4940.60 9.5594
4940.65 9.5587
4940.70 9.5581
4940.75 9.5574
4940.80 9.5568
4940.85 9.5561
4940.90 9.5555
4940.95 9.5549
4941.00 9.5543
4941.05 9.5536
4941.10 9.5530
4941.15 9.5524
4941.20 9.5518
4941.25 9.5512
4941.30 9.5506
4941.35 9.5500
4941.40 9.5495
4941.45 9.5489
4941.50 9.5483
4941.55 9.5478
4941.60 9.5472
4941.65 9.5467
4941.70 9.5461
4941.75 9.5456
4941.80 9.5451
4941.85 9.5445
4941.90 9.5440
4941.95 9.5435
4942.00 9.5430
4942.05 9.5425
4942.10 9.5420
4942.15 9.5415
4942.20 9.5411
4942.25 9.5406
4942.30 9.5401
4942.35 9.5397
4942.40 9.5392
4942.45 9.5388
4942.50 9.5383
4942.55 9.5379
4942.60 9.5375
4942.65 9.5371
4942.70 9.5367
4942.75 9.5363
4942.80 9.5359
4942.85 9.5355
4942.90 9.5351
4942.95 9.5347
4943.00 9.5344
4943.05 9.5340
4943.10 9.5336
4943.15 9.5333
4943.20 9.5330
4943.25 9.5326
4943.30 9.5323
4943.35 9.5320
4943.40 9.5317
4943.45 9.5314
4943.50 9.5311
4943.55 9.5308
4943.60 9.5305
4943.65 9.5302
4943.70 9.5300
4943.75 9.5297
4943.80 9.5294
4943.85 9.5292
4943.90 9.5290
4943.95 9.5287
4944.00 9.5285
4944.05 9.5283
4944.10 9.5281
4944.15 9.5279
4944.20 9.5277
4944.25 9.5275
4944.30 9.5273
4944.35 9.5271
4944.40 9.5270
4944.45 9.5268
4944.50 9.5267
4944.55 9.5265
4944.60 9.5264
4944.65 9.5263
4944.70 9.5261
4944.75 9.5260
4944.80 9.5259
4944.85 9.5258
4944.90 9.5257
4944.95 9.5256
4945.00 9.5256
4945.05 9.5255
4945.10 9.5254
4945.15 9.5254
4945.20 9.5253
4945.25 9.5253
4945.30 9.5253
4945.35 9.5252
4945.40 9.5252
4945.45 9.5252
