6511.50 3.2798
6511.55 3.2798
6511.60 3.2798
6511.65 3.2799
6511.70 3.2799
6511.75 3.2799
6511.80 3.2800
6511.85 3.2800
6511.90 3.2800
6511.95 3.2801
6512.00 3.2802
6512.05 3.2802
6512.10 3.2803
6512.15 3.2804
6512.20 3.2805
6512.25 3.2806
6512.30 3.2807
6512.35 3.2808
6512.40 3.2809
6512.45 3.2810
6512.50 3.2811
6512.55 3.2813
6512.60 3.2814
6512.65 3.2816
6512.70 3.2817
6512.75 3.2819
6512.80 3.2820
6512.85 3.2822
6512.90 3.2824
6512.95 3.2826
6513.00 3.2827
6513.05 3.2829
6513.10 3.2831
6513.15 3.2833
6513.20 3.2836
6513.25 3.2838
6513.30 3.2840
6513.35 3.2842
6513.40 3.2845
6513.45 3.2847
6513.50 3.2850
6513.55 3.2852
6513.60 3.2855
6513.65 3.2857
6513.70 3.2860
6513.75 3.2863
6513.80 3.2866
6513.85 3.2869
6513.90 3.2872
6513.95 3.2875
6514.00 3.2878
6514.05 3.2881
6514.10 3.2884
6514.15 3.2888
6514.20 3.2891
6514.25 3.2895
6514.30 3.2898
6514.35 3.2902
6514.40 3.2905
6514.45 3.2909
6514.50 3.2913
6514.55 3.2916
6514.60 3.2920
6514.65 3.2924
6514.70 3.2928
6514.75 3.2932
6514.80 3.2936
6514.85 3.2940
6514.90 3.2945
6514.95 3.2949
6515.00 3.2953
6515.05 3.2958
6515.10 3.2962
6515.15 3.2967
6515.20 3.2971
6515.25 3.2976
6515.30 3.2981
6515.35 3.2985
6515.40 3.2990
6515.45 3.2995
6515.50 3.3000
6515.55 3.3005
6515.60 3.3010
6515.65 3.3015
6515.70 3.3020
6515.75 3.3026
6515.80 3.3031
6515.85 3.3036
6515.90 3.3042
6515.95 3.3047
6516.00 3.3053
6516.05 3.3058
6516.10 3.3064
6516.15 3.3070
6516.20 3.3075
6516.25 3.3081
6516.30 3.3087
6516.35 3.3093
6516.40 3.3099
6516.45 3.3105
6516.50 3.3111
6516.55 3.3117
6516.60 3.3123
6516.65 3.3130
6516.70 3.3136
6516.75 3.3142
6516.80 3.3149
6516.85 3.3155
6516.90 3.3162
6516.95 3.3169
6517.00 3.3175
6517.05 3.3182
6517.10 3.3189
6517.15 3.3196
6517.20 3.3202
6517.25 3.3209
6517.30 3.3216
6517.35 3.3223
6517.40 3.3230
6517.45 3.3238
6517.50 3.3245
6517.55 3.3252
6517.60 3.3259
6517.65 3.3267
6517.70 3.3274
6517.75 3.3282
6517.80 3.3289
6517.85 3.3297
6517.90 3.3304
6517.95 3.3312
6518.00 3.3320
6518.05 3.3327
6518.10 3.3335
6518.15 3.3343
6518.20 3.3351
6518.25 3.3359
6518.30 3.3367
6518.35 3.3375
6518.40 3.3383
6518.45 3.3391
6518.50 3.3400
6518.55 3.3408
6518.60 3.3416
6518.65 3.3425
6518.70 3.3433
6518.75 3.3441
6518.80 3.3450
6518.85 3.3458
6518.90 3.3467
6518.95 3.3476
6519.00 3.3484
6519.05 3.3493
6519.10 3.3502
6519.15 3.3511
6519.20 3.3520
6519.25 3.3529
6519.30 3.3537
6519.35 3.3546
6519.40 3.3556
6519.45 3.3565
6519.50 3.3574
6519.55 3.3583
6519.60 3.3592
6519.65 3.3601
6519.70 3.3611
6519.75 3.3620
6519.80 3.3629
6519.85 3.3639
6519.90 3.3648
6519.95 3.3658
6520.00 3.3667
6520.05 3.3677
6520.10 3.3686
6520.15 3.3696
6520.20 3.3706
6520.25 3.3716
6520.30 3.3725
6520.35 3.3735
6520.40 3.3745
6520.45 3.3755
6520.50 3.3765
6520.55 3.3775
6520.60 3.3785
6520.65 3.3795
6520.70 3.3805
6520.75 3.3815
6520.80 3.3825
6520.85 3.3835
6520.90 3.3845
6520.95 3.3856
6521.00 3.3866
6521.05 3.3876
6521.10 3.3886
6521.15 3.3897
6521.20 3.3907
6521.25 3.3918
6521.30 3.3928
6521.35 3.3938
6521.40 3.3949
6521.45 3.3960
6521.50 3.3970
6521.55 3.3981
6521.60 3.3991
6521.65 3.4002
6521.70 3.4013
6521.75 3.4023
6521.80 3.4034
6521.85 3.4045
6521.90 3.4056
6521.95 3.4067
6522.00 3.4077
6522.05 3.4088
6522.10 3.4099
6522.15 3.4110
6522.20 3.4121
6522.25 3.4132
6522.30 3.4143
6522.35 3.4154
6522.40 3.4165
6522.45 3.4176
6522.50 3.4187
6522.55 3.4198
6522.60 3.4209
6522.65 3.4221
6522.70 3.4232
6522.75 3.4243
6522.80 3.4254
6522.85 3.4265
6522.90 3.4277
6522.95 3.4288
6523.00 3.4299
6523.05 3.4311
6523.10 3.4322
6523.15 3.4333
6523.20 3.4345
6523.25 3.4356
6523.30 3.4368
6523.35 3.4379
6523.40 3.4390
6523.45 3.4402
6523.50 3.4413
6523.55 3.4425
6523.60 3.4436
6523.65 3.4448
6523.70 3.4459
6523.75 3.4471
6523.80 3.4483
6523.85 3.4494
6523.90 3.4506
6523.95 3.4517
6524.00 3.4529
6524.05 3.4541
6524.10 3.4552
6524.15 3.4564
6524.20 3.4576
6524.25 3.4587
6524.30 3.4599
6524.35 3.4611
6524.40 3.4623
6524.45 3.4634
6524.50 3.4646
6524.55 3.4658
6524.60 3.4670
6524.65 3.4681
6524.70 3.4693
6524.75 3.4705
6524.80 3.4717
6524.85 3.4729
6524.90 3.4740
6524.95 3.4752
6525.00 3.4764
6525.05 3.4776
6525.10 3.4788
6525.15 3.4800
6525.20 3.4812
6525.25 3.4823
6525.30 3.4835
6525.35 3.4847
6525.40 3.4859
6525.45 3.4871
6525.50 3.4883
6525.55 3.4895
6525.60 3.4907
6525.65 3.4919
6525.70 3.4931
6525.75 3.4943
6525.80 3.4955
6525.85 3.4967
6525.90 3.4979
6525.95 3.4991
6526.00 3.5003
6526.05 3.5015
6526.10 3.5027
6526.15 3.5038
6526.20 3.5050
6526.25 3.5062
6526.30 3.5074
6526.35 3.5086
6526.40 3.5098
6526.45 3.5110
6526.50 3.5122
6526.55 3.5134
6526.60 3.5146
6526.65 3.5158
6526.70 3.5171
6526.75 3.5183
6526.80 3.5195
6526.85 3.5207
6526.90 3.5219
6526.95 3.5231
6527.00 3.5243
6527.05 3.5255
6527.10 3.5267
6527.15 3.5279
6527.20 3.5291
6527.25 3.5303
6527.30 3.5315
6527.35 3.5327
6527.40 3.5339
6527.45 3.5351
6527.50 3.5363
6527.55 3.5375
6527.60 3.5387
6527.65 3.5399
6527.70 3.5411
6527.75 3.5423
6527.80 3.5435
6527.85 3.5447
6527.90 3.5459
6527.95 3.5471
6528.00 3.5483
6528.05 3.5495
6528.10 3.5507
6528.15 3.5519
6528.20 3.5531
6528.25 3.5543
6528.30 3.5555
6528.35 3.5567
6528.40 3.5579
6528.45 3.5591
6528.50 3.5603
6528.55 3.5615
6528.60 3.5627
6528.65 3.5639
6528.70 3.5651
6528.75 3.5663
6528.80 3.5674
6528.85 3.5686
6528.90 3.5698
6528.95 3.5710
6529.00 3.5722
6529.05 3.5734
6529.10 3.5746
6529.15 3.5758
6529.20 3.5770
6529.25 3.5782
6529.30 3.5794
6529.35 3.5806
6529.40 3.5817
6529.45 3.5829
6529.50 3.5841
6529.55 3.5853
6529.60 3.5865
6529.65 3.5877
6529.70 3.5889
6529.75 3.5901
6529.80 3.5912
6529.85 3.5924
6529.90 3.5936
6529.95 3.5948
6530.00 3.5960
6530.05 3.5971
6530.10 3.5983
6530.15 3.5995
6530.20 3.6007
6530.25 3.6019
6530.30 3.6030
6530.35 3.6042
6530.40 3.6054
6530.45 3.6066
6530.50 3.6077
6530.55 3.6089
6530.60 3.6101
6530.65 3.6113
6530.70 3.6124
6530.75 3.6136
6530.80 3.6148
6530.85 3.6159
6530.90 3.6171
6530.95 3.6183
6531.00 3.6194
6531.05 3.6206
6531.10 3.6218
6531.15 3.6229
6531.20 3.6241
6531.25 3.6252
6531.30 3.6264
6531.35 3.6276
6531.40 3.6287
6531.45 3.6299
6531.50 3.6310
6531.55 3.6322
6531.60 3.6333
6531.65 3.6345
6531.70 3.6356
6531.75 3.6368
6531.80 3.6379
6531.85 3.6391
6531.90 3.6402
6531.95 3.6414
6532.00 3.6425
6532.05 3.6436
6532.10 3.6448
6532.15 3.6459
6532.20 3.6471
6532.25 3.6482
6532.30 3.6493
6532.35 3.6505
6532.40 3.6516
6532.45 3.6527
6532.50 3.6539
6532.55 3.6550
6532.60 3.6561
6532.65 3.6572
6532.70 3.6584
6532.75 3.6595
6532.80 3.6606
6532.85 3.6617
6532.90 3.6628
6532.95 3.6640
6533.00 3.6651
6533.05 3.6662
6533.10 3.6673
6533.15 3.6684
6533.20 3.6695
6533.25 3.6706
6533.30 3.6717
6533.35 3.6728
6533.40 3.6739
6533.45 3.6750
6533.50 3.6761
6533.55 3.6772
6533.60 3.6783
6533.65 3.6794
6533.70 3.6805
6533.75 3.6816
6533.80 3.6827
6533.85 3.6838
6533.90 3.6849
6533.95 3.6860
6534.00 3.6870
6534.05 3.6881
6534.10 3.6892
6534.15 3.6903
6534.20 3.6913
6534.25 3.6924
6534.30 3.6935
6534.35 3.6945
6534.40 3.6956
6534.45 3.6967
6534.50 3.6977
6534.55 3.6988
6534.60 3.6999
6534.65 3.7009
6534.70 3.7020
6534.75 3.7030
6534.80 3.7041
6534.85 3.7051
6534.90 3.7061
6534.95 3.7072
6535.00 3.7082
6535.05 3.7093
6535.10 3.7103
6535.15 3.7113
6535.20 3.7124
6535.25 3.7134
6535.30 3.7144
6535.35 3.7154
6535.40 3.7165
6535.45 3.7175
6535.50 3.7185
6535.55 3.7195
6535.60 3.7205
6535.65 3.7215
6535.70 3.7225
6535.75 3.7235
6535.80 3.7245
6535.85 3.7255
6535.90 3.7265
6535.95 3.7275
6536.00 3.7285
6536.05 3.7295
6536.10 3.7305
6536.15 3.7315
6536.20 3.7325
6536.25 3.7334
6536.30 3.7344
6536.35 3.7354
6536.40 3.7363
6536.45 3.7373
6536.50 3.7383
6536.55 3.7392
6536.60 3.7402
6536.65 3.7412
6536.70 3.7421
6536.75 3.7431
6536.80 3.7440
6536.85 3.7449
6536.90 3.7459
6536.95 3.7468
6537.00 3.7478
6537.05 3.7487
6537.10 3.7496
6537.15 3.7506
6537.20 3.7515
6537.25 3.7524
6537.30 3.7533
6537.35 3.7542
6537.40 3.7551
6537.45 3.7561
6537.50 3.7570
6537.55 3.7579
6537.60 3.7588
6537.65 3.7597
6537.70 3.7606
6537.75 3.7614
6537.80 3.7623
6537.85 3.7632
6537.90 3.7641
6537.95 3.7650
6538.00 3.7659
6538.05 3.7667
6538.10 3.7676
6538.15 3.7685
6538.20 3.7693
6538.25 3.7702
6538.30 3.7710
6538.35 3.7719
6538.40 3.7727
6538.45 3.7736
6538.50 3.7744
6538.55 3.7753
6538.60 3.7761
6538.65 3.7769
6538.70 3.7778
6538.75 3.7786
6538.80 3.7794
6538.85 3.7802
6538.90 3.7811
6538.95 3.7819
6539.00 3.7827
6539.05 3.7835
6539.10 3.7843
6539.15 3.7851
6539.20 3.7859
6539.25 3.7867
6539.30 3.7875
6539.35 3.7883
6539.40 3.7891
6539.45 3.7899
6539.50 3.7906
6539.55 3.7914
6539.60 3.7922
6539.65 3.7930
6539.70 3.7937
6539.75 3.7945
6539.80 3.7952
6539.85 3.7960
6539.90 3.7968
6539.95 3.7975
6540.00 3.7983
6540.05 3.7990
6540.10 3.7997
6540.15 3.8005
6540.20 3.8012
6540.25 3.8019
6540.30 3.8027
6540.35 3.8034
6540.40 3.8041
6540.45 3.8048
6540.50 3.8055
6540.55 3.8063
6540.60 3.8070
6540.65 3.8077
6540.70 3.8084
6540.75 3.8091
6540.80 3.8098
6540.85 3.8105
6540.90 3.8112
6540.95 3.8118
6541.00 3.8125
6541.05 3.8132
6541.10 3.8139
6541.15 3.8146
6541.20 3.8152
6541.25 3.8159
6541.30 3.8166
6541.35 3.8172
6541.40 3.8179
6541.45 3.8185
6541.50 3.8192
6541.55 3.8199
6541.60 3.8205
6541.65 3.8211
6541.70 3.8218
6541.75 3.8224
6541.80 3.8231
6541.85 3.8237
6541.90 3.8243
6541.95 3.8250
6542.00 3.8256
6542.05 3.8262
6542.10 3.8268
6542.15 3.8274
6542.20 3.8280
6542.25 3.8287
6542.30 3.8293
6542.35 3.8299
6542.40 3.8305
6542.45 3.8311
6542.50 3.8317
6542.55 3.8323
6542.60 3.8329
6542.65 3.8334
6542.70 3.8340
6542.75 3.8346
6542.80 3.8352
6542.85 3.8358
6542.90 3.8364
6542.95 3.8369
6543.00 3.8375
6543.05 3.8381
6543.10 3.8386
6543.15 3.8392
6543.20 3.8398
6543.25 3.8403
6543.30 3.8409
6543.35 3.8414
6543.40 3.8420
6543.45 3.8425
6543.50 3.8431
6543.55 3.8436
6543.60 3.8442
6543.65 3.8447
6543.70 3.8452
6543.75 3.8458
6543.80 3.8463
6543.85 3.8468
6543.90 3.8474
6543.95 3.8479
6544.00 3.8484
6544.05 3.8489
6544.10 3.8495
6544.15 3.8500
6544.20 3.8505
6544.25 3.8510
6544.30 3.8515
6544.35 3.8520
6544.40 3.8525
6544.45 3.8530
6544.50 3.8535
6544.55 3.8540
6544.60 3.8545
6544.65 3.8550
6544.70 3.8555
6544.75 3.8560
6544.80 3.8565
6544.85 3.8570
6544.90 3.8575
6544.95 3.8580
6545.00 3.8585
6545.05 3.8590
6545.10 3.8594
6545.15 3.8599
6545.20 3.8604
6545.25 3.8609
6545.30 3.8614
6545.35 3.8618
6545.40 3.8623
6545.45 3.8628
6545.50 3.8632
6545.55 3.8637
6545.60 3.8642
6545.65 3.8646
6545.70 3.8651
6545.75 3.8656
6545.80 3.8660
6545.85 3.8665
6545.90 3.8669
6545.95 3.8674
6546.00 3.8678
6546.05 3.8683
6546.10 3.8687
6546.15 3.8692
6546.20 3.8696
6546.25 3.8701
6546.30 3.8705
6546.35 3.8710
6546.40 3.8714
6546.45 3.8719
6546.50 3.8723
6546.55 3.8727
6546.60 3.8732
6546.65 3.8736
6546.70 3.8740
6546.75 3.8745
6546.80 3.8749
6546.85 3.8753
6546.90 3.8758
6546.95 3.8762
6547.00 3.8766
6547.05 3.8770
6547.10 3.8775
6547.15 3.8779
6547.20 3.8783
6547.25 3.8787
6547.30 3.8792
6547.35 3.8796
6547.40 3.8800
6547.45 3.8804
6547.50 3.8808
6547.55 3.8813
6547.60 3.8817
6547.65 3.8821
6547.70 3.8825
6547.75 3.8829
6547.80 3.8833
6547.85 3.8837
6547.90 3.8841
6547.95 3.8845
6548.00 3.8850
6548.05 3.8854
6548.10 3.8858
6548.15 3.8862
6548.20 3.8866
6548.25 3.8870
6548.30 3.8874
6548.35 3.8878
6548.40 3.8882
6548.45 3.8886
6548.50 3.8890
6548.55 3.8894
6548.60 3.8898
6548.65 3.8902
6548.70 3.8905
6548.75 3.8909
6548.80 3.8913
6548.85 3.8917
6548.90 3.8921
6548.95 3.8925
6549.00 3.8929
6549.05 3.8933
6549.10 3.8937
6549.15 3.8941
6549.20 3.8944
6549.25 3.8948
6549.30 3.8952
6549.35 3.8956
6549.40 3.8960
6549.45 3.8964
6549.50 3.8967
6549.55 3.8971
6549.60 3.8975
6549.65 3.8979
6549.70 3.8983
6549.75 3.8986
6549.80 3.8990
6549.85 3.8994
6549.90 3.8998
6549.95 3.9001
6550.00 3.9005
6550.05 3.9009
6550.10 3.9012
6550.15 3.9016
6550.20 3.9020
6550.25 3.9024
6550.30 3.9027
6550.35 3.9031
6550.40 3.9035
6550.45 3.9038
6550.50 3.9042
6550.55 3.9046
6550.60 3.9049
6550.65 3.9053
6550.70 3.9056
6550.75 3.9060
6550.80 3.9064
6550.85 3.9067
6550.90 3.9071
6550.95 3.9074
6551.00 3.9078
6551.05 3.9081
6551.10 3.9085
6551.15 3.9088
6551.20 3.9092
6551.25 3.9096
6551.30 3.9099
6551.35 3.9103
6551.40 3.9106
6551.45 3.9110
6551.50 3.9113
6551.55 3.9116
6551.60 3.9120
6551.65 3.9123
6551.70 3.9127
6551.75 3.9130
6551.80 3.9134
6551.85 3.9137
6551.90 3.9140
6551.95 3.9144
6552.00 3.9147
6552.05 3.9151
6552.10 3.9154
6552.15 3.9157
6552.20 3.9161
6552.25 3.9164
6552.30 3.9167
6552.35 3.9171
6552.40 3.9174
6552.45 3.9177
6552.50 3.9180
6552.55 3.9184
6552.60 3.9187
6552.65 3.9190
6552.70 3.9193
6552.75 3.9197
6552.80 3.9200
6552.85 3.9203
6552.90 3.9206
6552.95 3.9209
6553.00 3.9213
6553.05 3.9216
6553.10 3.9219
6553.15 3.9222
6553.20 3.9225
6553.25 3.9228
6553.30 3.9231
6553.35 3.9234
6553.40 3.9238
6553.45 3.9241
6553.50 3.9244
6553.55 3.9247
6553.60 3.9250
6553.65 3.9253
6553.70 3.9256
6553.75 3.9259
6553.80 3.9262
6553.85 3.9265
6553.90 3.9268
6553.95 3.9271
6554.00 3.9274
6554.05 3.9277
6554.10 3.9279
6554.15 3.9282
6554.20 3.9285
6554.25 3.9288
6554.30 3.9291
6554.35 3.9294
6554.40 3.9297
6554.45 3.9299
6554.50 3.9302
6554.55 3.9305
6554.60 3.9308
6554.65 3.9311
6554.70 3.9313
6554.75 3.9316
6554.80 3.9319
6554.85 3.9322
6554.90 3.9324
6554.95 3.9327
6555.00 3.9330
6555.05 3.9332
6555.10 3.9335
6555.15 3.9338
6555.20 3.9340
6555.25 3.9343
6555.30 3.9345
6555.35 3.9348
6555.40 3.9351
6555.45 3.9353
6555.50 3.9356
6555.55 3.9358
6555.60 3.9361
6555.65 3.9363
6555.70 3.9366
6555.75 3.9368
6555.80 3.9371
6555.85 3.9373
6555.90 3.9375
6555.95 3.9378
6556.00 3.9380
6556.05 3.9383
6556.10 3.9385
6556.15 3.9387
6556.20 3.9390
6556.25 3.9392
6556.30 3.9394
6556.35 3.9397
6556.40 3.9399
6556.45 3.9401
6556.50 3.9404
6556.55 3.9406
6556.60 3.9408
6556.65 3.9410
6556.70 3.9412
6556.75 3.9415
6556.80 3.9417
6556.85 3.9419
6556.90 3.9421
6556.95 3.9423
6557.00 3.9425
6557.05 3.9427
6557.10 3.9429
6557.15 3.9432
6557.20 3.9434
6557.25 3.9436
6557.30 3.9438
6557.35 3.9440
6557.40 3.9442
6557.45 3.9444
6557.50 3.9446
6557.55 3.9448
6557.60 3.9450
6557.65 3.9451
6557.70 3.9453
6557.75 3.9455
6557.80 3.9457
6557.85 3.9459
6557.90 3.9461
6557.95 3.9463
6558.00 3.9465
6558.05 3.9466
6558.10 3.9468
6558.15 3.9470
6558.20 3.9472
6558.25 3.9473
6558.30 3.9475
6558.35 3.9477
6558.40 3.9479
6558.45 3.9480
6558.50 3.9482
6558.55 3.9484
6558.60 3.9485
6558.65 3.9487
6558.70 3.9489
6558.75 3.9490
6558.80 3.9492
6558.85 3.9493
6558.90 3.9495
6558.95 3.9497
6559.00 3.9498
6559.05 3.9500
6559.10 3.9501
6559.15 3.9503
6559.20 3.9504
6559.25 3.9506
6559.30 3.9507
6559.35 3.9509
6559.40 3.9510
6559.45 3.9512
6559.50 3.9513
6559.55 3.9514
6559.60 3.9516
6559.65 3.9517
6559.70 3.9518
6559.75 3.9520
6559.80 3.9521
6559.85 3.9523
6559.90 3.9524
6559.95 3.9525
6560.00 3.9526
6560.05 3.9528
6560.10 3.9529
6560.15 3.9530
6560.20 3.9532
6560.25 3.9533
6560.30 3.9534
6560.35 3.9535
6560.40 3.9536
6560.45 3.9538
6560.50 3.9539
6560.55 3.9540
6560.60 3.9541
6560.65 3.9542
6560.70 3.9543
6560.75 3.9545
6560.80 3.9546
6560.85 3.9547
6560.90 3.9548
6560.95 3.9549
6561.00 3.9550
6561.05 3.9551
6561.10 3.9552
6561.15 3.9553
6561.20 3.9554
6561.25 3.9555
6561.30 3.9556
6561.35 3.9557
6561.40 3.9558
6561.45 3.9559
6561.50 3.9560
6561.55 3.9561
6561.60 3.9562
6561.65 3.9563
6561.70 3.9564
6561.75 3.9565
6561.80 3.9566
6561.85 3.9567
6561.90 3.9568
6561.95 3.9569
6562.00 3.9570
6562.05 3.9571
6562.10 3.9572
6562.15 3.9572
6562.20 3.9573
6562.25 3.9574
6562.30 3.9575
6562.35 3.9576
6562.40 3.9577
6562.45 3.9578
6562.50 3.9578
6562.55 3.9579
6562.60 3.9580
6562.65 3.9581
6562.70 3.9582
6562.75 3.9582
6562.80 3.9583
6562.85 3.9584
6562.90 3.9585
6562.95 3.9586
6563.00 3.9586
6563.05 3.9587
6563.10 3.9588
6563.15 3.9589
6563.20 3.9589
6563.25 3.9590
6563.30 3.9591
6563.35 3.9591
6563.40 3.9592
6563.45 3.9593
6563.50 3.9594
6563.55 3.9594
6563.60 3.9595
6563.65 3.9596
6563.70 3.9596
6563.75 3.9597
6563.80 3.9598
6563.85 3.9598
6563.90 3.9599
6563.95 3.9600
6564.00 3.9600
6564.05 3.9601
6564.10 3.9602
6564.15 3.9602
6564.20 3.9603
6564.25 3.9604
6564.30 3.9604
6564.35 3.9605
6564.40 3.9606
6564.45 3.9606
6564.50 3.9607
6564.55 3.9608
6564.60 3.9608
6564.65 3.9609
6564.70 3.9610
6564.75 3.9610
6564.80 3.9611
6564.85 3.9611
6564.90 3.9612
6564.95 3.9613
6565.00 3.9613
6565.05 3.9614
6565.10 3.9615
6565.15 3.9615
6565.20 3.9616
6565.25 3.9616
6565.30 3.9617
6565.35 3.9618
6565.40 3.9618
6565.45 3.9619
6565.50 3.9620
6565.55 3.9620
6565.60 3.9621
6565.65 3.9621
6565.70 3.9622
6565.75 3.9623
6565.80 3.9623
6565.85 3.9624
6565.90 3.9624
6565.95 3.9625
6566.00 3.9626
6566.05 3.9626
6566.10 3.9627
6566.15 3.9628
6566.20 3.9628
6566.25 3.9629
6566.30 3.9629
6566.35 3.9630
6566.40 3.9631
6566.45 3.9631
6566.50 3.9632
6566.55 3.9633
6566.60 3.9633
6566.65 3.9634
6566.70 3.9635
6566.75 3.9635
6566.80 3.9636
6566.85 3.9636
6566.90 3.9637
6566.95 3.9638
6567.00 3.9638
6567.05 3.9639
6567.10 3.9640
6567.15 3.9640
6567.20 3.9641
6567.25 3.9642
6567.30 3.9642
6567.35 3.9643
6567.40 3.9644
6567.45 3.9644
6567.50 3.9645
6567.55 3.9646
6567.60 3.9647
6567.65 3.9647
6567.70 3.9648
6567.75 3.9649
6567.80 3.9649
6567.85 3.9650
6567.90 3.9651
6567.95 3.9651
6568.00 3.9652
6568.05 3.9653
6568.10 3.9654
6568.15 3.9654
6568.20 3.9655
6568.25 3.9656
6568.30 3.9657
6568.35 3.9657
6568.40 3.9658
6568.45 3.9659
6568.50 3.9660
6568.55 3.9660
6568.60 3.9661
6568.65 3.9662
6568.70 3.9663
6568.75 3.9664
6568.80 3.9664
6568.85 3.9665
6568.90 3.9666
6568.95 3.9667
6569.00 3.9668
6569.05 3.9668
6569.10 3.9669
6569.15 3.9670
6569.20 3.9671
6569.25 3.9672
6569.30 3.9673
6569.35 3.9673
6569.40 3.9674
6569.45 3.9675
6569.50 3.9676
6569.55 3.9677
6569.60 3.9678
6569.65 3.9679
6569.70 3.9679
6569.75 3.9680
6569.80 3.9681
6569.85 3.9682
6569.90 3.9683
6569.95 3.9684
6570.00 3.9685
6570.05 3.9686
6570.10 3.9687
6570.15 3.9688
6570.20 3.9689
6570.25 3.9690
6570.30 3.9691
6570.35 3.9691
6570.40 3.9692
6570.45 3.9693
6570.50 3.9694
6570.55 3.9695
6570.60 3.9696
6570.65 3.9697
6570.70 3.9698
6570.75 3.9699
6570.80 3.9700
6570.85 3.9701
6570.90 3.9702
6570.95 3.9703
6571.00 3.9704
6571.05 3.9706
6571.10 3.9707
6571.15 3.9708
6571.20 3.9709
6571.25 3.9710
6571.30 3.9711
6571.35 3.9712
6571.40 3.9713
6571.45 3.9714
6571.50 3.9715
6571.55 3.9716
6571.60 3.9717
6571.65 3.9718
6571.70 3.9720
6571.75 3.9721
6571.80 3.9722
6571.85 3.9723
6571.90 3.9724
6571.95 3.9725
6572.00 3.9726
6572.05 3.9727
6572.10 3.9729
6572.15 3.9730
6572.20 3.9731
6572.25 3.9732
6572.30 3.9733
6572.35 3.9734
6572.40 3.9736
6572.45 3.9737
6572.50 3.9738
6572.55 3.9739
6572.60 3.9740
6572.65 3.9742
6572.70 3.9743
6572.75 3.9744
6572.80 3.9745
6572.85 3.9746
6572.90 3.9748
6572.95 3.9749
6573.00 3.9750
6573.05 3.9751
6573.10 3.9753
6573.15 3.9754
6573.20 3.9755
6573.25 3.9756
6573.30 3.9758
6573.35 3.9759
6573.40 3.9760
6573.45 3.9761
6573.50 3.9763
6573.55 3.9764
6573.60 3.9765
6573.65 3.9766
6573.70 3.9768
6573.75 3.9769
6573.80 3.9770
6573.85 3.9772
6573.90 3.9773
6573.95 3.9774
6574.00 3.9775
6574.05 3.9777
6574.10 3.9778
6574.15 3.9779
6574.20 3.9781
6574.25 3.9782
6574.30 3.9783
6574.35 3.9785
6574.40 3.9786
6574.45 3.9787
6574.50 3.9789
6574.55 3.9790
6574.60 3.9791
6574.65 3.9793
6574.70 3.9794
6574.75 3.9795
6574.80 3.9797
6574.85 3.9798
6574.90 3.9799
6574.95 3.9801
6575.00 3.9802
6575.05 3.9803
6575.10 3.9805
6575.15 3.9806
6575.20 3.9807
6575.25 3.9809
6575.30 3.9810
6575.35 3.9811
6575.40 3.9813
6575.45 3.9814
6575.50 3.9815
6575.55 3.9817
6575.60 3.9818
6575.65 3.9819
6575.70 3.9821
6575.75 3.9822
6575.80 3.9823
6575.85 3.9825
6575.90 3.9826
6575.95 3.9827
6576.00 3.9829
6576.05 3.9830
6576.10 3.9831
6576.15 3.9833
6576.20 3.9834
6576.25 3.9836
6576.30 3.9837
6576.35 3.9838
6576.40 3.9840
6576.45 3.9841
6576.50 3.9842
6576.55 3.9844
6576.60 3.9845
6576.65 3.9846
6576.70 3.9848
6576.75 3.9849
6576.80 3.9850
6576.85 3.9852
6576.90 3.9853
6576.95 3.9854
6577.00 3.9855
6577.05 3.9857
6577.10 3.9858
6577.15 3.9859
6577.20 3.9861
6577.25 3.9862
6577.30 3.9863
6577.35 3.9865
6577.40 3.9866
6577.45 3.9867
6577.50 3.9869
6577.55 3.9870
6577.60 3.9871
6577.65 3.9872
6577.70 3.9874
6577.75 3.9875
6577.80 3.9876
6577.85 3.9878
6577.90 3.9879
6577.95 3.9880
6578.00 3.9881
6578.05 3.9883
6578.10 3.9884
6578.15 3.9885
6578.20 3.9886
6578.25 3.9888
6578.30 3.9889
6578.35 3.9890
6578.40 3.9891
6578.45 3.9893
6578.50 3.9894
6578.55 3.9895
6578.60 3.9896
6578.65 3.9897
6578.70 3.9899
6578.75 3.9900
6578.80 3.9901
6578.85 3.9902
6578.90 3.9904
6578.95 3.9905
6579.00 3.9906
6579.05 3.9907
6579.10 3.9908
6579.15 3.9910
6579.20 3.9911
6579.25 3.9912
6579.30 3.9913
6579.35 3.9914
6579.40 3.9915
6579.45 3.9917
6579.50 3.9918
6579.55 3.9919
6579.60 3.9920
6579.65 3.9921
6579.70 3.9922
6579.75 3.9923
6579.80 3.9925
6579.85 3.9926
6579.90 3.9927
6579.95 3.9928
6580.00 3.9929
6580.05 3.9930
6580.10 3.9931
6580.15 3.9932
6580.20 3.9933
6580.25 3.9935
6580.30 3.9936
6580.35 3.9937
6580.40 3.9938
6580.45 3.9939
6580.50 3.9940
6580.55 3.9941
6580.60 3.9942
6580.65 3.9943
6580.70 3.9944
6580.75 3.9945
6580.80 3.9946
6580.85 3.9947
6580.90 3.9948
6580.95 3.9949
6581.00 3.9950
6581.05 3.9951
6581.10 3.9953
6581.15 3.9954
6581.20 3.9955
6581.25 3.9956
6581.30 3.9957
6581.35 3.9958
6581.40 3.9959
6581.45 3.9960
6581.50 3.9961
6581.55 3.9962
6581.60 3.9963
6581.65 3.9964
6581.70 3.9965
6581.75 3.9966
6581.80 3.9966
6581.85 3.9967
6581.90 3.9968
6581.95 3.9969
6582.00 3.9970
6582.05 3.9971
6582.10 3.9972
6582.15 3.9973
6582.20 3.9974
6582.25 3.9975
6582.30 3.9976
6582.35 3.9977
6582.40 3.9978
6582.45 3.9979
6582.50 3.9980
6582.55 3.9981
6582.60 3.9982
6582.65 3.9983
6582.70 3.9983
6582.75 3.9984
6582.80 3.9985
6582.85 3.9986
6582.90 3.9987
6582.95 3.9988
6583.00 3.9989
6583.05 3.9990
6583.10 3.9991
6583.15 3.9992
6583.20 3.9992
6583.25 3.9993
6583.30 3.9994
6583.35 3.9995
6583.40 3.9996
6583.45 3.9997
6583.50 3.9998
6583.55 3.9999
6583.60 4.0000
6583.65 4.0000
6583.70 4.0001
6583.75 4.0002
6583.80 4.0003
6583.85 4.0004
6583.90 4.0005
6583.95 4.0006
6584.00 4.0006
6584.05 4.0007
6584.10 4.0008
6584.15 4.0009
6584.20 4.0010
6584.25 4.0011
6584.30 4.0012
6584.35 4.0012
6584.40 4.0013
6584.45 4.0014
6584.50 4.0015
6584.55 4.0016
6584.60 4.0017
6584.65 4.0017
6584.70 4.0018
6584.75 4.0019
6584.80 4.0020
6584.85 4.0021
6584.90 4.0022
6584.95 4.0022
6585.00 4.0023
6585.05 4.0024
6585.10 4.0025
6585.15 4.0026
6585.20 4.0027
6585.25 4.0027
6585.30 4.0028
6585.35 4.0029
6585.40 4.0030
6585.45 4.0031
6585.50 4.0032
6585.55 4.0032
6585.60 4.0033
6585.65 4.0034
6585.70 4.0035
6585.75 4.0036
6585.80 4.0037
6585.85 4.0037
6585.90 4.0038
6585.95 4.0039
6586.00 4.0040
6586.05 4.0041
6586.10 4.0041
6586.15 4.0042
6586.20 4.0043
6586.25 4.0044
6586.30 4.0045
6586.35 4.0046
6586.40 4.0046
6586.45 4.0047
6586.50 4.0048
6586.55 4.0049
6586.60 4.0050
6586.65 4.0050
6586.70 4.0051
6586.75 4.0052
6586.80 4.0053
6586.85 4.0054
6586.90 4.0055
6586.95 4.0055
6587.00 4.0056
6587.05 4.0057
6587.10 4.0058
6587.15 4.0059
6587.20 4.0060
6587.25 4.0060
6587.30 4.0061
6587.35 4.0062
6587.40 4.0063
6587.45 4.0064
6587.50 4.0064
6587.55 4.0065
6587.60 4.0066
6587.65 4.0067
6587.70 4.0068
6587.75 4.0069
6587.80 4.0069
6587.85 4.0070
6587.90 4.0071
6587.95 4.0072
6588.00 4.0073
6588.05 4.0074
6588.10 4.0074
6588.15 4.0075
6588.20 4.0076
6588.25 4.0077
6588.30 4.0078
6588.35 4.0079
6588.40 4.0079
6588.45 4.0080
6588.50 4.0081
6588.55 4.0082
6588.60 4.0083
6588.65 4.0084
6588.70 4.0084
6588.75 4.0085
6588.80 4.0086
6588.85 4.0087
6588.90 4.0088
6588.95 4.0089
6589.00 4.0089
6589.05 4.0090
6589.10 4.0091
6589.15 4.0092
6589.20 4.0093
6589.25 4.0094
6589.30 4.0094
6589.35 4.0095
6589.40 4.0096
6589.45 4.0097
6589.50 4.0098
6589.55 4.0099
6589.60 4.0100
6589.65 4.0100
6589.70 4.0101
6589.75 4.0102
6589.80 4.0103
6589.85 4.0104
6589.90 4.0105
6589.95 4.0106
6590.00 4.0106
6590.05 4.0107
6590.10 4.0108
6590.15 4.0109
6590.20 4.0110
6590.25 4.0111
6590.30 4.0112
6590.35 4.0112
6590.40 4.0113
6590.45 4.0114
6590.50 4.0115
6590.55 4.0116
6590.60 4.0117
6590.65 4.0118
6590.70 4.0118
6590.75 4.0119
6590.80 4.0120
6590.85 4.0121
6590.90 4.0122
6590.95 4.0123
6591.00 4.0124
6591.05 4.0125
6591.10 4.0125
6591.15 4.0126
6591.20 4.0127
6591.25 4.0128
6591.30 4.0129
6591.35 4.0130
6591.40 4.0131
6591.45 4.0132
6591.50 4.0132
6591.55 4.0133
6591.60 4.0134
6591.65 4.0135
6591.70 4.0136
6591.75 4.0137
6591.80 4.0138
6591.85 4.0139
6591.90 4.0140
6591.95 4.0140
6592.00 4.0141
6592.05 4.0142
6592.10 4.0143
6592.15 4.0144
6592.20 4.0145
6592.25 4.0146
6592.30 4.0147
6592.35 4.0148
6592.40 4.0149
6592.45 4.0150
6592.50 4.0150
6592.55 4.0151
6592.60 4.0152
6592.65 4.0153
6592.70 4.0154
6592.75 4.0155
6592.80 4.0156
6592.85 4.0157
6592.90 4.0158
6592.95 4.0159
6593.00 4.0160
6593.05 4.0161
6593.10 4.0161
6593.15 4.0162
6593.20 4.0163
6593.25 4.0164
6593.30 4.0165
6593.35 4.0166
6593.40 4.0167
6593.45 4.0168
6593.50 4.0169
6593.55 4.0170
6593.60 4.0171
6593.65 4.0172
6593.70 4.0173
6593.75 4.0174
6593.80 4.0175
6593.85 4.0176
6593.90 4.0177
6593.95 4.0178
6594.00 4.0179
6594.05 4.0180
6594.10 4.0181
6594.15 4.0182
6594.20 4.0183
6594.25 4.0183
6594.30 4.0184
6594.35 4.0185
6594.40 4.0186
6594.45 4.0187
6594.50 4.0188
6594.55 4.0189
6594.60 4.0190
6594.65 4.0191
6594.70 4.0192
6594.75 4.0193
6594.80 4.0194
6594.85 4.0195
6594.90 4.0197
6594.95 4.0198
6595.00 4.0199
6595.05 4.0200
6595.10 4.0201
6595.15 4.0202
6595.20 4.0203
6595.25 4.0204
6595.30 4.0205
6595.35 4.0206
6595.40 4.0207
6595.45 4.0208
6595.50 4.0209
6595.55 4.0210
6595.60 4.0211
6595.65 4.0212
6595.70 4.0213
6595.75 4.0214
6595.80 4.0215
6595.85 4.0216
6595.90 4.0218
6595.95 4.0219
6596.00 4.0220
6596.05 4.0221
6596.10 4.0222
6596.15 4.0223
6596.20 4.0224
6596.25 4.0225
6596.30 4.0226
6596.35 4.0227
6596.40 4.0229
6596.45 4.0230
6596.50 4.0231
6596.55 4.0232
6596.60 4.0233
6596.65 4.0234
6596.70 4.0235
6596.75 4.0237
6596.80 4.0238
6596.85 4.0239
6596.90 4.0240
6596.95 4.0241
6597.00 4.0242
6597.05 4.0244
6597.10 4.0245
6597.15 4.0246
6597.20 4.0247
6597.25 4.0248
6597.30 4.0250
6597.35 4.0251
6597.40 4.0252
6597.45 4.0253
6597.50 4.0254
6597.55 4.0256
6597.60 4.0257
6597.65 4.0258
6597.70 4.0259
6597.75 4.0260
6597.80 4.0262
6597.85 4.0263
6597.90 4.0264
6597.95 4.0265
6598.00 4.0267
6598.05 4.0268
6598.10 4.0269
6598.15 4.0271
6598.20 4.0272
6598.25 4.0273
6598.30 4.0274
6598.35 4.0276
6598.40 4.0277
6598.45 4.0278
6598.50 4.0280
6598.55 4.0281
6598.60 4.0282
6598.65 4.0283
6598.70 4.0285
6598.75 4.0286
6598.80 4.0287
6598.85 4.0289
6598.90 4.0290
6598.95 4.0291
6599.00 4.0293
6599.05 4.0294
6599.10 4.0295
6599.15 4.0297
6599.20 4.0298
6599.25 4.0300
6599.30 4.0301
6599.35 4.0302
6599.40 4.0304
6599.45 4.0305
6599.50 4.0307
6599.55 4.0308
6599.60 4.0309
6599.65 4.0311
6599.70 4.0312
6599.75 4.0314
6599.80 4.0315
6599.85 4.0316
6599.90 4.0318
6599.95 4.0319
6600.00 4.0321
6600.05 4.0322
6600.10 4.0324
6600.15 4.0325
6600.20 4.0326
6600.25 4.0328
6600.30 4.0329
6600.35 4.0331
6600.40 4.0332
6600.45 4.0334
6600.50 4.0335
6600.55 4.0337
6600.60 4.0338
6600.65 4.0340
6600.70 4.0341
6600.75 4.0343
6600.80 4.0344
6600.85 4.0346
6600.90 4.0347
6600.95 4.0349
6601.00 4.0350
6601.05 4.0352
6601.10 4.0353
6601.15 4.0355
6601.20 4.0356
6601.25 4.0358
6601.30 4.0359
6601.35 4.0361
6601.40 4.0363
6601.45 4.0364
6601.50 4.0366
6601.55 4.0367
6601.60 4.0369
6601.65 4.0370
6601.70 4.0372
6601.75 4.0373
6601.80 4.0375
6601.85 4.0377
6601.90 4.0378
6601.95 4.0380
6602.00 4.0381
6602.05 4.0383
6602.10 4.0384
6602.15 4.0386
6602.20 4.0388
6602.25 4.0389
6602.30 4.0391
6602.35 4.0392
6602.40 4.0394
6602.45 4.0396
6602.50 4.0397
6602.55 4.0399
6602.60 4.0401
6602.65 4.0402
6602.70 4.0404
6602.75 4.0405
6602.80 4.0407
6602.85 4.0409
6602.90 4.0410
6602.95 4.0412
6603.00 4.0414
6603.05 4.0415
6603.10 4.0417
6603.15 4.0419
6603.20 4.0420
6603.25 4.0422
6603.30 4.0423
6603.35 4.0425
6603.40 4.0427
6603.45 4.0428
6603.50 4.0430
6603.55 4.0432
6603.60 4.0433
6603.65 4.0435
6603.70 4.0437
6603.75 4.0438
6603.80 4.0440
6603.85 4.0442
6603.90 4.0443
6603.95 4.0445
6604.00 4.0447
6604.05 4.0448
6604.10 4.0450
6604.15 4.0452
6604.20 4.0454
6604.25 4.0455
6604.30 4.0457
6604.35 4.0459
6604.40 4.0460
6604.45 4.0462
6604.50 4.0464
6604.55 4.0465
6604.60 4.0467
6604.65 4.0469
6604.70 4.0470
6604.75 4.0472
6604.80 4.0474
6604.85 4.0475
6604.90 4.0477
6604.95 4.0479
6605.00 4.0480
6605.05 4.0482
6605.10 4.0484
6605.15 4.0486
6605.20 4.0487
6605.25 4.0489
6605.30 4.0491
6605.35 4.0492
6605.40 4.0494
6605.45 4.0496
6605.50 4.0497
6605.55 4.0499
6605.60 4.0501
6605.65 4.0502
6605.70 4.0504
6605.75 4.0506
6605.80 4.0508
6605.85 4.0509
6605.90 4.0511
6605.95 4.0513
6606.00 4.0514
6606.05 4.0516
6606.10 4.0518
6606.15 4.0519
6606.20 4.0521
6606.25 4.0523
6606.30 4.0524
6606.35 4.0526
6606.40 4.0528
6606.45 4.0529
6606.50 4.0531
6606.55 4.0533
6606.60 4.0535
6606.65 4.0536
6606.70 4.0538
6606.75 4.0540
6606.80 4.0541
6606.85 4.0543
6606.90 4.0545
6606.95 4.0546
6607.00 4.0548
6607.05 4.0550
6607.10 4.0551
6607.15 4.0553
6607.20 4.0555
6607.25 4.0556
6607.30 4.0558
6607.35 4.0560
6607.40 4.0561
6607.45 4.0563
6607.50 4.0565
6607.55 4.0566
6607.60 4.0568
6607.65 4.0569
6607.70 4.0571
6607.75 4.0573
6607.80 4.0574
6607.85 4.0576
6607.90 4.0578
6607.95 4.0579
6608.00 4.0581
6608.05 4.0583
6608.10 4.0584
6608.15 4.0586
6608.20 4.0587
6608.25 4.0589
6608.30 4.0591
6608.35 4.0592
6608.40 4.0594
6608.45 4.0596
6608.50 4.0597
6608.55 4.0599
6608.60 4.0600
6608.65 4.0602
6608.70 4.0604
6608.75 4.0605
6608.80 4.0607
6608.85 4.0608
6608.90 4.0610
6608.95 4.0612
6609.00 4.0613
6609.05 4.0615
6609.10 4.0616
6609.15 4.0618
6609.20 4.0619
6609.25 4.0621
6609.30 4.0623
6609.35 4.0624
6609.40 4.0626
6609.45 4.0627
6609.50 4.0629
6609.55 4.0630
6609.60 4.0632
6609.65 4.0633
6609.70 4.0635
6609.75 4.0636
6609.80 4.0638
6609.85 4.0640
6609.90 4.0641
6609.95 4.0643
6610.00 4.0644
6610.05 4.0646
6610.10 4.0647
6610.15 4.0649
6610.20 4.0650
6610.25 4.0652
6610.30 4.0653
6610.35 4.0655
6610.40 4.0656
6610.45 4.0658
6610.50 4.0659
6610.55 4.0661
6610.60 4.0662
6610.65 4.0664
6610.70 4.0665
6610.75 4.0667
6610.80 4.0668
6610.85 4.0670
6610.90 4.0671
6610.95 4.0672
6611.00 4.0674
6611.05 4.0675
6611.10 4.0677
6611.15 4.0678
6611.20 4.0680
6611.25 4.0681
6611.30 4.0683
6611.35 4.0684
6611.40 4.0685
6611.45 4.0687
6611.50 4.0688
6611.55 4.0690
6611.60 4.0691
6611.65 4.0693
6611.70 4.0694
6611.75 4.0695
6611.80 4.0697
6611.85 4.0698
6611.90 4.0699
6611.95 4.0701
6612.00 4.0702
6612.05 4.0704
6612.10 4.0705
6612.15 4.0706
6612.20 4.0708
6612.25 4.0709
6612.30 4.0710
6612.35 4.0712
6612.40 4.0713
6612.45 4.0715
6612.50 4.0716
6612.55 4.0717
6612.60 4.0719
6612.65 4.0720
6612.70 4.0721
6612.75 4.0723
6612.80 4.0724
6612.85 4.0725
6612.90 4.0726
6612.95 4.0728
6613.00 4.0729
6613.05 4.0730
6613.10 4.0732
6613.15 4.0733
6613.20 4.0734
6613.25 4.0736
6613.30 4.0737
6613.35 4.0738
6613.40 4.0739
6613.45 4.0741
6613.50 4.0742
6613.55 4.0743
6613.60 4.0744
6613.65 4.0746
6613.70 4.0747
6613.75 4.0748
6613.80 4.0749
6613.85 4.0751
6613.90 4.0752
6613.95 4.0753
6614.00 4.0754
6614.05 4.0756
6614.10 4.0757
6614.15 4.0758
6614.20 4.0759
6614.25 4.0760
6614.30 4.0762
6614.35 4.0763
6614.40 4.0764
6614.45 4.0765
6614.50 4.0766
6614.55 4.0768
6614.60 4.0769
6614.65 4.0770
6614.70 4.0771
6614.75 4.0772
6614.80 4.0774
6614.85 4.0775
6614.90 4.0776
6614.95 4.0777
6615.00 4.0778
6615.05 4.0779
6615.10 4.0781
6615.15 4.0782
6615.20 4.0783
6615.25 4.0784
6615.30 4.0785
6615.35 4.0786
6615.40 4.0787
6615.45 4.0788
6615.50 4.0790
6615.55 4.0791
6615.60 4.0792
6615.65 4.0793
6615.70 4.0794
6615.75 4.0795
6615.80 4.0796
6615.85 4.0797
6615.90 4.0798
6615.95 4.0799
6616.00 4.0801
6616.05 4.0802
6616.10 4.0803
6616.15 4.0804
6616.20 4.0805
6616.25 4.0806
6616.30 4.0807
6616.35 4.0808
6616.40 4.0809
6616.45 4.0810
6616.50 4.0811
6616.55 4.0812
6616.60 4.0813
6616.65 4.0814
6616.70 4.0815
6616.75 4.0816
6616.80 4.0818
6616.85 4.0819
6616.90 4.0820
6616.95 4.0821
6617.00 4.0822
6617.05 4.0823
6617.10 4.0824
6617.15 4.0825
6617.20 4.0826
6617.25 4.0827
6617.30 4.0828
6617.35 4.0829
6617.40 4.0830
6617.45 4.0831
6617.50 4.0832
6617.55 4.0833
6617.60 4.0834
6617.65 4.0835
6617.70 4.0836
6617.75 4.0837
6617.80 4.0838
6617.85 4.0839
6617.90 4.0840
6617.95 4.0841
6618.00 4.0842
6618.05 4.0843
6618.10 4.0844
6618.15 4.0845
6618.20 4.0845
6618.25 4.0846
6618.30 4.0847
6618.35 4.0848
6618.40 4.0849
6618.45 4.0850
6618.50 4.0851
6618.55 4.0852
6618.60 4.0853
6618.65 4.0854
6618.70 4.0855
6618.75 4.0856
6618.80 4.0857
6618.85 4.0858
6618.90 4.0859
6618.95 4.0860
6619.00 4.0861
6619.05 4.0862
6619.10 4.0862
6619.15 4.0863
6619.20 4.0864
6619.25 4.0865
6619.30 4.0866
6619.35 4.0867
6619.40 4.0868
6619.45 4.0869
6619.50 4.0870
6619.55 4.0871
6619.60 4.0872
6619.65 4.0873
6619.70 4.0873
6619.75 4.0874
6619.80 4.0875
6619.85 4.0876
6619.90 4.0877
6619.95 4.0878
6620.00 4.0879
6620.05 4.0880
6620.10 4.0881
6620.15 4.0882
6620.20 4.0882
6620.25 4.0883
6620.30 4.0884
6620.35 4.0885
6620.40 4.0886
6620.45 4.0887
6620.50 4.0888
6620.55 4.0889
6620.60 4.0890
6620.65 4.0891
6620.70 4.0891
6620.75 4.0892
6620.80 4.0893
6620.85 4.0894
6620.90 4.0895
6620.95 4.0896
6621.00 4.0897
6621.05 4.0898
6621.10 4.0898
6621.15 4.0899
6621.20 4.0900
6621.25 4.0901
6621.30 4.0902
6621.35 4.0903
6621.40 4.0904
6621.45 4.0905
6621.50 4.0905
6621.55 4.0906
6621.60 4.0907
6621.65 4.0908
6621.70 4.0909
6621.75 4.0910
6621.80 4.0911
6621.85 4.0911
6621.90 4.0912
6621.95 4.0913
6622.00 4.0914
6622.05 4.0915
6622.10 4.0916
6622.15 4.0917
6622.20 4.0918
6622.25 4.0918
6622.30 4.0919
6622.35 4.0920
6622.40 4.0921
6622.45 4.0922
6622.50 4.0923
6622.55 4.0924
6622.60 4.0924
6622.65 4.0925
6622.70 4.0926
6622.75 4.0927
6622.80 4.0928
6622.85 4.0929
6622.90 4.0930
6622.95 4.0930
6623.00 4.0931
6623.05 4.0932
6623.10 4.0933
6623.15 4.0934
6623.20 4.0935
6623.25 4.0936
6623.30 4.0936
6623.35 4.0937
6623.40 4.0938
6623.45 4.0939
6623.50 4.0940
6623.55 4.0941
6623.60 4.0941
6623.65 4.0942
6623.70 4.0943
6623.75 4.0944
6623.80 4.0945
6623.85 4.0946
6623.90 4.0947
6623.95 4.0947
6624.00 4.0948
6624.05 4.0949
6624.10 4.0950
6624.15 4.0951
6624.20 4.0952
6624.25 4.0953
6624.30 4.0953
6624.35 4.0954
6624.40 4.0955
6624.45 4.0956
6624.50 4.0957
6624.55 4.0958
6624.60 4.0958
6624.65 4.0959
6624.70 4.0960
6624.75 4.0961
6624.80 4.0962
6624.85 4.0963
6624.90 4.0964
6624.95 4.0964
6625.00 4.0965
6625.05 4.0966
6625.10 4.0967
6625.15 4.0968
6625.20 4.0969
6625.25 4.0970
6625.30 4.0970
6625.35 4.0971
6625.40 4.0972
6625.45 4.0973
6625.50 4.0974
6625.55 4.0975
6625.60 4.0975
6625.65 4.0976
6625.70 4.0977
6625.75 4.0978
6625.80 4.0979
6625.85 4.0980
6625.90 4.0981
6625.95 4.0981
6626.00 4.0982
6626.05 4.0983
6626.10 4.0984
6626.15 4.0985
6626.20 4.0986
6626.25 4.0986
6626.30 4.0987
6626.35 4.0988
6626.40 4.0989
6626.45 4.0990
6626.50 4.0991
6626.55 4.0992
6626.60 4.0992
6626.65 4.0993
6626.70 4.0994
6626.75 4.0995
6626.80 4.0996
6626.85 4.0997
6626.90 4.0998
6626.95 4.0998
6627.00 4.0999
6627.05 4.1000
6627.10 4.1001
6627.15 4.1002
6627.20 4.1003
6627.25 4.1003
6627.30 4.1004
6627.35 4.1005
6627.40 4.1006
6627.45 4.1007
6627.50 4.1008
6627.55 4.1009
6627.60 4.1009
6627.65 4.1010
6627.70 4.1011
6627.75 4.1012
6627.80 4.1013
6627.85 4.1014
6627.90 4.1015
6627.95 4.1015
6628.00 4.1016
6628.05 4.1017
6628.10 4.1018
6628.15 4.1019
6628.20 4.1020
6628.25 4.1021
6628.30 4.1021
6628.35 4.1022
6628.40 4.1023
6628.45 4.1024
6628.50 4.1025
6628.55 4.1026
6628.60 4.1027
6628.65 4.1028
6628.70 4.1028
6628.75 4.1029
6628.80 4.1030
6628.85 4.1031
6628.90 4.1032
6628.95 4.1033
6629.00 4.1034
6629.05 4.1035
6629.10 4.1035
6629.15 4.1036
6629.20 4.1037
6629.25 4.1038
6629.30 4.1039
6629.35 4.1040
6629.40 4.1041
6629.45 4.1042
6629.50 4.1043
6629.55 4.1043
6629.60 4.1044
6629.65 4.1045
6629.70 4.1046
6629.75 4.1047
6629.80 4.1048
6629.85 4.1049
6629.90 4.1050
6629.95 4.1051
6630.00 4.1052
6630.05 4.1052
6630.10 4.1053
6630.15 4.1054
6630.20 4.1055
6630.25 4.1056
6630.30 4.1057
6630.35 4.1058
6630.40 4.1059
6630.45 4.1060
6630.50 4.1061
6630.55 4.1062
6630.60 4.1063
6630.65 4.1063
6630.70 4.1064
6630.75 4.1065
6630.80 4.1066
6630.85 4.1067
6630.90 4.1068
6630.95 4.1069
6631.00 4.1070
6631.05 4.1071
6631.10 4.1072
6631.15 4.1073
6631.20 4.1074
6631.25 4.1075
6631.30 4.1076
6631.35 4.1077
6631.40 4.1078
6631.45 4.1079
6631.50 4.1080
6631.55 4.1081
6631.60 4.1082
6631.65 4.1083
6631.70 4.1084
6631.75 4.1085
6631.80 4.1086
6631.85 4.1087
6631.90 4.1088
6631.95 4.1089
6632.00 4.1090
6632.05 4.1091
6632.10 4.1092
6632.15 4.1093
6632.20 4.1094
6632.25 4.1095
6632.30 4.1096
6632.35 4.1097
6632.40 4.1098
6632.45 4.1099
6632.50 4.1100
6632.55 4.1101
6632.60 4.1102
6632.65 4.1103
6632.70 4.1104
6632.75 4.1105
6632.80 4.1106
6632.85 4.1107
6632.90 4.1108
6632.95 4.1109
6633.00 4.1110
6633.05 4.1111
6633.10 4.1112
6633.15 4.1114
6633.20 4.1115
6633.25 4.1116
6633.30 4.1117
6633.35 4.1118
6633.40 4.1119
6633.45 4.1120
6633.50 4.1121
6633.55 4.1122
6633.60 4.1124
6633.65 4.1125
6633.70 4.1126
6633.75 4.1127
6633.80 4.1128
6633.85 4.1129
6633.90 4.1130
6633.95 4.1132
6634.00 4.1133
6634.05 4.1134
6634.10 4.1135
6634.15 4.1136
6634.20 4.1137
6634.25 4.1139
6634.30 4.1140
6634.35 4.1141
6634.40 4.1142
6634.45 4.1143
6634.50 4.1144
6634.55 4.1146
6634.60 4.1147
6634.65 4.1148
6634.70 4.1149
6634.75 4.1151
6634.80 4.1152
6634.85 4.1153
6634.90 4.1154
6634.95 4.1156
6635.00 4.1157
6635.05 4.1158
6635.10 4.1159
6635.15 4.1161
6635.20 4.1162
6635.25 4.1163
6635.30 4.1164
6635.35 4.1166
6635.40 4.1167
6635.45 4.1168
6635.50 4.1170
6635.55 4.1171
6635.60 4.1172
6635.65 4.1173
6635.70 4.1175
6635.75 4.1176
6635.80 4.1177
6635.85 4.1179
6635.90 4.1180
6635.95 4.1181
6636.00 4.1183
6636.05 4.1184
6636.10 4.1185
6636.15 4.1187
6636.20 4.1188
6636.25 4.1190
6636.30 4.1191
6636.35 4.1192
6636.40 4.1194
6636.45 4.1195
6636.50 4.1196
6636.55 4.1198
6636.60 4.1199
6636.65 4.1201
6636.70 4.1202
6636.75 4.1203
6636.80 4.1205
6636.85 4.1206
6636.90 4.1208
6636.95 4.1209
6637.00 4.1211
6637.05 4.1212
6637.10 4.1213
6637.15 4.1215
6637.20 4.1216
6637.25 4.1218
6637.30 4.1219
6637.35 4.1221
6637.40 4.1222
6637.45 4.1224
6637.50 4.1225
6637.55 4.1226
6637.60 4.1228
6637.65 4.1229
6637.70 4.1231
6637.75 4.1232
6637.80 4.1234
6637.85 4.1235
6637.90 4.1237
6637.95 4.1238
6638.00 4.1240
6638.05 4.1241
6638.10 4.1243
6638.15 4.1244
6638.20 4.1246
6638.25 4.1247
6638.30 4.1249
6638.35 4.1250
6638.40 4.1252
6638.45 4.1253
6638.50 4.1255
6638.55 4.1256
6638.60 4.1258
6638.65 4.1259
6638.70 4.1261
6638.75 4.1262
6638.80 4.1264
6638.85 4.1265
6638.90 4.1267
6638.95 4.1268
6639.00 4.1270
6639.05 4.1272
6639.10 4.1273
6639.15 4.1275
6639.20 4.1276
6639.25 4.1278
6639.30 4.1279
6639.35 4.1281
6639.40 4.1282
6639.45 4.1284
6639.50 4.1285
6639.55 4.1287
6639.60 4.1288
6639.65 4.1290
6639.70 4.1291
6639.75 4.1293
6639.80 4.1294
6639.85 4.1296
6639.90 4.1297
6639.95 4.1299
6640.00 4.1300
6640.05 4.1302
6640.10 4.1303
6640.15 4.1305
6640.20 4.1306
6640.25 4.1308
6640.30 4.1309
6640.35 4.1311
6640.40 4.1312
6640.45 4.1314
6640.50 4.1315
6640.55 4.1317
6640.60 4.1318
6640.65 4.1320
6640.70 4.1321
6640.75 4.1323
6640.80 4.1324
6640.85 4.1326
6640.90 4.1327
6640.95 4.1329
6641.00 4.1330
6641.05 4.1331
6641.10 4.1333
6641.15 4.1334
6641.20 4.1336
6641.25 4.1337
6641.30 4.1339
6641.35 4.1340
6641.40 4.1341
6641.45 4.1343
6641.50 4.1344
6641.55 4.1346
6641.60 4.1347
6641.65 4.1348
6641.70 4.1350
6641.75 4.1351
6641.80 4.1352
6641.85 4.1354
6641.90 4.1355
6641.95 4.1356
6642.00 4.1358
6642.05 4.1359
6642.10 4.1360
6642.15 4.1361
6642.20 4.1363
6642.25 4.1364
6642.30 4.1365
6642.35 4.1367
6642.40 4.1368
6642.45 4.1369
6642.50 4.1370
6642.55 4.1371
6642.60 4.1373
6642.65 4.1374
6642.70 4.1375
6642.75 4.1376
6642.80 4.1377
6642.85 4.1378
6642.90 4.1380
6642.95 4.1381
6643.00 4.1382
6643.05 4.1383
6643.10 4.1384
6643.15 4.1385
6643.20 4.1386
6643.25 4.1387
6643.30 4.1388
6643.35 4.1389
6643.40 4.1390
6643.45 4.1391
6643.50 4.1392
6643.55 4.1393
6643.60 4.1394
6643.65 4.1395
6643.70 4.1396
6643.75 4.1397
6643.80 4.1398
6643.85 4.1399
6643.90 4.1400
6643.95 4.1400
6644.00 4.1401
6644.05 4.1402
6644.10 4.1403
6644.15 4.1404
6644.20 4.1404
6644.25 4.1405
6644.30 4.1406
6644.35 4.1407
6644.40 4.1407
6644.45 4.1408
6644.50 4.1409
6644.55 4.1409
6644.60 4.1410
6644.65 4.1410
6644.70 4.1411
6644.75 4.1412
6644.80 4.1412
6644.85 4.1413
6644.90 4.1413
6644.95 4.1414
6645.00 4.1414
6645.05 4.1415
6645.10 4.1415
6645.15 4.1416
6645.20 4.1416
6645.25 4.1416
6645.30 4.1417
6645.35 4.1417
6645.40 4.1417
6645.45 4.1418
6645.50 4.1418
6645.55 4.1418
6645.60 4.1419
6645.65 4.1419
6645.70 4.1419
6645.75 4.1419
6645.80 4.1419
6645.85 4.1419
6645.90 4.1420
6645.95 4.1420
6646.00 4.1420
6646.05 4.1420
6646.10 4.1420
6646.15 4.1420
6646.20 4.1420
6646.25 4.1420
6646.30 4.1420
6646.35 4.1420
6646.40 4.1419
6646.45 4.1419
6646.50 4.1419
6646.55 4.1419
6646.60 4.1419
6646.65 4.1419
6646.70 4.1418
6646.75 4.1418
6646.80 4.1418
6646.85 4.1417
6646.90 4.1417
6646.95 4.1417
6647.00 4.1416
6647.05 4.1416
6647.10 4.1415
6647.15 4.1415
6647.20 4.1414
6647.25 4.1414
6647.30 4.1413
6647.35 4.1413
6647.40 4.1412
6647.45 4.1412
6647.50 4.1411
6647.55 4.1410
6647.60 4.1410
6647.65 4.1409
6647.70 4.1408
6647.75 4.1407
6647.80 4.1407
6647.85 4.1406
6647.90 4.1405
6647.95 4.1404
6648.00 4.1403
6648.05 4.1402
6648.10 4.1401
6648.15 4.1400
6648.20 4.1399
6648.25 4.1398
6648.30 4.1397
6648.35 4.1396
6648.40 4.1395
6648.45 4.1394
6648.50 4.1393
6648.55 4.1392
6648.60 4.1390
6648.65 4.1389
6648.70 4.1388
6648.75 4.1387
6648.80 4.1385
6648.85 4.1384
6648.90 4.1383
6648.95 4.1381
6649.00 4.1380
6649.05 4.1378
6649.10 4.1377
6649.15 4.1375
6649.20 4.1374
6649.25 4.1372
6649.30 4.1371
6649.35 4.1369
6649.40 4.1368
6649.45 4.1366
6649.50 4.1364
6649.55 4.1363
6649.60 4.1361
6649.65 4.1359
6649.70 4.1357
6649.75 4.1356
6649.80 4.1354
6649.85 4.1352
6649.90 4.1350
6649.95 4.1348
6650.00 4.1346
6650.05 4.1344
6650.10 4.1342
6650.15 4.1340
6650.20 4.1338
6650.25 4.1336
6650.30 4.1334
6650.35 4.1332
6650.40 4.1330
6650.45 4.1328
6650.50 4.1326
6650.55 4.1324
6650.60 4.1321
6650.65 4.1319
6650.70 4.1317
6650.75 4.1315
6650.80 4.1312
6650.85 4.1310
6650.90 4.1308
6650.95 4.1305
6651.00 4.1303
6651.05 4.1300
6651.10 4.1298
6651.15 4.1295
6651.20 4.1293
6651.25 4.1290
6651.30 4.1288
6651.35 4.1285
6651.40 4.1283
6651.45 4.1280
6651.50 4.1277
6651.55 4.1275
6651.60 4.1272
6651.65 4.1269
6651.70 4.1267
6651.75 4.1264
6651.80 4.1261
6651.85 4.1258
6651.90 4.1256
6651.95 4.1253
6652.00 4.1250
6652.05 4.1247
6652.10 4.1244
6652.15 4.1241
6652.20 4.1238
6652.25 4.1235
6652.30 4.1232
6652.35 4.1230
6652.40 4.1227
6652.45 4.1223
6652.50 4.1220
6652.55 4.1217
6652.60 4.1214
6652.65 4.1211
6652.70 4.1208
6652.75 4.1205
6652.80 4.1202
6652.85 4.1199
6652.90 4.1196
6652.95 4.1192
6653.00 4.1189
6653.05 4.1186
6653.10 4.1183
6653.15 4.1179
6653.20 4.1176
6653.25 4.1173
6653.30 4.1170
6653.35 4.1166
6653.40 4.1163
6653.45 4.1160
6653.50 4.1156
6653.55 4.1153
6653.60 4.1149
6653.65 4.1146
6653.70 4.1143
6653.75 4.1139
6653.80 4.1136
6653.85 4.1132
6653.90 4.1129
6653.95 4.1125
6654.00 4.1122
6654.05 4.1118
6654.10 4.1115
6654.15 4.1111
6654.20 4.1108
6654.25 4.1104
6654.30 4.1100
6654.35 4.1097
6654.40 4.1093
6654.45 4.1090
6654.50 4.1086
6654.55 4.1082
6654.60 4.1079
6654.65 4.1075
6654.70 4.1071
6654.75 4.1068
6654.80 4.1064
6654.85 4.1060
6654.90 4.1057
6654.95 4.1053
6655.00 4.1049
6655.05 4.1046
6655.10 4.1042
6655.15 4.1038
6655.20 4.1034
6655.25 4.1031
6655.30 4.1027
6655.35 4.1023
6655.40 4.1019
6655.45 4.1016
6655.50 4.1012
6655.55 4.1008
6655.60 4.1004
6655.65 4.1000
6655.70 4.0997
6655.75 4.0993
6655.80 4.0989
6655.85 4.0985
6655.90 4.0981
6655.95 4.0978
6656.00 4.0974
6656.05 4.0970
6656.10 4.0966
6656.15 4.0962
6656.20 4.0958
6656.25 4.0955
6656.30 4.0951
6656.35 4.0947
6656.40 4.0943
6656.45 4.0939
6656.50 4.0935
6656.55 4.0932
6656.60 4.0928
6656.65 4.0924
6656.70 4.0920
6656.75 4.0916
6656.80 4.0912
6656.85 4.0908
6656.90 4.0905
6656.95 4.0901
6657.00 4.0897
6657.05 4.0893
6657.10 4.0889
6657.15 4.0885
6657.20 4.0881
6657.25 4.0878
6657.30 4.0874
6657.35 4.0870
6657.40 4.0866
6657.45 4.0862
6657.50 4.0858
6657.55 4.0855
6657.60 4.0851
6657.65 4.0847
6657.70 4.0843
6657.75 4.0839
6657.80 4.0835
6657.85 4.0832
6657.90 4.0828
6657.95 4.0824
6658.00 4.0820
6658.05 4.0816
6658.10 4.0813
6658.15 4.0809
6658.20 4.0805
6658.25 4.0801
6658.30 4.0797
6658.35 4.0794
6658.40 4.0790
6658.45 4.0786
6658.50 4.0782
6658.55 4.0779
6658.60 4.0775
6658.65 4.0771
6658.70 4.0767
6658.75 4.0764
6658.80 4.0760
6658.85 4.0756
6658.90 4.0753
6658.95 4.0749
6659.00 4.0745
6659.05 4.0741
6659.10 4.0738
6659.15 4.0734
6659.20 4.0730
6659.25 4.0727
6659.30 4.0723
6659.35 4.0719
6659.40 4.0716
6659.45 4.0712
6659.50 4.0709
6659.55 4.0705
6659.60 4.0701
6659.65 4.0698
6659.70 4.0694
6659.75 4.0691
6659.80 4.0687
6659.85 4.0683
6659.90 4.0680
6659.95 4.0676
6660.00 4.0673
6660.05 4.0669
6660.10 4.0666
6660.15 4.0662
6660.20 4.0659
6660.25 4.0655
6660.30 4.0652
6660.35 4.0648
6660.40 4.0645
6660.45 4.0641
6660.50 4.0638
6660.55 4.0634
6660.60 4.0631
6660.65 4.0628
6660.70 4.0624
6660.75 4.0621
6660.80 4.0617
6660.85 4.0614
6660.90 4.0611
6660.95 4.0607
6661.00 4.0604
6661.05 4.0600
6661.10 4.0597
6661.15 4.0594
6661.20 4.0590
6661.25 4.0587
6661.30 4.0584
6661.35 4.0581
6661.40 4.0577
6661.45 4.0574
6661.50 4.0571
6661.55 4.0567
6661.60 4.0564
6661.65 4.0561
6661.70 4.0558
6661.75 4.0554
6661.80 4.0551
6661.85 4.0548
6661.90 4.0545
6661.95 4.0542
6662.00 4.0538
6662.05 4.0535
6662.10 4.0532
6662.15 4.0529
6662.20 4.0526
6662.25 4.0523
6662.30 4.0520
6662.35 4.0516
6662.40 4.0513
6662.45 4.0510
6662.50 4.0507
6662.55 4.0504
6662.60 4.0501
6662.65 4.0498
6662.70 4.0495
6662.75 4.0492
6662.80 4.0489
6662.85 4.0486
6662.90 4.0483
6662.95 4.0480
6663.00 4.0477
6663.05 4.0474
6663.10 4.0471
6663.15 4.0468
6663.20 4.0465
6663.25 4.0462
6663.30 4.0459
6663.35 4.0456
6663.40 4.0453
6663.45 4.0450
6663.50 4.0447
6663.55 4.0444
6663.60 4.0441
6663.65 4.0438
6663.70 4.0435
6663.75 4.0432
6663.80 4.0429
6663.85 4.0426
6663.90 4.0423
6663.95 4.0420
6664.00 4.0418
6664.05 4.0415
6664.10 4.0412
6664.15 4.0409
6664.20 4.0406
6664.25 4.0403
6664.30 4.0400
6664.35 4.0398
6664.40 4.0395
6664.45 4.0392
6664.50 4.0389
6664.55 4.0386
6664.60 4.0383
6664.65 4.0380
6664.70 4.0378
6664.75 4.0375
6664.80 4.0372
6664.85 4.0369
6664.90 4.0366
6664.95 4.0364
6665.00 4.0361
6665.05 4.0358
6665.10 4.0355
6665.15 4.0352
6665.20 4.0350
6665.25 4.0347
6665.30 4.0344
6665.35 4.0341
6665.40 4.0338
6665.45 4.0336
6665.50 4.0333
6665.55 4.0330
6665.60 4.0327
6665.65 4.0324
6665.70 4.0322
6665.75 4.0319
6665.80 4.0316
6665.85 4.0313
6665.90 4.0310
6665.95 4.0308
6666.00 4.0305
6666.05 4.0302
6666.10 4.0299
6666.15 4.0297
6666.20 4.0294
6666.25 4.0291
6666.30 4.0288
6666.35 4.0285
6666.40 4.0283
6666.45 4.0280
6666.50 4.0277
6666.55 4.0274
6666.60 4.0271
6666.65 4.0269
6666.70 4.0266
6666.75 4.0263
6666.80 4.0260
6666.85 4.0257
6666.90 4.0255
6666.95 4.0252
6667.00 4.0249
6667.05 4.0246
6667.10 4.0243
6667.15 4.0241
6667.20 4.0238
6667.25 4.0235
6667.30 4.0232
6667.35 4.0229
6667.40 4.0226
6667.45 4.0224
6667.50 4.0221
6667.55 4.0218
6667.60 4.0215
6667.65 4.0212
6667.70 4.0209
6667.75 4.0206
6667.80 4.0204
6667.85 4.0201
6667.90 4.0198
6667.95 4.0195
6668.00 4.0192
6668.05 4.0189
6668.10 4.0186
6668.15 4.0183
6668.20 4.0180
6668.25 4.0178
6668.30 4.0175
6668.35 4.0172
6668.40 4.0169
6668.45 4.0166
6668.50 4.0163
6668.55 4.0160
6668.60 4.0157
6668.65 4.0154
6668.70 4.0151
6668.75 4.0148
6668.80 4.0145
6668.85 4.0142
6668.90 4.0139
6668.95 4.0136
6669.00 4.0133
6669.05 4.0130
6669.10 4.0127
6669.15 4.0124
6669.20 4.0121
6669.25 4.0118
6669.30 4.0115
6669.35 4.0112
6669.40 4.0109
6669.45 4.0106
6669.50 4.0103
6669.55 4.0100
6669.60 4.0097
6669.65 4.0093
6669.70 4.0090
6669.75 4.0087
6669.80 4.0084
6669.85 4.0081
6669.90 4.0078
6669.95 4.0075
6670.00 4.0072
6670.05 4.0068
6670.10 4.0065
6670.15 4.0062
6670.20 4.0059
6670.25 4.0056
6670.30 4.0053
6670.35 4.0049
6670.40 4.0046
6670.45 4.0043
6670.50 4.0040
6670.55 4.0037
6670.60 4.0033
6670.65 4.0030
6670.70 4.0027
6670.75 4.0024
6670.80 4.0020
6670.85 4.0017
6670.90 4.0014
6670.95 4.0011
6671.00 4.0007
6671.05 4.0004
6671.10 4.0001
6671.15 3.9997
6671.20 3.9994
6671.25 3.9991
6671.30 3.9987
6671.35 3.9984
6671.40 3.9981
6671.45 3.9977
6671.50 3.9974
6671.55 3.9971
6671.60 3.9967
6671.65 3.9964
6671.70 3.9961
6671.75 3.9957
6671.80 3.9954
6671.85 3.9950
6671.90 3.9947
6671.95 3.9944
6672.00 3.9940
6672.05 3.9937
6672.10 3.9933
6672.15 3.9930
6672.20 3.9927
6672.25 3.9923
6672.30 3.9920
6672.35 3.9916
6672.40 3.9913
6672.45 3.9909
6672.50 3.9906
6672.55 3.9902
6672.60 3.9899
6672.65 3.9895
6672.70 3.9892
6672.75 3.9888
6672.80 3.9885
6672.85 3.9881
6672.90 3.9878
6672.95 3.9874
6673.00 3.9871
6673.05 3.9867
6673.10 3.9864
6673.15 3.9860
6673.20 3.9857
6673.25 3.9853
6673.30 3.9850
6673.35 3.9846
6673.40 3.9843
6673.45 3.9839
6673.50 3.9836
6673.55 3.9832
6673.60 3.9829
6673.65 3.9825
6673.70 3.9822
6673.75 3.9818
6673.80 3.9815
6673.85 3.9811
6673.90 3.9807
6673.95 3.9804
6674.00 3.9800
6674.05 3.9797
6674.10 3.9793
6674.15 3.9790
6674.20 3.9786
6674.25 3.9783
6674.30 3.9779
6674.35 3.9776
6674.40 3.9772
6674.45 3.9769
6674.50 3.9765
6674.55 3.9761
6674.60 3.9758
6674.65 3.9754
6674.70 3.9751
6674.75 3.9747
6674.80 3.9744
6674.85 3.9740
6674.90 3.9737
6674.95 3.9733
6675.00 3.9730
6675.05 3.9726
6675.10 3.9723
6675.15 3.9719
6675.20 3.9716
6675.25 3.9712
6675.30 3.9709
6675.35 3.9705
6675.40 3.9702
6675.45 3.9698
6675.50 3.9695
6675.55 3.9691
6675.60 3.9688
6675.65 3.9684
6675.70 3.9681
6675.75 3.9677
6675.80 3.9674
6675.85 3.9670
6675.90 3.9667
6675.95 3.9664
6676.00 3.9660
6676.05 3.9657
6676.10 3.9653
6676.15 3.9650
6676.20 3.9647
6676.25 3.9643
6676.30 3.9640
6676.35 3.9636
6676.40 3.9633
6676.45 3.9630
6676.50 3.9626
6676.55 3.9623
6676.60 3.9620
6676.65 3.9616
6676.70 3.9613
6676.75 3.9610
6676.80 3.9606
6676.85 3.9603
6676.90 3.9600
6676.95 3.9597
6677.00 3.9593
6677.05 3.9590
6677.10 3.9587
6677.15 3.9584
6677.20 3.9580
6677.25 3.9577
6677.30 3.9574
6677.35 3.9571
6677.40 3.9568
6677.45 3.9565
6677.50 3.9561
6677.55 3.9558
6677.60 3.9555
6677.65 3.9552
6677.70 3.9549
6677.75 3.9546
6677.80 3.9543
6677.85 3.9540
6677.90 3.9537
6677.95 3.9534
6678.00 3.9531
6678.05 3.9528
6678.10 3.9525
6678.15 3.9522
6678.20 3.9519
6678.25 3.9516
6678.30 3.9513
6678.35 3.9510
6678.40 3.9507
6678.45 3.9504
6678.50 3.9501
6678.55 3.9498
6678.60 3.9496
6678.65 3.9493
6678.70 3.9490
6678.75 3.9487
6678.80 3.9484
6678.85 3.9482
6678.90 3.9479
6678.95 3.9476
6679.00 3.9473
6679.05 3.9471
6679.10 3.9468
6679.15 3.9465
6679.20 3.9463
6679.25 3.9460
6679.30 3.9457
6679.35 3.9455
6679.40 3.9452
6679.45 3.9450
6679.50 3.9447
6679.55 3.9445
6679.60 3.9442
6679.65 3.9440
6679.70 3.9437
6679.75 3.9435
6679.80 3.9432
6679.85 3.9430
6679.90 3.9427
6679.95 3.9425
6680.00 3.9423
6680.05 3.9420
6680.10 3.9418
6680.15 3.9416
6680.20 3.9413
6680.25 3.9411
6680.30 3.9409
6680.35 3.9407
6680.40 3.9404
6680.45 3.9402
6680.50 3.9400
6680.55 3.9398
6680.60 3.9396
6680.65 3.9394
6680.70 3.9392
6680.75 3.9389
6680.80 3.9387
6680.85 3.9385
6680.90 3.9383
6680.95 3.9381
6681.00 3.9379
6681.05 3.9377
6681.10 3.9376
6681.15 3.9374
6681.20 3.9372
6681.25 3.9370
6681.30 3.9368
6681.35 3.9366
6681.40 3.9364
6681.45 3.9363
6681.50 3.9361
6681.55 3.9359
6681.60 3.9357
6681.65 3.9356
6681.70 3.9354
6681.75 3.9352
6681.80 3.9351
6681.85 3.9349
6681.90 3.9348
6681.95 3.9346
6682.00 3.9344
6682.05 3.9343
6682.10 3.9341
6682.15 3.9340
6682.20 3.9339
6682.25 3.9337
6682.30 3.9336
6682.35 3.9334
6682.40 3.9333
6682.45 3.9332
6682.50 3.9330
6682.55 3.9329
6682.60 3.9328
6682.65 3.9326
6682.70 3.9325
6682.75 3.9324
6682.80 3.9323
6682.85 3.9322
6682.90 3.9320
6682.95 3.9319
6683.00 3.9318
6683.05 3.9317
6683.10 3.9316
6683.15 3.9315
6683.20 3.9314
6683.25 3.9313
6683.30 3.9312
6683.35 3.9311
6683.40 3.9310
6683.45 3.9309
6683.50 3.9308
6683.55 3.9308
6683.60 3.9307
6683.65 3.9306
6683.70 3.9305
6683.75 3.9304
6683.80 3.9304
6683.85 3.9303
6683.90 3.9302
6683.95 3.9302
6684.00 3.9301
6684.05 3.9300
6684.10 3.9300
6684.15 3.9299
6684.20 3.9298
6684.25 3.9298
6684.30 3.9297
6684.35 3.9297
6684.40 3.9296
6684.45 3.9296
6684.50 3.9296
6684.55 3.9295
6684.60 3.9295
6684.65 3.9294
6684.70 3.9294
6684.75 3.9294
6684.80 3.9293
6684.85 3.9293
6684.90 3.9293
6684.95 3.9293
6685.00 3.9292
6685.05 3.9292
6685.10 3.9292
6685.15 3.9292
6685.20 3.9292
6685.25 3.9292
6685.30 3.9292
6685.35 3.9292
6685.40 3.9292
6685.45 3.9292
6685.50 3.9292
6685.55 3.9292
6685.60 3.9292
6685.65 3.9292
6685.70 3.9292
6685.75 3.9292
6685.80 3.9292
6685.85 3.9292
6685.90 3.9293
6685.95 3.9293
6686.00 3.9293
6686.05 3.9293
6686.10 3.9293
6686.15 3.9294
6686.20 3.9294
6686.25 3.9294
6686.30 3.9295
6686.35 3.9295
6686.40 3.9296
6686.45 3.9296
6686.50 3.9296
6686.55 3.9297
6686.60 3.9297
6686.65 3.9298
6686.70 3.9298
6686.75 3.9299
6686.80 3.9299
6686.85 3.9300
6686.90 3.9301
6686.95 3.9301
6687.00 3.9302
6687.05 3.9303
6687.10 3.9303
6687.15 3.9304
6687.20 3.9305
6687.25 3.9306
6687.30 3.9306
6687.35 3.9307
6687.40 3.9308
6687.45 3.9309
6687.50 3.9310
6687.55 3.9310
6687.60 3.9311
6687.65 3.9312
6687.70 3.9313
6687.75 3.9314
6687.80 3.9315
6687.85 3.9316
6687.90 3.9317
6687.95 3.9318
6688.00 3.9319
6688.05 3.9320
6688.10 3.9321
6688.15 3.9322
6688.20 3.9324
6688.25 3.9325
6688.30 3.9326
6688.35 3.9327
6688.40 3.9328
6688.45 3.9329
6688.50 3.9331
6688.55 3.9332
6688.60 3.9333
6688.65 3.9335
6688.70 3.9336
6688.75 3.9337
6688.80 3.9339
6688.85 3.9340
6688.90 3.9341
6688.95 3.9343
6689.00 3.9344
6689.05 3.9346
6689.10 3.9347
6689.15 3.9348
6689.20 3.9350
6689.25 3.9351
6689.30 3.9353
6689.35 3.9355
6689.40 3.9356
6689.45 3.9358
6689.50 3.9359
6689.55 3.9361
6689.60 3.9363
6689.65 3.9364
6689.70 3.9366
6689.75 3.9368
6689.80 3.9369
6689.85 3.9371
6689.90 3.9373
6689.95 3.9374
6690.00 3.9376
6690.05 3.9378
6690.10 3.9380
6690.15 3.9382
6690.20 3.9383
6690.25 3.9385
6690.30 3.9387
6690.35 3.9389
6690.40 3.9391
6690.45 3.9393
6690.50 3.9395
6690.55 3.9397
6690.60 3.9399
6690.65 3.9401
6690.70 3.9403
6690.75 3.9405
6690.80 3.9407
6690.85 3.9409
6690.90 3.9411
6690.95 3.9413
6691.00 3.9415
6691.05 3.9417
6691.10 3.9419
6691.15 3.9421
6691.20 3.9423
6691.25 3.9425
6691.30 3.9428
6691.35 3.9430
6691.40 3.9432
6691.45 3.9434
6691.50 3.9436
6691.55 3.9439
6691.60 3.9441
6691.65 3.9443
6691.70 3.9445
6691.75 3.9448
6691.80 3.9450
6691.85 3.9452
6691.90 3.9455
6691.95 3.9457
6692.00 3.9459
6692.05 3.9462
6692.10 3.9464
6692.15 3.9466
6692.20 3.9469
6692.25 3.9471
6692.30 3.9474
6692.35 3.9476
6692.40 3.9479
6692.45 3.9481
6692.50 3.9484
6692.55 3.9486
6692.60 3.9489
6692.65 3.9491
6692.70 3.9494
6692.75 3.9496
6692.80 3.9499
6692.85 3.9501
6692.90 3.9504
6692.95 3.9506
6693.00 3.9509
6693.05 3.9512
6693.10 3.9514
6693.15 3.9517
6693.20 3.9520
6693.25 3.9522
6693.30 3.9525
6693.35 3.9528
6693.40 3.9530
6693.45 3.9533
6693.50 3.9536
6693.55 3.9538
6693.60 3.9541
6693.65 3.9544
6693.70 3.9547
6693.75 3.9549
6693.80 3.9552
6693.85 3.9555
6693.90 3.9558
6693.95 3.9561
6694.00 3.9563
6694.05 3.9566
6694.10 3.9569
6694.15 3.9572
6694.20 3.9575
6694.25 3.9578
6694.30 3.9580
6694.35 3.9583
6694.40 3.9586
6694.45 3.9589
6694.50 3.9592
6694.55 3.9595
6694.60 3.9598
6694.65 3.9601
6694.70 3.9604
6694.75 3.9607
6694.80 3.9610
6694.85 3.9613
6694.90 3.9616
6694.95 3.9619
6695.00 3.9622
6695.05 3.9625
6695.10 3.9628
6695.15 3.9631
6695.20 3.9634
6695.25 3.9637
6695.30 3.9640
6695.35 3.9643
6695.40 3.9646
6695.45 3.9649
6695.50 3.9652
6695.55 3.9655
6695.60 3.9658
6695.65 3.9661
6695.70 3.9665
6695.75 3.9668
6695.80 3.9671
6695.85 3.9674
6695.90 3.9677
6695.95 3.9680
6696.00 3.9683
6696.05 3.9687
6696.10 3.9690
6696.15 3.9693
6696.20 3.9696
6696.25 3.9699
6696.30 3.9703
6696.35 3.9706
6696.40 3.9709
6696.45 3.9712
6696.50 3.9715
6696.55 3.9719
6696.60 3.9722
6696.65 3.9725
6696.70 3.9728
6696.75 3.9732
6696.80 3.9735
6696.85 3.9738
6696.90 3.9742
6696.95 3.9745
6697.00 3.9748
6697.05 3.9751
6697.10 3.9755
6697.15 3.9758
6697.20 3.9761
6697.25 3.9765
6697.30 3.9768
6697.35 3.9772
6697.40 3.9775
6697.45 3.9778
6697.50 3.9782
6697.55 3.9785
6697.60 3.9788
6697.65 3.9792
6697.70 3.9795
6697.75 3.9799
6697.80 3.9802
6697.85 3.9805
6697.90 3.9809
6697.95 3.9812
6698.00 3.9816
6698.05 3.9819
6698.10 3.9823
6698.15 3.9826
6698.20 3.9830
6698.25 3.9833
6698.30 3.9837
6698.35 3.9840
6698.40 3.9844
6698.45 3.9847
6698.50 3.9851
6698.55 3.9854
6698.60 3.9858
6698.65 3.9861
6698.70 3.9865
6698.75 3.9868
6698.80 3.9872
6698.85 3.9875
6698.90 3.9879
6698.95 3.9882
6699.00 3.9886
6699.05 3.9890
6699.10 3.9893
6699.15 3.9897
6699.20 3.9900
6699.25 3.9904
6699.30 3.9908
6699.35 3.9911
6699.40 3.9915
6699.45 3.9918
6699.50 3.9922
6699.55 3.9926
6699.60 3.9929
6699.65 3.9933
6699.70 3.9937
6699.75 3.9940
6699.80 3.9944
6699.85 3.9948
6699.90 3.9951
6699.95 3.9955
6700.00 3.9959
6700.05 3.9962
6700.10 3.9966
6700.15 3.9970
6700.20 3.9974
6700.25 3.9977
6700.30 3.9981
6700.35 3.9985
6700.40 3.9989
6700.45 3.9992
6700.50 3.9996
6700.55 4.0000
6700.60 4.0004
6700.65 4.0008
6700.70 4.0011
6700.75 4.0015
6700.80 4.0019
6700.85 4.0023
6700.90 4.0027
6700.95 4.0030
6701.00 4.0034
6701.05 4.0038
6701.10 4.0042
6701.15 4.0046
6701.20 4.0050
6701.25 4.0054
6701.30 4.0058
6701.35 4.0061
6701.40 4.0065
6701.45 4.0069
6701.50 4.0073
6701.55 4.0077
6701.60 4.0081
6701.65 4.0085
6701.70 4.0089
6701.75 4.0093
6701.80 4.0097
6701.85 4.0101
6701.90 4.0105
6701.95 4.0109
6702.00 4.0113
6702.05 4.0117
6702.10 4.0121
6702.15 4.0125
6702.20 4.0129
6702.25 4.0133
6702.30 4.0137
6702.35 4.0141
6702.40 4.0145
6702.45 4.0149
6702.50 4.0153
6702.55 4.0157
6702.60 4.0161
6702.65 4.0165
6702.70 4.0169
6702.75 4.0173
6702.80 4.0178
6702.85 4.0182
6702.90 4.0186
6702.95 4.0190
6703.00 4.0194
6703.05 4.0198
6703.10 4.0202
6703.15 4.0207
6703.20 4.0211
6703.25 4.0215
6703.30 4.0219
6703.35 4.0223
6703.40 4.0228
6703.45 4.0232
6703.50 4.0236
6703.55 4.0240
6703.60 4.0244
6703.65 4.0249
6703.70 4.0253
6703.75 4.0257
6703.80 4.0261
6703.85 4.0266
6703.90 4.0270
6703.95 4.0274
6704.00 4.0279
6704.05 4.0283
6704.10 4.0287
6704.15 4.0292
6704.20 4.0296
6704.25 4.0300
6704.30 4.0305
6704.35 4.0309
6704.40 4.0313
6704.45 4.0318
6704.50 4.0322
6704.55 4.0326
6704.60 4.0331
6704.65 4.0335
6704.70 4.0340
6704.75 4.0344
6704.80 4.0348
6704.85 4.0353
6704.90 4.0357
6704.95 4.0362
6705.00 4.0366
6705.05 4.0371
6705.10 4.0375
6705.15 4.0380
6705.20 4.0384
6705.25 4.0388
6705.30 4.0393
6705.35 4.0397
6705.40 4.0402
6705.45 4.0406
6705.50 4.0411
6705.55 4.0415
6705.60 4.0420
6705.65 4.0425
6705.70 4.0429
6705.75 4.0434
6705.80 4.0438
6705.85 4.0443
6705.90 4.0447
6705.95 4.0452
6706.00 4.0456
6706.05 4.0461
6706.10 4.0466
6706.15 4.0470
6706.20 4.0475
6706.25 4.0479
6706.30 4.0484
6706.35 4.0489
6706.40 4.0493
6706.45 4.0498
6706.50 4.0502
6706.55 4.0507
6706.60 4.0512
6706.65 4.0516
6706.70 4.0521
6706.75 4.0526
6706.80 4.0530
6706.85 4.0535
6706.90 4.0540
6706.95 4.0544
6707.00 4.0549
6707.05 4.0554
6707.10 4.0558
6707.15 4.0563
6707.20 4.0568
6707.25 4.0572
6707.30 4.0577
6707.35 4.0582
6707.40 4.0586
6707.45 4.0591
6707.50 4.0596
6707.55 4.0601
6707.60 4.0605
6707.65 4.0610
6707.70 4.0615
6707.75 4.0619
6707.80 4.0624
6707.85 4.0629
6707.90 4.0634
6707.95 4.0638
6708.00 4.0643
6708.05 4.0648
6708.10 4.0652
6708.15 4.0657
6708.20 4.0662
6708.25 4.0667
6708.30 4.0671
6708.35 4.0676
6708.40 4.0681
6708.45 4.0685
6708.50 4.0690
6708.55 4.0695
6708.60 4.0700
6708.65 4.0704
6708.70 4.0709
6708.75 4.0714
6708.80 4.0718
6708.85 4.0723
6708.90 4.0728
6708.95 4.0733
6709.00 4.0737
6709.05 4.0742
6709.10 4.0747
6709.15 4.0751
6709.20 4.0756
6709.25 4.0761
6709.30 4.0765
6709.35 4.0770
6709.40 4.0775
6709.45 4.0779
6709.50 4.0784
6709.55 4.0789
6709.60 4.0793
6709.65 4.0798
6709.70 4.0803
6709.75 4.0807
6709.80 4.0812
6709.85 4.0817
6709.90 4.0821
6709.95 4.0826
6710.00 4.0830
6710.05 4.0835
6710.10 4.0840
6710.15 4.0844
6710.20 4.0849
6710.25 4.0853
6710.30 4.0858
6710.35 4.0862
6710.40 4.0867
6710.45 4.0871
6710.50 4.0876
6710.55 4.0880
6710.60 4.0885
6710.65 4.0889
6710.70 4.0894
6710.75 4.0898
6710.80 4.0903
6710.85 4.0907
6710.90 4.0912
6710.95 4.0916
6711.00 4.0921
6711.05 4.0925
6711.10 4.0929
6711.15 4.0934
6711.20 4.0938
6711.25 4.0942
6711.30 4.0947
6711.35 4.0951
6711.40 4.0955
6711.45 4.0960
6711.50 4.0964
6711.55 4.0968
6711.60 4.0972
6711.65 4.0977
6711.70 4.0981
6711.75 4.0985
6711.80 4.0989
6711.85 4.0993
6711.90 4.0998
6711.95 4.1002
6712.00 4.1006
6712.05 4.1010
6712.10 4.1014
6712.15 4.1018
6712.20 4.1022
6712.25 4.1026
6712.30 4.1030
6712.35 4.1034
6712.40 4.1038
6712.45 4.1042
6712.50 4.1046
6712.55 4.1050
6712.60 4.1054
6712.65 4.1058
6712.70 4.1062
6712.75 4.1065
6712.80 4.1069
6712.85 4.1073
6712.90 4.1077
6712.95 4.1080
6713.00 4.1084
6713.05 4.1088
6713.10 4.1092
6713.15 4.1095
6713.20 4.1099
6713.25 4.1102
6713.30 4.1106
6713.35 4.1110
6713.40 4.1113
6713.45 4.1117
6713.50 4.1120
6713.55 4.1124
6713.60 4.1127
6713.65 4.1130
6713.70 4.1134
6713.75 4.1137
6713.80 4.1140
6713.85 4.1144
6713.90 4.1147
6713.95 4.1150
6714.00 4.1153
6714.05 4.1157
6714.10 4.1160
6714.15 4.1163
6714.20 4.1166
6714.25 4.1169
6714.30 4.1172
6714.35 4.1175
6714.40 4.1178
6714.45 4.1181
6714.50 4.1184
6714.55 4.1187
6714.60 4.1190
6714.65 4.1193
6714.70 4.1195
6714.75 4.1198
6714.80 4.1201
6714.85 4.1204
6714.90 4.1206
6714.95 4.1209
6715.00 4.1212
6715.05 4.1214
6715.10 4.1217
6715.15 4.1219
6715.20 4.1222
6715.25 4.1224
6715.30 4.1227
6715.35 4.1229
6715.40 4.1231
6715.45 4.1234
6715.50 4.1236
6715.55 4.1238
6715.60 4.1240
6715.65 4.1243
6715.70 4.1245
6715.75 4.1247
6715.80 4.1249
6715.85 4.1251
6715.90 4.1253
6715.95 4.1255
6716.00 4.1257
6716.05 4.1259
6716.10 4.1261
6716.15 4.1262
6716.20 4.1264
6716.25 4.1266
6716.30 4.1268
6716.35 4.1269
6716.40 4.1271
6716.45 4.1273
6716.50 4.1274
6716.55 4.1276
6716.60 4.1277
6716.65 4.1279
6716.70 4.1280
6716.75 4.1281
6716.80 4.1283
6716.85 4.1284
6716.90 4.1285
6716.95 4.1286
6717.00 4.1288
6717.05 4.1289
6717.10 4.1290
6717.15 4.1291
6717.20 4.1292
6717.25 4.1293
6717.30 4.1294
6717.35 4.1295
6717.40 4.1296
6717.45 4.1297
6717.50 4.1297
6717.55 4.1298
6717.60 4.1299
6717.65 4.1300
6717.70 4.1300
6717.75 4.1301
6717.80 4.1301
6717.85 4.1302
6717.90 4.1302
6717.95 4.1303
6718.00 4.1303
6718.05 4.1303
6718.10 4.1304
6718.15 4.1304
6718.20 4.1304
6718.25 4.1305
6718.30 4.1305
6718.35 4.1305
6718.40 4.1305
6718.45 4.1305
