6911.50 4.3331
6911.55 4.3331
6911.60 4.3331
6911.65 4.3331
6911.70 4.3332
6911.75 4.3332
6911.80 4.3332
6911.85 4.3332
6911.90 4.3333
6911.95 4.3333
6912.00 4.3334
6912.05 4.3334
6912.10 4.3335
6912.15 4.3335
6912.20 4.3336
6912.25 4.3336
6912.30 4.3337
6912.35 4.3338
6912.40 4.3339
6912.45 4.3339
6912.50 4.3340
6912.55 4.3341
6912.60 4.3342
6912.65 4.3343
6912.70 4.3344
6912.75 4.3345
6912.80 4.3346
6912.85 4.3348
6912.90 4.3349
6912.95 4.3350
6913.00 4.3351
6913.05 4.3353
6913.10 4.3354
6913.15 4.3355
6913.20 4.3357
6913.25 4.3358
6913.30 4.3360
6913.35 4.3362
6913.40 4.3363
6913.45 4.3365
6913.50 4.3367
6913.55 4.3368
6913.60 4.3370
6913.65 4.3372
6913.70 4.3374
6913.75 4.3376
6913.80 4.3378
6913.85 4.3380
6913.90 4.3382
6913.95 4.3384
6914.00 4.3386
6914.05 4.3388
6914.10 4.3390
6914.15 4.3393
6914.20 4.3395
6914.25 4.3397
6914.30 4.3400
6914.35 4.3402
6914.40 4.3404
6914.45 4.3407
6914.50 4.3409
6914.55 4.3412
6914.60 4.3415
6914.65 4.3417
6914.70 4.3420
6914.75 4.3423
6914.80 4.3425
6914.85 4.3428
6914.90 4.3431
6914.95 4.3434
6915.00 4.3437
6915.05 4.3440
6915.10 4.3443
6915.15 4.3446
6915.20 4.3449
6915.25 4.3452
6915.30 4.3455
6915.35 4.3458
6915.40 4.3461
6915.45 4.3465
6915.50 4.3468
6915.55 4.3471
6915.60 4.3475
6915.65 4.3478
6915.70 4.3481
6915.75 4.3485
6915.80 4.3488
6915.85 4.3492
6915.90 4.3495
6915.95 4.3499
6916.00 4.3503
6916.05 4.3506
6916.10 4.3510
6916.15 4.3514
6916.20 4.3517
6916.25 4.3521
6916.30 4.3525
6916.35 4.3529
6916.40 4.3533
6916.45 4.3537
6916.50 4.3541
6916.55 4.3545
6916.60 4.3549
6916.65 4.3553
6916.70 4.3557
6916.75 4.3561
6916.80 4.3565
6916.85 4.3570
6916.90 4.3574
6916.95 4.3578
6917.00 4.3582
6917.05 4.3587
6917.10 4.3591
6917.15 4.3595
6917.20 4.3600
6917.25 4.3604
6917.30 4.3609
6917.35 4.3613
6917.40 4.3618
6917.45 4.3622
6917.50 4.3627
6917.55 4.3632
6917.60 4.3636
6917.65 4.3641
6917.70 4.3646
6917.75 4.3650
6917.80 4.3655
6917.85 4.3660
6917.90 4.3665
6917.95 4.3670
6918.00 4.3674
6918.05 4.3679
6918.10 4.3684
6918.15 4.3689
6918.20 4.3694
6918.25 4.3699
6918.30 4.3704
6918.35 4.3709
6918.40 4.3714
6918.45 4.3720
6918.50 4.3725
6918.55 4.3730
6918.60 4.3735
6918.65 4.3740
6918.70 4.3746
6918.75 4.3751
6918.80 4.3756
6918.85 4.3761
6918.90 4.3767
6918.95 4.3772
6919.00 4.3777
6919.05 4.3783
6919.10 4.3788
6919.15 4.3794
6919.20 4.3799
6919.25 4.3805
6919.30 4.3810
6919.35 4.3816
6919.40 4.3821
6919.45 4.3827
6919.50 4.3833
6919.55 4.3838
6919.60 4.3844
6919.65 4.3849
6919.70 4.3855
6919.75 4.3861
6919.80 4.3867
6919.85 4.3872
6919.90 4.3878
6919.95 4.3884
6920.00 4.3890
6920.05 4.3896
6920.10 4.3901
6920.15 4.3907
6920.20 4.3913
6920.25 4.3919
6920.30 4.3925
6920.35 4.3931
6920.40 4.3937
6920.45 4.3943
6920.50 4.3949
6920.55 4.3955
6920.60 4.3961
6920.65 4.3967
6920.70 4.3973
6920.75 4.3979
6920.80 4.3985
6920.85 4.3991
6920.90 4.3997
6920.95 4.4003
6921.00 4.4010
6921.05 4.4016
6921.10 4.4022
6921.15 4.4028
6921.20 4.4034
6921.25 4.4041
6921.30 4.4047
6921.35 4.4053
6921.40 4.4059
6921.45 4.4066
6921.50 4.4072
6921.55 4.4078
6921.60 4.4085
6921.65 4.4091
6921.70 4.4097
6921.75 4.4104
6921.80 4.4110
6921.85 4.4117
6921.90 4.4123
6921.95 4.4129
6922.00 4.4136
6922.05 4.4142
6922.10 4.4149
6922.15 4.4155
6922.20 4.4162
6922.25 4.4168
6922.30 4.4175
6922.35 4.4181
6922.40 4.4188
6922.45 4.4194
6922.50 4.4201
6922.55 4.4208
6922.60 4.4214
6922.65 4.4221
6922.70 4.4227
6922.75 4.4234
6922.80 4.4241
6922.85 4.4247
6922.90 4.4254
6922.95 4.4261
6923.00 4.4267
6923.05 4.4274
6923.10 4.4281
6923.15 4.4287
6923.20 4.4294
6923.25 4.4301
6923.30 4.4308
6923.35 4.4314
6923.40 4.4321
6923.45 4.4328
6923.50 4.4335
6923.55 4.4341
6923.60 4.4348
6923.65 4.4355
6923.70 4.4362
6923.75 4.4368
6923.80 4.4375
6923.85 4.4382
6923.90 4.4389
6923.95 4.4396
6924.00 4.4403
6924.05 4.4410
6924.10 4.4416
6924.15 4.4423
6924.20 4.4430
6924.25 4.4437
6924.30 4.4444
6924.35 4.4451
6924.40 4.4458
6924.45 4.4465
6924.50 4.4472
6924.55 4.4479
6924.60 4.4486
6924.65 4.4493
6924.70 4.4500
6924.75 4.4506
6924.80 4.4513
6924.85 4.4520
6924.90 4.4527
6924.95 4.4534
6925.00 4.4541
6925.05 4.4548
6925.10 4.4556
6925.15 4.4563
6925.20 4.4570
6925.25 4.4577
6925.30 4.4584
6925.35 4.4591
6925.40 4.4598
6925.45 4.4605
6925.50 4.4612
6925.55 4.4619
6925.60 4.4626
6925.65 4.4633
6925.70 4.4640
6925.75 4.4647
6925.80 4.4655
6925.85 4.4662
6925.90 4.4669
6925.95 4.4676
6926.00 4.4683
6926.05 4.4690
6926.10 4.4697
6926.15 4.4705
6926.20 4.4712
6926.25 4.4719
6926.30 4.4726
6926.35 4.4733
6926.40 4.4741
6926.45 4.4748
6926.50 4.4755
6926.55 4.4762
6926.60 4.4770
6926.65 4.4777
6926.70 4.4784
6926.75 4.4791
6926.80 4.4799
6926.85 4.4806
6926.90 4.4813
6926.95 4.4820
6927.00 4.4828
6927.05 4.4835
6927.10 4.4842
6927.15 4.4850
6927.20 4.4857
6927.25 4.4864
6927.30 4.4872
6927.35 4.4879
6927.40 4.4886
6927.45 4.4894
6927.50 4.4901
6927.55 4.4908
6927.60 4.4916
6927.65 4.4923
6927.70 4.4931
6927.75 4.4938
6927.80 4.4945
6927.85 4.4953
6927.90 4.4960
6927.95 4.4968
6928.00 4.4975
6928.05 4.4983
6928.10 4.4990
6928.15 4.4997
6928.20 4.5005
6928.25 4.5012
6928.30 4.5020
6928.35 4.5027
6928.40 4.5035
6928.45 4.5043
6928.50 4.5050
6928.55 4.5058
6928.60 4.5065
6928.65 4.5073
6928.70 4.5080
6928.75 4.5088
6928.80 4.5095
6928.85 4.5103
6928.90 4.5111
6928.95 4.5118
6929.00 4.5126
6929.05 4.5134
6929.10 4.5141
6929.15 4.5149
6929.20 4.5157
6929.25 4.5164
6929.30 4.5172
6929.35 4.5180
6929.40 4.5187
6929.45 4.5195
6929.50 4.5203
6929.55 4.5211
6929.60 4.5218
6929.65 4.5226
6929.70 4.5234
6929.75 4.5242
6929.80 4.5250
6929.85 4.5257
6929.90 4.5265
6929.95 4.5273
6930.00 4.5281
6930.05 4.5289
6930.10 4.5297
6930.15 4.5305
6930.20 4.5313
6930.25 4.5321
6930.30 4.5329
6930.35 4.5336
6930.40 4.5344
6930.45 4.5352
6930.50 4.5360
6930.55 4.5368
6930.60 4.5377
6930.65 4.5385
6930.70 4.5393
6930.75 4.5401
6930.80 4.5409
6930.85 4.5417
6930.90 4.5425
6930.95 4.5433
6931.00 4.5441
6931.05 4.5449
6931.10 4.5458
6931.15 4.5466
6931.20 4.5474
6931.25 4.5482
6931.30 4.5491
6931.35 4.5499
6931.40 4.5507
6931.45 4.5515
6931.50 4.5524
6931.55 4.5532
6931.60 4.5540
6931.65 4.5549
6931.70 4.5557
6931.75 4.5566
6931.80 4.5574
6931.85 4.5582
6931.90 4.5591
6931.95 4.5599
6932.00 4.5608
6932.05 4.5616
6932.10 4.5625
6932.15 4.5633
6932.20 4.5642
6932.25 4.5651
6932.30 4.5659
6932.35 4.5668
6932.40 4.5677
6932.45 4.5685
6932.50 4.5694
6932.55 4.5703
6932.60 4.5711
6932.65 4.5720
6932.70 4.5729
6932.75 4.5738
6932.80 4.5747
6932.85 4.5755
6932.90 4.5764
6932.95 4.5773
6933.00 4.5782
6933.05 4.5791
6933.10 4.5800
6933.15 4.5809
6933.20 4.5818
6933.25 4.5827
6933.30 4.5836
6933.35 4.5845
6933.40 4.5854
6933.45 4.5863
6933.50 4.5872
6933.55 4.5882
6933.60 4.5891
6933.65 4.5900
6933.70 4.5909
6933.75 4.5919
6933.80 4.5928
6933.85 4.5937
6933.90 4.5946
6933.95 4.5956
6934.00 4.5965
6934.05 4.5975
6934.10 4.5984
6934.15 4.5994
6934.20 4.6003
6934.25 4.6013
6934.30 4.6022
6934.35 4.6032
6934.40 4.6041
6934.45 4.6051
6934.50 4.6061
6934.55 4.6070
6934.60 4.6080
6934.65 4.6090
6934.70 4.6100
6934.75 4.6109
6934.80 4.6119
6934.85 4.6129
6934.90 4.6139
6934.95 4.6149
6935.00 4.6159
6935.05 4.6169
6935.10 4.6179
6935.15 4.6189
6935.20 4.6199
6935.25 4.6209
6935.30 4.6219
6935.35 4.6229
6935.40 4.6239
6935.45 4.6250
6935.50 4.6260
6935.55 4.6270
6935.60 4.6280
6935.65 4.6291
6935.70 4.6301
6935.75 4.6312
6935.80 4.6322
6935.85 4.6332
6935.90 4.6343
6935.95 4.6353
6936.00 4.6364
6936.05 4.6375
6936.10 4.6385
6936.15 4.6396
6936.20 4.6407
6936.25 4.6417
6936.30 4.6428
6936.35 4.6439
6936.40 4.6450
6936.45 4.6460
6936.50 4.6471
6936.55 4.6482
6936.60 4.6493
6936.65 4.6504
6936.70 4.6515
6936.75 4.6526
6936.80 4.6537
6936.85 4.6548
6936.90 4.6560
6936.95 4.6571
6937.00 4.6582
6937.05 4.6593
6937.10 4.6604
6937.15 4.6616
6937.20 4.6627
6937.25 4.6639
6937.30 4.6650
6937.35 4.6661
6937.40 4.6673
6937.45 4.6684
6937.50 4.6696
6937.55 4.6708
6937.60 4.6719
6937.65 4.6731
6937.70 4.6743
6937.75 4.6754
6937.80 4.6766
6937.85 4.6778
6937.90 4.6790
6937.95 4.6802
6938.00 4.6813
6938.05 4.6825
6938.10 4.6837
6938.15 4.6849
6938.20 4.6861
6938.25 4.6874
6938.30 4.6886
6938.35 4.6898
6938.40 4.6910
6938.45 4.6922
6938.50 4.6935
6938.55 4.6947
6938.60 4.6959
6938.65 4.6972
6938.70 4.6984
6938.75 4.6996
6938.80 4.7009
6938.85 4.7021
6938.90 4.7034
6938.95 4.7047
6939.00 4.7059
6939.05 4.7072
6939.10 4.7085
6939.15 4.7097
6939.20 4.7110
6939.25 4.7123
6939.30 4.7136
6939.35 4.7149
6939.40 4.7161
6939.45 4.7174
6939.50 4.7187
6939.55 4.7200
6939.60 4.7214
6939.65 4.7227
6939.70 4.7240
6939.75 4.7253
6939.80 4.7266
6939.85 4.7279
6939.90 4.7293
6939.95 4.7306
6940.00 4.7319
6940.05 4.7333
6940.10 4.7346
6940.15 4.7359
6940.20 4.7373
6940.25 4.7387
6940.30 4.7400
6940.35 4.7414
6940.40 4.7427
6940.45 4.7441
6940.50 4.7455
6940.55 4.7468
6940.60 4.7482
6940.65 4.7496
6940.70 4.7510
6940.75 4.7524
6940.80 4.7538
6940.85 4.7551
6940.90 4.7565
6940.95 4.7579
6941.00 4.7594
6941.05 4.7608
6941.10 4.7622
6941.15 4.7636
6941.20 4.7650
6941.25 4.7664
6941.30 4.7678
6941.35 4.7693
6941.40 4.7707
6941.45 4.7721
6941.50 4.7736
6941.55 4.7750
6941.60 4.7765
6941.65 4.7779
6941.70 4.7794
6941.75 4.7808
6941.80 4.7823
6941.85 4.7837
6941.90 4.7852
6941.95 4.7867
6942.00 4.7881
6942.05 4.7896
6942.10 4.7911
6942.15 4.7926
6942.20 4.7940
6942.25 4.7955
6942.30 4.7970
6942.35 4.7985
6942.40 4.8000
6942.45 4.8015
6942.50 4.8030
6942.55 4.8045
6942.60 4.8060
6942.65 4.8075
6942.70 4.8090
6942.75 4.8106
6942.80 4.8121
6942.85 4.8136
6942.90 4.8151
6942.95 4.8167
6943.00 4.8182
6943.05 4.8197
6943.10 4.8213
6943.15 4.8228
6943.20 4.8243
6943.25 4.8259
6943.30 4.8274
6943.35 4.8290
6943.40 4.8305
6943.45 4.8321
6943.50 4.8337
6943.55 4.8352
6943.60 4.8368
6943.65 4.8383
6943.70 4.8399
6943.75 4.8415
6943.80 4.8431
6943.85 4.8446
6943.90 4.8462
6943.95 4.8478
6944.00 4.8494
6944.05 4.8510
6944.10 4.8526
6944.15 4.8541
6944.20 4.8557
6944.25 4.8573
6944.30 4.8589
6944.35 4.8605
6944.40 4.8621
6944.45 4.8638
6944.50 4.8654
6944.55 4.8670
6944.60 4.8686
6944.65 4.8702
6944.70 4.8718
6944.75 4.8734
6944.80 4.8751
6944.85 4.8767
6944.90 4.8783
6944.95 4.8799
6945.00 4.8816
6945.05 4.8832
6945.10 4.8848
6945.15 4.8865
6945.20 4.8881
6945.25 4.8898
6945.30 4.8914
6945.35 4.8930
6945.40 4.8947
6945.45 4.8963
6945.50 4.8980
6945.55 4.8996
6945.60 4.9013
6945.65 4.9029
6945.70 4.9046
6945.75 4.9063
6945.80 4.9079
6945.85 4.9096
6945.90 4.9113
6945.95 4.9129
6946.00 4.9146
6946.05 4.9163
6946.10 4.9179
6946.15 4.9196
6946.20 4.9213
6946.25 4.9230
6946.30 4.9246
6946.35 4.9263
6946.40 4.9280
6946.45 4.9297
6946.50 4.9314
6946.55 4.9330
6946.60 4.9347
6946.65 4.9364
6946.70 4.9381
6946.75 4.9398
6946.80 4.9415
6946.85 4.9432
6946.90 4.9449
6946.95 4.9466
6947.00 4.9483
6947.05 4.9500
6947.10 4.9517
6947.15 4.9534
6947.20 4.9551
6947.25 4.9568
6947.30 4.9585
6947.35 4.9602
6947.40 4.9619
6947.45 4.9636
6947.50 4.9653
6947.55 4.9670
6947.60 4.9687
6947.65 4.9705
6947.70 4.9722
6947.75 4.9739
6947.80 4.9756
6947.85 4.9773
6947.90 4.9790
6947.95 4.9808
6948.00 4.9825
6948.05 4.9842
6948.10 4.9859
6948.15 4.9876
6948.20 4.9894
6948.25 4.9911
6948.30 4.9928
6948.35 4.9945
6948.40 4.9963
6948.45 4.9980
6948.50 4.9997
6948.55 5.0014
6948.60 5.0032
6948.65 5.0049
6948.70 5.0066
6948.75 5.0084
6948.80 5.0101
6948.85 5.0118
6948.90 5.0136
6948.95 5.0153
6949.00 5.0170
6949.05 5.0188
6949.10 5.0205
6949.15 5.0222
6949.20 5.0240
6949.25 5.0257
6949.30 5.0275
6949.35 5.0292
6949.40 5.0309
6949.45 5.0327
6949.50 5.0344
6949.55 5.0362
6949.60 5.0379
6949.65 5.0396
6949.70 5.0414
6949.75 5.0431
6949.80 5.0449
6949.85 5.0466
6949.90 5.0484
6949.95 5.0501
6950.00 5.0518
6950.05 5.0536
6950.10 5.0553
6950.15 5.0571
6950.20 5.0588
6950.25 5.0606
6950.30 5.0623
6950.35 5.0641
6950.40 5.0658
6950.45 5.0676
6950.50 5.0693
6950.55 5.0711
6950.60 5.0728
6950.65 5.0746
6950.70 5.0763
6950.75 5.0781
6950.80 5.0798
6950.85 5.0816
6950.90 5.0833
6950.95 5.0851
6951.00 5.0868
6951.05 5.0886
6951.10 5.0903
6951.15 5.0921
6951.20 5.0938
6951.25 5.0956
6951.30 5.0973
6951.35 5.0991
6951.40 5.1008
6951.45 5.1026
6951.50 5.1043
6951.55 5.1061
6951.60 5.1078
6951.65 5.1096
6951.70 5.1113
6951.75 5.1131
6951.80 5.1148
6951.85 5.1166
6951.90 5.1183
6951.95 5.1201
6952.00 5.1218
6952.05 5.1236
6952.10 5.1254
6952.15 5.1271
6952.20 5.1289
6952.25 5.1306
6952.30 5.1324
6952.35 5.1341
6952.40 5.1359
6952.45 5.1376
6952.50 5.1394
6952.55 5.1411
6952.60 5.1429
6952.65 5.1447
6952.70 5.1464
6952.75 5.1482
6952.80 5.1499
6952.85 5.1517
6952.90 5.1534
6952.95 5.1552
6953.00 5.1569
6953.05 5.1587
6953.10 5.1604
6953.15 5.1622
6953.20 5.1640
6953.25 5.1657
6953.30 5.1675
6953.35 5.1692
6953.40 5.1710
6953.45 5.1727
6953.50 5.1745
6953.55 5.1762
6953.60 5.1780
6953.65 5.1798
6953.70 5.1815
6953.75 5.1833
6953.80 5.1850
6953.85 5.1868
6953.90 5.1885
6953.95 5.1903
6954.00 5.1920
6954.05 5.1938
6954.10 5.1956
6954.15 5.1973
6954.20 5.1991
6954.25 5.2008
6954.30 5.2026
6954.35 5.2043
6954.40 5.2061
6954.45 5.2078
6954.50 5.2096
6954.55 5.2113
6954.60 5.2131
6954.65 5.2149
6954.70 5.2166
6954.75 5.2184
6954.80 5.2201
6954.85 5.2219
6954.90 5.2236
6954.95 5.2254
6955.00 5.2271
6955.05 5.2289
6955.10 5.2307
6955.15 5.2324
6955.20 5.2342
6955.25 5.2359
6955.30 5.2377
6955.35 5.2394
6955.40 5.2412
6955.45 5.2429
6955.50 5.2447
6955.55 5.2464
6955.60 5.2482
6955.65 5.2500
6955.70 5.2517
6955.75 5.2535
6955.80 5.2552
6955.85 5.2570
6955.90 5.2587
6955.95 5.2605
6956.00 5.2622
6956.05 5.2640
6956.10 5.2657
6956.15 5.2675
6956.20 5.2692
6956.25 5.2710
6956.30 5.2728
6956.35 5.2745
6956.40 5.2763
6956.45 5.2780
6956.50 5.2798
6956.55 5.2815
6956.60 5.2833
6956.65 5.2850
6956.70 5.2868
6956.75 5.2885
6956.80 5.2903
6956.85 5.2920
6956.90 5.2938
6956.95 5.2955
6957.00 5.2973
6957.05 5.2990
6957.10 5.3008
6957.15 5.3025
6957.20 5.3043
6957.25 5.3060
6957.30 5.3078
6957.35 5.3095
6957.40 5.3113
6957.45 5.3130
6957.50 5.3148
6957.55 5.3165
6957.60 5.3183
6957.65 5.3200
6957.70 5.3218
6957.75 5.3235
6957.80 5.3253
6957.85 5.3270
6957.90 5.3288
6957.95 5.3305
6958.00 5.3322
6958.05 5.3340
6958.10 5.3357
6958.15 5.3375
6958.20 5.3392
6958.25 5.3410
6958.30 5.3427
6958.35 5.3444
6958.40 5.3462
6958.45 5.3479
6958.50 5.3497
6958.55 5.3514
6958.60 5.3532
6958.65 5.3549
6958.70 5.3566
6958.75 5.3584
6958.80 5.3601
6958.85 5.3618
6958.90 5.3636
6958.95 5.3653
6959.00 5.3670
6959.05 5.3688
6959.10 5.3705
6959.15 5.3722
6959.20 5.3740
6959.25 5.3757
6959.30 5.3774
6959.35 5.3792
6959.40 5.3809
6959.45 5.3826
6959.50 5.3844
6959.55 5.3861
6959.60 5.3878
6959.65 5.3895
6959.70 5.3912
6959.75 5.3930
6959.80 5.3947
6959.85 5.3964
6959.90 5.3981
6959.95 5.3999
6960.00 5.4016
6960.05 5.4033
6960.10 5.4050
6960.15 5.4067
6960.20 5.4084
6960.25 5.4101
6960.30 5.4119
6960.35 5.4136
6960.40 5.4153
6960.45 5.4170
6960.50 5.4187
6960.55 5.4204
6960.60 5.4221
6960.65 5.4238
6960.70 5.4255
6960.75 5.4272
6960.80 5.4289
6960.85 5.4306
6960.90 5.4323
6960.95 5.4340
6961.00 5.4357
6961.05 5.4374
6961.10 5.4391
6961.15 5.4407
6961.20 5.4424
6961.25 5.4441
6961.30 5.4458
6961.35 5.4475
6961.40 5.4492
6961.45 5.4508
6961.50 5.4525
6961.55 5.4542
6961.60 5.4559
6961.65 5.4575
6961.70 5.4592
6961.75 5.4609
6961.80 5.4625
6961.85 5.4642
6961.90 5.4658
6961.95 5.4675
6962.00 5.4692
6962.05 5.4708
6962.10 5.4725
6962.15 5.4741
6962.20 5.4758
6962.25 5.4774
6962.30 5.4791
6962.35 5.4807
6962.40 5.4823
6962.45 5.4840
6962.50 5.4856
6962.55 5.4872
6962.60 5.4889
6962.65 5.4905
6962.70 5.4921
6962.75 5.4937
6962.80 5.4954
6962.85 5.4970
6962.90 5.4986
6962.95 5.5002
6963.00 5.5018
6963.05 5.5034
6963.10 5.5050
6963.15 5.5066
6963.20 5.5082
6963.25 5.5098
6963.30 5.5114
6963.35 5.5130
6963.40 5.5146
6963.45 5.5162
6963.50 5.5178
6963.55 5.5193
6963.60 5.5209
6963.65 5.5225
6963.70 5.5241
6963.75 5.5256
6963.80 5.5272
6963.85 5.5287
6963.90 5.5303
6963.95 5.5318
6964.00 5.5334
6964.05 5.5349
6964.10 5.5365
6964.15 5.5380
6964.20 5.5396
6964.25 5.5411
6964.30 5.5426
6964.35 5.5441
6964.40 5.5457
6964.45 5.5472
6964.50 5.5487
6964.55 5.5502
6964.60 5.5517
6964.65 5.5532
6964.70 5.5547
6964.75 5.5562
6964.80 5.5577
6964.85 5.5592
6964.90 5.5607
6964.95 5.5622
6965.00 5.5636
6965.05 5.5651
6965.10 5.5666
6965.15 5.5680
6965.20 5.5695
6965.25 5.5710
6965.30 5.5724
6965.35 5.5738
6965.40 5.5753
6965.45 5.5767
6965.50 5.5782
6965.55 5.5796
6965.60 5.5810
6965.65 5.5824
6965.70 5.5839
6965.75 5.5853
6965.80 5.5867
6965.85 5.5881
6965.90 5.5895
6965.95 5.5909
6966.00 5.5923
6966.05 5.5936
6966.10 5.5950
6966.15 5.5964
6966.20 5.5978
6966.25 5.5991
6966.30 5.6005
6966.35 5.6018
6966.40 5.6032
6966.45 5.6045
6966.50 5.6059
6966.55 5.6072
6966.60 5.6085
6966.65 5.6099
6966.70 5.6112
6966.75 5.6125
6966.80 5.6138
6966.85 5.6151
6966.90 5.6164
6966.95 5.6177
6967.00 5.6190
6967.05 5.6203
6967.10 5.6216
6967.15 5.6228
6967.20 5.6241
6967.25 5.6254
6967.30 5.6266
6967.35 5.6279
6967.40 5.6291
6967.45 5.6304
6967.50 5.6316
6967.55 5.6328
6967.60 5.6340
6967.65 5.6353
6967.70 5.6365
6967.75 5.6377
6967.80 5.6389
6967.85 5.6401
6967.90 5.6413
6967.95 5.6425
6968.00 5.6436
6968.05 5.6448
6968.10 5.6460
6968.15 5.6471
6968.20 5.6483
6968.25 5.6494
6968.30 5.6506
6968.35 5.6517
6968.40 5.6528
6968.45 5.6540
6968.50 5.6551
6968.55 5.6562
6968.60 5.6573
6968.65 5.6584
6968.70 5.6595
6968.75 5.6606
6968.80 5.6616
6968.85 5.6627
6968.90 5.6638
6968.95 5.6649
6969.00 5.6659
6969.05 5.6670
6969.10 5.6680
6969.15 5.6690
6969.20 5.6701
6969.25 5.6711
6969.30 5.6721
6969.35 5.6731
6969.40 5.6741
6969.45 5.6751
6969.50 5.6761
6969.55 5.6771
6969.60 5.6781
6969.65 5.6790
6969.70 5.6800
6969.75 5.6810
6969.80 5.6819
6969.85 5.6829
6969.90 5.6838
6969.95 5.6847
6970.00 5.6857
6970.05 5.6866
6970.10 5.6875
6970.15 5.6884
6970.20 5.6893
6970.25 5.6902
6970.30 5.6911
6970.35 5.6920
6970.40 5.6928
6970.45 5.6937
6970.50 5.6945
6970.55 5.6954
6970.60 5.6962
6970.65 5.6971
6970.70 5.6979
6970.75 5.6987
6970.80 5.6996
6970.85 5.7004
6970.90 5.7012
6970.95 5.7020
6971.00 5.7027
6971.05 5.7035
6971.10 5.7043
6971.15 5.7051
6971.20 5.7058
6971.25 5.7066
6971.30 5.7073
6971.35 5.7081
6971.40 5.7088
6971.45 5.7095
6971.50 5.7103
6971.55 5.7110
6971.60 5.7117
6971.65 5.7124
6971.70 5.7131
6971.75 5.7138
6971.80 5.7144
6971.85 5.7151
6971.90 5.7158
6971.95 5.7164
6972.00 5.7171
6972.05 5.7177
6972.10 5.7184
6972.15 5.7190
6972.20 5.7196
6972.25 5.7202
6972.30 5.7208
6972.35 5.7214
6972.40 5.7220
6972.45 5.7226
6972.50 5.7232
6972.55 5.7238
6972.60 5.7243
6972.65 5.7249
6972.70 5.7254
6972.75 5.7260
6972.80 5.7265
6972.85 5.7271
6972.90 5.7276
6972.95 5.7281
6973.00 5.7286
6973.05 5.7291
6973.10 5.7296
6973.15 5.7301
6973.20 5.7306
6973.25 5.7310
6973.30 5.7315
6973.35 5.7320
6973.40 5.7324
6973.45 5.7329
6973.50 5.7333
6973.55 5.7338
6973.60 5.7342
6973.65 5.7346
6973.70 5.7350
6973.75 5.7354
6973.80 5.7358
6973.85 5.7362
6973.90 5.7366
6973.95 5.7370
6974.00 5.7373
6974.05 5.7377
6974.10 5.7381
6974.15 5.7384
6974.20 5.7388
6974.25 5.7391
6974.30 5.7394
6974.35 5.7398
6974.40 5.7401
6974.45 5.7404
6974.50 5.7407
6974.55 5.7410
6974.60 5.7413
6974.65 5.7416
6974.70 5.7418
6974.75 5.7421
6974.80 5.7424
6974.85 5.7426
6974.90 5.7429
6974.95 5.7431
6975.00 5.7434
6975.05 5.7436
6975.10 5.7438
6975.15 5.7441
6975.20 5.7443
6975.25 5.7445
6975.30 5.7447
6975.35 5.7449
6975.40 5.7451
6975.45 5.7452
6975.50 5.7454
6975.55 5.7456
6975.60 5.7457
6975.65 5.7459
6975.70 5.7461
6975.75 5.7462
6975.80 5.7463
6975.85 5.7465
6975.90 5.7466
6975.95 5.7467
6976.00 5.7468
6976.05 5.7469
6976.10 5.7470
6976.15 5.7471
6976.20 5.7472
6976.25 5.7473
6976.30 5.7474
6976.35 5.7474
6976.40 5.7475
6976.45 5.7476
6976.50 5.7476
6976.55 5.7477
6976.60 5.7477
6976.65 5.7478
6976.70 5.7478
6976.75 5.7478
6976.80 5.7478
6976.85 5.7478
6976.90 5.7479
6976.95 5.7479
6977.00 5.7479
6977.05 5.7478
6977.10 5.7478
6977.15 5.7478
6977.20 5.7478
6977.25 5.7478
6977.30 5.7477
6977.35 5.7477
6977.40 5.7476
6977.45 5.7476
6977.50 5.7475
6977.55 5.7475
6977.60 5.7474
6977.65 5.7473
6977.70 5.7473
6977.75 5.7472
6977.80 5.7471
6977.85 5.7470
6977.90 5.7469
6977.95 5.7468
6978.00 5.7467
6978.05 5.7466
6978.10 5.7465
6978.15 5.7464
6978.20 5.7462
6978.25 5.7461
6978.30 5.7460
6978.35 5.7458
6978.40 5.7457
6978.45 5.7455
6978.50 5.7454
6978.55 5.7452
6978.60 5.7451
6978.65 5.7449
6978.70 5.7447
6978.75 5.7446
6978.80 5.7444
6978.85 5.7442
6978.90 5.7440
6978.95 5.7438
6979.00 5.7436
6979.05 5.7434
6979.10 5.7432
6979.15 5.7430
6979.20 5.7428
6979.25 5.7426
6979.30 5.7424
6979.35 5.7421
6979.40 5.7419
6979.45 5.7417
6979.50 5.7415
6979.55 5.7412
6979.60 5.7410
6979.65 5.7407
6979.70 5.7405
6979.75 5.7402
6979.80 5.7400
6979.85 5.7397
6979.90 5.7395
6979.95 5.7392
6980.00 5.7389
6980.05 5.7387
6980.10 5.7384
6980.15 5.7381
6980.20 5.7378
6980.25 5.7375
6980.30 5.7372
6980.35 5.7370
6980.40 5.7367
6980.45 5.7364
6980.50 5.7361
6980.55 5.7358
6980.60 5.7355
6980.65 5.7352
6980.70 5.7348
6980.75 5.7345
6980.80 5.7342
6980.85 5.7339
6980.90 5.7336
6980.95 5.7333
6981.00 5.7329
6981.05 5.7326
6981.10 5.7323
6981.15 5.7320
6981.20 5.7316
6981.25 5.7313
6981.30 5.7309
6981.35 5.7306
6981.40 5.7303
6981.45 5.7299
6981.50 5.7296
6981.55 5.7292
6981.60 5.7289
6981.65 5.7285
6981.70 5.7282
6981.75 5.7278
6981.80 5.7275
6981.85 5.7271
6981.90 5.7267
6981.95 5.7264
6982.00 5.7260
6982.05 5.7256
6982.10 5.7253
6982.15 5.7249
6982.20 5.7245
6982.25 5.7242
6982.30 5.7238
6982.35 5.7234
6982.40 5.7231
6982.45 5.7227
6982.50 5.7223
6982.55 5.7219
6982.60 5.7215
6982.65 5.7212
6982.70 5.7208
6982.75 5.7204
6982.80 5.7200
6982.85 5.7196
6982.90 5.7193
6982.95 5.7189
6983.00 5.7185
6983.05 5.7181
6983.10 5.7177
6983.15 5.7173
6983.20 5.7169
6983.25 5.7166
6983.30 5.7162
6983.35 5.7158
6983.40 5.7154
6983.45 5.7150
6983.50 5.7146
6983.55 5.7142
6983.60 5.7138
6983.65 5.7135
6983.70 5.7131
6983.75 5.7127
6983.80 5.7123
6983.85 5.7119
6983.90 5.7115
6983.95 5.7111
6984.00 5.7107
6984.05 5.7103
6984.10 5.7100
6984.15 5.7096
6984.20 5.7092
6984.25 5.7088
6984.30 5.7084
6984.35 5.7080
6984.40 5.7076
6984.45 5.7073
6984.50 5.7069
6984.55 5.7065
6984.60 5.7061
6984.65 5.7057
6984.70 5.7053
6984.75 5.7050
6984.80 5.7046
6984.85 5.7042
6984.90 5.7038
6984.95 5.7034
6985.00 5.7031
6985.05 5.7027
6985.10 5.7023
6985.15 5.7020
6985.20 5.7016
6985.25 5.7012
6985.30 5.7008
6985.35 5.7005
6985.40 5.7001
6985.45 5.6997
6985.50 5.6994
6985.55 5.6990
6985.60 5.6987
6985.65 5.6983
6985.70 5.6979
6985.75 5.6976
6985.80 5.6972
6985.85 5.6969
6985.90 5.6965
6985.95 5.6962
6986.00 5.6958
6986.05 5.6955
6986.10 5.6951
6986.15 5.6948
6986.20 5.6944
6986.25 5.6941
6986.30 5.6938
6986.35 5.6934
6986.40 5.6931
6986.45 5.6928
6986.50 5.6924
6986.55 5.6921
6986.60 5.6918
6986.65 5.6915
6986.70 5.6911
6986.75 5.6908
6986.80 5.6905
6986.85 5.6902
6986.90 5.6899
6986.95 5.6896
6987.00 5.6892
6987.05 5.6889
6987.10 5.6886
6987.15 5.6883
6987.20 5.6880
6987.25 5.6877
6987.30 5.6874
6987.35 5.6871
6987.40 5.6868
6987.45 5.6866
6987.50 5.6863
6987.55 5.6860
6987.60 5.6857
6987.65 5.6854
6987.70 5.6852
6987.75 5.6849
6987.80 5.6846
6987.85 5.6843
6987.90 5.6841
6987.95 5.6838
6988.00 5.6836
6988.05 5.6833
6988.10 5.6830
6988.15 5.6828
6988.20 5.6825
6988.25 5.6823
6988.30 5.6821
6988.35 5.6818
6988.40 5.6816
6988.45 5.6813
6988.50 5.6811
6988.55 5.6809
6988.60 5.6806
6988.65 5.6804
6988.70 5.6802
6988.75 5.6800
6988.80 5.6798
6988.85 5.6796
6988.90 5.6793
6988.95 5.6791
6989.00 5.6789
6989.05 5.6787
6989.10 5.6785
6989.15 5.6783
6989.20 5.6781
6989.25 5.6780
6989.30 5.6778
6989.35 5.6776
6989.40 5.6774
6989.45 5.6772
6989.50 5.6771
6989.55 5.6769
6989.60 5.6767
6989.65 5.6766
6989.70 5.6764
6989.75 5.6762
6989.80 5.6761
6989.85 5.6759
6989.90 5.6758
6989.95 5.6756
6990.00 5.6755
6990.05 5.6753
6990.10 5.6752
6990.15 5.6751
6990.20 5.6749
6990.25 5.6748
6990.30 5.6747
6990.35 5.6746
6990.40 5.6744
6990.45 5.6743
6990.50 5.6742
6990.55 5.6741
6990.60 5.6740
6990.65 5.6739
6990.70 5.6738
6990.75 5.6737
6990.80 5.6736
6990.85 5.6735
6990.90 5.6734
6990.95 5.6733
6991.00 5.6732
6991.05 5.6732
6991.10 5.6731
6991.15 5.6730
6991.20 5.6729
6991.25 5.6729
6991.30 5.6728
6991.35 5.6727
6991.40 5.6727
6991.45 5.6726
6991.50 5.6726
6991.55 5.6725
6991.60 5.6725
6991.65 5.6724
6991.70 5.6724
6991.75 5.6724
6991.80 5.6723
6991.85 5.6723
6991.90 5.6723
6991.95 5.6722
6992.00 5.6722
6992.05 5.6722
6992.10 5.6722
6992.15 5.6722
6992.20 5.6722
6992.25 5.6722
6992.30 5.6721
6992.35 5.6721
6992.40 5.6721
6992.45 5.6722
6992.50 5.6722
6992.55 5.6722
6992.60 5.6722
6992.65 5.6722
6992.70 5.6722
6992.75 5.6722
6992.80 5.6723
6992.85 5.6723
6992.90 5.6723
6992.95 5.6723
6993.00 5.6724
6993.05 5.6724
6993.10 5.6725
6993.15 5.6725
6993.20 5.6725
6993.25 5.6726
6993.30 5.6726
6993.35 5.6727
6993.40 5.6727
6993.45 5.6728
6993.50 5.6729
6993.55 5.6729
6993.60 5.6730
6993.65 5.6731
6993.70 5.6731
6993.75 5.6732
6993.80 5.6733
6993.85 5.6734
6993.90 5.6734
6993.95 5.6735
6994.00 5.6736
6994.05 5.6737
6994.10 5.6738
6994.15 5.6739
6994.20 5.6740
6994.25 5.6741
6994.30 5.6742
6994.35 5.6743
6994.40 5.6744
6994.45 5.6745
6994.50 5.6746
6994.55 5.6747
6994.60 5.6748
6994.65 5.6749
6994.70 5.6751
6994.75 5.6752
6994.80 5.6753
6994.85 5.6754
6994.90 5.6756
6994.95 5.6757
6995.00 5.6758
6995.05 5.6759
6995.10 5.6761
6995.15 5.6762
6995.20 5.6764
6995.25 5.6765
6995.30 5.6766
6995.35 5.6768
6995.40 5.6769
6995.45 5.6771
6995.50 5.6772
6995.55 5.6774
6995.60 5.6775
6995.65 5.6777
6995.70 5.6779
6995.75 5.6780
6995.80 5.6782
6995.85 5.6783
6995.90 5.6785
6995.95 5.6787
6996.00 5.6789
6996.05 5.6790
6996.10 5.6792
6996.15 5.6794
6996.20 5.6795
6996.25 5.6797
6996.30 5.6799
6996.35 5.6801
6996.40 5.6803
6996.45 5.6805
6996.50 5.6806
6996.55 5.6808
6996.60 5.6810
6996.65 5.6812
6996.70 5.6814
6996.75 5.6816
6996.80 5.6818
6996.85 5.6820
6996.90 5.6822
6996.95 5.6824
6997.00 5.6826
6997.05 5.6828
6997.10 5.6830
6997.15 5.6832
6997.20 5.6834
6997.25 5.6836
6997.30 5.6838
6997.35 5.6840
6997.40 5.6843
6997.45 5.6845
6997.50 5.6847
6997.55 5.6849
6997.60 5.6851
6997.65 5.6853
6997.70 5.6856
6997.75 5.6858
6997.80 5.6860
6997.85 5.6862
6997.90 5.6864
6997.95 5.6867
6998.00 5.6869
6998.05 5.6871
6998.10 5.6874
6998.15 5.6876
6998.20 5.6878
6998.25 5.6880
6998.30 5.6883
6998.35 5.6885
6998.40 5.6887
6998.45 5.6890
6998.50 5.6892
6998.55 5.6895
6998.60 5.6897
6998.65 5.6899
6998.70 5.6902
6998.75 5.6904
6998.80 5.6907
6998.85 5.6909
6998.90 5.6911
6998.95 5.6914
6999.00 5.6916
6999.05 5.6919
6999.10 5.6921
6999.15 5.6924
6999.20 5.6926
6999.25 5.6929
6999.30 5.6931
6999.35 5.6934
6999.40 5.6936
6999.45 5.6939
6999.50 5.6941
6999.55 5.6944
6999.60 5.6946
6999.65 5.6949
6999.70 5.6951
6999.75 5.6954
6999.80 5.6957
6999.85 5.6959
6999.90 5.6962
6999.95 5.6964
7000.00 5.6967
7000.05 5.6970
7000.10 5.6972
7000.15 5.6975
7000.20 5.6977
7000.25 5.6980
7000.30 5.6983
7000.35 5.6985
7000.40 5.6988
7000.45 5.6990
7000.50 5.6993
7000.55 5.6996
7000.60 5.6998
7000.65 5.7001
7000.70 5.7004
7000.75 5.7006
7000.80 5.7009
7000.85 5.7012
7000.90 5.7014
7000.95 5.7017
7001.00 5.7020
7001.05 5.7022
7001.10 5.7025
7001.15 5.7028
7001.20 5.7030
7001.25 5.7033
7001.30 5.7036
7001.35 5.7039
7001.40 5.7041
7001.45 5.7044
7001.50 5.7047
7001.55 5.7049
7001.60 5.7052
7001.65 5.7055
7001.70 5.7057
7001.75 5.7060
7001.80 5.7063
7001.85 5.7066
7001.90 5.7068
7001.95 5.7071
7002.00 5.7074
7002.05 5.7077
7002.10 5.7079
7002.15 5.7082
7002.20 5.7085
7002.25 5.7087
7002.30 5.7090
7002.35 5.7093
7002.40 5.7096
7002.45 5.7098
7002.50 5.7101
7002.55 5.7104
7002.60 5.7107
7002.65 5.7109
7002.70 5.7112
7002.75 5.7115
7002.80 5.7118
7002.85 5.7120
7002.90 5.7123
7002.95 5.7126
7003.00 5.7129
7003.05 5.7131
7003.10 5.7134
7003.15 5.7137
7003.20 5.7139
7003.25 5.7142
7003.30 5.7145
7003.35 5.7148
7003.40 5.7150
7003.45 5.7153
7003.50 5.7156
7003.55 5.7159
7003.60 5.7161
7003.65 5.7164
7003.70 5.7167
7003.75 5.7170
7003.80 5.7172
7003.85 5.7175
7003.90 5.7178
7003.95 5.7181
7004.00 5.7183
7004.05 5.7186
7004.10 5.7189
7004.15 5.7192
7004.20 5.7194
7004.25 5.7197
7004.30 5.7200
7004.35 5.7202
7004.40 5.7205
7004.45 5.7208
7004.50 5.7211
7004.55 5.7213
7004.60 5.7216
7004.65 5.7219
7004.70 5.7221
7004.75 5.7224
7004.80 5.7227
7004.85 5.7230
7004.90 5.7232
7004.95 5.7235
7005.00 5.7238
7005.05 5.7240
7005.10 5.7243
7005.15 5.7246
7005.20 5.7249
7005.25 5.7251
7005.30 5.7254
7005.35 5.7257
7005.40 5.7259
7005.45 5.7262
7005.50 5.7265
7005.55 5.7267
7005.60 5.7270
7005.65 5.7273
7005.70 5.7275
7005.75 5.7278
7005.80 5.7281
7005.85 5.7283
7005.90 5.7286
7005.95 5.7289
7006.00 5.7291
7006.05 5.7294
7006.10 5.7297
7006.15 5.7299
7006.20 5.7302
7006.25 5.7305
7006.30 5.7307
7006.35 5.7310
7006.40 5.7313
7006.45 5.7315
7006.50 5.7318
7006.55 5.7321
7006.60 5.7323
7006.65 5.7326
7006.70 5.7328
7006.75 5.7331
7006.80 5.7334
7006.85 5.7336
7006.90 5.7339
7006.95 5.7341
7007.00 5.7344
7007.05 5.7347
7007.10 5.7349
7007.15 5.7352
7007.20 5.7354
7007.25 5.7357
7007.30 5.7360
7007.35 5.7362
7007.40 5.7365
7007.45 5.7367
7007.50 5.7370
7007.55 5.7373
7007.60 5.7375
7007.65 5.7378
7007.70 5.7380
7007.75 5.7383
7007.80 5.7385
7007.85 5.7388
7007.90 5.7390
7007.95 5.7393
7008.00 5.7396
7008.05 5.7398
7008.10 5.7401
7008.15 5.7403
7008.20 5.7406
7008.25 5.7408
7008.30 5.7411
7008.35 5.7413
7008.40 5.7416
7008.45 5.7418
7008.50 5.7421
7008.55 5.7423
7008.60 5.7426
7008.65 5.7428
7008.70 5.7431
7008.75 5.7433
7008.80 5.7436
7008.85 5.7438
7008.90 5.7441
7008.95 5.7443
7009.00 5.7446
7009.05 5.7448
7009.10 5.7451
7009.15 5.7453
7009.20 5.7456
7009.25 5.7458
7009.30 5.7460
7009.35 5.7463
7009.40 5.7465
7009.45 5.7468
7009.50 5.7470
7009.55 5.7473
7009.60 5.7475
7009.65 5.7478
7009.70 5.7480
7009.75 5.7482
7009.80 5.7485
7009.85 5.7487
7009.90 5.7490
7009.95 5.7492
7010.00 5.7495
7010.05 5.7497
7010.10 5.7499
7010.15 5.7502
7010.20 5.7504
7010.25 5.7507
7010.30 5.7509
7010.35 5.7511
7010.40 5.7514
7010.45 5.7516
7010.50 5.7518
7010.55 5.7521
7010.60 5.7523
7010.65 5.7526
7010.70 5.7528
7010.75 5.7530
7010.80 5.7533
7010.85 5.7535
7010.90 5.7537
7010.95 5.7540
7011.00 5.7542
7011.05 5.7545
7011.10 5.7547
7011.15 5.7549
7011.20 5.7552
7011.25 5.7554
7011.30 5.7556
7011.35 5.7559
7011.40 5.7561
7011.45 5.7563
7011.50 5.7566
7011.55 5.7568
7011.60 5.7570
7011.65 5.7573
7011.70 5.7575
7011.75 5.7577
7011.80 5.7580
7011.85 5.7582
7011.90 5.7584
7011.95 5.7587
7012.00 5.7589
7012.05 5.7591
7012.10 5.7594
7012.15 5.7596
7012.20 5.7598
7012.25 5.7601
7012.30 5.7603
7012.35 5.7605
7012.40 5.7608
7012.45 5.7610
7012.50 5.7612
7012.55 5.7615
7012.60 5.7617
7012.65 5.7619
7012.70 5.7622
7012.75 5.7624
7012.80 5.7626
7012.85 5.7629
7012.90 5.7631
7012.95 5.7633
7013.00 5.7636
7013.05 5.7638
7013.10 5.7640
7013.15 5.7643
7013.20 5.7645
7013.25 5.7647
7013.30 5.7650
7013.35 5.7652
7013.40 5.7654
7013.45 5.7657
7013.50 5.7659
7013.55 5.7661
7013.60 5.7664
7013.65 5.7666
7013.70 5.7668
7013.75 5.7671
7013.80 5.7673
7013.85 5.7675
7013.90 5.7678
7013.95 5.7680
7014.00 5.7682
7014.05 5.7685
7014.10 5.7687
7014.15 5.7689
7014.20 5.7692
7014.25 5.7694
7014.30 5.7697
7014.35 5.7699
7014.40 5.7701
7014.45 5.7704
7014.50 5.7706
7014.55 5.7708
7014.60 5.7711
7014.65 5.7713
7014.70 5.7716
7014.75 5.7718
7014.80 5.7720
7014.85 5.7723
7014.90 5.7725
7014.95 5.7728
7015.00 5.7730
7015.05 5.7733
7015.10 5.7735
7015.15 5.7738
7015.20 5.7740
7015.25 5.7742
7015.30 5.7745
7015.35 5.7747
7015.40 5.7750
7015.45 5.7752
7015.50 5.7755
7015.55 5.7757
7015.60 5.7760
7015.65 5.7762
7015.70 5.7765
7015.75 5.7767
7015.80 5.7770
7015.85 5.7772
7015.90 5.7775
7015.95 5.7778
7016.00 5.7780
7016.05 5.7783
7016.10 5.7785
7016.15 5.7788
7016.20 5.7791
7016.25 5.7793
7016.30 5.7796
7016.35 5.7798
7016.40 5.7801
7016.45 5.7804
7016.50 5.7806
7016.55 5.7809
7016.60 5.7812
7016.65 5.7814
7016.70 5.7817
7016.75 5.7820
7016.80 5.7822
7016.85 5.7825
7016.90 5.7828
7016.95 5.7831
7017.00 5.7833
7017.05 5.7836
7017.10 5.7839
7017.15 5.7842
7017.20 5.7844
7017.25 5.7847
7017.30 5.7850
7017.35 5.7853
7017.40 5.7856
7017.45 5.7859
7017.50 5.7862
7017.55 5.7864
7017.60 5.7867
7017.65 5.7870
7017.70 5.7873
7017.75 5.7876
7017.80 5.7879
7017.85 5.7882
7017.90 5.7885
7017.95 5.7888
7018.00 5.7891
7018.05 5.7894
7018.10 5.7897
7018.15 5.7900
7018.20 5.7903
7018.25 5.7906
7018.30 5.7909
7018.35 5.7912
7018.40 5.7915
7018.45 5.7919
7018.50 5.7922
7018.55 5.7925
7018.60 5.7928
7018.65 5.7931
7018.70 5.7934
7018.75 5.7938
7018.80 5.7941
7018.85 5.7944
7018.90 5.7947
7018.95 5.7951
7019.00 5.7954
7019.05 5.7957
7019.10 5.7961
7019.15 5.7964
7019.20 5.7967
7019.25 5.7971
7019.30 5.7974
7019.35 5.7978
7019.40 5.7981
7019.45 5.7985
7019.50 5.7988
7019.55 5.7992
7019.60 5.7995
7019.65 5.7999
7019.70 5.8002
7019.75 5.8006
7019.80 5.8009
7019.85 5.8013
7019.90 5.8017
7019.95 5.8020
7020.00 5.8024
7020.05 5.8028
7020.10 5.8031
7020.15 5.8035
7020.20 5.8039
7020.25 5.8043
7020.30 5.8046
7020.35 5.8050
7020.40 5.8054
7020.45 5.8058
7020.50 5.8062
7020.55 5.8066
7020.60 5.8069
7020.65 5.8073
7020.70 5.8077
7020.75 5.8081
7020.80 5.8085
7020.85 5.8089
7020.90 5.8093
7020.95 5.8097
7021.00 5.8101
7021.05 5.8105
7021.10 5.8110
7021.15 5.8114
7021.20 5.8118
7021.25 5.8122
7021.30 5.8126
7021.35 5.8130
7021.40 5.8135
7021.45 5.8139
7021.50 5.8143
7021.55 5.8147
7021.60 5.8152
7021.65 5.8156
7021.70 5.8161
7021.75 5.8165
7021.80 5.8169
7021.85 5.8174
7021.90 5.8178
7021.95 5.8183
7022.00 5.8187
7022.05 5.8192
7022.10 5.8196
7022.15 5.8201
7022.20 5.8205
7022.25 5.8210
7022.30 5.8215
7022.35 5.8219
7022.40 5.8224
7022.45 5.8229
7022.50 5.8233
7022.55 5.8238
7022.60 5.8243
7022.65 5.8248
7022.70 5.8252
7022.75 5.8257
7022.80 5.8262
7022.85 5.8267
7022.90 5.8272
7022.95 5.8277
7023.00 5.8282
7023.05 5.8287
7023.10 5.8292
7023.15 5.8297
7023.20 5.8302
7023.25 5.8307
7023.30 5.8312
7023.35 5.8317
7023.40 5.8322
7023.45 5.8327
7023.50 5.8332
7023.55 5.8337
7023.60 5.8343
7023.65 5.8348
7023.70 5.8353
7023.75 5.8358
7023.80 5.8364
7023.85 5.8369
7023.90 5.8374
7023.95 5.8380
7024.00 5.8385
7024.05 5.8390
7024.10 5.8396
7024.15 5.8401
7024.20 5.8407
7024.25 5.8412
7024.30 5.8418
7024.35 5.8423
7024.40 5.8429
7024.45 5.8434
7024.50 5.8440
7024.55 5.8446
7024.60 5.8451
7024.65 5.8457
7024.70 5.8463
7024.75 5.8468
7024.80 5.8474
7024.85 5.8480
7024.90 5.8485
7024.95 5.8491
7025.00 5.8497
7025.05 5.8503
7025.10 5.8509
7025.15 5.8514
7025.20 5.8520
7025.25 5.8526
7025.30 5.8532
7025.35 5.8538
7025.40 5.8544
7025.45 5.8550
7025.50 5.8556
7025.55 5.8562
7025.60 5.8568
7025.65 5.8574
7025.70 5.8580
7025.75 5.8586
7025.80 5.8592
7025.85 5.8598
7025.90 5.8604
7025.95 5.8610
7026.00 5.8617
7026.05 5.8623
7026.10 5.8629
7026.15 5.8635
7026.20 5.8641
7026.25 5.8648
7026.30 5.8654
7026.35 5.8660
7026.40 5.8666
7026.45 5.8673
7026.50 5.8679
7026.55 5.8685
7026.60 5.8692
7026.65 5.8698
7026.70 5.8704
7026.75 5.8711
7026.80 5.8717
7026.85 5.8724
7026.90 5.8730
7026.95 5.8737
7027.00 5.8743
7027.05 5.8749
7027.10 5.8756
7027.15 5.8762
7027.20 5.8769
7027.25 5.8775
7027.30 5.8782
7027.35 5.8789
7027.40 5.8795
7027.45 5.8802
7027.50 5.8808
7027.55 5.8815
7027.60 5.8822
7027.65 5.8828
7027.70 5.8835
7027.75 5.8841
7027.80 5.8848
7027.85 5.8855
7027.90 5.8861
7027.95 5.8868
7028.00 5.8875
7028.05 5.8881
7028.10 5.8888
7028.15 5.8895
7028.20 5.8902
7028.25 5.8908
7028.30 5.8915
7028.35 5.8922
7028.40 5.8929
7028.45 5.8935
7028.50 5.8942
7028.55 5.8949
7028.60 5.8956
7028.65 5.8962
7028.70 5.8969
7028.75 5.8976
7028.80 5.8983
7028.85 5.8990
7028.90 5.8997
7028.95 5.9003
7029.00 5.9010
7029.05 5.9017
7029.10 5.9024
7029.15 5.9031
7029.20 5.9038
7029.25 5.9045
7029.30 5.9051
7029.35 5.9058
7029.40 5.9065
7029.45 5.9072
7029.50 5.9079
7029.55 5.9086
7029.60 5.9093
7029.65 5.9100
7029.70 5.9106
7029.75 5.9113
7029.80 5.9120
7029.85 5.9127
7029.90 5.9134
7029.95 5.9141
7030.00 5.9148
7030.05 5.9155
7030.10 5.9162
7030.15 5.9169
7030.20 5.9175
7030.25 5.9182
7030.30 5.9189
7030.35 5.9196
7030.40 5.9203
7030.45 5.9210
7030.50 5.9217
7030.55 5.9224
7030.60 5.9231
7030.65 5.9238
7030.70 5.9244
7030.75 5.9251
7030.80 5.9258
7030.85 5.9265
7030.90 5.9272
7030.95 5.9279
7031.00 5.9286
7031.05 5.9293
7031.10 5.9299
7031.15 5.9306
7031.20 5.9313
7031.25 5.9320
7031.30 5.9327
7031.35 5.9334
7031.40 5.9341
7031.45 5.9347
7031.50 5.9354
7031.55 5.9361
7031.60 5.9368
7031.65 5.9375
7031.70 5.9381
7031.75 5.9388
7031.80 5.9395
7031.85 5.9402
7031.90 5.9409
7031.95 5.9415
7032.00 5.9422
7032.05 5.9429
7032.10 5.9436
7032.15 5.9442
7032.20 5.9449
7032.25 5.9456
7032.30 5.9463
7032.35 5.9469
7032.40 5.9476
7032.45 5.9483
7032.50 5.9489
7032.55 5.9496
7032.60 5.9503
7032.65 5.9509
7032.70 5.9516
7032.75 5.9523
7032.80 5.9529
7032.85 5.9536
7032.90 5.9543
7032.95 5.9549
7033.00 5.9556
7033.05 5.9562
7033.10 5.9569
7033.15 5.9576
7033.20 5.9582
7033.25 5.9589
7033.30 5.9595
7033.35 5.9602
7033.40 5.9608
7033.45 5.9615
7033.50 5.9621
7033.55 5.9628
7033.60 5.9634
7033.65 5.9641
7033.70 5.9647
7033.75 5.9653
7033.80 5.9660
7033.85 5.9666
7033.90 5.9673
7033.95 5.9679
7034.00 5.9685
7034.05 5.9692
7034.10 5.9698
7034.15 5.9704
7034.20 5.9711
7034.25 5.9717
7034.30 5.9723
7034.35 5.9730
7034.40 5.9736
7034.45 5.9742
7034.50 5.9748
7034.55 5.9755
7034.60 5.9761
7034.65 5.9767
7034.70 5.9773
7034.75 5.9779
7034.80 5.9785
7034.85 5.9792
7034.90 5.9798
7034.95 5.9804
7035.00 5.9810
7035.05 5.9816
7035.10 5.9822
7035.15 5.9828
7035.20 5.9834
7035.25 5.9840
7035.30 5.9846
7035.35 5.9852
7035.40 5.9858
7035.45 5.9864
7035.50 5.9870
7035.55 5.9876
7035.60 5.9882
7035.65 5.9888
7035.70 5.9894
7035.75 5.9900
7035.80 5.9905
7035.85 5.9911
7035.90 5.9917
7035.95 5.9923
7036.00 5.9929
7036.05 5.9935
7036.10 5.9940
7036.15 5.9946
7036.20 5.9952
7036.25 5.9957
7036.30 5.9963
7036.35 5.9969
7036.40 5.9975
7036.45 5.9980
7036.50 5.9986
7036.55 5.9992
7036.60 5.9997
7036.65 6.0003
7036.70 6.0008
7036.75 6.0014
7036.80 6.0019
7036.85 6.0025
7036.90 6.0031
7036.95 6.0036
7037.00 6.0042
7037.05 6.0047
7037.10 6.0052
7037.15 6.0058
7037.20 6.0063
7037.25 6.0069
7037.30 6.0074
7037.35 6.0080
7037.40 6.0085
7037.45 6.0090
7037.50 6.0096
7037.55 6.0101
7037.60 6.0106
7037.65 6.0112
7037.70 6.0117
7037.75 6.0122
7037.80 6.0127
7037.85 6.0133
7037.90 6.0138
7037.95 6.0143
7038.00 6.0148
7038.05 6.0153
7038.10 6.0159
7038.15 6.0164
7038.20 6.0169
7038.25 6.0174
7038.30 6.0179
7038.35 6.0184
7038.40 6.0189
7038.45 6.0194
7038.50 6.0199
7038.55 6.0204
7038.60 6.0209
7038.65 6.0214
7038.70 6.0219
7038.75 6.0224
7038.80 6.0229
7038.85 6.0234
7038.90 6.0239
7038.95 6.0244
7039.00 6.0249
7039.05 6.0254
7039.10 6.0259
7039.15 6.0264
7039.20 6.0269
7039.25 6.0273
7039.30 6.0278
7039.35 6.0283
7039.40 6.0288
7039.45 6.0293
7039.50 6.0297
7039.55 6.0302
7039.60 6.0307
7039.65 6.0312
7039.70 6.0316
7039.75 6.0321
7039.80 6.0326
7039.85 6.0331
7039.90 6.0335
7039.95 6.0340
7040.00 6.0345
7040.05 6.0349
7040.10 6.0354
7040.15 6.0358
7040.20 6.0363
7040.25 6.0368
7040.30 6.0372
7040.35 6.0377
7040.40 6.0381
7040.45 6.0386
7040.50 6.0390
7040.55 6.0395
7040.60 6.0399
7040.65 6.0404
7040.70 6.0408
7040.75 6.0413
7040.80 6.0417
7040.85 6.0422
7040.90 6.0426
7040.95 6.0431
7041.00 6.0435
7041.05 6.0439
7041.10 6.0444
7041.15 6.0448
7041.20 6.0453
7041.25 6.0457
7041.30 6.0461
7041.35 6.0466
7041.40 6.0470
7041.45 6.0474
7041.50 6.0479
7041.55 6.0483
7041.60 6.0487
7041.65 6.0492
7041.70 6.0496
7041.75 6.0500
7041.80 6.0504
7041.85 6.0509
7041.90 6.0513
7041.95 6.0517
7042.00 6.0521
7042.05 6.0525
7042.10 6.0530
7042.15 6.0534
7042.20 6.0538
7042.25 6.0542
7042.30 6.0546
7042.35 6.0551
7042.40 6.0555
7042.45 6.0559
7042.50 6.0563
7042.55 6.0567
7042.60 6.0571
7042.65 6.0575
7042.70 6.0579
7042.75 6.0584
7042.80 6.0588
7042.85 6.0592
7042.90 6.0596
7042.95 6.0600
7043.00 6.0604
7043.05 6.0608
7043.10 6.0612
7043.15 6.0616
7043.20 6.0620
7043.25 6.0624
7043.30 6.0628
7043.35 6.0632
7043.40 6.0636
7043.45 6.0640
7043.50 6.0644
7043.55 6.0648
7043.60 6.0652
7043.65 6.0656
7043.70 6.0660
7043.75 6.0664
7043.80 6.0668
7043.85 6.0672
7043.90 6.0676
7043.95 6.0680
7044.00 6.0684
7044.05 6.0688
7044.10 6.0692
7044.15 6.0696
7044.20 6.0700
7044.25 6.0703
7044.30 6.0707
7044.35 6.0711
7044.40 6.0715
7044.45 6.0719
7044.50 6.0723
7044.55 6.0727
7044.60 6.0731
7044.65 6.0735
7044.70 6.0739
7044.75 6.0742
7044.80 6.0746
7044.85 6.0750
7044.90 6.0754
7044.95 6.0758
7045.00 6.0762
7045.05 6.0766
7045.10 6.0769
7045.15 6.0773
7045.20 6.0777
7045.25 6.0781
7045.30 6.0785
7045.35 6.0789
7045.40 6.0792
7045.45 6.0796
7045.50 6.0800
7045.55 6.0804
7045.60 6.0808
7045.65 6.0812
7045.70 6.0815
7045.75 6.0819
7045.80 6.0823
7045.85 6.0827
7045.90 6.0831
7045.95 6.0834
7046.00 6.0838
7046.05 6.0842
7046.10 6.0846
7046.15 6.0850
7046.20 6.0854
7046.25 6.0857
7046.30 6.0861
7046.35 6.0865
7046.40 6.0869
7046.45 6.0873
7046.50 6.0876
7046.55 6.0880
7046.60 6.0884
7046.65 6.0888
7046.70 6.0892
7046.75 6.0895
7046.80 6.0899
7046.85 6.0903
7046.90 6.0907
7046.95 6.0911
7047.00 6.0914
7047.05 6.0918
7047.10 6.0922
7047.15 6.0926
7047.20 6.0930
7047.25 6.0933
7047.30 6.0937
7047.35 6.0941
7047.40 6.0945
7047.45 6.0949
7047.50 6.0952
7047.55 6.0956
7047.60 6.0960
7047.65 6.0964
7047.70 6.0968
7047.75 6.0972
7047.80 6.0975
7047.85 6.0979
7047.90 6.0983
7047.95 6.0987
7048.00 6.0991
7048.05 6.0994
7048.10 6.0998
7048.15 6.1002
7048.20 6.1006
7048.25 6.1010
7048.30 6.1014
7048.35 6.1017
7048.40 6.1021
7048.45 6.1025
7048.50 6.1029
7048.55 6.1033
7048.60 6.1037
7048.65 6.1041
7048.70 6.1045
7048.75 6.1048
7048.80 6.1052
7048.85 6.1056
7048.90 6.1060
7048.95 6.1064
7049.00 6.1068
7049.05 6.1072
7049.10 6.1076
7049.15 6.1079
7049.20 6.1083
7049.25 6.1087
7049.30 6.1091
7049.35 6.1095
7049.40 6.1099
7049.45 6.1103
7049.50 6.1107
7049.55 6.1111
7049.60 6.1115
7049.65 6.1119
7049.70 6.1123
7049.75 6.1127
7049.80 6.1131
7049.85 6.1134
7049.90 6.1138
7049.95 6.1142
7050.00 6.1146
7050.05 6.1150
7050.10 6.1154
7050.15 6.1158
7050.20 6.1162
7050.25 6.1166
7050.30 6.1170
7050.35 6.1174
7050.40 6.1178
7050.45 6.1182
7050.50 6.1186
7050.55 6.1190
7050.60 6.1194
7050.65 6.1198
7050.70 6.1203
7050.75 6.1207
7050.80 6.1211
7050.85 6.1215
7050.90 6.1219
7050.95 6.1223
7051.00 6.1227
7051.05 6.1231
7051.10 6.1235
7051.15 6.1239
7051.20 6.1243
7051.25 6.1247
7051.30 6.1252
7051.35 6.1256
7051.40 6.1260
7051.45 6.1264
7051.50 6.1268
7051.55 6.1272
7051.60 6.1276
7051.65 6.1280
7051.70 6.1285
7051.75 6.1289
7051.80 6.1293
7051.85 6.1297
7051.90 6.1301
7051.95 6.1306
7052.00 6.1310
7052.05 6.1314
7052.10 6.1318
7052.15 6.1322
7052.20 6.1327
7052.25 6.1331
7052.30 6.1335
7052.35 6.1339
7052.40 6.1344
7052.45 6.1348
7052.50 6.1352
7052.55 6.1356
7052.60 6.1361
7052.65 6.1365
7052.70 6.1369
7052.75 6.1373
7052.80 6.1378
7052.85 6.1382
7052.90 6.1386
7052.95 6.1391
7053.00 6.1395
7053.05 6.1399
7053.10 6.1404
7053.15 6.1408
7053.20 6.1412
7053.25 6.1417
7053.30 6.1421
7053.35 6.1425
7053.40 6.1430
7053.45 6.1434
7053.50 6.1439
7053.55 6.1443
7053.60 6.1447
7053.65 6.1452
7053.70 6.1456
7053.75 6.1461
7053.80 6.1465
7053.85 6.1469
7053.90 6.1474
7053.95 6.1478
7054.00 6.1483
7054.05 6.1487
7054.10 6.1492
7054.15 6.1496
7054.20 6.1500
7054.25 6.1505
7054.30 6.1509
7054.35 6.1514
7054.40 6.1518
7054.45 6.1523
7054.50 6.1527
7054.55 6.1532
7054.60 6.1536
7054.65 6.1541
7054.70 6.1545
7054.75 6.1550
7054.80 6.1554
7054.85 6.1559
7054.90 6.1563
7054.95 6.1568
7055.00 6.1572
7055.05 6.1577
7055.10 6.1581
7055.15 6.1586
7055.20 6.1590
7055.25 6.1595
7055.30 6.1600
7055.35 6.1604
7055.40 6.1609
7055.45 6.1613
7055.50 6.1618
7055.55 6.1622
7055.60 6.1627
7055.65 6.1631
7055.70 6.1636
7055.75 6.1641
7055.80 6.1645
7055.85 6.1650
7055.90 6.1654
7055.95 6.1659
7056.00 6.1663
7056.05 6.1668
7056.10 6.1673
7056.15 6.1677
7056.20 6.1682
7056.25 6.1686
7056.30 6.1691
7056.35 6.1696
7056.40 6.1700
7056.45 6.1705
7056.50 6.1709
7056.55 6.1714
7056.60 6.1719
7056.65 6.1723
7056.70 6.1728
7056.75 6.1732
7056.80 6.1737
7056.85 6.1741
7056.90 6.1746
7056.95 6.1751
7057.00 6.1755
7057.05 6.1760
7057.10 6.1764
7057.15 6.1769
7057.20 6.1774
7057.25 6.1778
7057.30 6.1783
7057.35 6.1787
7057.40 6.1792
7057.45 6.1796
7057.50 6.1801
7057.55 6.1806
7057.60 6.1810
7057.65 6.1815
7057.70 6.1819
7057.75 6.1824
7057.80 6.1828
7057.85 6.1833
7057.90 6.1837
7057.95 6.1842
7058.00 6.1846
7058.05 6.1851
7058.10 6.1855
7058.15 6.1860
7058.20 6.1865
7058.25 6.1869
7058.30 6.1874
7058.35 6.1878
7058.40 6.1883
7058.45 6.1887
7058.50 6.1891
7058.55 6.1896
7058.60 6.1900
7058.65 6.1905
7058.70 6.1909
7058.75 6.1914
7058.80 6.1918
7058.85 6.1923
7058.90 6.1927
7058.95 6.1931
7059.00 6.1936
7059.05 6.1940
7059.10 6.1945
7059.15 6.1949
7059.20 6.1953
7059.25 6.1958
7059.30 6.1962
7059.35 6.1966
7059.40 6.1971
7059.45 6.1975
7059.50 6.1979
7059.55 6.1984
7059.60 6.1988
7059.65 6.1992
7059.70 6.1997
7059.75 6.2001
7059.80 6.2005
7059.85 6.2009
7059.90 6.2014
7059.95 6.2018
7060.00 6.2022
7060.05 6.2026
7060.10 6.2030
7060.15 6.2034
7060.20 6.2039
7060.25 6.2043
7060.30 6.2047
7060.35 6.2051
7060.40 6.2055
7060.45 6.2059
7060.50 6.2063
7060.55 6.2067
7060.60 6.2071
7060.65 6.2075
7060.70 6.2079
7060.75 6.2083
7060.80 6.2087
7060.85 6.2091
7060.90 6.2095
7060.95 6.2099
7061.00 6.2103
7061.05 6.2107
7061.10 6.2111
7061.15 6.2115
7061.20 6.2119
7061.25 6.2122
7061.30 6.2126
7061.35 6.2130
7061.40 6.2134
7061.45 6.2138
7061.50 6.2141
7061.55 6.2145
7061.60 6.2149
7061.65 6.2152
7061.70 6.2156
7061.75 6.2160
7061.80 6.2163
7061.85 6.2167
7061.90 6.2171
7061.95 6.2174
7062.00 6.2178
7062.05 6.2181
7062.10 6.2185
7062.15 6.2188
7062.20 6.2192
7062.25 6.2195
7062.30 6.2199
7062.35 6.2202
7062.40 6.2205
7062.45 6.2209
7062.50 6.2212
7062.55 6.2215
7062.60 6.2219
7062.65 6.2222
7062.70 6.2225
7062.75 6.2228
7062.80 6.2232
7062.85 6.2235
7062.90 6.2238
7062.95 6.2241
7063.00 6.2244
7063.05 6.2247
7063.10 6.2250
7063.15 6.2253
7063.20 6.2256
7063.25 6.2259
7063.30 6.2262
7063.35 6.2265
7063.40 6.2268
7063.45 6.2271
7063.50 6.2274
7063.55 6.2277
7063.60 6.2279
7063.65 6.2282
7063.70 6.2285
7063.75 6.2288
7063.80 6.2290
7063.85 6.2293
7063.90 6.2296
7063.95 6.2298
7064.00 6.2301
7064.05 6.2303
7064.10 6.2306
7064.15 6.2308
7064.20 6.2311
7064.25 6.2313
7064.30 6.2316
7064.35 6.2318
7064.40 6.2321
7064.45 6.2323
7064.50 6.2325
7064.55 6.2327
7064.60 6.2330
7064.65 6.2332
7064.70 6.2334
7064.75 6.2336
7064.80 6.2338
7064.85 6.2340
7064.90 6.2343
7064.95 6.2345
7065.00 6.2347
7065.05 6.2349
7065.10 6.2351
7065.15 6.2352
7065.20 6.2354
7065.25 6.2356
7065.30 6.2358
7065.35 6.2360
7065.40 6.2362
7065.45 6.2363
7065.50 6.2365
7065.55 6.2367
7065.60 6.2368
7065.65 6.2370
7065.70 6.2372
7065.75 6.2373
7065.80 6.2375
7065.85 6.2376
7065.90 6.2378
7065.95 6.2379
7066.00 6.2380
7066.05 6.2382
7066.10 6.2383
7066.15 6.2384
7066.20 6.2386
7066.25 6.2387
7066.30 6.2388
7066.35 6.2389
7066.40 6.2390
7066.45 6.2392
7066.50 6.2393
7066.55 6.2394
7066.60 6.2395
7066.65 6.2396
7066.70 6.2397
7066.75 6.2397
7066.80 6.2398
7066.85 6.2399
7066.90 6.2400
7066.95 6.2401
7067.00 6.2401
7067.05 6.2402
7067.10 6.2403
7067.15 6.2404
7067.20 6.2404
7067.25 6.2405
7067.30 6.2405
7067.35 6.2406
7067.40 6.2406
7067.45 6.2407
7067.50 6.2407
7067.55 6.2407
7067.60 6.2408
7067.65 6.2408
7067.70 6.2408
7067.75 6.2409
7067.80 6.2409
7067.85 6.2409
7067.90 6.2409
7067.95 6.2409
7068.00 6.2409
7068.05 6.2409
7068.10 6.2410
7068.15 6.2409
7068.20 6.2409
7068.25 6.2409
7068.30 6.2409
7068.35 6.2409
7068.40 6.2409
7068.45 6.2409
7068.50 6.2408
7068.55 6.2408
7068.60 6.2408
7068.65 6.2408
7068.70 6.2407
7068.75 6.2407
7068.80 6.2406
7068.85 6.2406
7068.90 6.2405
7068.95 6.2405
7069.00 6.2404
7069.05 6.2404
7069.10 6.2403
7069.15 6.2402
7069.20 6.2402
7069.25 6.2401
7069.30 6.2400
7069.35 6.2399
7069.40 6.2399
7069.45 6.2398
7069.50 6.2397
7069.55 6.2396
7069.60 6.2395
7069.65 6.2394
7069.70 6.2393
7069.75 6.2392
7069.80 6.2391
7069.85 6.2390
7069.90 6.2389
7069.95 6.2388
7070.00 6.2386
7070.05 6.2385
7070.10 6.2384
7070.15 6.2383
7070.20 6.2381
7070.25 6.2380
7070.30 6.2379
7070.35 6.2377
7070.40 6.2376
7070.45 6.2374
7070.50 6.2373
7070.55 6.2371
7070.60 6.2370
7070.65 6.2368
7070.70 6.2367
7070.75 6.2365
7070.80 6.2363
7070.85 6.2362
7070.90 6.2360
7070.95 6.2358
7071.00 6.2356
7071.05 6.2355
7071.10 6.2353
7071.15 6.2351
7071.20 6.2349
7071.25 6.2347
7071.30 6.2345
7071.35 6.2343
7071.40 6.2341
7071.45 6.2339
7071.50 6.2337
7071.55 6.2335
7071.60 6.2333
7071.65 6.2331
7071.70 6.2329
7071.75 6.2327
7071.80 6.2324
7071.85 6.2322
7071.90 6.2320
7071.95 6.2318
7072.00 6.2315
7072.05 6.2313
7072.10 6.2311
7072.15 6.2308
7072.20 6.2306
7072.25 6.2304
7072.30 6.2301
7072.35 6.2299
7072.40 6.2296
7072.45 6.2294
7072.50 6.2291
7072.55 6.2289
7072.60 6.2286
7072.65 6.2283
7072.70 6.2281
7072.75 6.2278
7072.80 6.2276
7072.85 6.2273
7072.90 6.2270
7072.95 6.2267
7073.00 6.2265
7073.05 6.2262
7073.10 6.2259
7073.15 6.2256
7073.20 6.2253
7073.25 6.2251
7073.30 6.2248
7073.35 6.2245
7073.40 6.2242
7073.45 6.2239
7073.50 6.2236
7073.55 6.2233
7073.60 6.2230
7073.65 6.2227
7073.70 6.2224
7073.75 6.2221
7073.80 6.2218
7073.85 6.2215
7073.90 6.2212
7073.95 6.2209
7074.00 6.2206
7074.05 6.2202
7074.10 6.2199
7074.15 6.2196
7074.20 6.2193
7074.25 6.2190
7074.30 6.2186
7074.35 6.2183
7074.40 6.2180
7074.45 6.2177
7074.50 6.2173
7074.55 6.2170
7074.60 6.2167
7074.65 6.2163
7074.70 6.2160
7074.75 6.2157
7074.80 6.2153
7074.85 6.2150
7074.90 6.2147
7074.95 6.2143
7075.00 6.2140
7075.05 6.2136
7075.10 6.2133
7075.15 6.2129
7075.20 6.2126
7075.25 6.2122
7075.30 6.2119
7075.35 6.2115
7075.40 6.2112
7075.45 6.2108
7075.50 6.2105
7075.55 6.2101
7075.60 6.2098
7075.65 6.2094
7075.70 6.2091
7075.75 6.2087
7075.80 6.2083
7075.85 6.2080
7075.90 6.2076
7075.95 6.2072
7076.00 6.2069
7076.05 6.2065
7076.10 6.2061
7076.15 6.2058
7076.20 6.2054
7076.25 6.2050
7076.30 6.2047
7076.35 6.2043
7076.40 6.2039
7076.45 6.2036
7076.50 6.2032
7076.55 6.2028
7076.60 6.2024
7076.65 6.2021
7076.70 6.2017
7076.75 6.2013
7076.80 6.2009
7076.85 6.2006
7076.90 6.2002
7076.95 6.1998
7077.00 6.1994
7077.05 6.1990
7077.10 6.1987
7077.15 6.1983
7077.20 6.1979
7077.25 6.1975
7077.30 6.1971
7077.35 6.1968
7077.40 6.1964
7077.45 6.1960
7077.50 6.1956
7077.55 6.1952
7077.60 6.1948
7077.65 6.1945
7077.70 6.1941
7077.75 6.1937
7077.80 6.1933
7077.85 6.1929
7077.90 6.1925
7077.95 6.1921
7078.00 6.1918
7078.05 6.1914
7078.10 6.1910
7078.15 6.1906
7078.20 6.1902
7078.25 6.1898
7078.30 6.1894
7078.35 6.1890
7078.40 6.1887
7078.45 6.1883
7078.50 6.1879
7078.55 6.1875
7078.60 6.1871
7078.65 6.1867
7078.70 6.1863
7078.75 6.1859
7078.80 6.1855
7078.85 6.1852
7078.90 6.1848
7078.95 6.1844
7079.00 6.1840
7079.05 6.1836
7079.10 6.1832
7079.15 6.1828
7079.20 6.1824
7079.25 6.1820
7079.30 6.1817
7079.35 6.1813
7079.40 6.1809
7079.45 6.1805
7079.50 6.1801
7079.55 6.1797
7079.60 6.1793
7079.65 6.1789
7079.70 6.1786
7079.75 6.1782
7079.80 6.1778
7079.85 6.1774
7079.90 6.1770
7079.95 6.1766
7080.00 6.1762
7080.05 6.1759
7080.10 6.1755
7080.15 6.1751
7080.20 6.1747
7080.25 6.1743
7080.30 6.1739
7080.35 6.1736
7080.40 6.1732
7080.45 6.1728
7080.50 6.1724
7080.55 6.1720
7080.60 6.1716
7080.65 6.1713
7080.70 6.1709
7080.75 6.1705
7080.80 6.1701
7080.85 6.1697
7080.90 6.1694
7080.95 6.1690
7081.00 6.1686
7081.05 6.1682
7081.10 6.1678
7081.15 6.1675
7081.20 6.1671
7081.25 6.1667
7081.30 6.1663
7081.35 6.1660
7081.40 6.1656
7081.45 6.1652
7081.50 6.1648
7081.55 6.1645
7081.60 6.1641
7081.65 6.1637
7081.70 6.1633
7081.75 6.1630
7081.80 6.1626
7081.85 6.1622
7081.90 6.1619
7081.95 6.1615
7082.00 6.1611
7082.05 6.1608
7082.10 6.1604
7082.15 6.1600
7082.20 6.1597
7082.25 6.1593
7082.30 6.1589
7082.35 6.1586
7082.40 6.1582
7082.45 6.1578
7082.50 6.1575
7082.55 6.1571
7082.60 6.1567
7082.65 6.1564
7082.70 6.1560
7082.75 6.1557
7082.80 6.1553
7082.85 6.1549
7082.90 6.1546
7082.95 6.1542
7083.00 6.1539
7083.05 6.1535
7083.10 6.1532
7083.15 6.1528
7083.20 6.1525
7083.25 6.1521
7083.30 6.1517
7083.35 6.1514
7083.40 6.1510
7083.45 6.1507
7083.50 6.1503
7083.55 6.1500
7083.60 6.1496
7083.65 6.1493
7083.70 6.1489
7083.75 6.1486
7083.80 6.1483
7083.85 6.1479
7083.90 6.1476
7083.95 6.1472
7084.00 6.1469
7084.05 6.1465
7084.10 6.1462
7084.15 6.1458
7084.20 6.1455
7084.25 6.1452
7084.30 6.1448
7084.35 6.1445
7084.40 6.1441
7084.45 6.1438
7084.50 6.1435
7084.55 6.1431
7084.60 6.1428
7084.65 6.1425
7084.70 6.1421
7084.75 6.1418
7084.80 6.1415
7084.85 6.1411
7084.90 6.1408
7084.95 6.1405
7085.00 6.1401
7085.05 6.1398
7085.10 6.1395
7085.15 6.1392
7085.20 6.1388
7085.25 6.1385
7085.30 6.1382
7085.35 6.1379
7085.40 6.1375
7085.45 6.1372
7085.50 6.1369
7085.55 6.1366
7085.60 6.1362
7085.65 6.1359
7085.70 6.1356
7085.75 6.1353
7085.80 6.1350
7085.85 6.1346
7085.90 6.1343
7085.95 6.1340
7086.00 6.1337
7086.05 6.1334
7086.10 6.1331
7086.15 6.1328
7086.20 6.1324
7086.25 6.1321
7086.30 6.1318
7086.35 6.1315
7086.40 6.1312
7086.45 6.1309
7086.50 6.1306
7086.55 6.1303
7086.60 6.1300
7086.65 6.1297
7086.70 6.1294
7086.75 6.1291
7086.80 6.1288
7086.85 6.1285
7086.90 6.1282
7086.95 6.1279
7087.00 6.1276
7087.05 6.1273
7087.10 6.1270
7087.15 6.1267
7087.20 6.1264
7087.25 6.1261
7087.30 6.1258
7087.35 6.1255
7087.40 6.1252
7087.45 6.1249
7087.50 6.1246
7087.55 6.1243
7087.60 6.1240
7087.65 6.1237
7087.70 6.1235
7087.75 6.1232
7087.80 6.1229
7087.85 6.1226
7087.90 6.1223
7087.95 6.1220
7088.00 6.1217
7088.05 6.1215
7088.10 6.1212
7088.15 6.1209
7088.20 6.1206
7088.25 6.1203
7088.30 6.1201
7088.35 6.1198
7088.40 6.1195
7088.45 6.1192
7088.50 6.1190
7088.55 6.1187
7088.60 6.1184
7088.65 6.1181
7088.70 6.1179
7088.75 6.1176
7088.80 6.1173
7088.85 6.1171
7088.90 6.1168
7088.95 6.1165
7089.00 6.1163
7089.05 6.1160
7089.10 6.1157
7089.15 6.1155
7089.20 6.1152
7089.25 6.1149
7089.30 6.1147
7089.35 6.1144
7089.40 6.1142
7089.45 6.1139
7089.50 6.1136
7089.55 6.1134
7089.60 6.1131
7089.65 6.1129
7089.70 6.1126
7089.75 6.1124
7089.80 6.1121
7089.85 6.1119
7089.90 6.1116
7089.95 6.1114
7090.00 6.1111
7090.05 6.1109
7090.10 6.1106
7090.15 6.1104
7090.20 6.1102
7090.25 6.1099
7090.30 6.1097
7090.35 6.1094
7090.40 6.1092
7090.45 6.1090
7090.50 6.1087
7090.55 6.1085
7090.60 6.1082
7090.65 6.1080
7090.70 6.1078
7090.75 6.1075
7090.80 6.1073
7090.85 6.1071
7090.90 6.1069
7090.95 6.1066
7091.00 6.1064
7091.05 6.1062
7091.10 6.1060
7091.15 6.1057
7091.20 6.1055
7091.25 6.1053
7091.30 6.1051
7091.35 6.1049
7091.40 6.1046
7091.45 6.1044
7091.50 6.1042
7091.55 6.1040
7091.60 6.1038
7091.65 6.1036
7091.70 6.1034
7091.75 6.1032
7091.80 6.1029
7091.85 6.1027
7091.90 6.1025
7091.95 6.1023
7092.00 6.1021
7092.05 6.1019
7092.10 6.1017
7092.15 6.1015
7092.20 6.1013
7092.25 6.1011
7092.30 6.1009
7092.35 6.1007
7092.40 6.1006
7092.45 6.1004
7092.50 6.1002
7092.55 6.1000
7092.60 6.0998
7092.65 6.0996
7092.70 6.0994
7092.75 6.0992
7092.80 6.0991
7092.85 6.0989
7092.90 6.0987
7092.95 6.0985
7093.00 6.0984
7093.05 6.0982
7093.10 6.0980
7093.15 6.0978
7093.20 6.0977
7093.25 6.0975
7093.30 6.0973
7093.35 6.0972
7093.40 6.0970
7093.45 6.0968
7093.50 6.0967
7093.55 6.0965
7093.60 6.0964
7093.65 6.0962
7093.70 6.0960
7093.75 6.0959
7093.80 6.0957
7093.85 6.0956
7093.90 6.0954
7093.95 6.0953
7094.00 6.0951
7094.05 6.0950
7094.10 6.0949
7094.15 6.0947
7094.20 6.0946
7094.25 6.0944
7094.30 6.0943
7094.35 6.0942
7094.40 6.0940
7094.45 6.0939
7094.50 6.0938
7094.55 6.0936
7094.60 6.0935
7094.65 6.0934
7094.70 6.0933
7094.75 6.0931
7094.80 6.0930
7094.85 6.0929
7094.90 6.0928
7094.95 6.0927
7095.00 6.0926
7095.05 6.0924
7095.10 6.0923
7095.15 6.0922
7095.20 6.0921
7095.25 6.0920
7095.30 6.0919
7095.35 6.0918
7095.40 6.0917
7095.45 6.0916
7095.50 6.0915
7095.55 6.0914
7095.60 6.0913
7095.65 6.0912
7095.70 6.0911
7095.75 6.0911
7095.80 6.0910
7095.85 6.0909
7095.90 6.0908
7095.95 6.0907
7096.00 6.0907
7096.05 6.0906
7096.10 6.0905
7096.15 6.0904
7096.20 6.0904
7096.25 6.0903
7096.30 6.0902
7096.35 6.0902
7096.40 6.0901
7096.45 6.0901
7096.50 6.0900
7096.55 6.0899
7096.60 6.0899
7096.65 6.0898
7096.70 6.0898
7096.75 6.0897
7096.80 6.0897
7096.85 6.0897
7096.90 6.0896
7096.95 6.0896
7097.00 6.0895
7097.05 6.0895
7097.10 6.0895
7097.15 6.0894
7097.20 6.0894
7097.25 6.0894
7097.30 6.0894
7097.35 6.0893
7097.40 6.0893
7097.45 6.0893
7097.50 6.0893
7097.55 6.0893
7097.60 6.0893
7097.65 6.0892
7097.70 6.0892
7097.75 6.0892
7097.80 6.0892
7097.85 6.0892
7097.90 6.0892
7097.95 6.0892
7098.00 6.0892
7098.05 6.0892
7098.10 6.0893
7098.15 6.0893
7098.20 6.0893
7098.25 6.0893
7098.30 6.0893
7098.35 6.0893
7098.40 6.0894
7098.45 6.0894
7098.50 6.0894
7098.55 6.0894
7098.60 6.0895
7098.65 6.0895
7098.70 6.0896
7098.75 6.0896
7098.80 6.0896
7098.85 6.0897
7098.90 6.0897
7098.95 6.0898
7099.00 6.0898
7099.05 6.0899
7099.10 6.0899
7099.15 6.0900
7099.20 6.0901
7099.25 6.0901
7099.30 6.0902
7099.35 6.0902
7099.40 6.0903
7099.45 6.0904
7099.50 6.0905
7099.55 6.0905
7099.60 6.0906
7099.65 6.0907
7099.70 6.0908
7099.75 6.0909
7099.80 6.0910
7099.85 6.0911
7099.90 6.0911
7099.95 6.0912
7100.00 6.0913
7100.05 6.0914
7100.10 6.0915
7100.15 6.0917
7100.20 6.0918
7100.25 6.0919
7100.30 6.0920
7100.35 6.0921
7100.40 6.0922
7100.45 6.0923
7100.50 6.0925
7100.55 6.0926
7100.60 6.0927
7100.65 6.0928
7100.70 6.0930
7100.75 6.0931
7100.80 6.0933
7100.85 6.0934
7100.90 6.0935
7100.95 6.0937
7101.00 6.0938
7101.05 6.0940
7101.10 6.0941
7101.15 6.0943
7101.20 6.0944
7101.25 6.0946
7101.30 6.0948
7101.35 6.0949
7101.40 6.0951
7101.45 6.0953
7101.50 6.0954
7101.55 6.0956
7101.60 6.0958
7101.65 6.0960
7101.70 6.0961
7101.75 6.0963
7101.80 6.0965
7101.85 6.0967
7101.90 6.0969
7101.95 6.0971
7102.00 6.0973
7102.05 6.0975
7102.10 6.0977
7102.15 6.0979
7102.20 6.0981
7102.25 6.0983
7102.30 6.0985
7102.35 6.0987
7102.40 6.0989
7102.45 6.0992
7102.50 6.0994
7102.55 6.0996
7102.60 6.0998
7102.65 6.1001
7102.70 6.1003
7102.75 6.1005
7102.80 6.1008
7102.85 6.1010
7102.90 6.1012
7102.95 6.1015
7103.00 6.1017
7103.05 6.1020
7103.10 6.1022
7103.15 6.1025
7103.20 6.1027
7103.25 6.1030
7103.30 6.1032
7103.35 6.1035
7103.40 6.1038
7103.45 6.1040
7103.50 6.1043
7103.55 6.1046
7103.60 6.1048
7103.65 6.1051
7103.70 6.1054
7103.75 6.1057
7103.80 6.1060
7103.85 6.1063
7103.90 6.1065
7103.95 6.1068
7104.00 6.1071
7104.05 6.1074
7104.10 6.1077
7104.15 6.1080
7104.20 6.1083
7104.25 6.1086
7104.30 6.1089
7104.35 6.1092
7104.40 6.1095
7104.45 6.1098
7104.50 6.1102
7104.55 6.1105
7104.60 6.1108
7104.65 6.1111
7104.70 6.1114
7104.75 6.1118
7104.80 6.1121
7104.85 6.1124
7104.90 6.1128
7104.95 6.1131
7105.00 6.1134
7105.05 6.1138
7105.10 6.1141
7105.15 6.1145
7105.20 6.1148
7105.25 6.1151
7105.30 6.1155
7105.35 6.1158
7105.40 6.1162
7105.45 6.1166
7105.50 6.1169
7105.55 6.1173
7105.60 6.1176
7105.65 6.1180
7105.70 6.1184
7105.75 6.1187
7105.80 6.1191
7105.85 6.1195
7105.90 6.1198
7105.95 6.1202
7106.00 6.1206
7106.05 6.1210
7106.10 6.1214
7106.15 6.1218
7106.20 6.1221
7106.25 6.1225
7106.30 6.1229
7106.35 6.1233
7106.40 6.1237
7106.45 6.1241
7106.50 6.1245
7106.55 6.1249
7106.60 6.1253
7106.65 6.1257
7106.70 6.1261
7106.75 6.1265
7106.80 6.1269
7106.85 6.1273
7106.90 6.1277
7106.95 6.1282
7107.00 6.1286
7107.05 6.1290
7107.10 6.1294
7107.15 6.1298
7107.20 6.1303
7107.25 6.1307
7107.30 6.1311
7107.35 6.1315
7107.40 6.1320
7107.45 6.1324
7107.50 6.1328
7107.55 6.1333
7107.60 6.1337
7107.65 6.1341
7107.70 6.1346
7107.75 6.1350
7107.80 6.1355
7107.85 6.1359
7107.90 6.1364
7107.95 6.1368
7108.00 6.1373
7108.05 6.1377
7108.10 6.1382
7108.15 6.1386
7108.20 6.1391
7108.25 6.1395
7108.30 6.1400
7108.35 6.1405
7108.40 6.1409
7108.45 6.1414
7108.50 6.1419
7108.55 6.1423
7108.60 6.1428
7108.65 6.1433
7108.70 6.1437
7108.75 6.1442
7108.80 6.1447
7108.85 6.1452
7108.90 6.1456
7108.95 6.1461
7109.00 6.1466
7109.05 6.1471
7109.10 6.1476
7109.15 6.1481
7109.20 6.1485
7109.25 6.1490
7109.30 6.1495
7109.35 6.1500
7109.40 6.1505
7109.45 6.1510
7109.50 6.1515
7109.55 6.1520
7109.60 6.1525
7109.65 6.1530
7109.70 6.1535
7109.75 6.1540
7109.80 6.1545
7109.85 6.1550
7109.90 6.1555
7109.95 6.1560
7110.00 6.1565
7110.05 6.1570
7110.10 6.1575
7110.15 6.1580
7110.20 6.1586
7110.25 6.1591
7110.30 6.1596
7110.35 6.1601
7110.40 6.1606
7110.45 6.1611
7110.50 6.1617
7110.55 6.1622
7110.60 6.1627
7110.65 6.1632
7110.70 6.1638
7110.75 6.1643
7110.80 6.1648
7110.85 6.1653
7110.90 6.1659
7110.95 6.1664
7111.00 6.1669
7111.05 6.1675
7111.10 6.1680
7111.15 6.1685
7111.20 6.1691
7111.25 6.1696
7111.30 6.1701
7111.35 6.1707
7111.40 6.1712
7111.45 6.1718
7111.50 6.1723
7111.55 6.1728
7111.60 6.1734
7111.65 6.1739
7111.70 6.1745
7111.75 6.1750
7111.80 6.1756
7111.85 6.1761
7111.90 6.1767
7111.95 6.1772
7112.00 6.1778
7112.05 6.1783
7112.10 6.1789
7112.15 6.1794
7112.20 6.1800
7112.25 6.1806
7112.30 6.1811
7112.35 6.1817
7112.40 6.1822
7112.45 6.1828
7112.50 6.1834
7112.55 6.1839
7112.60 6.1845
7112.65 6.1851
7112.70 6.1856
7112.75 6.1862
7112.80 6.1868
7112.85 6.1873
7112.90 6.1879
7112.95 6.1885
7113.00 6.1890
7113.05 6.1896
7113.10 6.1902
7113.15 6.1908
7113.20 6.1913
7113.25 6.1919
7113.30 6.1925
7113.35 6.1931
7113.40 6.1937
7113.45 6.1942
7113.50 6.1948
7113.55 6.1954
7113.60 6.1960
7113.65 6.1966
7113.70 6.1972
7113.75 6.1978
7113.80 6.1983
7113.85 6.1989
7113.90 6.1995
7113.95 6.2001
7114.00 6.2007
7114.05 6.2013
7114.10 6.2019
7114.15 6.2025
7114.20 6.2031
7114.25 6.2037
7114.30 6.2043
7114.35 6.2049
7114.40 6.2055
7114.45 6.2061
7114.50 6.2067
7114.55 6.2073
7114.60 6.2079
7114.65 6.2085
7114.70 6.2091
7114.75 6.2097
7114.80 6.2103
7114.85 6.2109
7114.90 6.2115
7114.95 6.2121
7115.00 6.2128
7115.05 6.2134
7115.10 6.2140
7115.15 6.2146
7115.20 6.2152
7115.25 6.2158
7115.30 6.2165
7115.35 6.2171
7115.40 6.2177
7115.45 6.2183
7115.50 6.2189
7115.55 6.2196
7115.60 6.2202
7115.65 6.2208
7115.70 6.2214
7115.75 6.2221
7115.80 6.2227
7115.85 6.2233
7115.90 6.2240
7115.95 6.2246
7116.00 6.2252
7116.05 6.2259
7116.10 6.2265
7116.15 6.2272
7116.20 6.2278
7116.25 6.2284
7116.30 6.2291
7116.35 6.2297
7116.40 6.2304
7116.45 6.2310
7116.50 6.2317
7116.55 6.2323
7116.60 6.2330
7116.65 6.2336
7116.70 6.2343
7116.75 6.2349
7116.80 6.2356
7116.85 6.2362
7116.90 6.2369
7116.95 6.2375
7117.00 6.2382
7117.05 6.2389
7117.10 6.2395
7117.15 6.2402
7117.20 6.2408
7117.25 6.2415
7117.30 6.2422
7117.35 6.2429
7117.40 6.2435
7117.45 6.2442
7117.50 6.2449
7117.55 6.2455
7117.60 6.2462
7117.65 6.2469
7117.70 6.2476
7117.75 6.2483
7117.80 6.2489
7117.85 6.2496
7117.90 6.2503
7117.95 6.2510
7118.00 6.2517
7118.05 6.2524
7118.10 6.2531
7118.15 6.2538
7118.20 6.2545
7118.25 6.2551
7118.30 6.2558
7118.35 6.2565
7118.40 6.2572
7118.45 6.2579
7118.50 6.2586
7118.55 6.2594
7118.60 6.2601
7118.65 6.2608
7118.70 6.2615
7118.75 6.2622
7118.80 6.2629
7118.85 6.2636
7118.90 6.2643
7118.95 6.2651
7119.00 6.2658
7119.05 6.2665
7119.10 6.2672
7119.15 6.2679
7119.20 6.2687
7119.25 6.2694
7119.30 6.2701
7119.35 6.2709
7119.40 6.2716
7119.45 6.2723
7119.50 6.2731
7119.55 6.2738
7119.60 6.2746
7119.65 6.2753
7119.70 6.2760
7119.75 6.2768
7119.80 6.2775
7119.85 6.2783
7119.90 6.2790
7119.95 6.2798
7120.00 6.2805
7120.05 6.2813
7120.10 6.2821
7120.15 6.2828
7120.20 6.2836
7120.25 6.2843
7120.30 6.2851
7120.35 6.2859
7120.40 6.2867
7120.45 6.2874
7120.50 6.2882
7120.55 6.2890
7120.60 6.2898
7120.65 6.2905
7120.70 6.2913
7120.75 6.2921
7120.80 6.2929
7120.85 6.2937
7120.90 6.2945
7120.95 6.2953
7121.00 6.2960
7121.05 6.2968
7121.10 6.2976
7121.15 6.2984
7121.20 6.2992
7121.25 6.3000
7121.30 6.3008
7121.35 6.3017
7121.40 6.3025
7121.45 6.3033
7121.50 6.3041
7121.55 6.3049
7121.60 6.3057
7121.65 6.3065
7121.70 6.3074
7121.75 6.3082
7121.80 6.3090
7121.85 6.3098
7121.90 6.3107
7121.95 6.3115
7122.00 6.3123
7122.05 6.3132
7122.10 6.3140
7122.15 6.3148
7122.20 6.3157
7122.25 6.3165
7122.30 6.3174
7122.35 6.3182
7122.40 6.3191
7122.45 6.3199
7122.50 6.3208
7122.55 6.3216
7122.60 6.3225
7122.65 6.3233
7122.70 6.3242
7122.75 6.3251
7122.80 6.3259
7122.85 6.3268
7122.90 6.3277
7122.95 6.3285
7123.00 6.3294
7123.05 6.3303
7123.10 6.3311
7123.15 6.3320
7123.20 6.3329
7123.25 6.3338
7123.30 6.3347
7123.35 6.3356
7123.40 6.3364
7123.45 6.3373
7123.50 6.3382
7123.55 6.3391
7123.60 6.3400
7123.65 6.3409
7123.70 6.3418
7123.75 6.3427
7123.80 6.3436
7123.85 6.3445
7123.90 6.3454
7123.95 6.3463
7124.00 6.3472
7124.05 6.3482
7124.10 6.3491
7124.15 6.3500
7124.20 6.3509
7124.25 6.3518
7124.30 6.3527
7124.35 6.3537
7124.40 6.3546
7124.45 6.3555
7124.50 6.3565
7124.55 6.3574
7124.60 6.3583
7124.65 6.3592
7124.70 6.3602
7124.75 6.3611
7124.80 6.3621
7124.85 6.3630
7124.90 6.3639
7124.95 6.3649
7125.00 6.3658
7125.05 6.3668
7125.10 6.3677
7125.15 6.3687
7125.20 6.3696
7125.25 6.3706
7125.30 6.3715
7125.35 6.3725
7125.40 6.3734
7125.45 6.3744
7125.50 6.3754
7125.55 6.3763
7125.60 6.3773
7125.65 6.3782
7125.70 6.3792
7125.75 6.3802
7125.80 6.3811
7125.85 6.3821
7125.90 6.3831
7125.95 6.3840
7126.00 6.3850
7126.05 6.3860
7126.10 6.3870
7126.15 6.3879
7126.20 6.3889
7126.25 6.3899
7126.30 6.3909
7126.35 6.3919
7126.40 6.3928
7126.45 6.3938
7126.50 6.3948
7126.55 6.3958
7126.60 6.3968
7126.65 6.3978
7126.70 6.3988
7126.75 6.3997
7126.80 6.4007
7126.85 6.4017
7126.90 6.4027
7126.95 6.4037
7127.00 6.4047
7127.05 6.4057
7127.10 6.4067
7127.15 6.4077
7127.20 6.4087
7127.25 6.4097
7127.30 6.4107
7127.35 6.4117
7127.40 6.4127
7127.45 6.4137
7127.50 6.4147
7127.55 6.4157
7127.60 6.4167
7127.65 6.4177
7127.70 6.4187
7127.75 6.4197
7127.80 6.4207
7127.85 6.4217
7127.90 6.4227
7127.95 6.4237
7128.00 6.4247
7128.05 6.4257
7128.10 6.4267
7128.15 6.4277
7128.20 6.4287
7128.25 6.4297
7128.30 6.4307
7128.35 6.4317
7128.40 6.4327
7128.45 6.4337
7128.50 6.4347
7128.55 6.4357
7128.60 6.4367
7128.65 6.4377
7128.70 6.4387
7128.75 6.4397
7128.80 6.4407
7128.85 6.4417
7128.90 6.4427
7128.95 6.4437
7129.00 6.4447
7129.05 6.4457
7129.10 6.4467
7129.15 6.4477
7129.20 6.4487
7129.25 6.4497
7129.30 6.4507
7129.35 6.4517
7129.40 6.4527
7129.45 6.4537
7129.50 6.4547
7129.55 6.4557
7129.60 6.4567
7129.65 6.4577
7129.70 6.4587
7129.75 6.4597
7129.80 6.4607
7129.85 6.4617
7129.90 6.4626
7129.95 6.4636
7130.00 6.4646
7130.05 6.4656
7130.10 6.4666
7130.15 6.4676
7130.20 6.4686
7130.25 6.4695
7130.30 6.4705
7130.35 6.4715
7130.40 6.4725
7130.45 6.4734
7130.50 6.4744
7130.55 6.4754
7130.60 6.4764
7130.65 6.4773
7130.70 6.4783
7130.75 6.4793
7130.80 6.4802
7130.85 6.4812
7130.90 6.4822
7130.95 6.4831
7131.00 6.4841
7131.05 6.4850
7131.10 6.4860
7131.15 6.4869
7131.20 6.4879
7131.25 6.4888
7131.30 6.4898
7131.35 6.4907
7131.40 6.4917
7131.45 6.4926
7131.50 6.4936
7131.55 6.4945
7131.60 6.4954
7131.65 6.4964
7131.70 6.4973
7131.75 6.4982
7131.80 6.4991
7131.85 6.5001
7131.90 6.5010
7131.95 6.5019
7132.00 6.5028
7132.05 6.5037
7132.10 6.5046
7132.15 6.5056
7132.20 6.5065
7132.25 6.5074
7132.30 6.5083
7132.35 6.5092
7132.40 6.5101
7132.45 6.5109
7132.50 6.5118
7132.55 6.5127
7132.60 6.5136
7132.65 6.5145
7132.70 6.5154
7132.75 6.5162
7132.80 6.5171
7132.85 6.5180
7132.90 6.5189
7132.95 6.5197
7133.00 6.5206
7133.05 6.5214
7133.10 6.5223
7133.15 6.5231
7133.20 6.5240
7133.25 6.5248
7133.30 6.5257
7133.35 6.5265
7133.40 6.5273
7133.45 6.5282
7133.50 6.5290
7133.55 6.5298
7133.60 6.5307
7133.65 6.5315
7133.70 6.5323
7133.75 6.5331
7133.80 6.5339
7133.85 6.5347
7133.90 6.5355
7133.95 6.5363
7134.00 6.5371
7134.05 6.5379
7134.10 6.5387
7134.15 6.5394
7134.20 6.5402
7134.25 6.5410
7134.30 6.5418
7134.35 6.5425
7134.40 6.5433
7134.45 6.5440
7134.50 6.5448
7134.55 6.5456
7134.60 6.5463
7134.65 6.5470
7134.70 6.5478
7134.75 6.5485
7134.80 6.5492
7134.85 6.5500
7134.90 6.5507
7134.95 6.5514
7135.00 6.5521
7135.05 6.5528
7135.10 6.5535
7135.15 6.5542
7135.20 6.5549
7135.25 6.5556
7135.30 6.5563
7135.35 6.5570
7135.40 6.5577
7135.45 6.5583
7135.50 6.5590
7135.55 6.5597
7135.60 6.5603
7135.65 6.5610
7135.70 6.5616
7135.75 6.5623
7135.80 6.5629
7135.85 6.5635
7135.90 6.5642
7135.95 6.5648
7136.00 6.5654
7136.05 6.5660
7136.10 6.5666
7136.15 6.5673
7136.20 6.5679
7136.25 6.5685
7136.30 6.5690
7136.35 6.5696
7136.40 6.5702
7136.45 6.5708
7136.50 6.5714
7136.55 6.5719
7136.60 6.5725
7136.65 6.5731
7136.70 6.5736
7136.75 6.5742
7136.80 6.5747
7136.85 6.5752
7136.90 6.5758
7136.95 6.5763
7137.00 6.5768
7137.05 6.5773
7137.10 6.5779
7137.15 6.5784
7137.20 6.5789
7137.25 6.5794
7137.30 6.5799
7137.35 6.5803
7137.40 6.5808
7137.45 6.5813
7137.50 6.5818
7137.55 6.5822
7137.60 6.5827
7137.65 6.5831
7137.70 6.5836
7137.75 6.5840
7137.80 6.5845
7137.85 6.5849
7137.90 6.5853
7137.95 6.5858
7138.00 6.5862
7138.05 6.5866
7138.10 6.5870
7138.15 6.5874
7138.20 6.5878
7138.25 6.5882
7138.30 6.5886
7138.35 6.5889
7138.40 6.5893
7138.45 6.5897
7138.50 6.5900
7138.55 6.5904
7138.60 6.5907
7138.65 6.5911
7138.70 6.5914
7138.75 6.5918
7138.80 6.5921
7138.85 6.5924
7138.90 6.5927
7138.95 6.5930
7139.00 6.5933
7139.05 6.5936
7139.10 6.5939
7139.15 6.5942
7139.20 6.5945
7139.25 6.5948
7139.30 6.5950
7139.35 6.5953
7139.40 6.5956
7139.45 6.5958
7139.50 6.5961
7139.55 6.5963
7139.60 6.5966
7139.65 6.5968
7139.70 6.5970
7139.75 6.5972
7139.80 6.5974
7139.85 6.5976
7139.90 6.5978
7139.95 6.5980
7140.00 6.5982
7140.05 6.5984
7140.10 6.5986
7140.15 6.5988
7140.20 6.5989
7140.25 6.5991
7140.30 6.5992
7140.35 6.5994
7140.40 6.5995
7140.45 6.5997
7140.50 6.5998
7140.55 6.5999
7140.60 6.6000
7140.65 6.6002
7140.70 6.6003
7140.75 6.6004
7140.80 6.6005
7140.85 6.6005
7140.90 6.6006
7140.95 6.6007
7141.00 6.6008
7141.05 6.6008
7141.10 6.6009
7141.15 6.6010
7141.20 6.6010
7141.25 6.6010
7141.30 6.6011
7141.35 6.6011
7141.40 6.6011
7141.45 6.6012
7141.50 6.6012
7141.55 6.6012
