5688.50 3.7776
5688.55 3.7782
5688.60 3.7788
5688.65 3.7794
5688.70 3.7800
5688.75 3.7805
5688.80 3.7811
5688.85 3.7817
5688.90 3.7823
5688.95 3.7829
5689.00 3.7835
5689.05 3.7840
5689.10 3.7846
5689.15 3.7852
5689.20 3.7858
5689.25 3.7864
5689.30 3.7869
5689.35 3.7875
5689.40 3.7881
5689.45 3.7886
5689.50 3.7892
5689.55 3.7898
5689.60 3.7903
5689.65 3.7909
5689.70 3.7914
5689.75 3.7920
5689.80 3.7926
5689.85 3.7931
5689.90 3.7937
5689.95 3.7942
5690.00 3.7948
5690.05 3.7953
5690.10 3.7959
5690.15 3.7964
5690.20 3.7969
5690.25 3.7975
5690.30 3.7980
5690.35 3.7986
5690.40 3.7991
5690.45 3.7996
5690.50 3.8002
5690.55 3.8007
5690.60 3.8012
5690.65 3.8018
5690.70 3.8023
5690.75 3.8028
5690.80 3.8033
5690.85 3.8039
5690.90 3.8044
5690.95 3.8049
5691.00 3.8054
5691.05 3.8059
5691.10 3.8064
5691.15 3.8070
5691.20 3.8075
5691.25 3.8080
5691.30 3.8085
5691.35 3.8090
5691.40 3.8095
5691.45 3.8100
5691.50 3.8105
5691.55 3.8110
5691.60 3.8115
5691.65 3.8120
5691.70 3.8125
5691.75 3.8130
5691.80 3.8135
5691.85 3.8140
5691.90 3.8145
5691.95 3.8150
5692.00 3.8154
5692.05 3.8159
5692.10 3.8164
5692.15 3.8169
5692.20 3.8174
5692.25 3.8179
5692.30 3.8183
5692.35 3.8188
5692.40 3.8193
5692.45 3.8198
5692.50 3.8202
5692.55 3.8207
5692.60 3.8212
5692.65 3.8216
5692.70 3.8221
5692.75 3.8226
5692.80 3.8230
5692.85 3.8235
5692.90 3.8240
5692.95 3.8244
5693.00 3.8249
5693.05 3.8253
5693.10 3.8258
5693.15 3.8262
5693.20 3.8267
5693.25 3.8271
5693.30 3.8276
5693.35 3.8280
5693.40 3.8285
5693.45 3.8289
5693.50 3.8294
5693.55 3.8298
5693.60 3.8303
5693.65 3.8307
5693.70 3.8311
5693.75 3.8316
5693.80 3.8320
5693.85 3.8324
5693.90 3.8329
5693.95 3.8333
5694.00 3.8337
5694.05 3.8342
5694.10 3.8346
5694.15 3.8350
5694.20 3.8354
5694.25 3.8359
5694.30 3.8363
5694.35 3.8367
5694.40 3.8371
5694.45 3.8375
5694.50 3.8379
5694.55 3.8384
5694.60 3.8388
5694.65 3.8392
5694.70 3.8396
5694.75 3.8400
5694.80 3.8404
5694.85 3.8408
5694.90 3.8412
5694.95 3.8416
5695.00 3.8420
5695.05 3.8424
5695.10 3.8428
5695.15 3.8432
5695.20 3.8436
5695.25 3.8440
5695.30 3.8444
5695.35 3.8448
5695.40 3.8452
5695.45 3.8456
5695.50 3.8460
5695.55 3.8463
5695.60 3.8467
5695.65 3.8471
5695.70 3.8475
5695.75 3.8479
5695.80 3.8483
5695.85 3.8486
5695.90 3.8490
5695.95 3.8494
5696.00 3.8498
5696.05 3.8501
5696.10 3.8505
5696.15 3.8509
5696.20 3.8512
5696.25 3.8516
5696.30 3.8520
5696.35 3.8523
5696.40 3.8527
5696.45 3.8531
5696.50 3.8534
5696.55 3.8538
5696.60 3.8541
5696.65 3.8545
5696.70 3.8549
5696.75 3.8552
5696.80 3.8556
5696.85 3.8559
5696.90 3.8563
5696.95 3.8566
5697.00 3.8570
5697.05 3.8573
5697.10 3.8577
5697.15 3.8580
5697.20 3.8583
5697.25 3.8587
5697.30 3.8590
5697.35 3.8594
5697.40 3.8597
5697.45 3.8600
5697.50 3.8604
5697.55 3.8607
5697.60 3.8610
5697.65 3.8614
5697.70 3.8617
5697.75 3.8620
5697.80 3.8624
5697.85 3.8627
5697.90 3.8630
5697.95 3.8633
5698.00 3.8637
5698.05 3.8640
5698.10 3.8643
5698.15 3.8646
5698.20 3.8649
5698.25 3.8653
5698.30 3.8656
5698.35 3.8659
5698.40 3.8662
5698.45 3.8665
5698.50 3.8668
5698.55 3.8671
5698.60 3.8674
5698.65 3.8677
5698.70 3.8681
5698.75 3.8684
5698.80 3.8687
5698.85 3.8690
5698.90 3.8693
5698.95 3.8696
5699.00 3.8699
5699.05 3.8702
5699.10 3.8705
5699.15 3.8708
5699.20 3.8710
5699.25 3.8713
5699.30 3.8716
5699.35 3.8719
5699.40 3.8722
5699.45 3.8725
5699.50 3.8728
5699.55 3.8731
5699.60 3.8734
5699.65 3.8736
5699.70 3.8739
5699.75 3.8742
5699.80 3.8745
5699.85 3.8748
5699.90 3.8750
5699.95 3.8753
5700.00 3.8756
5700.05 3.8759
5700.10 3.8761
5700.15 3.8764
5700.20 3.8767
5700.25 3.8769
5700.30 3.8772
5700.35 3.8775
5700.40 3.8777
5700.45 3.8780
5700.50 3.8783
5700.55 3.8785
5700.60 3.8788
5700.65 3.8791
5700.70 3.8793
5700.75 3.8796
5700.80 3.8798
5700.85 3.8801
5700.90 3.8803
5700.95 3.8806
5701.00 3.8808
5701.05 3.8811
5701.10 3.8813
5701.15 3.8816
5701.20 3.8818
5701.25 3.8821
5701.30 3.8823
5701.35 3.8826
5701.40 3.8828
5701.45 3.8831
5701.50 3.8833
5701.55 3.8835
5701.60 3.8838
5701.65 3.8840
5701.70 3.8843
5701.75 3.8845
5701.80 3.8847
5701.85 3.8850
5701.90 3.8852
5701.95 3.8854
5702.00 3.8857
5702.05 3.8859
5702.10 3.8861
5702.15 3.8863
5702.20 3.8866
5702.25 3.8868
5702.30 3.8870
5702.35 3.8872
5702.40 3.8875
5702.45 3.8877
5702.50 3.8879
5702.55 3.8881
5702.60 3.8883
5702.65 3.8886
5702.70 3.8888
5702.75 3.8890
5702.80 3.8892
5702.85 3.8894
5702.90 3.8896
5702.95 3.8898
5703.00 3.8900
5703.05 3.8902
5703.10 3.8905
5703.15 3.8907
5703.20 3.8909
5703.25 3.8911
5703.30 3.8913
5703.35 3.8915
5703.40 3.8917
5703.45 3.8919
5703.50 3.8921
5703.55 3.8923
5703.60 3.8925
5703.65 3.8927
5703.70 3.8929
5703.75 3.8931
5703.80 3.8932
5703.85 3.8934
5703.90 3.8936
5703.95 3.8938
5704.00 3.8940
5704.05 3.8942
5704.10 3.8944
5704.15 3.8946
5704.20 3.8948
5704.25 3.8949
5704.30 3.8951
5704.35 3.8953
5704.40 3.8955
5704.45 3.8957
5704.50 3.8958
5704.55 3.8960
5704.60 3.8962
5704.65 3.8964
5704.70 3.8965
5704.75 3.8967
5704.80 3.8969
5704.85 3.8971
5704.90 3.8972
5704.95 3.8974
5705.00 3.8976
5705.05 3.8977
5705.10 3.8979
5705.15 3.8981
5705.20 3.8982
5705.25 3.8984
5705.30 3.8986
5705.35 3.8987
5705.40 3.8989
5705.45 3.8991
5705.50 3.8992
5705.55 3.8994
5705.60 3.8995
5705.65 3.8997
5705.70 3.8998
5705.75 3.9000
5705.80 3.9002
5705.85 3.9003
5705.90 3.9005
5705.95 3.9006
5706.00 3.9008
5706.05 3.9009
5706.10 3.9011
5706.15 3.9012
5706.20 3.9014
5706.25 3.9015
5706.30 3.9016
5706.35 3.9018
5706.40 3.9019
5706.45 3.9021
5706.50 3.9022
5706.55 3.9024
5706.60 3.9025
5706.65 3.9026
5706.70 3.9028
5706.75 3.9029
5706.80 3.9030
5706.85 3.9032
5706.90 3.9033
5706.95 3.9034
5707.00 3.9036
5707.05 3.9037
5707.10 3.9038
5707.15 3.9040
5707.20 3.9041
5707.25 3.9042
5707.30 3.9044
5707.35 3.9045
5707.40 3.9046
5707.45 3.9047
5707.50 3.9049
5707.55 3.9050
5707.60 3.9051
5707.65 3.9052
5707.70 3.9053
5707.75 3.9055
5707.80 3.9056
5707.85 3.9057
5707.90 3.9058
5707.95 3.9059
5708.00 3.9060
5708.05 3.9062
5708.10 3.9063
5708.15 3.9064
5708.20 3.9065
5708.25 3.9066
5708.30 3.9067
5708.35 3.9068
5708.40 3.9069
5708.45 3.9070
5708.50 3.9071
5708.55 3.9072
5708.60 3.9074
5708.65 3.9075
5708.70 3.9076
5708.75 3.9077
5708.80 3.9078
5708.85 3.9079
5708.90 3.9080
5708.95 3.9081
5709.00 3.9082
5709.05 3.9083
5709.10 3.9084
5709.15 3.9084
5709.20 3.9085
5709.25 3.9086
5709.30 3.9087
5709.35 3.9088
5709.40 3.9089
5709.45 3.9090
5709.50 3.9091
5709.55 3.9092
5709.60 3.9093
5709.65 3.9094
5709.70 3.9094
5709.75 3.9095
5709.80 3.9096
5709.85 3.9097
5709.90 3.9098
5709.95 3.9099
5710.00 3.9100
5710.05 3.9100
5710.10 3.9101
5710.15 3.9102
5710.20 3.9103
5710.25 3.9104
5710.30 3.9104
5710.35 3.9105
5710.40 3.9106
5710.45 3.9107
5710.50 3.9107
5710.55 3.9108
5710.60 3.9109
5710.65 3.9110
5710.70 3.9110
5710.75 3.9111
5710.80 3.9112
5710.85 3.9112
5710.90 3.9113
5710.95 3.9114
5711.00 3.9114
5711.05 3.9115
5711.10 3.9116
5711.15 3.9116
5711.20 3.9117
5711.25 3.9118
5711.30 3.9118
5711.35 3.9119
5711.40 3.9119
5711.45 3.9120
5711.50 3.9121
5711.55 3.9121
5711.60 3.9122
5711.65 3.9122
5711.70 3.9123
5711.75 3.9124
5711.80 3.9124
5711.85 3.9125
5711.90 3.9125
5711.95 3.9126
5712.00 3.9126
5712.05 3.9127
5712.10 3.9127
5712.15 3.9128
5712.20 3.9128
5712.25 3.9129
5712.30 3.9129
5712.35 3.9130
5712.40 3.9130
5712.45 3.9131
5712.50 3.9131
5712.55 3.9131
5712.60 3.9132
5712.65 3.9132
5712.70 3.9133
5712.75 3.9133
5712.80 3.9134
5712.85 3.9134
5712.90 3.9134
5712.95 3.9135
5713.00 3.9135
5713.05 3.9136
5713.10 3.9136
5713.15 3.9136
5713.20 3.9137
5713.25 3.9137
5713.30 3.9137
5713.35 3.9138
5713.40 3.9138
5713.45 3.9138
5713.50 3.9139
5713.55 3.9139
5713.60 3.9139
5713.65 3.9140
5713.70 3.9140
5713.75 3.9140
5713.80 3.9140
5713.85 3.9141
5713.90 3.9141
5713.95 3.9141
5714.00 3.9141
5714.05 3.9142
5714.10 3.9142
5714.15 3.9142
5714.20 3.9142
5714.25 3.9143
5714.30 3.9143
5714.35 3.9143
5714.40 3.9143
5714.45 3.9143
5714.50 3.9144
5714.55 3.9144
5714.60 3.9144
5714.65 3.9144
5714.70 3.9144
5714.75 3.9144
5714.80 3.9145
5714.85 3.9145
5714.90 3.9145
5714.95 3.9145
5715.00 3.9145
5715.05 3.9145
5715.10 3.9145
5715.15 3.9145
5715.20 3.9146
5715.25 3.9146
5715.30 3.9146
5715.35 3.9146
5715.40 3.9146
5715.45 3.9146
5715.50 3.9146
5715.55 3.9146
5715.60 3.9146
5715.65 3.9146
5715.70 3.9146
5715.75 3.9146
5715.80 3.9146
5715.85 3.9146
5715.90 3.9146
5715.95 3.9146
5716.00 3.9146
5716.05 3.9146
5716.10 3.9146
5716.15 3.9146
5716.20 3.9146
5716.25 3.9146
5716.30 3.9146
5716.35 3.9146
5716.40 3.9146
5716.45 3.9146
5716.50 3.9146
5716.55 3.9146
5716.60 3.9146
5716.65 3.9146
5716.70 3.9146
5716.75 3.9146
5716.80 3.9146
5716.85 3.9146
5716.90 3.9145
5716.95 3.9145
5717.00 3.9145
5717.05 3.9145
5717.10 3.9145
5717.15 3.9145
5717.20 3.9145
5717.25 3.9145
5717.30 3.9144
5717.35 3.9144
5717.40 3.9144
5717.45 3.9144
5717.50 3.9144
5717.55 3.9144
5717.60 3.9144
5717.65 3.9143
5717.70 3.9143
5717.75 3.9143
5717.80 3.9143
5717.85 3.9143
5717.90 3.9142
5717.95 3.9142
5718.00 3.9142
5718.05 3.9142
5718.10 3.9141
5718.15 3.9141
5718.20 3.9141
5718.25 3.9141
5718.30 3.9141
5718.35 3.9140
5718.40 3.9140
5718.45 3.9140
5718.50 3.9139
5718.55 3.9139
5718.60 3.9139
5718.65 3.9139
5718.70 3.9138
5718.75 3.9138
5718.80 3.9138
5718.85 3.9137
5718.90 3.9137
5718.95 3.9137
5719.00 3.9136
5719.05 3.9136
5719.10 3.9136
5719.15 3.9135
5719.20 3.9135
5719.25 3.9135
5719.30 3.9134
5719.35 3.9134
5719.40 3.9134
5719.45 3.9133
5719.50 3.9133
5719.55 3.9133
5719.60 3.9132
5719.65 3.9132
5719.70 3.9131
5719.75 3.9131
5719.80 3.9131
5719.85 3.9130
5719.90 3.9130
5719.95 3.9129
5720.00 3.9129
5720.05 3.9129
5720.10 3.9128
5720.15 3.9128
5720.20 3.9127
5720.25 3.9127
5720.30 3.9126
5720.35 3.9126
5720.40 3.9126
5720.45 3.9125
5720.50 3.9125
5720.55 3.9124
5720.60 3.9124
5720.65 3.9123
5720.70 3.9123
5720.75 3.9122
5720.80 3.9122
5720.85 3.9121
5720.90 3.9121
5720.95 3.9120
5721.00 3.9120
5721.05 3.9119
5721.10 3.9119
5721.15 3.9118
5721.20 3.9118
5721.25 3.9117
5721.30 3.9117
5721.35 3.9116
5721.40 3.9116
5721.45 3.9115
5721.50 3.9114
5721.55 3.9114
5721.60 3.9113
5721.65 3.9113
5721.70 3.9112
5721.75 3.9112
5721.80 3.9111
5721.85 3.9111
5721.90 3.9110
5721.95 3.9109
5722.00 3.9109
5722.05 3.9108
5722.10 3.9108
5722.15 3.9107
5722.20 3.9106
5722.25 3.9106
5722.30 3.9105
5722.35 3.9104
5722.40 3.9104
5722.45 3.9103
5722.50 3.9103
5722.55 3.9102
5722.60 3.9101
5722.65 3.9101
5722.70 3.9100
5722.75 3.9099
5722.80 3.9099
5722.85 3.9098
5722.90 3.9097
5722.95 3.9097
5723.00 3.9096
5723.05 3.9095
5723.10 3.9095
5723.15 3.9094
5723.20 3.9093
5723.25 3.9093
5723.30 3.9092
5723.35 3.9091
5723.40 3.9091
5723.45 3.9090
5723.50 3.9089
5723.55 3.9088
5723.60 3.9088
5723.65 3.9087
5723.70 3.9086
5723.75 3.9086
5723.80 3.9085
5723.85 3.9084
5723.90 3.9083
5723.95 3.9083
5724.00 3.9082
5724.05 3.9081
5724.10 3.9080
5724.15 3.9080
5724.20 3.9079
5724.25 3.9078
5724.30 3.9077
5724.35 3.9077
5724.40 3.9076
5724.45 3.9075
5724.50 3.9074
5724.55 3.9073
5724.60 3.9073
5724.65 3.9072
5724.70 3.9071
5724.75 3.9070
5724.80 3.9069
5724.85 3.9069
5724.90 3.9068
5724.95 3.9067
5725.00 3.9066
5725.05 3.9065
5725.10 3.9065
5725.15 3.9064
5725.20 3.9063
5725.25 3.9062
5725.30 3.9061
5725.35 3.9060
5725.40 3.9060
5725.45 3.9059
5725.50 3.9058
5725.55 3.9057
5725.60 3.9056
5725.65 3.9055
5725.70 3.9054
5725.75 3.9054
5725.80 3.9053
5725.85 3.9052
5725.90 3.9051
5725.95 3.9050
5726.00 3.9049
5726.05 3.9048
5726.10 3.9047
5726.15 3.9047
5726.20 3.9046
5726.25 3.9045
5726.30 3.9044
5726.35 3.9043
5726.40 3.9042
5726.45 3.9041
5726.50 3.9040
5726.55 3.9039
5726.60 3.9038
5726.65 3.9037
5726.70 3.9037
5726.75 3.9036
5726.80 3.9035
5726.85 3.9034
5726.90 3.9033
5726.95 3.9032
5727.00 3.9031
5727.05 3.9030
5727.10 3.9029
5727.15 3.9028
5727.20 3.9027
5727.25 3.9026
5727.30 3.9025
5727.35 3.9024
5727.40 3.9023
5727.45 3.9022
5727.50 3.9021
5727.55 3.9020
5727.60 3.9019
5727.65 3.9018
5727.70 3.9017
5727.75 3.9017
5727.80 3.9016
5727.85 3.9015
5727.90 3.9014
5727.95 3.9013
5728.00 3.9012
5728.05 3.9011
5728.10 3.9010
5728.15 3.9009
5728.20 3.9008
5728.25 3.9007
5728.30 3.9006
5728.35 3.9005
5728.40 3.9004
5728.45 3.9003
5728.50 3.9001
5728.55 3.9000
5728.60 3.8999
5728.65 3.8998
5728.70 3.8997
5728.75 3.8996
5728.80 3.8995
5728.85 3.8994
5728.90 3.8993
5728.95 3.8992
5729.00 3.8991
5729.05 3.8990
5729.10 3.8989
5729.15 3.8988
5729.20 3.8987
5729.25 3.8986
5729.30 3.8985
5729.35 3.8984
5729.40 3.8983
5729.45 3.8982
5729.50 3.8981
5729.55 3.8980
5729.60 3.8978
5729.65 3.8977
5729.70 3.8976
5729.75 3.8975
5729.80 3.8974
5729.85 3.8973
5729.90 3.8972
5729.95 3.8971
5730.00 3.8970
5730.05 3.8969
5730.10 3.8968
5730.15 3.8966
5730.20 3.8965
5730.25 3.8964
5730.30 3.8963
5730.35 3.8962
5730.40 3.8961
5730.45 3.8960
5730.50 3.8959
5730.55 3.8958
5730.60 3.8957
5730.65 3.8955
5730.70 3.8954
5730.75 3.8953
5730.80 3.8952
5730.85 3.8951
5730.90 3.8950
5730.95 3.8949
5731.00 3.8948
5731.05 3.8946
5731.10 3.8945
5731.15 3.8944
5731.20 3.8943
5731.25 3.8942
5731.30 3.8941
5731.35 3.8940
5731.40 3.8938
5731.45 3.8937
5731.50 3.8936
5731.55 3.8935
5731.60 3.8934
5731.65 3.8933
5731.70 3.8931
5731.75 3.8930
5731.80 3.8929
5731.85 3.8928
5731.90 3.8927
5731.95 3.8926
5732.00 3.8925
5732.05 3.8923
5732.10 3.8922
5732.15 3.8921
5732.20 3.8920
5732.25 3.8919
5732.30 3.8917
5732.35 3.8916
5732.40 3.8915
5732.45 3.8914
5732.50 3.8913
5732.55 3.8912
5732.60 3.8910
5732.65 3.8909
5732.70 3.8908
5732.75 3.8907
5732.80 3.8906
5732.85 3.8904
5732.90 3.8903
5732.95 3.8902
5733.00 3.8901
5733.05 3.8900
5733.10 3.8898
5733.15 3.8897
5733.20 3.8896
5733.25 3.8895
5733.30 3.8894
5733.35 3.8892
5733.40 3.8891
5733.45 3.8890
5733.50 3.8889
5733.55 3.8887
5733.60 3.8886
5733.65 3.8885
5733.70 3.8884
5733.75 3.8883
5733.80 3.8881
5733.85 3.8880
5733.90 3.8879
5733.95 3.8878
5734.00 3.8876
5734.05 3.8875
5734.10 3.8874
5734.15 3.8873
5734.20 3.8872
5734.25 3.8870
5734.30 3.8869
5734.35 3.8868
5734.40 3.8867
5734.45 3.8865
5734.50 3.8864
5734.55 3.8863
5734.60 3.8862
5734.65 3.8860
5734.70 3.8859
5734.75 3.8858
5734.80 3.8857
5734.85 3.8855
5734.90 3.8854
5734.95 3.8853
5735.00 3.8852
5735.05 3.8850
5735.10 3.8849
5735.15 3.8848
5735.20 3.8847
5735.25 3.8845
5735.30 3.8844
5735.35 3.8843
5735.40 3.8842
5735.45 3.8840
5735.50 3.8839
5735.55 3.8838
5735.60 3.8836
5735.65 3.8835
5735.70 3.8834
5735.75 3.8833
5735.80 3.8831
5735.85 3.8830
5735.90 3.8829
5735.95 3.8828
5736.00 3.8826
5736.05 3.8825
5736.10 3.8824
5736.15 3.8822
5736.20 3.8821
5736.25 3.8820
5736.30 3.8819
5736.35 3.8817
5736.40 3.8816
5736.45 3.8815
5736.50 3.8813
5736.55 3.8812
5736.60 3.8811
5736.65 3.8810
5736.70 3.8808
5736.75 3.8807
5736.80 3.8806
5736.85 3.8804
5736.90 3.8803
5736.95 3.8802
5737.00 3.8801
5737.05 3.8799
5737.10 3.8798
5737.15 3.8797
5737.20 3.8795
5737.25 3.8794
5737.30 3.8793
5737.35 3.8791
5737.40 3.8790
5737.45 3.8789
5737.50 3.8788
5737.55 3.8786
5737.60 3.8785
5737.65 3.8784
5737.70 3.8782
5737.75 3.8781
5737.80 3.8780
5737.85 3.8778
5737.90 3.8777
5737.95 3.8776
5738.00 3.8775
5738.05 3.8773
5738.10 3.8772
5738.15 3.8771
5738.20 3.8769
5738.25 3.8768
5738.30 3.8767
5738.35 3.8765
5738.40 3.8764
5738.45 3.8763
5738.50 3.8761
5738.55 3.8760
5738.60 3.8759
5738.65 3.8757
5738.70 3.8756
5738.75 3.8755
5738.80 3.8754
5738.85 3.8752
5738.90 3.8751
5738.95 3.8750
5739.00 3.8748
5739.05 3.8747
5739.10 3.8746
5739.15 3.8744
5739.20 3.8743
5739.25 3.8742
5739.30 3.8740
5739.35 3.8739
5739.40 3.8738
5739.45 3.8736
5739.50 3.8735
5739.55 3.8734
5739.60 3.8732
5739.65 3.8731
5739.70 3.8730
5739.75 3.8728
5739.80 3.8727
5739.85 3.8726
5739.90 3.8724
5739.95 3.8723
5740.00 3.8722
5740.05 3.8720
5740.10 3.8719
5740.15 3.8718
5740.20 3.8716
5740.25 3.8715
5740.30 3.8714
5740.35 3.8713
5740.40 3.8711
5740.45 3.8710
5740.50 3.8709
5740.55 3.8707
5740.60 3.8706
5740.65 3.8705
5740.70 3.8703
5740.75 3.8702
5740.80 3.8701
5740.85 3.8699
5740.90 3.8698
5740.95 3.8697
5741.00 3.8695
5741.05 3.8694
5741.10 3.8693
5741.15 3.8691
5741.20 3.8690
5741.25 3.8689
5741.30 3.8687
5741.35 3.8686
5741.40 3.8685
5741.45 3.8683
5741.50 3.8682
5741.55 3.8681
5741.60 3.8679
5741.65 3.8678
5741.70 3.8677
5741.75 3.8675
5741.80 3.8674
5741.85 3.8673
5741.90 3.8671
5741.95 3.8670
5742.00 3.8669
5742.05 3.8667
5742.10 3.8666
5742.15 3.8665
5742.20 3.8663
5742.25 3.8662
5742.30 3.8661
5742.35 3.8659
5742.40 3.8658
5742.45 3.8657
5742.50 3.8655
5742.55 3.8654
5742.60 3.8653
5742.65 3.8651
5742.70 3.8650
5742.75 3.8649
5742.80 3.8647
5742.85 3.8646
5742.90 3.8645
5742.95 3.8643
5743.00 3.8642
5743.05 3.8641
5743.10 3.8639
5743.15 3.8638
5743.20 3.8637
5743.25 3.8635
5743.30 3.8634
5743.35 3.8633
5743.40 3.8631
5743.45 3.8630
5743.50 3.8629
5743.55 3.8627
5743.60 3.8626
5743.65 3.8625
5743.70 3.8623
5743.75 3.8622
5743.80 3.8621
5743.85 3.8619
5743.90 3.8618
5743.95 3.8617
5744.00 3.8615
5744.05 3.8614
5744.10 3.8613
5744.15 3.8611
5744.20 3.8610
5744.25 3.8609
5744.30 3.8607
5744.35 3.8606
5744.40 3.8605
5744.45 3.8603
5744.50 3.8602
5744.55 3.8601
5744.60 3.8600
5744.65 3.8598
5744.70 3.8597
5744.75 3.8596
5744.80 3.8594
5744.85 3.8593
5744.90 3.8592
5744.95 3.8590
5745.00 3.8589
5745.05 3.8588
5745.10 3.8586
5745.15 3.8585
5745.20 3.8584
5745.25 3.8582
5745.30 3.8581
5745.35 3.8580
5745.40 3.8578
5745.45 3.8577
5745.50 3.8576
5745.55 3.8574
5745.60 3.8573
5745.65 3.8572
5745.70 3.8571
5745.75 3.8569
5745.80 3.8568
5745.85 3.8567
5745.90 3.8565
5745.95 3.8564
5746.00 3.8563
5746.05 3.8561
5746.10 3.8560
5746.15 3.8559
5746.20 3.8557
5746.25 3.8556
5746.30 3.8555
5746.35 3.8554
5746.40 3.8552
5746.45 3.8551
5746.50 3.8550
5746.55 3.8548
5746.60 3.8547
5746.65 3.8546
5746.70 3.8544
5746.75 3.8543
5746.80 3.8542
5746.85 3.8540
5746.90 3.8539
5746.95 3.8538
5747.00 3.8537
5747.05 3.8535
5747.10 3.8534
5747.15 3.8533
5747.20 3.8531
5747.25 3.8530
5747.30 3.8529
5747.35 3.8528
5747.40 3.8526
5747.45 3.8525
5747.50 3.8524
5747.55 3.8522
5747.60 3.8521
5747.65 3.8520
5747.70 3.8519
5747.75 3.8517
5747.80 3.8516
5747.85 3.8515
5747.90 3.8513
5747.95 3.8512
5748.00 3.8511
5748.05 3.8510
5748.10 3.8508
5748.15 3.8507
5748.20 3.8506
5748.25 3.8504
5748.30 3.8503
5748.35 3.8502
5748.40 3.8501
5748.45 3.8499
5748.50 3.8498
5748.55 3.8497
5748.60 3.8495
5748.65 3.8494
5748.70 3.8493
5748.75 3.8492
5748.80 3.8490
5748.85 3.8489
5748.90 3.8488
5748.95 3.8487
5749.00 3.8485
5749.05 3.8484
5749.10 3.8483
5749.15 3.8481
5749.20 3.8480
5749.25 3.8479
5749.30 3.8478
5749.35 3.8476
5749.40 3.8475
5749.45 3.8474
5749.50 3.8473
5749.55 3.8471
5749.60 3.8470
5749.65 3.8469
5749.70 3.8468
5749.75 3.8466
5749.80 3.8465
5749.85 3.8464
5749.90 3.8463
5749.95 3.8461
5750.00 3.8460
5750.05 3.8459
5750.10 3.8458
5750.15 3.8456
5750.20 3.8455
5750.25 3.8454
5750.30 3.8453
5750.35 3.8451
5750.40 3.8450
5750.45 3.8449
5750.50 3.8448
5750.55 3.8446
5750.60 3.8445
5750.65 3.8444
5750.70 3.8443
5750.75 3.8441
5750.80 3.8440
5750.85 3.8439
5750.90 3.8438
5750.95 3.8437
5751.00 3.8435
5751.05 3.8434
5751.10 3.8433
5751.15 3.8432
5751.20 3.8430
5751.25 3.8429
5751.30 3.8428
5751.35 3.8427
5751.40 3.8426
5751.45 3.8424
5751.50 3.8423
5751.55 3.8422
5751.60 3.8421
5751.65 3.8419
5751.70 3.8418
5751.75 3.8417
5751.80 3.8416
5751.85 3.8415
5751.90 3.8413
5751.95 3.8412
5752.00 3.8411
5752.05 3.8410
5752.10 3.8409
5752.15 3.8407
5752.20 3.8406
5752.25 3.8405
5752.30 3.8404
5752.35 3.8403
5752.40 3.8401
5752.45 3.8400
5752.50 3.8399
5752.55 3.8398
5752.60 3.8397
5752.65 3.8395
5752.70 3.8394
5752.75 3.8393
5752.80 3.8392
5752.85 3.8391
5752.90 3.8389
5752.95 3.8388
5753.00 3.8387
5753.05 3.8386
5753.10 3.8385
5753.15 3.8383
5753.20 3.8382
5753.25 3.8381
5753.30 3.8380
5753.35 3.8379
5753.40 3.8378
5753.45 3.8376
5753.50 3.8375
5753.55 3.8374
5753.60 3.8373
5753.65 3.8372
5753.70 3.8371
5753.75 3.8369
5753.80 3.8368
5753.85 3.8367
5753.90 3.8366
5753.95 3.8365
5754.00 3.8364
5754.05 3.8362
5754.10 3.8361
5754.15 3.8360
5754.20 3.8359
5754.25 3.8358
5754.30 3.8357
5754.35 3.8356
5754.40 3.8354
5754.45 3.8353
5754.50 3.8352
5754.55 3.8351
5754.60 3.8350
5754.65 3.8349
5754.70 3.8348
5754.75 3.8346
5754.80 3.8345
5754.85 3.8344
5754.90 3.8343
5754.95 3.8342
5755.00 3.8341
5755.05 3.8340
5755.10 3.8338
5755.15 3.8337
5755.20 3.8336
5755.25 3.8335
5755.30 3.8334
5755.35 3.8333
5755.40 3.8332
5755.45 3.8331
5755.50 3.8329
5755.55 3.8328
5755.60 3.8327
5755.65 3.8326
5755.70 3.8325
5755.75 3.8324
5755.80 3.8323
5755.85 3.8322
5755.90 3.8321
5755.95 3.8319
5756.00 3.8318
5756.05 3.8317
5756.10 3.8316
5756.15 3.8315
5756.20 3.8314
5756.25 3.8313
5756.30 3.8312
5756.35 3.8311
5756.40 3.8309
5756.45 3.8308
5756.50 3.8307
5756.55 3.8306
5756.60 3.8305
5756.65 3.8304
5756.70 3.8303
5756.75 3.8302
5756.80 3.8301
5756.85 3.8300
5756.90 3.8299
5756.95 3.8298
5757.00 3.8296
5757.05 3.8295
5757.10 3.8294
5757.15 3.8293
5757.20 3.8292
5757.25 3.8291
5757.30 3.8290
5757.35 3.8289
5757.40 3.8288
5757.45 3.8287
5757.50 3.8286
5757.55 3.8285
5757.60 3.8284
5757.65 3.8283
5757.70 3.8282
5757.75 3.8280
5757.80 3.8279
5757.85 3.8278
5757.90 3.8277
5757.95 3.8276
5758.00 3.8275
5758.05 3.8274
5758.10 3.8273
5758.15 3.8272
5758.20 3.8271
5758.25 3.8270
5758.30 3.8269
5758.35 3.8268
5758.40 3.8267
5758.45 3.8266
5758.50 3.8265
5758.55 3.8264
5758.60 3.8263
5758.65 3.8262
5758.70 3.8261
5758.75 3.8260
5758.80 3.8259
5758.85 3.8258
5758.90 3.8257
5758.95 3.8256
5759.00 3.8255
5759.05 3.8254
5759.10 3.8253
5759.15 3.8252
5759.20 3.8251
5759.25 3.8250
5759.30 3.8248
5759.35 3.8247
5759.40 3.8246
5759.45 3.8245
5759.50 3.8244
5759.55 3.8243
5759.60 3.8242
5759.65 3.8241
5759.70 3.8240
5759.75 3.8239
5759.80 3.8238
5759.85 3.8238
5759.90 3.8237
5759.95 3.8236
5760.00 3.8235
5760.05 3.8234
5760.10 3.8233
5760.15 3.8232
5760.20 3.8231
5760.25 3.8230
5760.30 3.8229
5760.35 3.8228
5760.40 3.8227
5760.45 3.8226
5760.50 3.8225
5760.55 3.8224
5760.60 3.8223
5760.65 3.8222
5760.70 3.8221
5760.75 3.8220
5760.80 3.8219
5760.85 3.8218
5760.90 3.8217
5760.95 3.8216
5761.00 3.8215
5761.05 3.8214
5761.10 3.8213
5761.15 3.8212
5761.20 3.8211
5761.25 3.8210
5761.30 3.8209
5761.35 3.8208
5761.40 3.8208
5761.45 3.8207
5761.50 3.8206
5761.55 3.8205
5761.60 3.8204
5761.65 3.8203
5761.70 3.8202
5761.75 3.8201
5761.80 3.8200
5761.85 3.8199
5761.90 3.8198
5761.95 3.8197
5762.00 3.8196
5762.05 3.8195
5762.10 3.8195
5762.15 3.8194
5762.20 3.8193
5762.25 3.8192
5762.30 3.8191
5762.35 3.8190
5762.40 3.8189
5762.45 3.8188
5762.50 3.8187
5762.55 3.8186
5762.60 3.8185
5762.65 3.8185
5762.70 3.8184
5762.75 3.8183
5762.80 3.8182
5762.85 3.8181
5762.90 3.8180
5762.95 3.8179
5763.00 3.8178
5763.05 3.8177
5763.10 3.8176
5763.15 3.8176
5763.20 3.8175
5763.25 3.8174
5763.30 3.8173
5763.35 3.8172
5763.40 3.8171
5763.45 3.8170
5763.50 3.8169
5763.55 3.8169
5763.60 3.8168
5763.65 3.8167
5763.70 3.8166
5763.75 3.8165
5763.80 3.8164
5763.85 3.8163
5763.90 3.8163
5763.95 3.8162
5764.00 3.8161
5764.05 3.8160
5764.10 3.8159
5764.15 3.8158
5764.20 3.8157
5764.25 3.8157
5764.30 3.8156
5764.35 3.8155
5764.40 3.8154
5764.45 3.8153
5764.50 3.8152
5764.55 3.8151
5764.60 3.8151
5764.65 3.8150
5764.70 3.8149
5764.75 3.8148
5764.80 3.8147
5764.85 3.8146
5764.90 3.8146
5764.95 3.8145
5765.00 3.8144
5765.05 3.8143
5765.10 3.8142
5765.15 3.8142
5765.20 3.8141
5765.25 3.8140
5765.30 3.8139
5765.35 3.8138
5765.40 3.8137
5765.45 3.8137
5765.50 3.8136
5765.55 3.8135
5765.60 3.8134
5765.65 3.8133
5765.70 3.8133
5765.75 3.8132
5765.80 3.8131
5765.85 3.8130
5765.90 3.8129
5765.95 3.8129
5766.00 3.8128
5766.05 3.8127
5766.10 3.8126
5766.15 3.8125
5766.20 3.8125
5766.25 3.8124
5766.30 3.8123
5766.35 3.8122
5766.40 3.8122
5766.45 3.8121
5766.50 3.8120
5766.55 3.8119
5766.60 3.8118
5766.65 3.8118
5766.70 3.8117
5766.75 3.8116
5766.80 3.8115
5766.85 3.8115
5766.90 3.8114
5766.95 3.8113
5767.00 3.8112
5767.05 3.8112
5767.10 3.8111
5767.15 3.8110
5767.20 3.8109
5767.25 3.8109
5767.30 3.8108
5767.35 3.8107
5767.40 3.8106
5767.45 3.8106
5767.50 3.8105
5767.55 3.8104
5767.60 3.8103
5767.65 3.8103
5767.70 3.8102
5767.75 3.8101
5767.80 3.8100
5767.85 3.8100
5767.90 3.8099
5767.95 3.8098
5768.00 3.8098
5768.05 3.8097
5768.10 3.8096
5768.15 3.8095
5768.20 3.8095
5768.25 3.8094
5768.30 3.8093
5768.35 3.8092
5768.40 3.8092
5768.45 3.8091
5768.50 3.8090
5768.55 3.8090
5768.60 3.8089
5768.65 3.8088
5768.70 3.8088
5768.75 3.8087
5768.80 3.8086
5768.85 3.8085
5768.90 3.8085
5768.95 3.8084
5769.00 3.8083
5769.05 3.8083
5769.10 3.8082
5769.15 3.8081
5769.20 3.8081
5769.25 3.8080
5769.30 3.8079
5769.35 3.8078
5769.40 3.8078
5769.45 3.8077
5769.50 3.8076
5769.55 3.8076
5769.60 3.8075
5769.65 3.8074
5769.70 3.8074
5769.75 3.8073
5769.80 3.8072
5769.85 3.8072
5769.90 3.8071
5769.95 3.8070
5770.00 3.8070
5770.05 3.8069
5770.10 3.8068
5770.15 3.8068
5770.20 3.8067
5770.25 3.8066
5770.30 3.8066
5770.35 3.8065
5770.40 3.8065
5770.45 3.8064
5770.50 3.8063
5770.55 3.8063
5770.60 3.8062
5770.65 3.8061
5770.70 3.8061
5770.75 3.8060
5770.80 3.8059
5770.85 3.8059
5770.90 3.8058
5770.95 3.8057
5771.00 3.8057
5771.05 3.8056
5771.10 3.8056
5771.15 3.8055
5771.20 3.8054
5771.25 3.8054
5771.30 3.8053
5771.35 3.8052
5771.40 3.8052
5771.45 3.8051
5771.50 3.8051
5771.55 3.8050
5771.60 3.8049
5771.65 3.8049
5771.70 3.8048
5771.75 3.8048
5771.80 3.8047
5771.85 3.8046
5771.90 3.8046
5771.95 3.8045
5772.00 3.8044
5772.05 3.8044
5772.10 3.8043
5772.15 3.8043
5772.20 3.8042
5772.25 3.8041
5772.30 3.8041
5772.35 3.8040
5772.40 3.8040
5772.45 3.8039
5772.50 3.8039
5772.55 3.8038
5772.60 3.8037
5772.65 3.8037
5772.70 3.8036
5772.75 3.8036
5772.80 3.8035
5772.85 3.8034
5772.90 3.8034
5772.95 3.8033
5773.00 3.8033
5773.05 3.8032
5773.10 3.8032
5773.15 3.8031
5773.20 3.8030
5773.25 3.8030
5773.30 3.8029
5773.35 3.8029
5773.40 3.8028
5773.45 3.8028
5773.50 3.8027
5773.55 3.8027
5773.60 3.8026
5773.65 3.8025
5773.70 3.8025
5773.75 3.8024
5773.80 3.8024
5773.85 3.8023
5773.90 3.8023
5773.95 3.8022
5774.00 3.8022
5774.05 3.8021
5774.10 3.8021
5774.15 3.8020
5774.20 3.8019
5774.25 3.8019
5774.30 3.8018
5774.35 3.8018
5774.40 3.8017
5774.45 3.8017
5774.50 3.8016
5774.55 3.8016
5774.60 3.8015
5774.65 3.8015
5774.70 3.8014
5774.75 3.8014
5774.80 3.8013
5774.85 3.8013
5774.90 3.8012
5774.95 3.8011
5775.00 3.8011
5775.05 3.8010
5775.10 3.8010
5775.15 3.8009
5775.20 3.8009
5775.25 3.8008
5775.30 3.8008
5775.35 3.8007
5775.40 3.8007
5775.45 3.8006
5775.50 3.8006
5775.55 3.8005
5775.60 3.8005
5775.65 3.8004
5775.70 3.8004
5775.75 3.8003
5775.80 3.8003
5775.85 3.8002
5775.90 3.8002
5775.95 3.8001
5776.00 3.8001
5776.05 3.8000
5776.10 3.8000
5776.15 3.7999
5776.20 3.7999
5776.25 3.7998
5776.30 3.7998
5776.35 3.7997
5776.40 3.7997
5776.45 3.7997
5776.50 3.7996
5776.55 3.7996
5776.60 3.7995
5776.65 3.7995
5776.70 3.7994
5776.75 3.7994
5776.80 3.7993
5776.85 3.7993
5776.90 3.7992
5776.95 3.7992
5777.00 3.7991
5777.05 3.7991
5777.10 3.7990
5777.15 3.7990
5777.20 3.7989
5777.25 3.7989
5777.30 3.7989
5777.35 3.7988
5777.40 3.7988
5777.45 3.7987
5777.50 3.7987
5777.55 3.7986
5777.60 3.7986
5777.65 3.7985
5777.70 3.7985
5777.75 3.7984
5777.80 3.7984
5777.85 3.7984
5777.90 3.7983
5777.95 3.7983
5778.00 3.7982
5778.05 3.7982
5778.10 3.7981
5778.15 3.7981
5778.20 3.7980
5778.25 3.7980
5778.30 3.7980
5778.35 3.7979
5778.40 3.7979
5778.45 3.7978
5778.50 3.7978
5778.55 3.7977
5778.60 3.7977
5778.65 3.7976
5778.70 3.7976
5778.75 3.7976
5778.80 3.7975
5778.85 3.7975
5778.90 3.7974
5778.95 3.7974
5779.00 3.7974
5779.05 3.7973
5779.10 3.7973
5779.15 3.7972
5779.20 3.7972
5779.25 3.7971
5779.30 3.7971
5779.35 3.7971
5779.40 3.7970
5779.45 3.7970
5779.50 3.7969
5779.55 3.7969
5779.60 3.7968
5779.65 3.7968
5779.70 3.7968
5779.75 3.7967
5779.80 3.7967
5779.85 3.7966
5779.90 3.7966
5779.95 3.7966
5780.00 3.7965
5780.05 3.7965
5780.10 3.7964
5780.15 3.7964
5780.20 3.7964
5780.25 3.7963
5780.30 3.7963
5780.35 3.7962
5780.40 3.7962
5780.45 3.7962
5780.50 3.7961
5780.55 3.7961
5780.60 3.7960
5780.65 3.7960
5780.70 3.7960
5780.75 3.7959
5780.80 3.7959
5780.85 3.7958
5780.90 3.7958
5780.95 3.7958
5781.00 3.7957
5781.05 3.7957
5781.10 3.7957
5781.15 3.7956
5781.20 3.7956
5781.25 3.7955
5781.30 3.7955
5781.35 3.7955
5781.40 3.7954
5781.45 3.7954
5781.50 3.7954
5781.55 3.7953
5781.60 3.7953
5781.65 3.7952
5781.70 3.7952
5781.75 3.7952
5781.80 3.7951
5781.85 3.7951
5781.90 3.7950
5781.95 3.7950
5782.00 3.7950
5782.05 3.7949
5782.10 3.7949
5782.15 3.7949
5782.20 3.7948
5782.25 3.7948
5782.30 3.7948
5782.35 3.7947
5782.40 3.7947
5782.45 3.7946
5782.50 3.7946
5782.55 3.7946
5782.60 3.7945
5782.65 3.7945
5782.70 3.7945
5782.75 3.7944
5782.80 3.7944
5782.85 3.7944
5782.90 3.7943
5782.95 3.7943
5783.00 3.7942
5783.05 3.7942
5783.10 3.7942
5783.15 3.7941
5783.20 3.7941
5783.25 3.7941
5783.30 3.7940
5783.35 3.7940
5783.40 3.7940
5783.45 3.7939
5783.50 3.7939
5783.55 3.7939
5783.60 3.7938
5783.65 3.7938
5783.70 3.7937
5783.75 3.7937
5783.80 3.7937
5783.85 3.7936
5783.90 3.7936
5783.95 3.7936
5784.00 3.7935
5784.05 3.7935
5784.10 3.7935
5784.15 3.7934
5784.20 3.7934
5784.25 3.7934
5784.30 3.7933
5784.35 3.7933
5784.40 3.7933
5784.45 3.7932
5784.50 3.7932
5784.55 3.7932
5784.60 3.7931
5784.65 3.7931
5784.70 3.7931
5784.75 3.7930
5784.80 3.7930
5784.85 3.7930
5784.90 3.7929
5784.95 3.7929
5785.00 3.7929
5785.05 3.7928
5785.10 3.7928
5785.15 3.7928
5785.20 3.7927
5785.25 3.7927
5785.30 3.7927
5785.35 3.7926
5785.40 3.7926
5785.45 3.7926
5785.50 3.7925
5785.55 3.7925
5785.60 3.7925
5785.65 3.7924
5785.70 3.7924
5785.75 3.7923
5785.80 3.7923
5785.85 3.7923
5785.90 3.7922
5785.95 3.7922
5786.00 3.7922
5786.05 3.7921
5786.10 3.7921
5786.15 3.7921
5786.20 3.7920
5786.25 3.7920
5786.30 3.7920
5786.35 3.7920
5786.40 3.7919
5786.45 3.7919
5786.50 3.7919
5786.55 3.7918
5786.60 3.7918
5786.65 3.7918
5786.70 3.7917
5786.75 3.7917
5786.80 3.7917
5786.85 3.7916
5786.90 3.7916
5786.95 3.7916
5787.00 3.7915
5787.05 3.7915
5787.10 3.7915
5787.15 3.7914
5787.20 3.7914
5787.25 3.7914
5787.30 3.7913
5787.35 3.7913
5787.40 3.7913
5787.45 3.7912
5787.50 3.7912
5787.55 3.7912
5787.60 3.7911
5787.65 3.7911
5787.70 3.7911
5787.75 3.7910
5787.80 3.7910
5787.85 3.7910
5787.90 3.7909
5787.95 3.7909
5788.00 3.7909
5788.05 3.7908
5788.10 3.7908
5788.15 3.7908
5788.20 3.7907
5788.25 3.7907
5788.30 3.7907
5788.35 3.7906
5788.40 3.7906
5788.45 3.7906
5788.50 3.7905
5788.55 3.7905
5788.60 3.7905
5788.65 3.7904
5788.70 3.7904
5788.75 3.7904
5788.80 3.7903
5788.85 3.7903
5788.90 3.7903
5788.95 3.7902
5789.00 3.7902
5789.05 3.7902
5789.10 3.7901
5789.15 3.7901
5789.20 3.7901
5789.25 3.7900
5789.30 3.7900
5789.35 3.7900
5789.40 3.7899
5789.45 3.7899
5789.50 3.7899
5789.55 3.7898
5789.60 3.7898
5789.65 3.7898
5789.70 3.7897
5789.75 3.7897
5789.80 3.7897
5789.85 3.7896
5789.90 3.7896
5789.95 3.7896
5790.00 3.7895
5790.05 3.7895
5790.10 3.7895
5790.15 3.7894
5790.20 3.7894
5790.25 3.7894
5790.30 3.7893
5790.35 3.7893
5790.40 3.7893
5790.45 3.7892
5790.50 3.7892
5790.55 3.7892
5790.60 3.7891
5790.65 3.7891
5790.70 3.7891
5790.75 3.7890
5790.80 3.7890
5790.85 3.7890
5790.90 3.7889
5790.95 3.7889
5791.00 3.7889
5791.05 3.7888
5791.10 3.7888
5791.15 3.7887
5791.20 3.7887
5791.25 3.7887
5791.30 3.7886
5791.35 3.7886
5791.40 3.7886
5791.45 3.7885
5791.50 3.7885
5791.55 3.7885
5791.60 3.7884
5791.65 3.7884
5791.70 3.7884
5791.75 3.7883
5791.80 3.7883
5791.85 3.7883
5791.90 3.7882
5791.95 3.7882
5792.00 3.7881
5792.05 3.7881
5792.10 3.7881
5792.15 3.7880
5792.20 3.7880
5792.25 3.7880
5792.30 3.7879
5792.35 3.7879
5792.40 3.7879
5792.45 3.7878
5792.50 3.7878
5792.55 3.7877
5792.60 3.7877
5792.65 3.7877
5792.70 3.7876
5792.75 3.7876
5792.80 3.7876
5792.85 3.7875
5792.90 3.7875
5792.95 3.7875
5793.00 3.7874
5793.05 3.7874
5793.10 3.7873
5793.15 3.7873
5793.20 3.7873
5793.25 3.7872
5793.30 3.7872
5793.35 3.7872
5793.40 3.7871
5793.45 3.7871
5793.50 3.7870
5793.55 3.7870
5793.60 3.7870
5793.65 3.7869
5793.70 3.7869
5793.75 3.7868
5793.80 3.7868
5793.85 3.7868
5793.90 3.7867
5793.95 3.7867
5794.00 3.7867
5794.05 3.7866
5794.10 3.7866
5794.15 3.7865
5794.20 3.7865
5794.25 3.7865
5794.30 3.7864
5794.35 3.7864
5794.40 3.7863
5794.45 3.7863
5794.50 3.7863
5794.55 3.7862
5794.60 3.7862
5794.65 3.7861
5794.70 3.7861
5794.75 3.7861
5794.80 3.7860
5794.85 3.7860
5794.90 3.7859
5794.95 3.7859
5795.00 3.7858
5795.05 3.7858
5795.10 3.7858
5795.15 3.7857
5795.20 3.7857
5795.25 3.7856
5795.30 3.7856
5795.35 3.7856
5795.40 3.7855
5795.45 3.7855
5795.50 3.7854
5795.55 3.7854
5795.60 3.7853
5795.65 3.7853
5795.70 3.7853
5795.75 3.7852
5795.80 3.7852
5795.85 3.7851
5795.90 3.7851
5795.95 3.7850
5796.00 3.7850
5796.05 3.7849
5796.10 3.7849
5796.15 3.7849
5796.20 3.7848
5796.25 3.7848
5796.30 3.7847
5796.35 3.7847
5796.40 3.7846
5796.45 3.7846
5796.50 3.7845
5796.55 3.7845
5796.60 3.7845
5796.65 3.7844
5796.70 3.7844
5796.75 3.7843
5796.80 3.7843
5796.85 3.7842
5796.90 3.7842
5796.95 3.7841
5797.00 3.7841
5797.05 3.7840
5797.10 3.7840
5797.15 3.7839
5797.20 3.7839
5797.25 3.7838
5797.30 3.7838
5797.35 3.7837
5797.40 3.7837
5797.45 3.7836
5797.50 3.7836
5797.55 3.7835
5797.60 3.7835
5797.65 3.7835
5797.70 3.7834
5797.75 3.7834
5797.80 3.7833
5797.85 3.7833
5797.90 3.7832
5797.95 3.7832
5798.00 3.7831
5798.05 3.7831
5798.10 3.7830
5798.15 3.7829
5798.20 3.7829
5798.25 3.7828
5798.30 3.7828
5798.35 3.7827
5798.40 3.7827
5798.45 3.7826
5798.50 3.7826
5798.55 3.7825
5798.60 3.7825
5798.65 3.7824
5798.70 3.7824
5798.75 3.7823
5798.80 3.7823
5798.85 3.7822
5798.90 3.7822
5798.95 3.7821
5799.00 3.7821
5799.05 3.7820
5799.10 3.7819
5799.15 3.7819
5799.20 3.7818
5799.25 3.7818
5799.30 3.7817
5799.35 3.7817
5799.40 3.7816
5799.45 3.7816
5799.50 3.7815
5799.55 3.7814
5799.60 3.7814
5799.65 3.7813
5799.70 3.7813
5799.75 3.7812
5799.80 3.7812
5799.85 3.7811
5799.90 3.7810
5799.95 3.7810
5800.00 3.7809
5800.05 3.7809
5800.10 3.7808
5800.15 3.7807
5800.20 3.7807
5800.25 3.7806
5800.30 3.7806
5800.35 3.7805
5800.40 3.7804
5800.45 3.7804
5800.50 3.7803
5800.55 3.7803
5800.60 3.7802
5800.65 3.7801
5800.70 3.7801
5800.75 3.7800
5800.80 3.7800
5800.85 3.7799
5800.90 3.7798
5800.95 3.7798
5801.00 3.7797
5801.05 3.7796
5801.10 3.7796
5801.15 3.7795
5801.20 3.7794
5801.25 3.7794
5801.30 3.7793
5801.35 3.7792
5801.40 3.7792
5801.45 3.7791
5801.50 3.7791
5801.55 3.7790
5801.60 3.7789
5801.65 3.7789
5801.70 3.7788
5801.75 3.7787
5801.80 3.7787
5801.85 3.7786
5801.90 3.7785
5801.95 3.7784
5802.00 3.7784
5802.05 3.7783
5802.10 3.7782
5802.15 3.7782
5802.20 3.7781
5802.25 3.7780
5802.30 3.7780
5802.35 3.7779
5802.40 3.7778
5802.45 3.7778
5802.50 3.7777
5802.55 3.7776
5802.60 3.7775
5802.65 3.7775
5802.70 3.7774
5802.75 3.7773
5802.80 3.7772
5802.85 3.7772
5802.90 3.7771
5802.95 3.7770
5803.00 3.7770
5803.05 3.7769
5803.10 3.7768
5803.15 3.7767
5803.20 3.7767
5803.25 3.7766
5803.30 3.7765
5803.35 3.7764
5803.40 3.7763
5803.45 3.7763
5803.50 3.7762
5803.55 3.7761
5803.60 3.7760
5803.65 3.7760
5803.70 3.7759
5803.75 3.7758
5803.80 3.7757
5803.85 3.7756
5803.90 3.7756
5803.95 3.7755
5804.00 3.7754
5804.05 3.7753
5804.10 3.7752
5804.15 3.7752
5804.20 3.7751
5804.25 3.7750
5804.30 3.7749
5804.35 3.7748
5804.40 3.7748
5804.45 3.7747
5804.50 3.7746
5804.55 3.7745
5804.60 3.7744
5804.65 3.7743
5804.70 3.7742
5804.75 3.7742
5804.80 3.7741
5804.85 3.7740
5804.90 3.7739
5804.95 3.7738
5805.00 3.7737
5805.05 3.7736
5805.10 3.7736
5805.15 3.7735
5805.20 3.7734
5805.25 3.7733
5805.30 3.7732
5805.35 3.7731
5805.40 3.7730
5805.45 3.7729
5805.50 3.7728
5805.55 3.7728
5805.60 3.7727
5805.65 3.7726
5805.70 3.7725
5805.75 3.7724
5805.80 3.7723
5805.85 3.7722
5805.90 3.7721
5805.95 3.7720
5806.00 3.7719
5806.05 3.7718
5806.10 3.7717
5806.15 3.7716
5806.20 3.7715
5806.25 3.7714
5806.30 3.7713
5806.35 3.7713
5806.40 3.7712
5806.45 3.7711
5806.50 3.7710
5806.55 3.7709
5806.60 3.7708
5806.65 3.7707
5806.70 3.7706
5806.75 3.7705
5806.80 3.7704
5806.85 3.7703
5806.90 3.7702
5806.95 3.7701
5807.00 3.7700
5807.05 3.7699
5807.10 3.7698
5807.15 3.7697
5807.20 3.7695
5807.25 3.7694
5807.30 3.7693
5807.35 3.7692
5807.40 3.7691
5807.45 3.7690
5807.50 3.7689
5807.55 3.7688
5807.60 3.7687
5807.65 3.7686
5807.70 3.7685
5807.75 3.7684
5807.80 3.7683
5807.85 3.7682
5807.90 3.7681
5807.95 3.7680
5808.00 3.7678
5808.05 3.7677
5808.10 3.7676
5808.15 3.7675
5808.20 3.7674
5808.25 3.7673
5808.30 3.7672
5808.35 3.7671
5808.40 3.7669
5808.45 3.7668
5808.50 3.7667
5808.55 3.7666
5808.60 3.7665
5808.65 3.7664
5808.70 3.7663
5808.75 3.7661
5808.80 3.7660
5808.85 3.7659
5808.90 3.7658
5808.95 3.7657
5809.00 3.7656
5809.05 3.7654
5809.10 3.7653
5809.15 3.7652
5809.20 3.7651
5809.25 3.7650
5809.30 3.7648
5809.35 3.7647
5809.40 3.7646
5809.45 3.7645
5809.50 3.7643
5809.55 3.7642
5809.60 3.7641
5809.65 3.7640
5809.70 3.7638
5809.75 3.7637
5809.80 3.7636
5809.85 3.7635
5809.90 3.7633
5809.95 3.7632
5810.00 3.7631
5810.05 3.7630
5810.10 3.7628
5810.15 3.7627
5810.20 3.7626
5810.25 3.7624
5810.30 3.7623
5810.35 3.7622
5810.40 3.7620
5810.45 3.7619
5810.50 3.7618
5810.55 3.7617
5810.60 3.7615
5810.65 3.7614
5810.70 3.7612
5810.75 3.7611
5810.80 3.7610
5810.85 3.7608
5810.90 3.7607
5810.95 3.7606
5811.00 3.7604
5811.05 3.7603
5811.10 3.7602
5811.15 3.7600
5811.20 3.7599
5811.25 3.7597
5811.30 3.7596
5811.35 3.7595
5811.40 3.7593
5811.45 3.7592
5811.50 3.7590
5811.55 3.7589
5811.60 3.7587
5811.65 3.7586
5811.70 3.7584
5811.75 3.7583
5811.80 3.7582
5811.85 3.7580
5811.90 3.7579
5811.95 3.7577
5812.00 3.7576
5812.05 3.7574
5812.10 3.7573
5812.15 3.7571
5812.20 3.7570
5812.25 3.7568
5812.30 3.7567
5812.35 3.7565
5812.40 3.7564
5812.45 3.7562
5812.50 3.7561
5812.55 3.7559
5812.60 3.7558
5812.65 3.7556
5812.70 3.7554
5812.75 3.7553
5812.80 3.7551
5812.85 3.7550
5812.90 3.7548
5812.95 3.7547
5813.00 3.7545
5813.05 3.7543
5813.10 3.7542
5813.15 3.7540
5813.20 3.7539
5813.25 3.7537
5813.30 3.7535
5813.35 3.7534
5813.40 3.7532
5813.45 3.7530
5813.50 3.7529
5813.55 3.7527
5813.60 3.7525
5813.65 3.7524
5813.70 3.7522
5813.75 3.7520
5813.80 3.7519
5813.85 3.7517
5813.90 3.7515
5813.95 3.7514
5814.00 3.7512
5814.05 3.7510
5814.10 3.7508
5814.15 3.7507
5814.20 3.7505
5814.25 3.7503
5814.30 3.7502
5814.35 3.7500
5814.40 3.7498
5814.45 3.7496
5814.50 3.7495
5814.55 3.7493
5814.60 3.7491
5814.65 3.7489
5814.70 3.7487
5814.75 3.7486
5814.80 3.7484
5814.85 3.7482
5814.90 3.7480
5814.95 3.7478
5815.00 3.7477
5815.05 3.7475
5815.10 3.7473
5815.15 3.7471
5815.20 3.7469
5815.25 3.7467
5815.30 3.7465
5815.35 3.7464
5815.40 3.7462
5815.45 3.7460
5815.50 3.7458
5815.55 3.7456
5815.60 3.7454
5815.65 3.7452
5815.70 3.7450
5815.75 3.7448
5815.80 3.7446
5815.85 3.7444
5815.90 3.7443
5815.95 3.7441
5816.00 3.7439
5816.05 3.7437
5816.10 3.7435
5816.15 3.7433
5816.20 3.7431
5816.25 3.7429
5816.30 3.7427
5816.35 3.7425
5816.40 3.7423
5816.45 3.7421
5816.50 3.7419
5816.55 3.7417
5816.60 3.7415
5816.65 3.7413
5816.70 3.7410
5816.75 3.7408
5816.80 3.7406
5816.85 3.7404
5816.90 3.7402
5816.95 3.7400
5817.00 3.7398
5817.05 3.7396
5817.10 3.7394
5817.15 3.7392
5817.20 3.7390
5817.25 3.7387
5817.30 3.7385
5817.35 3.7383
5817.40 3.7381
5817.45 3.7379
5817.50 3.7377
5817.55 3.7375
5817.60 3.7372
5817.65 3.7370
5817.70 3.7368
5817.75 3.7366
5817.80 3.7364
5817.85 3.7361
5817.90 3.7359
5817.95 3.7357
5818.00 3.7355
5818.05 3.7352
5818.10 3.7350
5818.15 3.7348
5818.20 3.7346
5818.25 3.7343
5818.30 3.7341
5818.35 3.7339
5818.40 3.7337
5818.45 3.7334
5818.50 3.7332
5818.55 3.7330
5818.60 3.7327
5818.65 3.7325
5818.70 3.7323
5818.75 3.7320
5818.80 3.7318
5818.85 3.7316
5818.90 3.7313
5818.95 3.7311
5819.00 3.7308
5819.05 3.7306
5819.10 3.7304
5819.15 3.7301
5819.20 3.7299
5819.25 3.7296
5819.30 3.7294
5819.35 3.7292
5819.40 3.7289
5819.45 3.7287
5819.50 3.7284
5819.55 3.7282
5819.60 3.7279
5819.65 3.7277
5819.70 3.7274
5819.75 3.7272
5819.80 3.7269
5819.85 3.7267
5819.90 3.7264
5819.95 3.7262
5820.00 3.7259
5820.05 3.7257
5820.10 3.7254
5820.15 3.7252
5820.20 3.7249
5820.25 3.7246
5820.30 3.7244
5820.35 3.7241
5820.40 3.7239
5820.45 3.7236
5820.50 3.7233
5820.55 3.7231
5820.60 3.7228
5820.65 3.7225
5820.70 3.7223
5820.75 3.7220
5820.80 3.7218
5820.85 3.7215
5820.90 3.7212
5820.95 3.7209
5821.00 3.7207
5821.05 3.7204
5821.10 3.7201
5821.15 3.7199
5821.20 3.7196
5821.25 3.7193
5821.30 3.7190
5821.35 3.7188
5821.40 3.7185
5821.45 3.7182
5821.50 3.7179
5821.55 3.7177
5821.60 3.7174
5821.65 3.7171
5821.70 3.7168
5821.75 3.7165
5821.80 3.7162
5821.85 3.7160
5821.90 3.7157
5821.95 3.7154
5822.00 3.7151
5822.05 3.7148
5822.10 3.7145
5822.15 3.7142
5822.20 3.7139
5822.25 3.7137
5822.30 3.7134
5822.35 3.7131
5822.40 3.7128
5822.45 3.7125
5822.50 3.7122
5822.55 3.7119
5822.60 3.7116
5822.65 3.7113
5822.70 3.7110
5822.75 3.7107
5822.80 3.7104
5822.85 3.7101
5822.90 3.7098
5822.95 3.7095
5823.00 3.7092
5823.05 3.7089
5823.10 3.7086
5823.15 3.7083
5823.20 3.7079
5823.25 3.7076
5823.30 3.7073
5823.35 3.7070
5823.40 3.7067
5823.45 3.7064
5823.50 3.7061
5823.55 3.7058
5823.60 3.7055
5823.65 3.7051
5823.70 3.7048
5823.75 3.7045
5823.80 3.7042
5823.85 3.7039
5823.90 3.7035
5823.95 3.7032
5824.00 3.7029
5824.05 3.7026
5824.10 3.7022
5824.15 3.7019
5824.20 3.7016
5824.25 3.7013
5824.30 3.7009
5824.35 3.7006
5824.40 3.7003
5824.45 3.6999
5824.50 3.6996
5824.55 3.6993
5824.60 3.6989
5824.65 3.6986
5824.70 3.6983
5824.75 3.6979
5824.80 3.6976
5824.85 3.6973
5824.90 3.6969
5824.95 3.6966
5825.00 3.6962
5825.05 3.6959
5825.10 3.6955
5825.15 3.6952
5825.20 3.6949
5825.25 3.6945
5825.30 3.6942
5825.35 3.6938
5825.40 3.6935
5825.45 3.6931
5825.50 3.6928
5825.55 3.6924
5825.60 3.6921
5825.65 3.6917
5825.70 3.6913
5825.75 3.6910
5825.80 3.6906
5825.85 3.6903
5825.90 3.6899
5825.95 3.6896
5826.00 3.6892
5826.05 3.6888
5826.10 3.6885
5826.15 3.6881
5826.20 3.6877
5826.25 3.6874
5826.30 3.6870
5826.35 3.6866
5826.40 3.6863
5826.45 3.6859
5826.50 3.6855
5826.55 3.6851
5826.60 3.6848
5826.65 3.6844
5826.70 3.6840
5826.75 3.6836
5826.80 3.6833
5826.85 3.6829
5826.90 3.6825
5826.95 3.6821
5827.00 3.6817
5827.05 3.6814
5827.10 3.6810
5827.15 3.6806
5827.20 3.6802
5827.25 3.6798
5827.30 3.6794
5827.35 3.6790
5827.40 3.6786
5827.45 3.6782
5827.50 3.6779
5827.55 3.6775
5827.60 3.6771
5827.65 3.6767
5827.70 3.6763
5827.75 3.6759
5827.80 3.6755
5827.85 3.6751
5827.90 3.6747
5827.95 3.6743
5828.00 3.6739
5828.05 3.6735
5828.10 3.6730
5828.15 3.6726
5828.20 3.6722
5828.25 3.6718
5828.30 3.6714
5828.35 3.6710
5828.40 3.6706
5828.45 3.6702
5828.50 3.6698
5828.55 3.6693
5828.60 3.6689
5828.65 3.6685
5828.70 3.6681
5828.75 3.6677
5828.80 3.6672
5828.85 3.6668
5828.90 3.6664
5828.95 3.6660
5829.00 3.6656
5829.05 3.6651
5829.10 3.6647
5829.15 3.6643
5829.20 3.6638
5829.25 3.6634
5829.30 3.6630
5829.35 3.6625
5829.40 3.6621
5829.45 3.6617
5829.50 3.6612
5829.55 3.6608
5829.60 3.6603
5829.65 3.6599
5829.70 3.6595
5829.75 3.6590
5829.80 3.6586
5829.85 3.6581
5829.90 3.6577
5829.95 3.6572
5830.00 3.6568
5830.05 3.6563
5830.10 3.6559
5830.15 3.6554
5830.20 3.6550
5830.25 3.6545
5830.30 3.6541
5830.35 3.6536
5830.40 3.6532
5830.45 3.6527
5830.50 3.6522
5830.55 3.6518
5830.60 3.6513
5830.65 3.6508
5830.70 3.6504
5830.75 3.6499
5830.80 3.6494
5830.85 3.6490
5830.90 3.6485
5830.95 3.6480
5831.00 3.6476
5831.05 3.6471
5831.10 3.6466
5831.15 3.6461
5831.20 3.6456
5831.25 3.6452
5831.30 3.6447
5831.35 3.6442
5831.40 3.6437
5831.45 3.6432
5831.50 3.6428
5831.55 3.6423
5831.60 3.6418
5831.65 3.6413
5831.70 3.6408
5831.75 3.6403
5831.80 3.6398
5831.85 3.6393
5831.90 3.6388
5831.95 3.6383
5832.00 3.6378
5832.05 3.6373
5832.10 3.6368
5832.15 3.6363
5832.20 3.6358
5832.25 3.6353
5832.30 3.6348
5832.35 3.6343
5832.40 3.6338
5832.45 3.6333
5832.50 3.6328
5832.55 3.6323
5832.60 3.6318
5832.65 3.6312
5832.70 3.6307
5832.75 3.6302
5832.80 3.6297
5832.85 3.6292
5832.90 3.6287
5832.95 3.6281
5833.00 3.6276
5833.05 3.6271
5833.10 3.6266
5833.15 3.6260
5833.20 3.6255
5833.25 3.6250
5833.30 3.6244
5833.35 3.6239
5833.40 3.6234
5833.45 3.6228
5833.50 3.6223
5833.55 3.6218
5833.60 3.6212
5833.65 3.6207
5833.70 3.6202
5833.75 3.6196
5833.80 3.6191
5833.85 3.6185
5833.90 3.6180
5833.95 3.6174
5834.00 3.6169
5834.05 3.6163
5834.10 3.6158
5834.15 3.6152
5834.20 3.6147
5834.25 3.6141
5834.30 3.6135
5834.35 3.6130
5834.40 3.6124
5834.45 3.6119
5834.50 3.6113
5834.55 3.6107
5834.60 3.6102
5834.65 3.6096
5834.70 3.6090
5834.75 3.6085
5834.80 3.6079
5834.85 3.6073
5834.90 3.6067
5834.95 3.6062
5835.00 3.6056
5835.05 3.6050
5835.10 3.6044
5835.15 3.6039
5835.20 3.6033
5835.25 3.6027
5835.30 3.6021
5835.35 3.6015
5835.40 3.6009
5835.45 3.6003
5835.50 3.5998
5835.55 3.5992
5835.60 3.5986
5835.65 3.5980
5835.70 3.5974
5835.75 3.5968
5835.80 3.5962
5835.85 3.5956
5835.90 3.5950
5835.95 3.5944
5836.00 3.5938
5836.05 3.5932
5836.10 3.5926
5836.15 3.5919
5836.20 3.5913
5836.25 3.5907
5836.30 3.5901
5836.35 3.5895
5836.40 3.5889
5836.45 3.5883
5836.50 3.5876
5836.55 3.5870
5836.60 3.5864
5836.65 3.5858
5836.70 3.5851
5836.75 3.5845
5836.80 3.5839
5836.85 3.5833
5836.90 3.5826
5836.95 3.5820
5837.00 3.5814
5837.05 3.5807
5837.10 3.5801
5837.15 3.5795
5837.20 3.5788
5837.25 3.5782
5837.30 3.5775
5837.35 3.5769
5837.40 3.5762
5837.45 3.5756
5837.50 3.5749
5837.55 3.5743
5837.60 3.5736
5837.65 3.5730
5837.70 3.5723
5837.75 3.5717
5837.80 3.5710
5837.85 3.5704
5837.90 3.5697
5837.95 3.5690
5838.00 3.5684
5838.05 3.5677
5838.10 3.5670
5838.15 3.5664
5838.20 3.5657
5838.25 3.5650
5838.30 3.5644
5838.35 3.5637
5838.40 3.5630
5838.45 3.5623
5838.50 3.5616
5838.55 3.5610
5838.60 3.5603
5838.65 3.5596
5838.70 3.5589
5838.75 3.5582
5838.80 3.5575
5838.85 3.5568
5838.90 3.5562
5838.95 3.5555
5839.00 3.5548
5839.05 3.5541
5839.10 3.5534
5839.15 3.5527
5839.20 3.5520
5839.25 3.5513
5839.30 3.5506
5839.35 3.5499
5839.40 3.5492
5839.45 3.5484
5839.50 3.5477
5839.55 3.5470
5839.60 3.5463
5839.65 3.5456
5839.70 3.5449
5839.75 3.5442
5839.80 3.5434
5839.85 3.5427
5839.90 3.5420
5839.95 3.5413
5840.00 3.5405
5840.05 3.5398
5840.10 3.5391
5840.15 3.5383
5840.20 3.5376
5840.25 3.5369
5840.30 3.5361
5840.35 3.5354
5840.40 3.5347
5840.45 3.5339
5840.50 3.5332
5840.55 3.5324
5840.60 3.5317
5840.65 3.5309
5840.70 3.5302
5840.75 3.5294
5840.80 3.5287
5840.85 3.5279
5840.90 3.5272
5840.95 3.5264
5841.00 3.5257
5841.05 3.5249
5841.10 3.5241
5841.15 3.5234
5841.20 3.5226
5841.25 3.5218
5841.30 3.5211
5841.35 3.5203
5841.40 3.5195
5841.45 3.5188
5841.50 3.5180
5841.55 3.5172
5841.60 3.5164
5841.65 3.5156
5841.70 3.5149
5841.75 3.5141
5841.80 3.5133
5841.85 3.5125
5841.90 3.5117
5841.95 3.5109
5842.00 3.5101
5842.05 3.5093
5842.10 3.5085
5842.15 3.5077
5842.20 3.5069
5842.25 3.5061
5842.30 3.5053
5842.35 3.5045
5842.40 3.5037
5842.45 3.5029
5842.50 3.5021
5842.55 3.5013
5842.60 3.5005
5842.65 3.4997
5842.70 3.4988
5842.75 3.4980
5842.80 3.4972
5842.85 3.4964
5842.90 3.4956
5842.95 3.4947
5843.00 3.4939
5843.05 3.4931
5843.10 3.4922
5843.15 3.4914
5843.20 3.4906
5843.25 3.4897
5843.30 3.4889
5843.35 3.4881
5843.40 3.4872
5843.45 3.4864
5843.50 3.4855
5843.55 3.4847
5843.60 3.4838
5843.65 3.4830
5843.70 3.4821
5843.75 3.4813
5843.80 3.4804
5843.85 3.4796
5843.90 3.4787
5843.95 3.4778
5844.00 3.4770
5844.05 3.4761
5844.10 3.4752
5844.15 3.4744
5844.20 3.4735
5844.25 3.4726
5844.30 3.4718
5844.35 3.4709
5844.40 3.4700
5844.45 3.4691
5844.50 3.4682
5844.55 3.4674
5844.60 3.4665
5844.65 3.4656
5844.70 3.4647
5844.75 3.4638
5844.80 3.4629
5844.85 3.4620
5844.90 3.4611
5844.95 3.4602
5845.00 3.4593
5845.05 3.4584
5845.10 3.4575
5845.15 3.4566
5845.20 3.4557
5845.25 3.4548
5845.30 3.4539
5845.35 3.4530
5845.40 3.4521
5845.45 3.4511
