5165.50 7.5224
5165.55 7.5224
5165.60 7.5224
5165.65 7.5224
5165.70 7.5224
5165.75 7.5224
5165.80 7.5225
5165.85 7.5225
5165.90 7.5225
5165.95 7.5225
5166.00 7.5226
5166.05 7.5226
5166.10 7.5226
5166.15 7.5227
5166.20 7.5227
5166.25 7.5228
5166.30 7.5228
5166.35 7.5229
5166.40 7.5230
5166.45 7.5230
5166.50 7.5231
5166.55 7.5232
5166.60 7.5232
5166.65 7.5233
5166.70 7.5234
5166.75 7.5235
5166.80 7.5235
5166.85 7.5236
5166.90 7.5237
5166.95 7.5238
5167.00 7.5239
5167.05 7.5240
5167.10 7.5241
5167.15 7.5242
5167.20 7.5243
5167.25 7.5244
5167.30 7.5246
5167.35 7.5247
5167.40 7.5248
5167.45 7.5249
5167.50 7.5250
5167.55 7.5252
5167.60 7.5253
5167.65 7.5254
5167.70 7.5256
5167.75 7.5257
5167.80 7.5259
5167.85 7.5260
5167.90 7.5262
5167.95 7.5263
5168.00 7.5265
5168.05 7.5266
5168.10 7.5268
5168.15 7.5269
5168.20 7.5271
5168.25 7.5273
5168.30 7.5274
5168.35 7.5276
5168.40 7.5278
5168.45 7.5280
5168.50 7.5281
5168.55 7.5283
5168.60 7.5285
5168.65 7.5287
5168.70 7.5289
5168.75 7.5291
5168.80 7.5292
5168.85 7.5294
5168.90 7.5296
5168.95 7.5298
5169.00 7.5300
5169.05 7.5302
5169.10 7.5304
5169.15 7.5306
5169.20 7.5308
5169.25 7.5310
5169.30 7.5313
5169.35 7.5315
5169.40 7.5317
5169.45 7.5319
5169.50 7.5321
5169.55 7.5323
5169.60 7.5325
5169.65 7.5328
5169.70 7.5330
5169.75 7.5332
5169.80 7.5334
5169.85 7.5337
5169.90 7.5339
5169.95 7.5341
5170.00 7.5343
5170.05 7.5346
5170.10 7.5348
5170.15 7.5350
5170.20 7.5353
5170.25 7.5355
5170.30 7.5357
5170.35 7.5360
5170.40 7.5362
5170.45 7.5364
5170.50 7.5367
5170.55 7.5369
5170.60 7.5372
5170.65 7.5374
5170.70 7.5376
5170.75 7.5379
5170.80 7.5381
5170.85 7.5384
5170.90 7.5386
5170.95 7.5388
5171.00 7.5391
5171.05 7.5393
5171.10 7.5396
5171.15 7.5398
5171.20 7.5400
5171.25 7.5403
5171.30 7.5405
5171.35 7.5408
5171.40 7.5410
5171.45 7.5413
5171.50 7.5415
5171.55 7.5417
5171.60 7.5420
5171.65 7.5422
5171.70 7.5425
5171.75 7.5427
5171.80 7.5430
5171.85 7.5432
5171.90 7.5434
5171.95 7.5437
5172.00 7.5439
5172.05 7.5441
5172.10 7.5444
5172.15 7.5446
5172.20 7.5449
5172.25 7.5451
5172.30 7.5453
5172.35 7.5456
5172.40 7.5458
5172.45 7.5460
5172.50 7.5463
5172.55 7.5465
5172.60 7.5467
5172.65 7.5469
5172.70 7.5472
5172.75 7.5474
5172.80 7.5476
5172.85 7.5478
5172.90 7.5481
5172.95 7.5483
5173.00 7.5485
5173.05 7.5487
5173.10 7.5489
5173.15 7.5491
5173.20 7.5494
5173.25 7.5496
5173.30 7.5498
5173.35 7.5500
5173.40 7.5502
5173.45 7.5504
5173.50 7.5506
5173.55 7.5508
5173.60 7.5510
5173.65 7.5512
5173.70 7.5514
5173.75 7.5516
5173.80 7.5518
5173.85 7.5520
5173.90 7.5521
5173.95 7.5523
5174.00 7.5525
5174.05 7.5527
5174.10 7.5529
5174.15 7.5530
5174.20 7.5532
5174.25 7.5534
5174.30 7.5536
5174.35 7.5537
5174.40 7.5539
5174.45 7.5541
5174.50 7.5542
5174.55 7.5544
5174.60 7.5545
5174.65 7.5547
5174.70 7.5548
5174.75 7.5550
5174.80 7.5551
5174.85 7.5553
5174.90 7.5554
5174.95 7.5556
5175.00 7.5557
5175.05 7.5558
5175.10 7.5560
5175.15 7.5561
5175.20 7.5562
5175.25 7.5564
5175.30 7.5565
5175.35 7.5566
5175.40 7.5567
5175.45 7.5568
5175.50 7.5569
5175.55 7.5570
5175.60 7.5571
5175.65 7.5573
5175.70 7.5574
5175.75 7.5574
5175.80 7.5575
5175.85 7.5576
5175.90 7.5577
5175.95 7.5578
5176.00 7.5579
5176.05 7.5580
5176.10 7.5581
5176.15 7.5581
5176.20 7.5582
5176.25 7.5583
5176.30 7.5583
5176.35 7.5584
5176.40 7.5585
5176.45 7.5585
5176.50 7.5586
5176.55 7.5586
5176.60 7.5587
5176.65 7.5587
5176.70 7.5588
5176.75 7.5588
5176.80 7.5588
5176.85 7.5589
5176.90 7.5589
5176.95 7.5589
5177.00 7.5590
5177.05 7.5590
5177.10 7.5590
5177.15 7.5590
5177.20 7.5590
5177.25 7.5590
5177.30 7.5590
5177.35 7.5590
5177.40 7.5591
5177.45 7.5590
5177.50 7.5590
5177.55 7.5590
5177.60 7.5590
5177.65 7.5590
5177.70 7.5590
5177.75 7.5590
5177.80 7.5590
5177.85 7.5589
5177.90 7.5589
5177.95 7.5589
5178.00 7.5588
5178.05 7.5588
5178.10 7.5588
5178.15 7.5587
5178.20 7.5587
5178.25 7.5586
5178.30 7.5586
5178.35 7.5585
5178.40 7.5585
5178.45 7.5584
5178.50 7.5584
5178.55 7.5583
5178.60 7.5582
5178.65 7.5582
5178.70 7.5581
5178.75 7.5580
5178.80 7.5579
5178.85 7.5579
5178.90 7.5578
5178.95 7.5577
5179.00 7.5576
5179.05 7.5575
5179.10 7.5574
5179.15 7.5573
5179.20 7.5572
5179.25 7.5571
5179.30 7.5570
5179.35 7.5569
5179.40 7.5568
5179.45 7.5567
5179.50 7.5566
5179.55 7.5565
5179.60 7.5564
5179.65 7.5562
5179.70 7.5561
5179.75 7.5560
5179.80 7.5559
5179.85 7.5557
5179.90 7.5556
5179.95 7.5555
5180.00 7.5553
5180.05 7.5552
5180.10 7.5551
5180.15 7.5549
5180.20 7.5548
5180.25 7.5546
5180.30 7.5545
5180.35 7.5543
5180.40 7.5542
5180.45 7.5540
5180.50 7.5539
5180.55 7.5537
5180.60 7.5535
5180.65 7.5534
5180.70 7.5532
5180.75 7.5530
5180.80 7.5529
5180.85 7.5527
5180.90 7.5525
5180.95 7.5523
5181.00 7.5522
5181.05 7.5520
5181.10 7.5518
5181.15 7.5516
5181.20 7.5514
5181.25 7.5512
5181.30 7.5510
5181.35 7.5508
5181.40 7.5507
5181.45 7.5505
5181.50 7.5503
5181.55 7.5501
5181.60 7.5499
5181.65 7.5497
5181.70 7.5495
5181.75 7.5493
5181.80 7.5490
5181.85 7.5488
5181.90 7.5486
5181.95 7.5484
5182.00 7.5482
5182.05 7.5480
5182.10 7.5478
5182.15 7.5475
5182.20 7.5473
5182.25 7.5471
5182.30 7.5469
5182.35 7.5467
5182.40 7.5464
5182.45 7.5462
5182.50 7.5460
5182.55 7.5457
5182.60 7.5455
5182.65 7.5453
5182.70 7.5450
5182.75 7.5448
5182.80 7.5446
5182.85 7.5443
5182.90 7.5441
5182.95 7.5439
5183.00 7.5436
5183.05 7.5434
5183.10 7.5431
5183.15 7.5429
5183.20 7.5426
5183.25 7.5424
5183.30 7.5421
5183.35 7.5419
5183.40 7.5416
5183.45 7.5414
5183.50 7.5411
5183.55 7.5409
5183.60 7.5406
5183.65 7.5404
5183.70 7.5401
5183.75 7.5399
5183.80 7.5396
5183.85 7.5393
5183.90 7.5391
5183.95 7.5388
5184.00 7.5385
5184.05 7.5383
5184.10 7.5380
5184.15 7.5378
5184.20 7.5375
5184.25 7.5372
5184.30 7.5370
5184.35 7.5367
5184.40 7.5364
5184.45 7.5361
5184.50 7.5359
5184.55 7.5356
5184.60 7.5353
5184.65 7.5350
5184.70 7.5348
5184.75 7.5345
5184.80 7.5342
5184.85 7.5339
5184.90 7.5337
5184.95 7.5334
5185.00 7.5331
5185.05 7.5328
5185.10 7.5325
5185.15 7.5323
5185.20 7.5320
5185.25 7.5317
5185.30 7.5314
5185.35 7.5311
5185.40 7.5308
5185.45 7.5306
5185.50 7.5303
5185.55 7.5300
5185.60 7.5297
5185.65 7.5294
5185.70 7.5291
5185.75 7.5288
5185.80 7.5285
5185.85 7.5282
5185.90 7.5280
5185.95 7.5277
5186.00 7.5274
5186.05 7.5271
5186.10 7.5268
5186.15 7.5265
5186.20 7.5262
5186.25 7.5259
5186.30 7.5256
5186.35 7.5253
5186.40 7.5250
5186.45 7.5247
5186.50 7.5244
5186.55 7.5241
5186.60 7.5238
5186.65 7.5235
5186.70 7.5232
5186.75 7.5229
5186.80 7.5226
5186.85 7.5223
5186.90 7.5220
5186.95 7.5217
5187.00 7.5214
5187.05 7.5211
5187.10 7.5208
5187.15 7.5205
5187.20 7.5202
5187.25 7.5199
5187.30 7.5196
5187.35 7.5193
5187.40 7.5190
5187.45 7.5187
5187.50 7.5183
5187.55 7.5180
5187.60 7.5177
5187.65 7.5174
5187.70 7.5171
5187.75 7.5168
5187.80 7.5165
5187.85 7.5162
5187.90 7.5159
5187.95 7.5156
5188.00 7.5152
5188.05 7.5149
5188.10 7.5146
5188.15 7.5143
5188.20 7.5140
5188.25 7.5137
5188.30 7.5134
5188.35 7.5131
5188.40 7.5127
5188.45 7.5124
5188.50 7.5121
5188.55 7.5118
5188.60 7.5115
5188.65 7.5112
5188.70 7.5108
5188.75 7.5105
5188.80 7.5102
5188.85 7.5099
5188.90 7.5096
5188.95 7.5092
5189.00 7.5089
5189.05 7.5086
5189.10 7.5083
5189.15 7.5080
5189.20 7.5076
5189.25 7.5073
5189.30 7.5070
5189.35 7.5067
5189.40 7.5064
5189.45 7.5060
5189.50 7.5057
5189.55 7.5054
5189.60 7.5051
5189.65 7.5047
5189.70 7.5044
5189.75 7.5041
5189.80 7.5038
5189.85 7.5034
5189.90 7.5031
5189.95 7.5028
5190.00 7.5025
5190.05 7.5021
5190.10 7.5018
5190.15 7.5015
5190.20 7.5012
5190.25 7.5008
5190.30 7.5005
5190.35 7.5002
5190.40 7.4998
5190.45 7.4995
5190.50 7.4992
5190.55 7.4989
5190.60 7.4985
5190.65 7.4982
5190.70 7.4979
5190.75 7.4975
5190.80 7.4972
5190.85 7.4969
5190.90 7.4965
5190.95 7.4962
5191.00 7.4959
5191.05 7.4956
5191.10 7.4952
5191.15 7.4949
5191.20 7.4946
5191.25 7.4942
5191.30 7.4939
5191.35 7.4936
5191.40 7.4932
5191.45 7.4929
5191.50 7.4926
5191.55 7.4922
5191.60 7.4919
5191.65 7.4916
5191.70 7.4912
5191.75 7.4909
5191.80 7.4906
5191.85 7.4902
5191.90 7.4899
5191.95 7.4895
5192.00 7.4892
5192.05 7.4889
5192.10 7.4885
5192.15 7.4882
5192.20 7.4879
5192.25 7.4875
5192.30 7.4872
5192.35 7.4869
5192.40 7.4865
5192.45 7.4862
5192.50 7.4858
5192.55 7.4855
5192.60 7.4852
5192.65 7.4848
5192.70 7.4845
5192.75 7.4842
5192.80 7.4838
5192.85 7.4835
5192.90 7.4832
5192.95 7.4828
5193.00 7.4825
5193.05 7.4821
5193.10 7.4818
5193.15 7.4815
5193.20 7.4811
5193.25 7.4808
5193.30 7.4804
5193.35 7.4801
5193.40 7.4798
5193.45 7.4794
5193.50 7.4791
5193.55 7.4788
5193.60 7.4784
5193.65 7.4781
5193.70 7.4777
5193.75 7.4774
5193.80 7.4771
5193.85 7.4767
5193.90 7.4764
5193.95 7.4760
5194.00 7.4757
5194.05 7.4754
5194.10 7.4750
5194.15 7.4747
5194.20 7.4744
5194.25 7.4740
5194.30 7.4737
5194.35 7.4733
5194.40 7.4730
5194.45 7.4727
5194.50 7.4723
5194.55 7.4720
5194.60 7.4716
5194.65 7.4713
5194.70 7.4710
5194.75 7.4706
5194.80 7.4703
5194.85 7.4700
5194.90 7.4696
5194.95 7.4693
5195.00 7.4689
5195.05 7.4686
5195.10 7.4683
5195.15 7.4679
5195.20 7.4676
5195.25 7.4672
5195.30 7.4669
5195.35 7.4666
5195.40 7.4662
5195.45 7.4659
5195.50 7.4656
5195.55 7.4652
5195.60 7.4649
5195.65 7.4646
5195.70 7.4642
5195.75 7.4639
5195.80 7.4635
5195.85 7.4632
5195.90 7.4629
5195.95 7.4625
5196.00 7.4622
5196.05 7.4619
5196.10 7.4615
5196.15 7.4612
5196.20 7.4609
5196.25 7.4605
5196.30 7.4602
5196.35 7.4598
5196.40 7.4595
5196.45 7.4592
5196.50 7.4588
5196.55 7.4585
5196.60 7.4582
5196.65 7.4578
5196.70 7.4575
5196.75 7.4572
5196.80 7.4568
5196.85 7.4565
5196.90 7.4562
5196.95 7.4558
5197.00 7.4555
5197.05 7.4552
5197.10 7.4548
5197.15 7.4545
5197.20 7.4542
5197.25 7.4538
5197.30 7.4535
5197.35 7.4532
5197.40 7.4528
5197.45 7.4525
5197.50 7.4522
5197.55 7.4519
5197.60 7.4515
5197.65 7.4512
5197.70 7.4509
5197.75 7.4505
5197.80 7.4502
5197.85 7.4499
5197.90 7.4495
5197.95 7.4492
5198.00 7.4489
5198.05 7.4485
5198.10 7.4482
5198.15 7.4479
5198.20 7.4476
5198.25 7.4472
5198.30 7.4469
5198.35 7.4466
5198.40 7.4462
5198.45 7.4459
5198.50 7.4456
5198.55 7.4453
5198.60 7.4449
5198.65 7.4446
5198.70 7.4443
5198.75 7.4439
5198.80 7.4436
5198.85 7.4433
5198.90 7.4430
5198.95 7.4426
5199.00 7.4423
5199.05 7.4420
5199.10 7.4417
5199.15 7.4413
5199.20 7.4410
5199.25 7.4407
5199.30 7.4404
5199.35 7.4400
5199.40 7.4397
5199.45 7.4394
5199.50 7.4391
5199.55 7.4387
5199.60 7.4384
5199.65 7.4381
5199.70 7.4378
5199.75 7.4374
5199.80 7.4371
5199.85 7.4368
5199.90 7.4365
5199.95 7.4361
5200.00 7.4358
5200.05 7.4355
5200.10 7.4352
5200.15 7.4348
5200.20 7.4345
5200.25 7.4342
5200.30 7.4339
5200.35 7.4336
5200.40 7.4332
5200.45 7.4329
5200.50 7.4326
5200.55 7.4323
5200.60 7.4319
5200.65 7.4316
5200.70 7.4313
5200.75 7.4310
5200.80 7.4307
5200.85 7.4303
5200.90 7.4300
5200.95 7.4297
5201.00 7.4294
5201.05 7.4291
5201.10 7.4287
5201.15 7.4284
5201.20 7.4281
5201.25 7.4278
5201.30 7.4274
5201.35 7.4271
5201.40 7.4268
5201.45 7.4265
5201.50 7.4262
5201.55 7.4259
5201.60 7.4255
5201.65 7.4252
5201.70 7.4249
5201.75 7.4246
5201.80 7.4243
5201.85 7.4239
5201.90 7.4236
5201.95 7.4233
5202.00 7.4230
5202.05 7.4227
5202.10 7.4224
5202.15 7.4220
5202.20 7.4217
5202.25 7.4214
5202.30 7.4211
5202.35 7.4208
5202.40 7.4205
5202.45 7.4201
5202.50 7.4198
5202.55 7.4195
5202.60 7.4192
5202.65 7.4189
5202.70 7.4186
5202.75 7.4182
5202.80 7.4179
5202.85 7.4176
5202.90 7.4173
5202.95 7.4170
5203.00 7.4167
5203.05 7.4164
5203.10 7.4160
5203.15 7.4157
5203.20 7.4154
5203.25 7.4151
5203.30 7.4148
5203.35 7.4145
5203.40 7.4142
5203.45 7.4139
5203.50 7.4135
5203.55 7.4132
5203.60 7.4129
5203.65 7.4126
5203.70 7.4123
5203.75 7.4120
5203.80 7.4117
5203.85 7.4114
5203.90 7.4110
5203.95 7.4107
5204.00 7.4104
5204.05 7.4101
5204.10 7.4098
5204.15 7.4095
5204.20 7.4092
5204.25 7.4089
5204.30 7.4086
5204.35 7.4083
5204.40 7.4080
5204.45 7.4077
5204.50 7.4073
5204.55 7.4070
5204.60 7.4067
5204.65 7.4064
5204.70 7.4061
5204.75 7.4058
5204.80 7.4055
5204.85 7.4052
5204.90 7.4049
5204.95 7.4046
5205.00 7.4043
5205.05 7.4040
5205.10 7.4037
5205.15 7.4034
5205.20 7.4031
5205.25 7.4028
5205.30 7.4025
5205.35 7.4022
5205.40 7.4019
5205.45 7.4016
5205.50 7.4013
5205.55 7.4010
5205.60 7.4007
5205.65 7.4004
5205.70 7.4001
5205.75 7.3998
5205.80 7.3995
5205.85 7.3992
5205.90 7.3989
5205.95 7.3986
5206.00 7.3983
5206.05 7.3980
5206.10 7.3977
5206.15 7.3974
5206.20 7.3971
5206.25 7.3968
5206.30 7.3965
5206.35 7.3962
5206.40 7.3959
5206.45 7.3956
5206.50 7.3953
5206.55 7.3950
5206.60 7.3948
5206.65 7.3945
5206.70 7.3942
5206.75 7.3939
5206.80 7.3936
5206.85 7.3933
5206.90 7.3930
5206.95 7.3927
5207.00 7.3924
5207.05 7.3921
5207.10 7.3919
5207.15 7.3916
5207.20 7.3913
5207.25 7.3910
5207.30 7.3907
5207.35 7.3904
5207.40 7.3901
5207.45 7.3899
5207.50 7.3896
5207.55 7.3893
5207.60 7.3890
5207.65 7.3887
5207.70 7.3884
5207.75 7.3882
5207.80 7.3879
5207.85 7.3876
5207.90 7.3873
5207.95 7.3870
5208.00 7.3868
5208.05 7.3865
5208.10 7.3862
5208.15 7.3859
5208.20 7.3856
5208.25 7.3854
5208.30 7.3851
5208.35 7.3848
5208.40 7.3845
5208.45 7.3843
5208.50 7.3840
5208.55 7.3837
5208.60 7.3835
5208.65 7.3832
5208.70 7.3829
5208.75 7.3826
5208.80 7.3824
5208.85 7.3821
5208.90 7.3818
5208.95 7.3816
5209.00 7.3813
5209.05 7.3810
5209.10 7.3807
5209.15 7.3805
5209.20 7.3802
5209.25 7.3799
5209.30 7.3797
5209.35 7.3794
5209.40 7.3792
5209.45 7.3789
5209.50 7.3786
5209.55 7.3784
5209.60 7.3781
5209.65 7.3778
5209.70 7.3776
5209.75 7.3773
5209.80 7.3771
5209.85 7.3768
5209.90 7.3765
5209.95 7.3763
5210.00 7.3760
5210.05 7.3758
5210.10 7.3755
5210.15 7.3752
5210.20 7.3750
5210.25 7.3747
5210.30 7.3745
5210.35 7.3742
5210.40 7.3740
5210.45 7.3737
5210.50 7.3734
5210.55 7.3732
5210.60 7.3729
5210.65 7.3727
5210.70 7.3724
5210.75 7.3722
5210.80 7.3719
5210.85 7.3717
5210.90 7.3714
5210.95 7.3712
5211.00 7.3709
5211.05 7.3707
5211.10 7.3704
5211.15 7.3702
5211.20 7.3699
5211.25 7.3697
5211.30 7.3694
5211.35 7.3692
5211.40 7.3689
5211.45 7.3687
5211.50 7.3685
5211.55 7.3682
5211.60 7.3680
5211.65 7.3677
5211.70 7.3675
5211.75 7.3672
5211.80 7.3670
5211.85 7.3667
5211.90 7.3665
5211.95 7.3663
5212.00 7.3660
5212.05 7.3658
5212.10 7.3655
5212.15 7.3653
5212.20 7.3651
5212.25 7.3648
5212.30 7.3646
5212.35 7.3643
5212.40 7.3641
5212.45 7.3639
5212.50 7.3636
5212.55 7.3634
5212.60 7.3631
5212.65 7.3629
5212.70 7.3627
5212.75 7.3624
5212.80 7.3622
5212.85 7.3620
5212.90 7.3617
5212.95 7.3615
5213.00 7.3612
5213.05 7.3610
5213.10 7.3608
5213.15 7.3605
5213.20 7.3603
5213.25 7.3601
5213.30 7.3598
5213.35 7.3596
5213.40 7.3594
5213.45 7.3591
5213.50 7.3589
5213.55 7.3587
5213.60 7.3584
5213.65 7.3582
5213.70 7.3580
5213.75 7.3577
5213.80 7.3575
5213.85 7.3573
5213.90 7.3570
5213.95 7.3568
5214.00 7.3566
5214.05 7.3563
5214.10 7.3561
5214.15 7.3559
5214.20 7.3556
5214.25 7.3554
5214.30 7.3552
5214.35 7.3549
5214.40 7.3547
5214.45 7.3545
5214.50 7.3542
5214.55 7.3540
5214.60 7.3538
5214.65 7.3535
5214.70 7.3533
5214.75 7.3531
5214.80 7.3528
5214.85 7.3526
5214.90 7.3524
5214.95 7.3521
5215.00 7.3519
5215.05 7.3517
5215.10 7.3514
5215.15 7.3512
5215.20 7.3510
5215.25 7.3508
5215.30 7.3505
5215.35 7.3503
5215.40 7.3501
5215.45 7.3498
5215.50 7.3496
5215.55 7.3494
5215.60 7.3491
5215.65 7.3489
5215.70 7.3487
5215.75 7.3484
5215.80 7.3482
5215.85 7.3480
5215.90 7.3477
5215.95 7.3475
5216.00 7.3473
5216.05 7.3470
5216.10 7.3468
5216.15 7.3466
5216.20 7.3463
5216.25 7.3461
5216.30 7.3459
5216.35 7.3456
5216.40 7.3454
5216.45 7.3452
5216.50 7.3449
5216.55 7.3447
5216.60 7.3444
5216.65 7.3442
5216.70 7.3440
5216.75 7.3437
5216.80 7.3435
5216.85 7.3433
5216.90 7.3430
5216.95 7.3428
5217.00 7.3426
5217.05 7.3423
5217.10 7.3421
5217.15 7.3418
5217.20 7.3416
5217.25 7.3414
5217.30 7.3411
5217.35 7.3409
5217.40 7.3407
5217.45 7.3404
5217.50 7.3402
5217.55 7.3399
5217.60 7.3397
5217.65 7.3395
5217.70 7.3392
5217.75 7.3390
5217.80 7.3387
5217.85 7.3385
5217.90 7.3382
5217.95 7.3380
5218.00 7.3378
5218.05 7.3375
5218.10 7.3373
5218.15 7.3370
5218.20 7.3368
5218.25 7.3365
5218.30 7.3363
5218.35 7.3361
5218.40 7.3358
5218.45 7.3356
5218.50 7.3353
5218.55 7.3351
5218.60 7.3348
5218.65 7.3346
5218.70 7.3343
5218.75 7.3341
5218.80 7.3338
5218.85 7.3336
5218.90 7.3333
5218.95 7.3331
5219.00 7.3328
5219.05 7.3326
5219.10 7.3323
5219.15 7.3321
5219.20 7.3318
5219.25 7.3316
5219.30 7.3313
5219.35 7.3311
5219.40 7.3308
5219.45 7.3306
5219.50 7.3303
5219.55 7.3301
5219.60 7.3298
5219.65 7.3296
5219.70 7.3293
5219.75 7.3291
5219.80 7.3288
5219.85 7.3286
5219.90 7.3283
5219.95 7.3280
5220.00 7.3278
5220.05 7.3275
5220.10 7.3273
5220.15 7.3270
5220.20 7.3268
5220.25 7.3265
5220.30 7.3263
5220.35 7.3260
5220.40 7.3257
5220.45 7.3255
5220.50 7.3252
5220.55 7.3250
5220.60 7.3247
5220.65 7.3244
5220.70 7.3242
5220.75 7.3239
5220.80 7.3237
5220.85 7.3234
5220.90 7.3231
5220.95 7.3229
5221.00 7.3226
5221.05 7.3224
5221.10 7.3221
5221.15 7.3218
5221.20 7.3216
5221.25 7.3213
5221.30 7.3211
5221.35 7.3208
5221.40 7.3205
5221.45 7.3203
5221.50 7.3200
5221.55 7.3197
5221.60 7.3195
5221.65 7.3192
5221.70 7.3190
5221.75 7.3187
5221.80 7.3184
5221.85 7.3182
5221.90 7.3179
5221.95 7.3176
5222.00 7.3174
5222.05 7.3171
5222.10 7.3169
5222.15 7.3166
5222.20 7.3163
5222.25 7.3161
5222.30 7.3158
5222.35 7.3155
5222.40 7.3153
5222.45 7.3150
5222.50 7.3147
5222.55 7.3145
5222.60 7.3142
5222.65 7.3140
5222.70 7.3137
5222.75 7.3134
5222.80 7.3132
5222.85 7.3129
5222.90 7.3126
5222.95 7.3124
5223.00 7.3121
5223.05 7.3119
5223.10 7.3116
5223.15 7.3113
5223.20 7.3111
5223.25 7.3108
5223.30 7.3105
5223.35 7.3103
5223.40 7.3100
5223.45 7.3098
5223.50 7.3095
5223.55 7.3092
5223.60 7.3090
5223.65 7.3087
5223.70 7.3085
5223.75 7.3082
5223.80 7.3079
5223.85 7.3077
5223.90 7.3074
5223.95 7.3072
5224.00 7.3069
5224.05 7.3066
5224.10 7.3064
5224.15 7.3061
5224.20 7.3059
5224.25 7.3056
5224.30 7.3054
5224.35 7.3051
5224.40 7.3049
5224.45 7.3046
5224.50 7.3044
5224.55 7.3041
5224.60 7.3038
5224.65 7.3036
5224.70 7.3033
5224.75 7.3031
5224.80 7.3028
5224.85 7.3026
5224.90 7.3023
5224.95 7.3021
5225.00 7.3018
5225.05 7.3016
5225.10 7.3013
5225.15 7.3011
5225.20 7.3009
5225.25 7.3006
5225.30 7.3004
5225.35 7.3001
5225.40 7.2999
5225.45 7.2996
5225.50 7.2994
5225.55 7.2992
5225.60 7.2989
5225.65 7.2987
5225.70 7.2984
5225.75 7.2982
5225.80 7.2980
5225.85 7.2977
5225.90 7.2975
5225.95 7.2973
5226.00 7.2970
5226.05 7.2968
5226.10 7.2966
5226.15 7.2963
5226.20 7.2961
5226.25 7.2959
5226.30 7.2956
5226.35 7.2954
5226.40 7.2952
5226.45 7.2950
5226.50 7.2947
5226.55 7.2945
5226.60 7.2943
5226.65 7.2941
5226.70 7.2938
5226.75 7.2936
5226.80 7.2934
5226.85 7.2932
5226.90 7.2930
5226.95 7.2927
5227.00 7.2925
5227.05 7.2923
5227.10 7.2921
5227.15 7.2919
5227.20 7.2917
5227.25 7.2915
5227.30 7.2913
5227.35 7.2910
5227.40 7.2908
5227.45 7.2906
5227.50 7.2904
5227.55 7.2902
5227.60 7.2900
5227.65 7.2898
5227.70 7.2896
5227.75 7.2894
5227.80 7.2892
5227.85 7.2890
5227.90 7.2888
5227.95 7.2886
5228.00 7.2884
5228.05 7.2882
5228.10 7.2881
5228.15 7.2879
5228.20 7.2877
5228.25 7.2875
5228.30 7.2873
5228.35 7.2871
5228.40 7.2869
5228.45 7.2867
5228.50 7.2866
5228.55 7.2864
5228.60 7.2862
5228.65 7.2860
5228.70 7.2858
5228.75 7.2857
5228.80 7.2855
5228.85 7.2853
5228.90 7.2851
5228.95 7.2850
5229.00 7.2848
5229.05 7.2846
5229.10 7.2845
5229.15 7.2843
5229.20 7.2841
5229.25 7.2840
5229.30 7.2838
5229.35 7.2836
5229.40 7.2835
5229.45 7.2833
5229.50 7.2832
5229.55 7.2830
5229.60 7.2829
5229.65 7.2827
5229.70 7.2826
5229.75 7.2824
5229.80 7.2822
5229.85 7.2821
5229.90 7.2820
5229.95 7.2818
5230.00 7.2817
5230.05 7.2815
5230.10 7.2814
5230.15 7.2812
5230.20 7.2811
5230.25 7.2809
5230.30 7.2808
5230.35 7.2807
5230.40 7.2805
5230.45 7.2804
5230.50 7.2803
5230.55 7.2801
5230.60 7.2800
5230.65 7.2799
5230.70 7.2797
5230.75 7.2796
5230.80 7.2795
5230.85 7.2794
5230.90 7.2792
5230.95 7.2791
5231.00 7.2790
5231.05 7.2789
5231.10 7.2788
5231.15 7.2786
5231.20 7.2785
5231.25 7.2784
5231.30 7.2783
5231.35 7.2782
5231.40 7.2781
5231.45 7.2779
5231.50 7.2778
5231.55 7.2777
5231.60 7.2776
5231.65 7.2775
5231.70 7.2774
5231.75 7.2773
5231.80 7.2772
5231.85 7.2771
5231.90 7.2770
5231.95 7.2769
5232.00 7.2768
5232.05 7.2767
5232.10 7.2766
5232.15 7.2765
5232.20 7.2764
5232.25 7.2763
5232.30 7.2762
5232.35 7.2761
5232.40 7.2760
5232.45 7.2759
5232.50 7.2758
5232.55 7.2757
5232.60 7.2757
5232.65 7.2756
5232.70 7.2755
5232.75 7.2754
5232.80 7.2753
5232.85 7.2752
5232.90 7.2751
5232.95 7.2751
5233.00 7.2750
5233.05 7.2749
5233.10 7.2748
5233.15 7.2747
5233.20 7.2747
5233.25 7.2746
5233.30 7.2745
5233.35 7.2744
5233.40 7.2743
5233.45 7.2743
5233.50 7.2742
5233.55 7.2741
5233.60 7.2741
5233.65 7.2740
5233.70 7.2739
5233.75 7.2738
5233.80 7.2738
5233.85 7.2737
5233.90 7.2736
5233.95 7.2736
5234.00 7.2735
5234.05 7.2734
5234.10 7.2734
5234.15 7.2733
5234.20 7.2732
5234.25 7.2732
5234.30 7.2731
5234.35 7.2730
5234.40 7.2730
5234.45 7.2729
5234.50 7.2728
5234.55 7.2728
5234.60 7.2727
5234.65 7.2726
5234.70 7.2726
5234.75 7.2725
5234.80 7.2725
5234.85 7.2724
5234.90 7.2723
5234.95 7.2723
5235.00 7.2722
5235.05 7.2721
5235.10 7.2721
5235.15 7.2720
5235.20 7.2720
5235.25 7.2719
5235.30 7.2718
5235.35 7.2718
5235.40 7.2717
5235.45 7.2717
5235.50 7.2716
5235.55 7.2715
5235.60 7.2715
5235.65 7.2714
5235.70 7.2714
5235.75 7.2713
5235.80 7.2713
5235.85 7.2712
5235.90 7.2711
5235.95 7.2711
5236.00 7.2710
5236.05 7.2710
5236.10 7.2709
5236.15 7.2708
5236.20 7.2708
5236.25 7.2707
5236.30 7.2706
5236.35 7.2706
5236.40 7.2705
5236.45 7.2705
5236.50 7.2704
5236.55 7.2703
5236.60 7.2703
5236.65 7.2702
5236.70 7.2701
5236.75 7.2701
5236.80 7.2700
5236.85 7.2700
5236.90 7.2699
5236.95 7.2698
5237.00 7.2698
5237.05 7.2697
5237.10 7.2696
5237.15 7.2696
5237.20 7.2695
5237.25 7.2694
5237.30 7.2693
5237.35 7.2693
5237.40 7.2692
5237.45 7.2691
5237.50 7.2691
5237.55 7.2690
5237.60 7.2689
5237.65 7.2688
5237.70 7.2688
5237.75 7.2687
5237.80 7.2686
5237.85 7.2685
5237.90 7.2684
5237.95 7.2684
5238.00 7.2683
5238.05 7.2682
5238.10 7.2681
5238.15 7.2680
5238.20 7.2679
5238.25 7.2679
5238.30 7.2678
5238.35 7.2677
5238.40 7.2676
5238.45 7.2675
5238.50 7.2674
5238.55 7.2673
5238.60 7.2672
5238.65 7.2671
5238.70 7.2670
5238.75 7.2669
5238.80 7.2668
5238.85 7.2667
5238.90 7.2666
5238.95 7.2665
5239.00 7.2664
5239.05 7.2663
5239.10 7.2662
5239.15 7.2661
5239.20 7.2660
5239.25 7.2659
5239.30 7.2658
5239.35 7.2657
5239.40 7.2656
5239.45 7.2654
5239.50 7.2653
5239.55 7.2652
5239.60 7.2651
5239.65 7.2650
5239.70 7.2648
5239.75 7.2647
5239.80 7.2646
5239.85 7.2644
5239.90 7.2643
5239.95 7.2642
5240.00 7.2640
5240.05 7.2639
5240.10 7.2638
5240.15 7.2636
5240.20 7.2635
5240.25 7.2633
5240.30 7.2632
5240.35 7.2631
5240.40 7.2629
5240.45 7.2628
5240.50 7.2626
5240.55 7.2625
5240.60 7.2623
5240.65 7.2621
5240.70 7.2620
5240.75 7.2618
5240.80 7.2617
5240.85 7.2615
5240.90 7.2613
5240.95 7.2612
5241.00 7.2610
5241.05 7.2608
5241.10 7.2606
5241.15 7.2605
5241.20 7.2603
5241.25 7.2601
5241.30 7.2599
5241.35 7.2597
5241.40 7.2595
5241.45 7.2594
5241.50 7.2592
5241.55 7.2590
5241.60 7.2588
5241.65 7.2586
5241.70 7.2584
5241.75 7.2582
5241.80 7.2580
5241.85 7.2578
5241.90 7.2576
5241.95 7.2574
5242.00 7.2571
5242.05 7.2569
5242.10 7.2567
5242.15 7.2565
5242.20 7.2563
5242.25 7.2561
5242.30 7.2558
5242.35 7.2556
5242.40 7.2554
5242.45 7.2551
5242.50 7.2549
5242.55 7.2547
5242.60 7.2544
5242.65 7.2542
5242.70 7.2540
5242.75 7.2537
5242.80 7.2535
5242.85 7.2532
5242.90 7.2530
5242.95 7.2527
5243.00 7.2525
5243.05 7.2522
5243.10 7.2519
5243.15 7.2517
5243.20 7.2514
5243.25 7.2512
5243.30 7.2509
5243.35 7.2506
5243.40 7.2503
5243.45 7.2501
5243.50 7.2498
5243.55 7.2495
5243.60 7.2492
5243.65 7.2490
5243.70 7.2487
5243.75 7.2484
5243.80 7.2481
5243.85 7.2478
5243.90 7.2475
5243.95 7.2472
5244.00 7.2469
5244.05 7.2466
5244.10 7.2463
5244.15 7.2460
5244.20 7.2457
5244.25 7.2454
5244.30 7.2451
5244.35 7.2448
5244.40 7.2445
5244.45 7.2442
5244.50 7.2439
5244.55 7.2435
5244.60 7.2432
5244.65 7.2429
5244.70 7.2426
5244.75 7.2422
5244.80 7.2419
5244.85 7.2416
5244.90 7.2413
5244.95 7.2409
5245.00 7.2406
5245.05 7.2403
5245.10 7.2399
5245.15 7.2396
5245.20 7.2392
5245.25 7.2389
5245.30 7.2386
5245.35 7.2382
5245.40 7.2379
5245.45 7.2375
5245.50 7.2372
5245.55 7.2368
5245.60 7.2364
5245.65 7.2361
5245.70 7.2357
5245.75 7.2354
5245.80 7.2350
5245.85 7.2347
5245.90 7.2343
5245.95 7.2339
5246.00 7.2336
5246.05 7.2332
5246.10 7.2328
5246.15 7.2324
5246.20 7.2321
5246.25 7.2317
5246.30 7.2313
5246.35 7.2310
5246.40 7.2306
5246.45 7.2302
5246.50 7.2298
5246.55 7.2294
5246.60 7.2291
5246.65 7.2287
5246.70 7.2283
5246.75 7.2279
5246.80 7.2275
5246.85 7.2271
5246.90 7.2267
5246.95 7.2264
5247.00 7.2260
5247.05 7.2256
5247.10 7.2252
5247.15 7.2248
5247.20 7.2244
5247.25 7.2240
5247.30 7.2236
5247.35 7.2232
5247.40 7.2228
5247.45 7.2224
5247.50 7.2220
5247.55 7.2216
5247.60 7.2212
5247.65 7.2208
5247.70 7.2204
5247.75 7.2200
5247.80 7.2196
5247.85 7.2192
5247.90 7.2188
5247.95 7.2184
5248.00 7.2180
5248.05 7.2176
5248.10 7.2172
5248.15 7.2168
5248.20 7.2164
5248.25 7.2159
5248.30 7.2155
5248.35 7.2151
5248.40 7.2147
5248.45 7.2143
5248.50 7.2139
5248.55 7.2135
5248.60 7.2131
5248.65 7.2127
5248.70 7.2123
5248.75 7.2118
5248.80 7.2114
5248.85 7.2110
5248.90 7.2106
5248.95 7.2102
5249.00 7.2098
5249.05 7.2094
5249.10 7.2090
5249.15 7.2086
5249.20 7.2081
5249.25 7.2077
5249.30 7.2073
5249.35 7.2069
5249.40 7.2065
5249.45 7.2061
5249.50 7.2057
5249.55 7.2053
5249.60 7.2049
5249.65 7.2044
5249.70 7.2040
5249.75 7.2036
5249.80 7.2032
5249.85 7.2028
5249.90 7.2024
5249.95 7.2020
5250.00 7.2016
5250.05 7.2012
5250.10 7.2008
5250.15 7.2004
5250.20 7.1999
5250.25 7.1995
5250.30 7.1991
5250.35 7.1987
5250.40 7.1983
5250.45 7.1979
5250.50 7.1975
5250.55 7.1971
5250.60 7.1967
5250.65 7.1963
5250.70 7.1959
5250.75 7.1955
5250.80 7.1951
5250.85 7.1947
5250.90 7.1943
5250.95 7.1939
5251.00 7.1935
5251.05 7.1931
5251.10 7.1927
5251.15 7.1923
5251.20 7.1919
5251.25 7.1915
5251.30 7.1911
5251.35 7.1907
5251.40 7.1903
5251.45 7.1899
5251.50 7.1895
5251.55 7.1891
5251.60 7.1887
5251.65 7.1883
5251.70 7.1879
5251.75 7.1875
5251.80 7.1871
5251.85 7.1867
5251.90 7.1864
5251.95 7.1860
5252.00 7.1856
5252.05 7.1852
5252.10 7.1848
5252.15 7.1844
5252.20 7.1840
5252.25 7.1836
5252.30 7.1833
5252.35 7.1829
5252.40 7.1825
5252.45 7.1821
5252.50 7.1817
5252.55 7.1813
5252.60 7.1810
5252.65 7.1806
5252.70 7.1802
5252.75 7.1798
5252.80 7.1795
5252.85 7.1791
5252.90 7.1787
5252.95 7.1783
5253.00 7.1779
5253.05 7.1776
5253.10 7.1772
5253.15 7.1768
5253.20 7.1765
5253.25 7.1761
5253.30 7.1757
5253.35 7.1753
5253.40 7.1750
5253.45 7.1746
5253.50 7.1742
5253.55 7.1739
5253.60 7.1735
5253.65 7.1731
5253.70 7.1728
5253.75 7.1724
5253.80 7.1720
5253.85 7.1717
5253.90 7.1713
5253.95 7.1709
5254.00 7.1706
5254.05 7.1702
5254.10 7.1698
5254.15 7.1695
5254.20 7.1691
5254.25 7.1688
5254.30 7.1684
5254.35 7.1680
5254.40 7.1677
5254.45 7.1673
5254.50 7.1670
5254.55 7.1666
5254.60 7.1662
5254.65 7.1659
5254.70 7.1655
5254.75 7.1652
5254.80 7.1648
5254.85 7.1645
5254.90 7.1641
5254.95 7.1637
5255.00 7.1634
5255.05 7.1630
5255.10 7.1627
5255.15 7.1623
5255.20 7.1620
5255.25 7.1616
5255.30 7.1613
5255.35 7.1609
5255.40 7.1606
5255.45 7.1602
5255.50 7.1598
5255.55 7.1595
5255.60 7.1591
5255.65 7.1588
5255.70 7.1584
5255.75 7.1581
5255.80 7.1577
5255.85 7.1574
5255.90 7.1570
5255.95 7.1567
5256.00 7.1563
5256.05 7.1559
5256.10 7.1556
5256.15 7.1552
5256.20 7.1549
5256.25 7.1545
5256.30 7.1542
5256.35 7.1538
5256.40 7.1535
5256.45 7.1531
5256.50 7.1528
5256.55 7.1524
5256.60 7.1520
5256.65 7.1517
5256.70 7.1513
5256.75 7.1510
5256.80 7.1506
5256.85 7.1503
5256.90 7.1499
5256.95 7.1495
5257.00 7.1492
5257.05 7.1488
5257.10 7.1485
5257.15 7.1481
5257.20 7.1477
5257.25 7.1474
5257.30 7.1470
5257.35 7.1466
5257.40 7.1463
5257.45 7.1459
5257.50 7.1455
5257.55 7.1452
5257.60 7.1448
5257.65 7.1444
5257.70 7.1441
5257.75 7.1437
5257.80 7.1433
5257.85 7.1430
5257.90 7.1426
5257.95 7.1422
5258.00 7.1418
5258.05 7.1415
5258.10 7.1411
5258.15 7.1407
5258.20 7.1403
5258.25 7.1400
5258.30 7.1396
5258.35 7.1392
5258.40 7.1388
5258.45 7.1384
5258.50 7.1381
5258.55 7.1377
5258.60 7.1373
5258.65 7.1369
5258.70 7.1365
5258.75 7.1361
5258.80 7.1357
5258.85 7.1353
5258.90 7.1350
5258.95 7.1346
5259.00 7.1342
5259.05 7.1338
5259.10 7.1334
5259.15 7.1330
5259.20 7.1326
5259.25 7.1322
5259.30 7.1318
5259.35 7.1314
5259.40 7.1310
5259.45 7.1306
5259.50 7.1301
5259.55 7.1297
5259.60 7.1293
5259.65 7.1289
5259.70 7.1285
5259.75 7.1281
5259.80 7.1277
5259.85 7.1273
5259.90 7.1268
5259.95 7.1264
5260.00 7.1260
5260.05 7.1256
5260.10 7.1251
5260.15 7.1247
5260.20 7.1243
5260.25 7.1238
5260.30 7.1234
5260.35 7.1230
5260.40 7.1225
5260.45 7.1221
5260.50 7.1217
5260.55 7.1212
5260.60 7.1208
5260.65 7.1203
5260.70 7.1199
5260.75 7.1194
5260.80 7.1190
5260.85 7.1185
5260.90 7.1181
5260.95 7.1176
5261.00 7.1172
5261.05 7.1167
5261.10 7.1163
5261.15 7.1158
5261.20 7.1153
5261.25 7.1149
5261.30 7.1144
5261.35 7.1139
5261.40 7.1134
5261.45 7.1130
5261.50 7.1125
5261.55 7.1120
5261.60 7.1115
5261.65 7.1110
5261.70 7.1106
5261.75 7.1101
5261.80 7.1096
5261.85 7.1091
5261.90 7.1086
5261.95 7.1081
5262.00 7.1076
5262.05 7.1071
5262.10 7.1066
5262.15 7.1061
5262.20 7.1056
5262.25 7.1051
5262.30 7.1046
5262.35 7.1041
5262.40 7.1036
5262.45 7.1031
5262.50 7.1025
5262.55 7.1020
5262.60 7.1015
5262.65 7.1010
5262.70 7.1004
5262.75 7.0999
5262.80 7.0994
5262.85 7.0989
5262.90 7.0983
5262.95 7.0978
5263.00 7.0972
5263.05 7.0967
5263.10 7.0962
5263.15 7.0956
5263.20 7.0951
5263.25 7.0945
5263.30 7.0940
5263.35 7.0934
5263.40 7.0929
5263.45 7.0923
5263.50 7.0917
5263.55 7.0912
5263.60 7.0906
5263.65 7.0900
5263.70 7.0895
5263.75 7.0889
5263.80 7.0883
5263.85 7.0877
5263.90 7.0872
5263.95 7.0866
5264.00 7.0860
5264.05 7.0854
5264.10 7.0848
5264.15 7.0842
5264.20 7.0837
5264.25 7.0831
5264.30 7.0825
5264.35 7.0819
5264.40 7.0813
5264.45 7.0807
5264.50 7.0801
5264.55 7.0794
5264.60 7.0788
5264.65 7.0782
5264.70 7.0776
5264.75 7.0770
5264.80 7.0764
5264.85 7.0758
5264.90 7.0751
5264.95 7.0745
5265.00 7.0739
5265.05 7.0732
5265.10 7.0726
5265.15 7.0720
5265.20 7.0713
5265.25 7.0707
5265.30 7.0701
5265.35 7.0694
5265.40 7.0688
5265.45 7.0681
5265.50 7.0675
5265.55 7.0668
5265.60 7.0662
5265.65 7.0655
5265.70 7.0648
5265.75 7.0642
5265.80 7.0635
5265.85 7.0629
5265.90 7.0622
5265.95 7.0615
5266.00 7.0608
5266.05 7.0602
5266.10 7.0595
5266.15 7.0588
5266.20 7.0581
5266.25 7.0574
5266.30 7.0568
5266.35 7.0561
5266.40 7.0554
5266.45 7.0547
5266.50 7.0540
5266.55 7.0533
5266.60 7.0526
5266.65 7.0519
5266.70 7.0512
5266.75 7.0505
5266.80 7.0498
5266.85 7.0491
5266.90 7.0483
5266.95 7.0476
5267.00 7.0469
5267.05 7.0462
5267.10 7.0455
5267.15 7.0447
5267.20 7.0440
5267.25 7.0433
5267.30 7.0426
5267.35 7.0418
5267.40 7.0411
5267.45 7.0404
5267.50 7.0396
5267.55 7.0389
5267.60 7.0381
5267.65 7.0374
5267.70 7.0366
5267.75 7.0359
5267.80 7.0351
5267.85 7.0344
5267.90 7.0336
5267.95 7.0329
5268.00 7.0321
5268.05 7.0314
5268.10 7.0306
5268.15 7.0298
5268.20 7.0291
5268.25 7.0283
5268.30 7.0275
5268.35 7.0267
5268.40 7.0260
5268.45 7.0252
5268.50 7.0244
5268.55 7.0236
5268.60 7.0228
5268.65 7.0220
5268.70 7.0213
5268.75 7.0205
5268.80 7.0197
5268.85 7.0189
5268.90 7.0181
5268.95 7.0173
5269.00 7.0165
5269.05 7.0157
5269.10 7.0149
5269.15 7.0141
5269.20 7.0132
5269.25 7.0124
5269.30 7.0116
5269.35 7.0108
5269.40 7.0100
5269.45 7.0092
5269.50 7.0083
5269.55 7.0075
5269.60 7.0067
5269.65 7.0059
5269.70 7.0050
5269.75 7.0042
5269.80 7.0034
5269.85 7.0025
5269.90 7.0017
5269.95 7.0009
5270.00 7.0000
5270.05 6.9992
5270.10 6.9983
5270.15 6.9975
5270.20 6.9966
5270.25 6.9958
5270.30 6.9949
5270.35 6.9941
5270.40 6.9932
5270.45 6.9923
5270.50 6.9915
5270.55 6.9906
5270.60 6.9898
5270.65 6.9889
5270.70 6.9880
5270.75 6.9872
5270.80 6.9863
5270.85 6.9854
5270.90 6.9845
5270.95 6.9836
5271.00 6.9828
5271.05 6.9819
5271.10 6.9810
5271.15 6.9801
5271.20 6.9792
5271.25 6.9783
5271.30 6.9774
5271.35 6.9765
5271.40 6.9757
5271.45 6.9748
5271.50 6.9739
5271.55 6.9730
5271.60 6.9721
5271.65 6.9711
5271.70 6.9702
5271.75 6.9693
5271.80 6.9684
5271.85 6.9675
5271.90 6.9666
5271.95 6.9657
5272.00 6.9648
5272.05 6.9638
5272.10 6.9629
5272.15 6.9620
5272.20 6.9611
5272.25 6.9601
5272.30 6.9592
5272.35 6.9583
5272.40 6.9573
5272.45 6.9564
5272.50 6.9555
5272.55 6.9545
5272.60 6.9536
5272.65 6.9527
5272.70 6.9517
5272.75 6.9508
5272.80 6.9498
5272.85 6.9489
5272.90 6.9479
5272.95 6.9470
5273.00 6.9460
5273.05 6.9451
5273.10 6.9441
5273.15 6.9431
5273.20 6.9422
5273.25 6.9412
5273.30 6.9402
5273.35 6.9393
5273.40 6.9383
5273.45 6.9373
5273.50 6.9364
5273.55 6.9354
5273.60 6.9344
5273.65 6.9334
5273.70 6.9324
5273.75 6.9315
5273.80 6.9305
5273.85 6.9295
5273.90 6.9285
5273.95 6.9275
5274.00 6.9265
5274.05 6.9255
5274.10 6.9245
5274.15 6.9235
5274.20 6.9225
5274.25 6.9215
5274.30 6.9205
5274.35 6.9195
5274.40 6.9185
5274.45 6.9175
5274.50 6.9165
5274.55 6.9155
5274.60 6.9145
5274.65 6.9135
5274.70 6.9125
5274.75 6.9114
5274.80 6.9104
5274.85 6.9094
5274.90 6.9084
5274.95 6.9074
5275.00 6.9063
5275.05 6.9053
5275.10 6.9043
5275.15 6.9032
5275.20 6.9022
5275.25 6.9012
5275.30 6.9001
5275.35 6.8991
5275.40 6.8980
5275.45 6.8970
5275.50 6.8959
5275.55 6.8949
5275.60 6.8938
5275.65 6.8928
5275.70 6.8917
5275.75 6.8907
5275.80 6.8896
5275.85 6.8886
5275.90 6.8875
5275.95 6.8864
5276.00 6.8854
5276.05 6.8843
5276.10 6.8832
5276.15 6.8822
5276.20 6.8811
5276.25 6.8800
5276.30 6.8790
5276.35 6.8779
5276.40 6.8768
5276.45 6.8757
5276.50 6.8746
5276.55 6.8735
5276.60 6.8725
5276.65 6.8714
5276.70 6.8703
5276.75 6.8692
5276.80 6.8681
5276.85 6.8670
5276.90 6.8659
5276.95 6.8648
5277.00 6.8637
5277.05 6.8626
5277.10 6.8615
5277.15 6.8604
5277.20 6.8593
5277.25 6.8582
5277.30 6.8570
5277.35 6.8559
5277.40 6.8548
5277.45 6.8537
5277.50 6.8526
5277.55 6.8514
5277.60 6.8503
5277.65 6.8492
5277.70 6.8481
5277.75 6.8469
5277.80 6.8458
5277.85 6.8447
5277.90 6.8435
5277.95 6.8424
5278.00 6.8412
5278.05 6.8401
5278.10 6.8389
5278.15 6.8378
5278.20 6.8367
5278.25 6.8355
5278.30 6.8343
5278.35 6.8332
5278.40 6.8320
5278.45 6.8309
5278.50 6.8297
5278.55 6.8286
5278.60 6.8274
5278.65 6.8262
5278.70 6.8250
5278.75 6.8239
5278.80 6.8227
5278.85 6.8215
5278.90 6.8204
5278.95 6.8192
5279.00 6.8180
5279.05 6.8168
5279.10 6.8156
5279.15 6.8144
5279.20 6.8133
5279.25 6.8121
5279.30 6.8109
5279.35 6.8097
5279.40 6.8085
5279.45 6.8073
5279.50 6.8061
5279.55 6.8049
5279.60 6.8037
5279.65 6.8025
5279.70 6.8013
5279.75 6.8000
5279.80 6.7988
5279.85 6.7976
5279.90 6.7964
5279.95 6.7952
5280.00 6.7940
5280.05 6.7927
5280.10 6.7915
5280.15 6.7903
5280.20 6.7891
5280.25 6.7878
5280.30 6.7866
5280.35 6.7854
5280.40 6.7841
5280.45 6.7829
5280.50 6.7817
5280.55 6.7804
5280.60 6.7792
5280.65 6.7779
5280.70 6.7767
5280.75 6.7755
5280.80 6.7742
5280.85 6.7730
5280.90 6.7717
5280.95 6.7704
5281.00 6.7692
5281.05 6.7679
5281.10 6.7667
5281.15 6.7654
5281.20 6.7641
5281.25 6.7629
5281.30 6.7616
5281.35 6.7603
5281.40 6.7591
5281.45 6.7578
5281.50 6.7565
5281.55 6.7553
5281.60 6.7540
5281.65 6.7527
5281.70 6.7514
5281.75 6.7501
5281.80 6.7489
5281.85 6.7476
5281.90 6.7463
5281.95 6.7450
5282.00 6.7437
5282.05 6.7424
5282.10 6.7411
5282.15 6.7399
5282.20 6.7386
5282.25 6.7373
5282.30 6.7360
5282.35 6.7347
5282.40 6.7334
5282.45 6.7321
5282.50 6.7308
5282.55 6.7295
5282.60 6.7282
5282.65 6.7269
5282.70 6.7256
5282.75 6.7243
5282.80 6.7229
5282.85 6.7216
5282.90 6.7203
5282.95 6.7190
5283.00 6.7177
5283.05 6.7164
5283.10 6.7151
5283.15 6.7138
5283.20 6.7124
5283.25 6.7111
5283.30 6.7098
5283.35 6.7085
5283.40 6.7072
5283.45 6.7059
5283.50 6.7045
5283.55 6.7032
5283.60 6.7019
5283.65 6.7006
5283.70 6.6993
5283.75 6.6979
5283.80 6.6966
5283.85 6.6953
5283.90 6.6940
5283.95 6.6926
5284.00 6.6913
5284.05 6.6900
5284.10 6.6887
5284.15 6.6873
5284.20 6.6860
5284.25 6.6847
5284.30 6.6834
5284.35 6.6820
5284.40 6.6807
5284.45 6.6794
5284.50 6.6781
5284.55 6.6767
5284.60 6.6754
5284.65 6.6741
5284.70 6.6728
5284.75 6.6714
5284.80 6.6701
5284.85 6.6688
5284.90 6.6675
5284.95 6.6662
5285.00 6.6648
5285.05 6.6635
5285.10 6.6622
5285.15 6.6609
5285.20 6.6595
5285.25 6.6582
5285.30 6.6569
5285.35 6.6556
5285.40 6.6543
5285.45 6.6530
5285.50 6.6516
5285.55 6.6503
5285.60 6.6490
5285.65 6.6477
5285.70 6.6464
5285.75 6.6451
5285.80 6.6438
5285.85 6.6425
5285.90 6.6412
5285.95 6.6399
5286.00 6.6386
5286.05 6.6373
5286.10 6.6360
5286.15 6.6347
5286.20 6.6334
5286.25 6.6321
5286.30 6.6308
5286.35 6.6295
5286.40 6.6282
5286.45 6.6269
5286.50 6.6256
5286.55 6.6244
5286.60 6.6231
5286.65 6.6218
5286.70 6.6205
5286.75 6.6193
5286.80 6.6180
5286.85 6.6167
5286.90 6.6155
5286.95 6.6142
5287.00 6.6129
5287.05 6.6117
5287.10 6.6104
5287.15 6.6092
5287.20 6.6079
5287.25 6.6067
5287.30 6.6054
5287.35 6.6042
5287.40 6.6030
5287.45 6.6017
5287.50 6.6005
5287.55 6.5993
5287.60 6.5980
5287.65 6.5968
5287.70 6.5956
5287.75 6.5944
5287.80 6.5932
5287.85 6.5920
5287.90 6.5908
5287.95 6.5896
5288.00 6.5884
5288.05 6.5872
5288.10 6.5860
5288.15 6.5848
5288.20 6.5836
5288.25 6.5825
5288.30 6.5813
5288.35 6.5801
5288.40 6.5790
5288.45 6.5778
5288.50 6.5767
5288.55 6.5755
5288.60 6.5744
5288.65 6.5732
5288.70 6.5721
5288.75 6.5710
5288.80 6.5698
5288.85 6.5687
5288.90 6.5676
5288.95 6.5665
5289.00 6.5654
5289.05 6.5643
5289.10 6.5632
5289.15 6.5621
5289.20 6.5610
5289.25 6.5599
5289.30 6.5589
5289.35 6.5578
5289.40 6.5567
5289.45 6.5557
5289.50 6.5546
5289.55 6.5536
5289.60 6.5526
5289.65 6.5515
5289.70 6.5505
5289.75 6.5495
5289.80 6.5485
5289.85 6.5475
5289.90 6.5465
5289.95 6.5455
5290.00 6.5445
5290.05 6.5435
5290.10 6.5425
5290.15 6.5415
5290.20 6.5406
5290.25 6.5396
5290.30 6.5387
5290.35 6.5377
5290.40 6.5368
5290.45 6.5359
5290.50 6.5350
5290.55 6.5340
5290.60 6.5331
5290.65 6.5322
5290.70 6.5313
5290.75 6.5305
5290.80 6.5296
5290.85 6.5287
5290.90 6.5278
5290.95 6.5270
5291.00 6.5261
5291.05 6.5253
5291.10 6.5245
5291.15 6.5236
5291.20 6.5228
5291.25 6.5220
5291.30 6.5212
5291.35 6.5204
5291.40 6.5196
5291.45 6.5189
5291.50 6.5181
5291.55 6.5173
5291.60 6.5166
5291.65 6.5158
5291.70 6.5151
5291.75 6.5144
5291.80 6.5136
5291.85 6.5129
5291.90 6.5122
5291.95 6.5115
5292.00 6.5108
5292.05 6.5102
5292.10 6.5095
5292.15 6.5088
5292.20 6.5082
5292.25 6.5075
5292.30 6.5069
5292.35 6.5063
5292.40 6.5057
5292.45 6.5051
5292.50 6.5045
5292.55 6.5039
5292.60 6.5033
5292.65 6.5027
5292.70 6.5022
5292.75 6.5016
5292.80 6.5011
5292.85 6.5006
5292.90 6.5000
5292.95 6.4995
5293.00 6.4990
5293.05 6.4985
5293.10 6.4980
5293.15 6.4976
5293.20 6.4971
5293.25 6.4966
5293.30 6.4962
5293.35 6.4958
5293.40 6.4953
5293.45 6.4949
5293.50 6.4945
5293.55 6.4941
5293.60 6.4937
5293.65 6.4933
5293.70 6.4930
5293.75 6.4926
5293.80 6.4923
5293.85 6.4919
5293.90 6.4916
5293.95 6.4913
5294.00 6.4910
5294.05 6.4907
5294.10 6.4904
5294.15 6.4901
5294.20 6.4898
5294.25 6.4896
5294.30 6.4893
5294.35 6.4891
5294.40 6.4889
5294.45 6.4886
5294.50 6.4884
5294.55 6.4882
5294.60 6.4881
5294.65 6.4879
5294.70 6.4877
5294.75 6.4876
5294.80 6.4874
5294.85 6.4873
5294.90 6.4872
5294.95 6.4870
5295.00 6.4869
5295.05 6.4868
5295.10 6.4868
5295.15 6.4867
5295.20 6.4866
5295.25 6.4866
5295.30 6.4865
5295.35 6.4865
5295.40 6.4865
5295.45 6.4865
