5688.50 4.3624
5688.55 4.3624
5688.60 4.3624
5688.65 4.3625
5688.70 4.3625
5688.75 4.3625
5688.80 4.3625
5688.85 4.3626
5688.90 4.3626
5688.95 4.3627
5689.00 4.3627
5689.05 4.3628
5689.10 4.3628
5689.15 4.3629
5689.20 4.3629
5689.25 4.3630
5689.30 4.3631
5689.35 4.3632
5689.40 4.3633
5689.45 4.3634
5689.50 4.3635
5689.55 4.3636
5689.60 4.3637
5689.65 4.3638
5689.70 4.3639
5689.75 4.3640
5689.80 4.3641
5689.85 4.3643
5689.90 4.3644
5689.95 4.3646
5690.00 4.3647
5690.05 4.3649
5690.10 4.3650
5690.15 4.3652
5690.20 4.3653
5690.25 4.3655
5690.30 4.3657
5690.35 4.3659
5690.40 4.3660
5690.45 4.3662
5690.50 4.3664
5690.55 4.3666
5690.60 4.3668
5690.65 4.3670
5690.70 4.3672
5690.75 4.3675
5690.80 4.3677
5690.85 4.3679
5690.90 4.3681
5690.95 4.3684
5691.00 4.3686
5691.05 4.3689
5691.10 4.3691
5691.15 4.3694
5691.20 4.3696
5691.25 4.3699
5691.30 4.3702
5691.35 4.3704
5691.40 4.3707
5691.45 4.3710
5691.50 4.3713
5691.55 4.3716
5691.60 4.3719
5691.65 4.3722
5691.70 4.3725
5691.75 4.3728
5691.80 4.3731
5691.85 4.3734
5691.90 4.3737
5691.95 4.3740
5692.00 4.3744
5692.05 4.3747
5692.10 4.3750
5692.15 4.3754
5692.20 4.3757
5692.25 4.3761
5692.30 4.3764
5692.35 4.3768
5692.40 4.3771
5692.45 4.3775
5692.50 4.3779
5692.55 4.3783
5692.60 4.3786
5692.65 4.3790
5692.70 4.3794
5692.75 4.3798
5692.80 4.3802
5692.85 4.3806
5692.90 4.3810
5692.95 4.3814
5693.00 4.3818
5693.05 4.3822
5693.10 4.3827
5693.15 4.3831
5693.20 4.3835
5693.25 4.3839
5693.30 4.3844
5693.35 4.3848
5693.40 4.3853
5693.45 4.3857
5693.50 4.3861
5693.55 4.3866
5693.60 4.3871
5693.65 4.3875
5693.70 4.3880
5693.75 4.3884
5693.80 4.3889
5693.85 4.3894
5693.90 4.3899
5693.95 4.3904
5694.00 4.3908
5694.05 4.3913
5694.10 4.3918
5694.15 4.3923
5694.20 4.3928
5694.25 4.3933
5694.30 4.3938
5694.35 4.3943
5694.40 4.3948
5694.45 4.3954
5694.50 4.3959
5694.55 4.3964
5694.60 4.3969
5694.65 4.3974
5694.70 4.3980
5694.75 4.3985
5694.80 4.3990
5694.85 4.3996
5694.90 4.4001
5694.95 4.4007
5695.00 4.4012
5695.05 4.4018
5695.10 4.4023
5695.15 4.4029
5695.20 4.4034
5695.25 4.4040
5695.30 4.4046
5695.35 4.4051
5695.40 4.4057
5695.45 4.4063
5695.50 4.4069
5695.55 4.4074
5695.60 4.4080
5695.65 4.4086
5695.70 4.4092
5695.75 4.4098
5695.80 4.4104
5695.85 4.4110
5695.90 4.4116
5695.95 4.4122
5696.00 4.4128
5696.05 4.4134
5696.10 4.4140
5696.15 4.4146
5696.20 4.4152
5696.25 4.4158
5696.30 4.4164
5696.35 4.4170
5696.40 4.4176
5696.45 4.4183
5696.50 4.4189
5696.55 4.4195
5696.60 4.4201
5696.65 4.4207
5696.70 4.4214
5696.75 4.4220
5696.80 4.4226
5696.85 4.4233
5696.90 4.4239
5696.95 4.4245
5697.00 4.4252
5697.05 4.4258
5697.10 4.4265
5697.15 4.4271
5697.20 4.4278
5697.25 4.4284
5697.30 4.4290
5697.35 4.4297
5697.40 4.4303
5697.45 4.4310
5697.50 4.4316
5697.55 4.4323
5697.60 4.4330
5697.65 4.4336
5697.70 4.4343
5697.75 4.4349
5697.80 4.4356
5697.85 4.4363
5697.90 4.4369
5697.95 4.4376
5698.00 4.4382
5698.05 4.4389
5698.10 4.4396
5698.15 4.4402
5698.20 4.4409
5698.25 4.4416
5698.30 4.4422
5698.35 4.4429
5698.40 4.4436
5698.45 4.4442
5698.50 4.4449
5698.55 4.4456
5698.60 4.4463
5698.65 4.4469
5698.70 4.4476
5698.75 4.4483
5698.80 4.4489
5698.85 4.4496
5698.90 4.4503
5698.95 4.4510
5699.00 4.4516
5699.05 4.4523
5699.10 4.4530
5699.15 4.4537
5699.20 4.4543
5699.25 4.4550
5699.30 4.4557
5699.35 4.4564
5699.40 4.4570
5699.45 4.4577
5699.50 4.4584
5699.55 4.4591
5699.60 4.4597
5699.65 4.4604
5699.70 4.4611
5699.75 4.4617
5699.80 4.4624
5699.85 4.4631
5699.90 4.4638
5699.95 4.4644
5700.00 4.4651
5700.05 4.4658
5700.10 4.4664
5700.15 4.4671
5700.20 4.4678
5700.25 4.4684
5700.30 4.4691
5700.35 4.4698
5700.40 4.4704
5700.45 4.4711
5700.50 4.4718
5700.55 4.4724
5700.60 4.4731
5700.65 4.4737
5700.70 4.4744
5700.75 4.4751
5700.80 4.4757
5700.85 4.4764
5700.90 4.4770
5700.95 4.4777
5701.00 4.4783
5701.05 4.4790
5701.10 4.4796
5701.15 4.4803
5701.20 4.4809
5701.25 4.4816
5701.30 4.4822
5701.35 4.4829
5701.40 4.4835
5701.45 4.4841
5701.50 4.4848
5701.55 4.4854
5701.60 4.4860
5701.65 4.4867
5701.70 4.4873
5701.75 4.4879
5701.80 4.4886
5701.85 4.4892
5701.90 4.4898
5701.95 4.4904
5702.00 4.4911
5702.05 4.4917
5702.10 4.4923
5702.15 4.4929
5702.20 4.4935
5702.25 4.4941
5702.30 4.4948
5702.35 4.4954
5702.40 4.4960
5702.45 4.4966
5702.50 4.4972
5702.55 4.4978
5702.60 4.4984
5702.65 4.4990
5702.70 4.4996
5702.75 4.5001
5702.80 4.5007
5702.85 4.5013
5702.90 4.5019
5702.95 4.5025
5703.00 4.5031
5703.05 4.5036
5703.10 4.5042
5703.15 4.5048
5703.20 4.5054
5703.25 4.5059
5703.30 4.5065
5703.35 4.5071
5703.40 4.5076
5703.45 4.5082
5703.50 4.5087
5703.55 4.5093
5703.60 4.5098
5703.65 4.5104
5703.70 4.5109
5703.75 4.5115
5703.80 4.5120
5703.85 4.5125
5703.90 4.5131
5703.95 4.5136
5704.00 4.5141
5704.05 4.5146
5704.10 4.5152
5704.15 4.5157
5704.20 4.5162
5704.25 4.5167
5704.30 4.5172
5704.35 4.5177
5704.40 4.5182
5704.45 4.5187
5704.50 4.5192
5704.55 4.5197
5704.60 4.5202
5704.65 4.5207
5704.70 4.5212
5704.75 4.5217
5704.80 4.5222
5704.85 4.5226
5704.90 4.5231
5704.95 4.5236
5705.00 4.5240
5705.05 4.5245
5705.10 4.5250
5705.15 4.5254
5705.20 4.5259
5705.25 4.5263
5705.30 4.5268
5705.35 4.5272
5705.40 4.5277
5705.45 4.5281
5705.50 4.5285
5705.55 4.5290
5705.60 4.5294
5705.65 4.5298
5705.70 4.5303
5705.75 4.5307
5705.80 4.5311
5705.85 4.5315
5705.90 4.5319
5705.95 4.5323
5706.00 4.5327
5706.05 4.5331
5706.10 4.5335
5706.15 4.5339
5706.20 4.5343
5706.25 4.5347
5706.30 4.5351
5706.35 4.5354
5706.40 4.5358
5706.45 4.5362
5706.50 4.5366
5706.55 4.5369
5706.60 4.5373
5706.65 4.5376
5706.70 4.5380
5706.75 4.5384
5706.80 4.5387
5706.85 4.5390
5706.90 4.5394
5706.95 4.5397
5707.00 4.5401
5707.05 4.5404
5707.10 4.5407
5707.15 4.5410
5707.20 4.5414
5707.25 4.5417
5707.30 4.5420
5707.35 4.5423
5707.40 4.5426
5707.45 4.5429
5707.50 4.5432
5707.55 4.5435
5707.60 4.5438
5707.65 4.5441
5707.70 4.5444
5707.75 4.5447
5707.80 4.5449
5707.85 4.5452
5707.90 4.5455
5707.95 4.5458
5708.00 4.5460
5708.05 4.5463
5708.10 4.5466
5708.15 4.5468
5708.20 4.5471
5708.25 4.5473
5708.30 4.5476
5708.35 4.5478
5708.40 4.5480
5708.45 4.5483
5708.50 4.5485
5708.55 4.5487
5708.60 4.5490
5708.65 4.5492
5708.70 4.5494
5708.75 4.5496
5708.80 4.5498
5708.85 4.5500
5708.90 4.5503
5708.95 4.5505
5709.00 4.5507
5709.05 4.5508
5709.10 4.5510
5709.15 4.5512
5709.20 4.5514
5709.25 4.5516
5709.30 4.5518
5709.35 4.5520
5709.40 4.5521
5709.45 4.5523
5709.50 4.5525
5709.55 4.5526
5709.60 4.5528
5709.65 4.5530
5709.70 4.5531
5709.75 4.5533
5709.80 4.5534
5709.85 4.5535
5709.90 4.5537
5709.95 4.5538
5710.00 4.5540
5710.05 4.5541
5710.10 4.5542
5710.15 4.5544
5710.20 4.5545
5710.25 4.5546
5710.30 4.5547
5710.35 4.5548
5710.40 4.5549
5710.45 4.5551
5710.50 4.5552
5710.55 4.5553
5710.60 4.5554
5710.65 4.5555
5710.70 4.5555
5710.75 4.5556
5710.80 4.5557
5710.85 4.5558
5710.90 4.5559
5710.95 4.5560
5711.00 4.5561
5711.05 4.5561
5711.10 4.5562
5711.15 4.5563
5711.20 4.5563
5711.25 4.5564
5711.30 4.5565
5711.35 4.5565
5711.40 4.5566
5711.45 4.5566
5711.50 4.5567
5711.55 4.5567
5711.60 4.5568
5711.65 4.5568
5711.70 4.5568
5711.75 4.5569
5711.80 4.5569
5711.85 4.5569
5711.90 4.5570
5711.95 4.5570
5712.00 4.5570
5712.05 4.5570
5712.10 4.5571
5712.15 4.5571
5712.20 4.5571
5712.25 4.5571
5712.30 4.5571
5712.35 4.5571
5712.40 4.5571
5712.45 4.5571
5712.50 4.5571
5712.55 4.5571
5712.60 4.5571
5712.65 4.5571
5712.70 4.5571
5712.75 4.5571
5712.80 4.5571
5712.85 4.5571
5712.90 4.5571
5712.95 4.5570
5713.00 4.5570
5713.05 4.5570
5713.10 4.5570
5713.15 4.5569
5713.20 4.5569
5713.25 4.5569
5713.30 4.5568
5713.35 4.5568
5713.40 4.5568
5713.45 4.5567
5713.50 4.5567
5713.55 4.5566
5713.60 4.5566
5713.65 4.5565
5713.70 4.5565
5713.75 4.5564
5713.80 4.5564
5713.85 4.5563
5713.90 4.5563
5713.95 4.5562
5714.00 4.5561
5714.05 4.5561
5714.10 4.5560
5714.15 4.5559
5714.20 4.5559
5714.25 4.5558
5714.30 4.5557
5714.35 4.5557
5714.40 4.5556
5714.45 4.5555
5714.50 4.5554
5714.55 4.5554
5714.60 4.5553
5714.65 4.5552
5714.70 4.5551
5714.75 4.5550
5714.80 4.5549
5714.85 4.5548
5714.90 4.5547
5714.95 4.5547
5715.00 4.5546
5715.05 4.5545
5715.10 4.5544
5715.15 4.5543
5715.20 4.5542
5715.25 4.5541
5715.30 4.5540
5715.35 4.5539
5715.40 4.5538
5715.45 4.5537
5715.50 4.5535
5715.55 4.5534
5715.60 4.5533
5715.65 4.5532
5715.70 4.5531
5715.75 4.5530
5715.80 4.5529
5715.85 4.5528
5715.90 4.5526
5715.95 4.5525
5716.00 4.5524
5716.05 4.5523
5716.10 4.5522
5716.15 4.5520
5716.20 4.5519
5716.25 4.5518
5716.30 4.5517
5716.35 4.5515
5716.40 4.5514
5716.45 4.5513
5716.50 4.5511
5716.55 4.5510
5716.60 4.5509
5716.65 4.5508
5716.70 4.5506
5716.75 4.5505
5716.80 4.5503
5716.85 4.5502
5716.90 4.5501
5716.95 4.5499
5717.00 4.5498
5717.05 4.5497
5717.10 4.5495
5717.15 4.5494
5717.20 4.5492
5717.25 4.5491
5717.30 4.5489
5717.35 4.5488
5717.40 4.5486
5717.45 4.5485
5717.50 4.5484
5717.55 4.5482
5717.60 4.5481
5717.65 4.5479
5717.70 4.5478
5717.75 4.5476
5717.80 4.5475
5717.85 4.5473
5717.90 4.5472
5717.95 4.5470
5718.00 4.5468
5718.05 4.5467
5718.10 4.5465
5718.15 4.5464
5718.20 4.5462
5718.25 4.5461
5718.30 4.5459
5718.35 4.5458
5718.40 4.5456
5718.45 4.5454
5718.50 4.5453
5718.55 4.5451
5718.60 4.5450
5718.65 4.5448
5718.70 4.5446
5718.75 4.5445
5718.80 4.5443
5718.85 4.5441
5718.90 4.5440
5718.95 4.5438
5719.00 4.5437
5719.05 4.5435
5719.10 4.5433
5719.15 4.5432
5719.20 4.5430
5719.25 4.5428
5719.30 4.5427
5719.35 4.5425
5719.40 4.5423
5719.45 4.5422
5719.50 4.5420
5719.55 4.5418
5719.60 4.5417
5719.65 4.5415
5719.70 4.5413
5719.75 4.5412
5719.80 4.5410
5719.85 4.5408
5719.90 4.5406
5719.95 4.5405
5720.00 4.5403
5720.05 4.5401
5720.10 4.5400
5720.15 4.5398
5720.20 4.5396
5720.25 4.5394
5720.30 4.5393
5720.35 4.5391
5720.40 4.5389
5720.45 4.5388
5720.50 4.5386
5720.55 4.5384
5720.60 4.5382
5720.65 4.5381
5720.70 4.5379
5720.75 4.5377
5720.80 4.5375
5720.85 4.5374
5720.90 4.5372
5720.95 4.5370
5721.00 4.5369
5721.05 4.5367
5721.10 4.5365
5721.15 4.5363
5721.20 4.5362
5721.25 4.5360
5721.30 4.5358
5721.35 4.5356
5721.40 4.5355
5721.45 4.5353
5721.50 4.5351
5721.55 4.5349
5721.60 4.5348
5721.65 4.5346
5721.70 4.5344
5721.75 4.5342
5721.80 4.5340
5721.85 4.5339
5721.90 4.5337
5721.95 4.5335
5722.00 4.5333
5722.05 4.5332
5722.10 4.5330
5722.15 4.5328
5722.20 4.5326
5722.25 4.5325
5722.30 4.5323
5722.35 4.5321
5722.40 4.5319
5722.45 4.5318
5722.50 4.5316
5722.55 4.5314
5722.60 4.5312
5722.65 4.5310
5722.70 4.5309
5722.75 4.5307
5722.80 4.5305
5722.85 4.5303
5722.90 4.5302
5722.95 4.5300
5723.00 4.5298
5723.05 4.5296
5723.10 4.5295
5723.15 4.5293
5723.20 4.5291
5723.25 4.5289
5723.30 4.5287
5723.35 4.5286
5723.40 4.5284
5723.45 4.5282
5723.50 4.5280
5723.55 4.5279
5723.60 4.5277
5723.65 4.5275
5723.70 4.5273
5723.75 4.5271
5723.80 4.5270
5723.85 4.5268
5723.90 4.5266
5723.95 4.5264
5724.00 4.5263
5724.05 4.5261
5724.10 4.5259
5724.15 4.5257
5724.20 4.5256
5724.25 4.5254
5724.30 4.5252
5724.35 4.5250
5724.40 4.5248
5724.45 4.5247
5724.50 4.5245
5724.55 4.5243
5724.60 4.5241
5724.65 4.5240
5724.70 4.5238
5724.75 4.5236
5724.80 4.5234
5724.85 4.5232
5724.90 4.5231
5724.95 4.5229
5725.00 4.5227
5725.05 4.5225
5725.10 4.5224
5725.15 4.5222
5725.20 4.5220
5725.25 4.5218
5725.30 4.5216
5725.35 4.5215
5725.40 4.5213
5725.45 4.5211
5725.50 4.5209
5725.55 4.5208
5725.60 4.5206
5725.65 4.5204
5725.70 4.5202
5725.75 4.5201
5725.80 4.5199
5725.85 4.5197
5725.90 4.5195
5725.95 4.5193
5726.00 4.5192
5726.05 4.5190
5726.10 4.5188
5726.15 4.5186
5726.20 4.5185
5726.25 4.5183
5726.30 4.5181
5726.35 4.5179
5726.40 4.5177
5726.45 4.5176
5726.50 4.5174
5726.55 4.5172
5726.60 4.5170
5726.65 4.5169
5726.70 4.5167
5726.75 4.5165
5726.80 4.5163
5726.85 4.5161
5726.90 4.5160
5726.95 4.5158
5727.00 4.5156
5727.05 4.5154
5727.10 4.5153
5727.15 4.5151
5727.20 4.5149
5727.25 4.5147
5727.30 4.5146
5727.35 4.5144
5727.40 4.5142
5727.45 4.5140
5727.50 4.5138
5727.55 4.5137
5727.60 4.5135
5727.65 4.5133
5727.70 4.5131
5727.75 4.5130
5727.80 4.5128
5727.85 4.5126
5727.90 4.5124
5727.95 4.5122
5728.00 4.5121
5728.05 4.5119
5728.10 4.5117
5728.15 4.5115
5728.20 4.5113
5728.25 4.5112
5728.30 4.5110
5728.35 4.5108
5728.40 4.5106
5728.45 4.5105
5728.50 4.5103
5728.55 4.5101
5728.60 4.5099
5728.65 4.5097
5728.70 4.5096
5728.75 4.5094
5728.80 4.5092
5728.85 4.5090
5728.90 4.5089
5728.95 4.5087
5729.00 4.5085
5729.05 4.5083
5729.10 4.5081
5729.15 4.5080
5729.20 4.5078
5729.25 4.5076
5729.30 4.5074
5729.35 4.5072
5729.40 4.5071
5729.45 4.5069
5729.50 4.5067
5729.55 4.5065
5729.60 4.5064
5729.65 4.5062
5729.70 4.5060
5729.75 4.5058
5729.80 4.5056
5729.85 4.5055
5729.90 4.5053
5729.95 4.5051
5730.00 4.5049
5730.05 4.5047
5730.10 4.5046
5730.15 4.5044
5730.20 4.5042
5730.25 4.5040
5730.30 4.5039
5730.35 4.5037
5730.40 4.5035
5730.45 4.5033
5730.50 4.5031
5730.55 4.5030
5730.60 4.5028
5730.65 4.5026
5730.70 4.5024
5730.75 4.5022
5730.80 4.5021
5730.85 4.5019
5730.90 4.5017
5730.95 4.5015
5731.00 4.5014
5731.05 4.5012
5731.10 4.5010
5731.15 4.5008
5731.20 4.5006
5731.25 4.5005
5731.30 4.5003
5731.35 4.5001
5731.40 4.4999
5731.45 4.4997
5731.50 4.4996
5731.55 4.4994
5731.60 4.4992
5731.65 4.4990
5731.70 4.4989
5731.75 4.4987
5731.80 4.4985
5731.85 4.4983
5731.90 4.4981
5731.95 4.4980
5732.00 4.4978
5732.05 4.4976
5732.10 4.4974
5732.15 4.4973
5732.20 4.4971
5732.25 4.4969
5732.30 4.4967
5732.35 4.4965
5732.40 4.4964
5732.45 4.4962
5732.50 4.4960
5732.55 4.4958
5732.60 4.4957
5732.65 4.4955
5732.70 4.4953
5732.75 4.4951
5732.80 4.4949
5732.85 4.4948
5732.90 4.4946
5732.95 4.4944
5733.00 4.4942
5733.05 4.4941
5733.10 4.4939
5733.15 4.4937
5733.20 4.4935
5733.25 4.4934
5733.30 4.4932
5733.35 4.4930
5733.40 4.4928
5733.45 4.4927
5733.50 4.4925
5733.55 4.4923
5733.60 4.4921
5733.65 4.4920
5733.70 4.4918
5733.75 4.4916
5733.80 4.4914
5733.85 4.4913
5733.90 4.4911
5733.95 4.4909
5734.00 4.4907
5734.05 4.4906
5734.10 4.4904
5734.15 4.4902
5734.20 4.4900
5734.25 4.4899
5734.30 4.4897
5734.35 4.4895
5734.40 4.4894
5734.45 4.4892
5734.50 4.4890
5734.55 4.4888
5734.60 4.4887
5734.65 4.4885
5734.70 4.4883
5734.75 4.4882
5734.80 4.4880
5734.85 4.4878
5734.90 4.4876
5734.95 4.4875
5735.00 4.4873
5735.05 4.4871
5735.10 4.4870
5735.15 4.4868
5735.20 4.4866
5735.25 4.4864
5735.30 4.4863
5735.35 4.4861
5735.40 4.4859
5735.45 4.4858
5735.50 4.4856
5735.55 4.4854
5735.60 4.4853
5735.65 4.4851
5735.70 4.4849
5735.75 4.4848
5735.80 4.4846
5735.85 4.4844
5735.90 4.4843
5735.95 4.4841
5736.00 4.4839
5736.05 4.4838
5736.10 4.4836
5736.15 4.4834
5736.20 4.4833
5736.25 4.4831
5736.30 4.4830
5736.35 4.4828
5736.40 4.4826
5736.45 4.4825
5736.50 4.4823
5736.55 4.4821
5736.60 4.4820
5736.65 4.4818
5736.70 4.4817
5736.75 4.4815
5736.80 4.4813
5736.85 4.4812
5736.90 4.4810
5736.95 4.4808
5737.00 4.4807
5737.05 4.4805
5737.10 4.4804
5737.15 4.4802
5737.20 4.4801
5737.25 4.4799
5737.30 4.4797
5737.35 4.4796
5737.40 4.4794
5737.45 4.4793
5737.50 4.4791
5737.55 4.4789
5737.60 4.4788
5737.65 4.4786
5737.70 4.4785
5737.75 4.4783
5737.80 4.4782
5737.85 4.4780
5737.90 4.4779
5737.95 4.4777
5738.00 4.4776
5738.05 4.4774
5738.10 4.4772
5738.15 4.4771
5738.20 4.4769
5738.25 4.4768
5738.30 4.4766
5738.35 4.4765
5738.40 4.4763
5738.45 4.4762
5738.50 4.4760
5738.55 4.4759
5738.60 4.4757
5738.65 4.4756
5738.70 4.4754
5738.75 4.4753
5738.80 4.4751
5738.85 4.4750
5738.90 4.4748
5738.95 4.4747
5739.00 4.4746
5739.05 4.4744
5739.10 4.4743
5739.15 4.4741
5739.20 4.4740
5739.25 4.4738
5739.30 4.4737
5739.35 4.4735
5739.40 4.4734
5739.45 4.4732
5739.50 4.4731
5739.55 4.4730
5739.60 4.4728
5739.65 4.4727
5739.70 4.4725
5739.75 4.4724
5739.80 4.4723
5739.85 4.4721
5739.90 4.4720
5739.95 4.4718
5740.00 4.4717
5740.05 4.4715
5740.10 4.4714
5740.15 4.4713
5740.20 4.4711
5740.25 4.4710
5740.30 4.4709
5740.35 4.4707
5740.40 4.4706
5740.45 4.4704
5740.50 4.4703
5740.55 4.4702
5740.60 4.4700
5740.65 4.4699
5740.70 4.4698
5740.75 4.4696
5740.80 4.4695
5740.85 4.4694
5740.90 4.4692
5740.95 4.4691
5741.00 4.4690
5741.05 4.4688
5741.10 4.4687
5741.15 4.4686
5741.20 4.4684
5741.25 4.4683
5741.30 4.4682
5741.35 4.4680
5741.40 4.4679
5741.45 4.4678
5741.50 4.4676
5741.55 4.4675
5741.60 4.4674
5741.65 4.4672
5741.70 4.4671
5741.75 4.4670
5741.80 4.4669
5741.85 4.4667
5741.90 4.4666
5741.95 4.4665
5742.00 4.4663
5742.05 4.4662
5742.10 4.4661
5742.15 4.4660
5742.20 4.4658
5742.25 4.4657
5742.30 4.4656
5742.35 4.4654
5742.40 4.4653
5742.45 4.4652
5742.50 4.4651
5742.55 4.4649
5742.60 4.4648
5742.65 4.4647
5742.70 4.4646
5742.75 4.4644
5742.80 4.4643
5742.85 4.4642
5742.90 4.4641
5742.95 4.4639
5743.00 4.4638
5743.05 4.4637
5743.10 4.4636
5743.15 4.4635
5743.20 4.4633
5743.25 4.4632
5743.30 4.4631
5743.35 4.4630
5743.40 4.4628
5743.45 4.4627
5743.50 4.4626
5743.55 4.4625
5743.60 4.4624
5743.65 4.4622
5743.70 4.4621
5743.75 4.4620
5743.80 4.4619
5743.85 4.4618
5743.90 4.4616
5743.95 4.4615
5744.00 4.4614
5744.05 4.4613
5744.10 4.4612
5744.15 4.4610
5744.20 4.4609
5744.25 4.4608
5744.30 4.4607
5744.35 4.4606
5744.40 4.4604
5744.45 4.4603
5744.50 4.4602
5744.55 4.4601
5744.60 4.4600
5744.65 4.4599
5744.70 4.4597
5744.75 4.4596
5744.80 4.4595
5744.85 4.4594
5744.90 4.4593
5744.95 4.4591
5745.00 4.4590
5745.05 4.4589
5745.10 4.4588
5745.15 4.4587
5745.20 4.4586
5745.25 4.4584
5745.30 4.4583
5745.35 4.4582
5745.40 4.4581
5745.45 4.4580
5745.50 4.4579
5745.55 4.4577
5745.60 4.4576
5745.65 4.4575
5745.70 4.4574
5745.75 4.4573
5745.80 4.4572
5745.85 4.4571
5745.90 4.4569
5745.95 4.4568
5746.00 4.4567
5746.05 4.4566
5746.10 4.4565
5746.15 4.4564
5746.20 4.4562
5746.25 4.4561
5746.30 4.4560
5746.35 4.4559
5746.40 4.4558
5746.45 4.4557
5746.50 4.4555
5746.55 4.4554
5746.60 4.4553
5746.65 4.4552
5746.70 4.4551
5746.75 4.4550
5746.80 4.4549
5746.85 4.4547
5746.90 4.4546
5746.95 4.4545
5747.00 4.4544
5747.05 4.4543
5747.10 4.4542
5747.15 4.4540
5747.20 4.4539
5747.25 4.4538
5747.30 4.4537
5747.35 4.4536
5747.40 4.4535
5747.45 4.4534
5747.50 4.4532
5747.55 4.4531
5747.60 4.4530
5747.65 4.4529
5747.70 4.4528
5747.75 4.4527
5747.80 4.4525
5747.85 4.4524
5747.90 4.4523
5747.95 4.4522
5748.00 4.4521
5748.05 4.4520
5748.10 4.4519
5748.15 4.4517
5748.20 4.4516
5748.25 4.4515
5748.30 4.4514
5748.35 4.4513
5748.40 4.4512
5748.45 4.4510
5748.50 4.4509
5748.55 4.4508
5748.60 4.4507
5748.65 4.4506
5748.70 4.4505
5748.75 4.4503
5748.80 4.4502
5748.85 4.4501
5748.90 4.4500
5748.95 4.4499
5749.00 4.4498
5749.05 4.4496
5749.10 4.4495
5749.15 4.4494
5749.20 4.4493
5749.25 4.4492
5749.30 4.4491
5749.35 4.4489
5749.40 4.4488
5749.45 4.4487
5749.50 4.4486
5749.55 4.4485
5749.60 4.4484
5749.65 4.4482
5749.70 4.4481
5749.75 4.4480
5749.80 4.4479
5749.85 4.4478
5749.90 4.4476
5749.95 4.4475
5750.00 4.4474
5750.05 4.4473
5750.10 4.4472
5750.15 4.4471
5750.20 4.4469
5750.25 4.4468
5750.30 4.4467
5750.35 4.4466
5750.40 4.4465
5750.45 4.4464
5750.50 4.4462
5750.55 4.4461
5750.60 4.4460
5750.65 4.4459
5750.70 4.4458
5750.75 4.4456
5750.80 4.4455
5750.85 4.4454
5750.90 4.4453
5750.95 4.4452
5751.00 4.4450
5751.05 4.4449
5751.10 4.4448
5751.15 4.4447
5751.20 4.4446
5751.25 4.4444
5751.30 4.4443
5751.35 4.4442
5751.40 4.4441
5751.45 4.4440
5751.50 4.4439
5751.55 4.4437
5751.60 4.4436
5751.65 4.4435
5751.70 4.4434
5751.75 4.4433
5751.80 4.4431
5751.85 4.4430
5751.90 4.4429
5751.95 4.4428
5752.00 4.4427
5752.05 4.4425
5752.10 4.4424
5752.15 4.4423
5752.20 4.4422
5752.25 4.4420
5752.30 4.4419
5752.35 4.4418
5752.40 4.4417
5752.45 4.4416
5752.50 4.4414
5752.55 4.4413
5752.60 4.4412
5752.65 4.4411
5752.70 4.4410
5752.75 4.4408
5752.80 4.4407
5752.85 4.4406
5752.90 4.4405
5752.95 4.4404
5753.00 4.4402
5753.05 4.4401
5753.10 4.4400
5753.15 4.4399
5753.20 4.4398
5753.25 4.4396
5753.30 4.4395
5753.35 4.4394
5753.40 4.4393
5753.45 4.4391
5753.50 4.4390
5753.55 4.4389
5753.60 4.4388
5753.65 4.4387
5753.70 4.4385
5753.75 4.4384
5753.80 4.4383
5753.85 4.4382
5753.90 4.4381
5753.95 4.4379
5754.00 4.4378
5754.05 4.4377
5754.10 4.4376
5754.15 4.4374
5754.20 4.4373
5754.25 4.4372
5754.30 4.4371
5754.35 4.4370
5754.40 4.4368
5754.45 4.4367
5754.50 4.4366
5754.55 4.4365
5754.60 4.4363
5754.65 4.4362
5754.70 4.4361
5754.75 4.4360
5754.80 4.4359
5754.85 4.4357
5754.90 4.4356
5754.95 4.4355
5755.00 4.4354
5755.05 4.4352
5755.10 4.4351
5755.15 4.4350
5755.20 4.4349
5755.25 4.4348
5755.30 4.4346
5755.35 4.4345
5755.40 4.4344
5755.45 4.4343
5755.50 4.4341
5755.55 4.4340
5755.60 4.4339
5755.65 4.4338
5755.70 4.4337
5755.75 4.4335
5755.80 4.4334
5755.85 4.4333
5755.90 4.4332
5755.95 4.4330
5756.00 4.4329
5756.05 4.4328
5756.10 4.4327
5756.15 4.4326
5756.20 4.4324
5756.25 4.4323
5756.30 4.4322
5756.35 4.4321
5756.40 4.4320
5756.45 4.4318
5756.50 4.4317
5756.55 4.4316
5756.60 4.4315
5756.65 4.4313
5756.70 4.4312
5756.75 4.4311
5756.80 4.4310
5756.85 4.4309
5756.90 4.4307
5756.95 4.4306
5757.00 4.4305
5757.05 4.4304
5757.10 4.4302
5757.15 4.4301
5757.20 4.4300
5757.25 4.4299
5757.30 4.4298
5757.35 4.4296
5757.40 4.4295
5757.45 4.4294
5757.50 4.4293
5757.55 4.4291
5757.60 4.4290
5757.65 4.4289
5757.70 4.4288
5757.75 4.4287
5757.80 4.4285
5757.85 4.4284
5757.90 4.4283
5757.95 4.4282
5758.00 4.4280
5758.05 4.4279
5758.10 4.4278
5758.15 4.4277
5758.20 4.4276
5758.25 4.4274
5758.30 4.4273
5758.35 4.4272
5758.40 4.4271
5758.45 4.4269
5758.50 4.4268
5758.55 4.4267
5758.60 4.4266
5758.65 4.4265
5758.70 4.4263
5758.75 4.4262
5758.80 4.4261
5758.85 4.4260
5758.90 4.4258
5758.95 4.4257
5759.00 4.4256
5759.05 4.4255
5759.10 4.4254
5759.15 4.4252
5759.20 4.4251
5759.25 4.4250
5759.30 4.4249
5759.35 4.4247
5759.40 4.4246
5759.45 4.4245
5759.50 4.4244
5759.55 4.4243
5759.60 4.4241
5759.65 4.4240
5759.70 4.4239
5759.75 4.4238
5759.80 4.4236
5759.85 4.4235
5759.90 4.4234
5759.95 4.4233
5760.00 4.4232
5760.05 4.4230
5760.10 4.4229
5760.15 4.4228
5760.20 4.4227
5760.25 4.4225
5760.30 4.4224
5760.35 4.4223
5760.40 4.4222
5760.45 4.4220
5760.50 4.4219
5760.55 4.4218
5760.60 4.4217
5760.65 4.4216
5760.70 4.4214
5760.75 4.4213
5760.80 4.4212
5760.85 4.4211
5760.90 4.4209
5760.95 4.4208
5761.00 4.4207
5761.05 4.4206
5761.10 4.4204
5761.15 4.4203
5761.20 4.4202
5761.25 4.4201
5761.30 4.4199
5761.35 4.4198
5761.40 4.4197
5761.45 4.4196
5761.50 4.4194
5761.55 4.4193
5761.60 4.4192
5761.65 4.4191
5761.70 4.4189
5761.75 4.4188
5761.80 4.4187
5761.85 4.4186
5761.90 4.4184
5761.95 4.4183
5762.00 4.4182
5762.05 4.4181
5762.10 4.4179
5762.15 4.4178
5762.20 4.4177
5762.25 4.4176
5762.30 4.4174
5762.35 4.4173
5762.40 4.4172
5762.45 4.4170
5762.50 4.4169
5762.55 4.4168
5762.60 4.4167
5762.65 4.4165
5762.70 4.4164
5762.75 4.4163
5762.80 4.4162
5762.85 4.4160
5762.90 4.4159
5762.95 4.4158
5763.00 4.4156
5763.05 4.4155
5763.10 4.4154
5763.15 4.4153
5763.20 4.4151
5763.25 4.4150
5763.30 4.4149
5763.35 4.4147
5763.40 4.4146
5763.45 4.4145
5763.50 4.4143
5763.55 4.4142
5763.60 4.4141
5763.65 4.4140
5763.70 4.4138
5763.75 4.4137
5763.80 4.4136
5763.85 4.4134
5763.90 4.4133
5763.95 4.4132
5764.00 4.4130
5764.05 4.4129
5764.10 4.4128
5764.15 4.4126
5764.20 4.4125
5764.25 4.4124
5764.30 4.4122
5764.35 4.4121
5764.40 4.4120
5764.45 4.4118
5764.50 4.4117
5764.55 4.4116
5764.60 4.4114
5764.65 4.4113
5764.70 4.4112
5764.75 4.4110
5764.80 4.4109
5764.85 4.4108
5764.90 4.4106
5764.95 4.4105
5765.00 4.4104
5765.05 4.4102
5765.10 4.4101
5765.15 4.4100
5765.20 4.4098
5765.25 4.4097
5765.30 4.4096
5765.35 4.4094
5765.40 4.4093
5765.45 4.4091
5765.50 4.4090
5765.55 4.4089
5765.60 4.4087
5765.65 4.4086
5765.70 4.4085
5765.75 4.4083
5765.80 4.4082
5765.85 4.4080
5765.90 4.4079
5765.95 4.4078
5766.00 4.4076
5766.05 4.4075
5766.10 4.4073
5766.15 4.4072
5766.20 4.4071
5766.25 4.4069
5766.30 4.4068
5766.35 4.4066
5766.40 4.4065
5766.45 4.4064
5766.50 4.4062
5766.55 4.4061
5766.60 4.4059
5766.65 4.4058
5766.70 4.4057
5766.75 4.4055
5766.80 4.4054
5766.85 4.4052
5766.90 4.4051
5766.95 4.4049
5767.00 4.4048
5767.05 4.4047
5767.10 4.4045
5767.15 4.4044
5767.20 4.4042
5767.25 4.4041
5767.30 4.4039
5767.35 4.4038
5767.40 4.4037
5767.45 4.4035
5767.50 4.4034
5767.55 4.4032
5767.60 4.4031
5767.65 4.4029
5767.70 4.4028
5767.75 4.4027
5767.80 4.4025
5767.85 4.4024
5767.90 4.4022
5767.95 4.4021
5768.00 4.4019
5768.05 4.4018
5768.10 4.4016
5768.15 4.4015
5768.20 4.4013
5768.25 4.4012
5768.30 4.4011
5768.35 4.4009
5768.40 4.4008
5768.45 4.4006
5768.50 4.4005
5768.55 4.4003
5768.60 4.4002
5768.65 4.4000
5768.70 4.3999
5768.75 4.3997
5768.80 4.3996
5768.85 4.3995
5768.90 4.3993
5768.95 4.3992
5769.00 4.3990
5769.05 4.3989
5769.10 4.3987
5769.15 4.3986
5769.20 4.3984
5769.25 4.3983
5769.30 4.3981
5769.35 4.3980
5769.40 4.3979
5769.45 4.3977
5769.50 4.3976
5769.55 4.3974
5769.60 4.3973
5769.65 4.3971
5769.70 4.3970
5769.75 4.3968
5769.80 4.3967
5769.85 4.3965
5769.90 4.3964
5769.95 4.3963
5770.00 4.3961
5770.05 4.3960
5770.10 4.3958
5770.15 4.3957
5770.20 4.3955
5770.25 4.3954
5770.30 4.3952
5770.35 4.3951
5770.40 4.3950
5770.45 4.3948
5770.50 4.3947
5770.55 4.3945
5770.60 4.3944
5770.65 4.3943
5770.70 4.3941
5770.75 4.3940
5770.80 4.3938
5770.85 4.3937
5770.90 4.3935
5770.95 4.3934
5771.00 4.3933
5771.05 4.3931
5771.10 4.3930
5771.15 4.3928
5771.20 4.3927
5771.25 4.3926
5771.30 4.3924
5771.35 4.3923
5771.40 4.3922
5771.45 4.3920
5771.50 4.3919
5771.55 4.3917
5771.60 4.3916
5771.65 4.3915
5771.70 4.3913
5771.75 4.3912
5771.80 4.3911
5771.85 4.3909
5771.90 4.3908
5771.95 4.3907
5772.00 4.3905
5772.05 4.3904
5772.10 4.3903
5772.15 4.3902
5772.20 4.3900
5772.25 4.3899
5772.30 4.3898
5772.35 4.3896
5772.40 4.3895
5772.45 4.3894
5772.50 4.3893
5772.55 4.3891
5772.60 4.3890
5772.65 4.3889
5772.70 4.3887
5772.75 4.3886
5772.80 4.3885
5772.85 4.3884
5772.90 4.3883
5772.95 4.3881
5773.00 4.3880
5773.05 4.3879
5773.10 4.3878
5773.15 4.3877
5773.20 4.3875
5773.25 4.3874
5773.30 4.3873
5773.35 4.3872
5773.40 4.3871
5773.45 4.3870
5773.50 4.3868
5773.55 4.3867
5773.60 4.3866
5773.65 4.3865
5773.70 4.3864
5773.75 4.3863
5773.80 4.3862
5773.85 4.3861
5773.90 4.3860
5773.95 4.3859
5774.00 4.3858
5774.05 4.3856
5774.10 4.3855
5774.15 4.3854
5774.20 4.3853
5774.25 4.3852
5774.30 4.3851
5774.35 4.3850
5774.40 4.3849
5774.45 4.3848
5774.50 4.3847
5774.55 4.3846
5774.60 4.3846
5774.65 4.3845
5774.70 4.3844
5774.75 4.3843
5774.80 4.3842
5774.85 4.3841
5774.90 4.3840
5774.95 4.3839
5775.00 4.3838
5775.05 4.3837
5775.10 4.3837
5775.15 4.3836
5775.20 4.3835
5775.25 4.3834
5775.30 4.3833
5775.35 4.3832
5775.40 4.3832
5775.45 4.3831
5775.50 4.3830
5775.55 4.3829
5775.60 4.3829
5775.65 4.3828
5775.70 4.3827
5775.75 4.3826
5775.80 4.3826
5775.85 4.3825
5775.90 4.3824
5775.95 4.3824
5776.00 4.3823
5776.05 4.3822
5776.10 4.3822
5776.15 4.3821
5776.20 4.3821
5776.25 4.3820
5776.30 4.3819
5776.35 4.3819
5776.40 4.3818
5776.45 4.3818
5776.50 4.3817
5776.55 4.3817
5776.60 4.3816
5776.65 4.3816
5776.70 4.3815
5776.75 4.3815
5776.80 4.3814
5776.85 4.3814
5776.90 4.3813
5776.95 4.3813
5777.00 4.3812
5777.05 4.3812
5777.10 4.3812
5777.15 4.3811
5777.20 4.3811
5777.25 4.3810
5777.30 4.3810
5777.35 4.3810
5777.40 4.3809
5777.45 4.3809
5777.50 4.3809
5777.55 4.3809
5777.60 4.3808
5777.65 4.3808
5777.70 4.3808
5777.75 4.3808
5777.80 4.3807
5777.85 4.3807
5777.90 4.3807
5777.95 4.3807
5778.00 4.3807
5778.05 4.3806
5778.10 4.3806
5778.15 4.3806
5778.20 4.3806
5778.25 4.3806
5778.30 4.3806
5778.35 4.3806
5778.40 4.3806
5778.45 4.3806
5778.50 4.3805
5778.55 4.3805
5778.60 4.3805
5778.65 4.3805
5778.70 4.3805
5778.75 4.3805
5778.80 4.3805
5778.85 4.3806
5778.90 4.3806
5778.95 4.3806
5779.00 4.3806
5779.05 4.3806
5779.10 4.3806
5779.15 4.3806
5779.20 4.3806
5779.25 4.3806
5779.30 4.3806
5779.35 4.3807
5779.40 4.3807
5779.45 4.3807
5779.50 4.3807
5779.55 4.3807
5779.60 4.3808
5779.65 4.3808
5779.70 4.3808
5779.75 4.3808
5779.80 4.3809
5779.85 4.3809
5779.90 4.3809
5779.95 4.3809
5780.00 4.3810
5780.05 4.3810
5780.10 4.3810
5780.15 4.3811
5780.20 4.3811
5780.25 4.3812
5780.30 4.3812
5780.35 4.3812
5780.40 4.3813
5780.45 4.3813
5780.50 4.3814
5780.55 4.3814
5780.60 4.3815
5780.65 4.3815
5780.70 4.3815
5780.75 4.3816
5780.80 4.3816
5780.85 4.3817
5780.90 4.3817
5780.95 4.3818
5781.00 4.3819
5781.05 4.3819
5781.10 4.3820
5781.15 4.3820
5781.20 4.3821
5781.25 4.3821
5781.30 4.3822
5781.35 4.3823
5781.40 4.3823
5781.45 4.3824
5781.50 4.3825
5781.55 4.3825
5781.60 4.3826
5781.65 4.3827
5781.70 4.3827
5781.75 4.3828
5781.80 4.3829
5781.85 4.3829
5781.90 4.3830
5781.95 4.3831
5782.00 4.3832
5782.05 4.3832
5782.10 4.3833
5782.15 4.3834
5782.20 4.3835
5782.25 4.3835
5782.30 4.3836
5782.35 4.3837
5782.40 4.3838
5782.45 4.3839
5782.50 4.3840
5782.55 4.3840
5782.60 4.3841
5782.65 4.3842
5782.70 4.3843
5782.75 4.3844
5782.80 4.3845
5782.85 4.3846
5782.90 4.3846
5782.95 4.3847
5783.00 4.3848
5783.05 4.3849
5783.10 4.3850
5783.15 4.3851
5783.20 4.3852
5783.25 4.3853
5783.30 4.3854
5783.35 4.3855
5783.40 4.3856
5783.45 4.3857
5783.50 4.3858
5783.55 4.3859
5783.60 4.3860
5783.65 4.3861
5783.70 4.3862
5783.75 4.3863
5783.80 4.3864
5783.85 4.3865
5783.90 4.3866
5783.95 4.3867
5784.00 4.3868
5784.05 4.3869
5784.10 4.3870
5784.15 4.3871
5784.20 4.3872
5784.25 4.3873
5784.30 4.3875
5784.35 4.3876
5784.40 4.3877
5784.45 4.3878
5784.50 4.3879
5784.55 4.3880
5784.60 4.3881
5784.65 4.3882
5784.70 4.3883
5784.75 4.3885
5784.80 4.3886
5784.85 4.3887
5784.90 4.3888
5784.95 4.3889
5785.00 4.3890
5785.05 4.3891
5785.10 4.3893
5785.15 4.3894
5785.20 4.3895
5785.25 4.3896
5785.30 4.3897
5785.35 4.3898
5785.40 4.3900
5785.45 4.3901
5785.50 4.3902
5785.55 4.3903
5785.60 4.3904
5785.65 4.3906
5785.70 4.3907
5785.75 4.3908
5785.80 4.3909
5785.85 4.3910
5785.90 4.3912
5785.95 4.3913
5786.00 4.3914
5786.05 4.3915
5786.10 4.3917
5786.15 4.3918
5786.20 4.3919
5786.25 4.3920
5786.30 4.3921
5786.35 4.3923
5786.40 4.3924
5786.45 4.3925
5786.50 4.3926
5786.55 4.3928
5786.60 4.3929
5786.65 4.3930
5786.70 4.3931
5786.75 4.3933
5786.80 4.3934
5786.85 4.3935
5786.90 4.3936
5786.95 4.3938
5787.00 4.3939
5787.05 4.3940
5787.10 4.3941
5787.15 4.3943
5787.20 4.3944
5787.25 4.3945
5787.30 4.3946
5787.35 4.3948
5787.40 4.3949
5787.45 4.3950
5787.50 4.3951
5787.55 4.3953
5787.60 4.3954
5787.65 4.3955
5787.70 4.3956
5787.75 4.3958
5787.80 4.3959
5787.85 4.3960
5787.90 4.3961
5787.95 4.3963
5788.00 4.3964
5788.05 4.3965
5788.10 4.3966
5788.15 4.3968
5788.20 4.3969
5788.25 4.3970
5788.30 4.3971
5788.35 4.3973
5788.40 4.3974
5788.45 4.3975
5788.50 4.3976
5788.55 4.3978
5788.60 4.3979
5788.65 4.3980
5788.70 4.3981
5788.75 4.3982
5788.80 4.3984
5788.85 4.3985
5788.90 4.3986
5788.95 4.3987
5789.00 4.3989
5789.05 4.3990
5789.10 4.3991
5789.15 4.3992
5789.20 4.3993
5789.25 4.3995
5789.30 4.3996
5789.35 4.3997
5789.40 4.3998
5789.45 4.3999
5789.50 4.4000
5789.55 4.4002
5789.60 4.4003
5789.65 4.4004
5789.70 4.4005
5789.75 4.4006
5789.80 4.4008
5789.85 4.4009
5789.90 4.4010
5789.95 4.4011
5790.00 4.4012
5790.05 4.4013
5790.10 4.4014
5790.15 4.4015
5790.20 4.4017
5790.25 4.4018
5790.30 4.4019
5790.35 4.4020
5790.40 4.4021
5790.45 4.4022
5790.50 4.4023
5790.55 4.4024
5790.60 4.4025
5790.65 4.4027
5790.70 4.4028
5790.75 4.4029
5790.80 4.4030
5790.85 4.4031
5790.90 4.4032
5790.95 4.4033
5791.00 4.4034
5791.05 4.4035
5791.10 4.4036
5791.15 4.4037
5791.20 4.4038
5791.25 4.4039
5791.30 4.4040
5791.35 4.4041
5791.40 4.4042
5791.45 4.4043
5791.50 4.4044
5791.55 4.4045
5791.60 4.4046
5791.65 4.4047
5791.70 4.4048
5791.75 4.4049
5791.80 4.4050
5791.85 4.4051
5791.90 4.4052
5791.95 4.4052
5792.00 4.4053
5792.05 4.4054
5792.10 4.4055
5792.15 4.4056
5792.20 4.4057
5792.25 4.4058
5792.30 4.4059
5792.35 4.4060
5792.40 4.4060
5792.45 4.4061
5792.50 4.4062
5792.55 4.4063
5792.60 4.4064
5792.65 4.4065
5792.70 4.4065
5792.75 4.4066
5792.80 4.4067
5792.85 4.4068
5792.90 4.4068
5792.95 4.4069
5793.00 4.4070
5793.05 4.4071
5793.10 4.4071
5793.15 4.4072
5793.20 4.4073
5793.25 4.4074
5793.30 4.4074
5793.35 4.4075
5793.40 4.4076
5793.45 4.4076
5793.50 4.4077
5793.55 4.4078
5793.60 4.4078
5793.65 4.4079
5793.70 4.4079
5793.75 4.4080
5793.80 4.4081
5793.85 4.4081
5793.90 4.4082
5793.95 4.4082
5794.00 4.4083
5794.05 4.4083
5794.10 4.4084
5794.15 4.4085
5794.20 4.4085
5794.25 4.4086
5794.30 4.4086
5794.35 4.4087
5794.40 4.4087
5794.45 4.4087
5794.50 4.4088
5794.55 4.4088
5794.60 4.4089
5794.65 4.4089
5794.70 4.4090
5794.75 4.4090
5794.80 4.4090
5794.85 4.4091
5794.90 4.4091
5794.95 4.4092
5795.00 4.4092
5795.05 4.4092
5795.10 4.4093
5795.15 4.4093
5795.20 4.4093
5795.25 4.4093
5795.30 4.4094
5795.35 4.4094
5795.40 4.4094
5795.45 4.4095
5795.50 4.4095
5795.55 4.4095
5795.60 4.4095
5795.65 4.4095
5795.70 4.4096
5795.75 4.4096
5795.80 4.4096
5795.85 4.4096
5795.90 4.4096
5795.95 4.4096
5796.00 4.4096
5796.05 4.4097
5796.10 4.4097
5796.15 4.4097
5796.20 4.4097
5796.25 4.4097
5796.30 4.4097
5796.35 4.4097
5796.40 4.4097
5796.45 4.4097
5796.50 4.4097
5796.55 4.4097
5796.60 4.4097
5796.65 4.4097
5796.70 4.4097
5796.75 4.4097
5796.80 4.4097
5796.85 4.4097
5796.90 4.4096
5796.95 4.4096
5797.00 4.4096
5797.05 4.4096
5797.10 4.4096
5797.15 4.4096
5797.20 4.4096
5797.25 4.4095
5797.30 4.4095
5797.35 4.4095
5797.40 4.4095
5797.45 4.4095
5797.50 4.4094
5797.55 4.4094
5797.60 4.4094
5797.65 4.4093
5797.70 4.4093
5797.75 4.4093
5797.80 4.4093
5797.85 4.4092
5797.90 4.4092
5797.95 4.4092
5798.00 4.4091
5798.05 4.4091
5798.10 4.4090
5798.15 4.4090
5798.20 4.4090
5798.25 4.4089
5798.30 4.4089
5798.35 4.4088
5798.40 4.4088
5798.45 4.4087
5798.50 4.4087
5798.55 4.4086
5798.60 4.4086
5798.65 4.4085
5798.70 4.4085
5798.75 4.4084
5798.80 4.4083
5798.85 4.4083
5798.90 4.4082
5798.95 4.4082
5799.00 4.4081
5799.05 4.4080
5799.10 4.4080
5799.15 4.4079
5799.20 4.4078
5799.25 4.4078
5799.30 4.4077
5799.35 4.4076
5799.40 4.4076
5799.45 4.4075
5799.50 4.4074
5799.55 4.4073
5799.60 4.4073
5799.65 4.4072
5799.70 4.4071
5799.75 4.4070
5799.80 4.4069
5799.85 4.4069
5799.90 4.4068
5799.95 4.4067
5800.00 4.4066
5800.05 4.4065
5800.10 4.4064
5800.15 4.4063
5800.20 4.4062
5800.25 4.4062
5800.30 4.4061
5800.35 4.4060
5800.40 4.4059
5800.45 4.4058
5800.50 4.4057
5800.55 4.4056
5800.60 4.4055
5800.65 4.4054
5800.70 4.4053
5800.75 4.4052
5800.80 4.4051
5800.85 4.4049
5800.90 4.4048
5800.95 4.4047
5801.00 4.4046
5801.05 4.4045
5801.10 4.4044
5801.15 4.4043
5801.20 4.4042
5801.25 4.4040
5801.30 4.4039
5801.35 4.4038
5801.40 4.4037
5801.45 4.4036
5801.50 4.4034
5801.55 4.4033
5801.60 4.4032
5801.65 4.4031
5801.70 4.4029
5801.75 4.4028
5801.80 4.4027
5801.85 4.4025
5801.90 4.4024
5801.95 4.4023
5802.00 4.4021
5802.05 4.4020
5802.10 4.4019
5802.15 4.4017
5802.20 4.4016
5802.25 4.4015
5802.30 4.4013
5802.35 4.4012
5802.40 4.4010
5802.45 4.4009
5802.50 4.4007
5802.55 4.4006
5802.60 4.4004
5802.65 4.4003
5802.70 4.4001
5802.75 4.4000
5802.80 4.3998
5802.85 4.3997
5802.90 4.3995
5802.95 4.3994
5803.00 4.3992
5803.05 4.3990
5803.10 4.3989
5803.15 4.3987
5803.20 4.3985
5803.25 4.3984
5803.30 4.3982
5803.35 4.3981
5803.40 4.3979
5803.45 4.3977
5803.50 4.3975
5803.55 4.3974
5803.60 4.3972
5803.65 4.3970
5803.70 4.3968
5803.75 4.3967
5803.80 4.3965
5803.85 4.3963
5803.90 4.3961
5803.95 4.3960
5804.00 4.3958
5804.05 4.3956
5804.10 4.3954
5804.15 4.3952
5804.20 4.3950
5804.25 4.3948
5804.30 4.3946
5804.35 4.3945
5804.40 4.3943
5804.45 4.3941
5804.50 4.3939
5804.55 4.3937
5804.60 4.3935
5804.65 4.3933
5804.70 4.3931
5804.75 4.3929
5804.80 4.3927
5804.85 4.3925
5804.90 4.3923
5804.95 4.3921
5805.00 4.3919
5805.05 4.3916
5805.10 4.3914
5805.15 4.3912
5805.20 4.3910
5805.25 4.3908
5805.30 4.3906
5805.35 4.3904
5805.40 4.3901
5805.45 4.3899
5805.50 4.3897
5805.55 4.3895
5805.60 4.3893
5805.65 4.3890
5805.70 4.3888
5805.75 4.3886
5805.80 4.3884
5805.85 4.3881
5805.90 4.3879
5805.95 4.3877
5806.00 4.3874
5806.05 4.3872
5806.10 4.3870
5806.15 4.3867
5806.20 4.3865
5806.25 4.3862
5806.30 4.3860
5806.35 4.3858
5806.40 4.3855
5806.45 4.3853
5806.50 4.3850
5806.55 4.3848
5806.60 4.3845
5806.65 4.3843
5806.70 4.3840
5806.75 4.3838
5806.80 4.3835
5806.85 4.3833
5806.90 4.3830
5806.95 4.3827
5807.00 4.3825
5807.05 4.3822
5807.10 4.3820
5807.15 4.3817
5807.20 4.3814
5807.25 4.3812
5807.30 4.3809
5807.35 4.3806
5807.40 4.3803
5807.45 4.3801
5807.50 4.3798
5807.55 4.3795
5807.60 4.3792
5807.65 4.3790
5807.70 4.3787
5807.75 4.3784
5807.80 4.3781
5807.85 4.3778
5807.90 4.3775
5807.95 4.3772
5808.00 4.3770
5808.05 4.3767
5808.10 4.3764
5808.15 4.3761
5808.20 4.3758
5808.25 4.3755
5808.30 4.3752
5808.35 4.3749
5808.40 4.3746
5808.45 4.3743
5808.50 4.3740
5808.55 4.3737
5808.60 4.3734
5808.65 4.3731
5808.70 4.3727
5808.75 4.3724
5808.80 4.3721
5808.85 4.3718
5808.90 4.3715
5808.95 4.3712
5809.00 4.3709
5809.05 4.3705
5809.10 4.3702
5809.15 4.3699
5809.20 4.3696
5809.25 4.3692
5809.30 4.3689
5809.35 4.3686
5809.40 4.3682
5809.45 4.3679
5809.50 4.3676
5809.55 4.3672
5809.60 4.3669
5809.65 4.3666
5809.70 4.3662
5809.75 4.3659
5809.80 4.3655
5809.85 4.3652
5809.90 4.3648
5809.95 4.3645
5810.00 4.3641
5810.05 4.3638
5810.10 4.3634
5810.15 4.3631
5810.20 4.3627
5810.25 4.3624
5810.30 4.3620
5810.35 4.3616
5810.40 4.3613
5810.45 4.3609
5810.50 4.3605
5810.55 4.3602
5810.60 4.3598
5810.65 4.3594
5810.70 4.3591
5810.75 4.3587
5810.80 4.3583
5810.85 4.3579
5810.90 4.3576
5810.95 4.3572
5811.00 4.3568
5811.05 4.3564
5811.10 4.3560
5811.15 4.3557
5811.20 4.3553
5811.25 4.3549
5811.30 4.3545
5811.35 4.3541
5811.40 4.3537
5811.45 4.3533
5811.50 4.3529
5811.55 4.3525
5811.60 4.3521
5811.65 4.3517
5811.70 4.3513
5811.75 4.3509
5811.80 4.3505
5811.85 4.3501
5811.90 4.3497
5811.95 4.3493
5812.00 4.3489
5812.05 4.3484
5812.10 4.3480
5812.15 4.3476
5812.20 4.3472
5812.25 4.3468
5812.30 4.3464
5812.35 4.3459
5812.40 4.3455
5812.45 4.3451
5812.50 4.3447
5812.55 4.3442
5812.60 4.3438
5812.65 4.3434
5812.70 4.3429
5812.75 4.3425
5812.80 4.3421
5812.85 4.3416
5812.90 4.3412
5812.95 4.3408
5813.00 4.3403
5813.05 4.3399
5813.10 4.3394
5813.15 4.3390
5813.20 4.3385
5813.25 4.3381
5813.30 4.3376
5813.35 4.3372
5813.40 4.3367
5813.45 4.3363
5813.50 4.3358
5813.55 4.3354
5813.60 4.3349
5813.65 4.3344
5813.70 4.3340
5813.75 4.3335
5813.80 4.3331
5813.85 4.3326
5813.90 4.3321
5813.95 4.3317
5814.00 4.3312
5814.05 4.3307
5814.10 4.3303
5814.15 4.3298
5814.20 4.3293
5814.25 4.3288
5814.30 4.3284
5814.35 4.3279
5814.40 4.3274
5814.45 4.3269
5814.50 4.3264
5814.55 4.3260
5814.60 4.3255
5814.65 4.3250
5814.70 4.3245
5814.75 4.3240
5814.80 4.3235
5814.85 4.3230
5814.90 4.3225
5814.95 4.3221
5815.00 4.3216
5815.05 4.3211
5815.10 4.3206
5815.15 4.3201
5815.20 4.3196
5815.25 4.3191
5815.30 4.3186
5815.35 4.3181
5815.40 4.3176
5815.45 4.3171
5815.50 4.3166
5815.55 4.3161
5815.60 4.3156
5815.65 4.3150
5815.70 4.3145
5815.75 4.3140
5815.80 4.3135
5815.85 4.3130
5815.90 4.3125
5815.95 4.3120
5816.00 4.3115
5816.05 4.3109
5816.10 4.3104
5816.15 4.3099
5816.20 4.3094
5816.25 4.3089
5816.30 4.3083
5816.35 4.3078
5816.40 4.3073
5816.45 4.3068
5816.50 4.3062
5816.55 4.3057
5816.60 4.3052
5816.65 4.3047
5816.70 4.3041
5816.75 4.3036
5816.80 4.3031
5816.85 4.3025
5816.90 4.3020
5816.95 4.3015
5817.00 4.3009
5817.05 4.3004
5817.10 4.2998
5817.15 4.2993
5817.20 4.2988
5817.25 4.2982
5817.30 4.2977
5817.35 4.2971
5817.40 4.2966
5817.45 4.2961
5817.50 4.2955
5817.55 4.2950
5817.60 4.2944
5817.65 4.2939
5817.70 4.2933
5817.75 4.2928
5817.80 4.2922
5817.85 4.2917
5817.90 4.2911
5817.95 4.2906
5818.00 4.2900
5818.05 4.2895
5818.10 4.2889
5818.15 4.2884
5818.20 4.2878
5818.25 4.2872
5818.30 4.2867
5818.35 4.2861
5818.40 4.2856
5818.45 4.2850
5818.50 4.2844
5818.55 4.2839
5818.60 4.2833
5818.65 4.2828
5818.70 4.2822
5818.75 4.2816
5818.80 4.2811
5818.85 4.2805
5818.90 4.2799
5818.95 4.2794
5819.00 4.2788
5819.05 4.2782
5819.10 4.2776
5819.15 4.2771
5819.20 4.2765
5819.25 4.2759
5819.30 4.2754
5819.35 4.2748
5819.40 4.2742
5819.45 4.2736
5819.50 4.2731
5819.55 4.2725
5819.60 4.2719
5819.65 4.2713
5819.70 4.2708
5819.75 4.2702
5819.80 4.2696
5819.85 4.2690
5819.90 4.2684
5819.95 4.2679
5820.00 4.2673
5820.05 4.2667
5820.10 4.2661
5820.15 4.2655
5820.20 4.2649
5820.25 4.2644
5820.30 4.2638
5820.35 4.2632
5820.40 4.2626
5820.45 4.2620
5820.50 4.2614
5820.55 4.2608
5820.60 4.2602
5820.65 4.2597
5820.70 4.2591
5820.75 4.2585
5820.80 4.2579
5820.85 4.2573
5820.90 4.2567
5820.95 4.2561
5821.00 4.2555
5821.05 4.2549
5821.10 4.2543
5821.15 4.2537
5821.20 4.2531
5821.25 4.2525
5821.30 4.2519
5821.35 4.2513
5821.40 4.2507
5821.45 4.2502
5821.50 4.2496
5821.55 4.2490
5821.60 4.2484
5821.65 4.2478
5821.70 4.2472
5821.75 4.2466
5821.80 4.2460
5821.85 4.2453
5821.90 4.2447
5821.95 4.2441
5822.00 4.2435
5822.05 4.2429
5822.10 4.2423
5822.15 4.2417
5822.20 4.2411
5822.25 4.2405
5822.30 4.2399
5822.35 4.2393
5822.40 4.2387
5822.45 4.2381
5822.50 4.2375
5822.55 4.2369
5822.60 4.2363
5822.65 4.2357
5822.70 4.2350
5822.75 4.2344
5822.80 4.2338
5822.85 4.2332
5822.90 4.2326
5822.95 4.2320
5823.00 4.2314
5823.05 4.2308
5823.10 4.2302
5823.15 4.2295
5823.20 4.2289
5823.25 4.2283
5823.30 4.2277
5823.35 4.2271
5823.40 4.2265
5823.45 4.2259
5823.50 4.2253
5823.55 4.2246
5823.60 4.2240
5823.65 4.2234
5823.70 4.2228
5823.75 4.2222
5823.80 4.2216
5823.85 4.2209
5823.90 4.2203
5823.95 4.2197
5824.00 4.2191
5824.05 4.2185
5824.10 4.2178
5824.15 4.2172
5824.20 4.2166
5824.25 4.2160
5824.30 4.2154
5824.35 4.2148
5824.40 4.2141
5824.45 4.2135
5824.50 4.2129
5824.55 4.2123
5824.60 4.2117
5824.65 4.2110
5824.70 4.2104
5824.75 4.2098
5824.80 4.2092
5824.85 4.2085
5824.90 4.2079
5824.95 4.2073
5825.00 4.2067
5825.05 4.2061
5825.10 4.2054
5825.15 4.2048
5825.20 4.2042
5825.25 4.2036
5825.30 4.2030
5825.35 4.2023
5825.40 4.2017
5825.45 4.2011
5825.50 4.2005
5825.55 4.1998
5825.60 4.1992
5825.65 4.1986
5825.70 4.1980
5825.75 4.1974
5825.80 4.1967
5825.85 4.1961
5825.90 4.1955
5825.95 4.1949
5826.00 4.1942
5826.05 4.1936
5826.10 4.1930
5826.15 4.1924
5826.20 4.1918
5826.25 4.1911
5826.30 4.1905
5826.35 4.1899
5826.40 4.1893
5826.45 4.1887
5826.50 4.1880
5826.55 4.1874
5826.60 4.1868
5826.65 4.1862
5826.70 4.1856
5826.75 4.1849
5826.80 4.1843
5826.85 4.1837
5826.90 4.1831
5826.95 4.1825
5827.00 4.1818
5827.05 4.1812
5827.10 4.1806
5827.15 4.1800
5827.20 4.1794
5827.25 4.1787
5827.30 4.1781
5827.35 4.1775
5827.40 4.1769
5827.45 4.1763
5827.50 4.1757
5827.55 4.1751
5827.60 4.1744
5827.65 4.1738
5827.70 4.1732
5827.75 4.1726
5827.80 4.1720
5827.85 4.1714
5827.90 4.1708
5827.95 4.1702
5828.00 4.1695
5828.05 4.1689
5828.10 4.1683
5828.15 4.1677
5828.20 4.1671
5828.25 4.1665
5828.30 4.1659
5828.35 4.1653
5828.40 4.1647
5828.45 4.1641
5828.50 4.1635
5828.55 4.1629
5828.60 4.1623
5828.65 4.1617
5828.70 4.1611
5828.75 4.1605
5828.80 4.1599
5828.85 4.1593
5828.90 4.1587
5828.95 4.1581
5829.00 4.1575
5829.05 4.1569
5829.10 4.1563
5829.15 4.1557
5829.20 4.1551
5829.25 4.1545
5829.30 4.1539
5829.35 4.1533
5829.40 4.1527
5829.45 4.1522
5829.50 4.1516
5829.55 4.1510
5829.60 4.1504
5829.65 4.1498
5829.70 4.1492
5829.75 4.1486
5829.80 4.1481
5829.85 4.1475
5829.90 4.1469
5829.95 4.1463
5830.00 4.1457
5830.05 4.1452
5830.10 4.1446
5830.15 4.1440
5830.20 4.1434
5830.25 4.1429
5830.30 4.1423
5830.35 4.1417
5830.40 4.1412
5830.45 4.1406
5830.50 4.1400
5830.55 4.1395
5830.60 4.1389
5830.65 4.1383
5830.70 4.1378
5830.75 4.1372
5830.80 4.1367
5830.85 4.1361
5830.90 4.1356
5830.95 4.1350
5831.00 4.1345
5831.05 4.1339
5831.10 4.1334
5831.15 4.1328
5831.20 4.1323
5831.25 4.1317
5831.30 4.1312
5831.35 4.1306
5831.40 4.1301
5831.45 4.1295
5831.50 4.1290
5831.55 4.1285
5831.60 4.1279
5831.65 4.1274
5831.70 4.1269
5831.75 4.1263
5831.80 4.1258
5831.85 4.1253
5831.90 4.1248
5831.95 4.1242
5832.00 4.1237
5832.05 4.1232
5832.10 4.1227
5832.15 4.1222
5832.20 4.1216
5832.25 4.1211
5832.30 4.1206
5832.35 4.1201
5832.40 4.1196
5832.45 4.1191
5832.50 4.1186
5832.55 4.1181
5832.60 4.1176
5832.65 4.1171
5832.70 4.1166
5832.75 4.1161
5832.80 4.1156
5832.85 4.1151
5832.90 4.1146
5832.95 4.1141
5833.00 4.1136
5833.05 4.1131
5833.10 4.1127
5833.15 4.1122
5833.20 4.1117
5833.25 4.1112
5833.30 4.1107
5833.35 4.1103
5833.40 4.1098
5833.45 4.1093
5833.50 4.1089
5833.55 4.1084
5833.60 4.1079
5833.65 4.1075
5833.70 4.1070
5833.75 4.1065
5833.80 4.1061
5833.85 4.1056
5833.90 4.1052
5833.95 4.1047
5834.00 4.1043
5834.05 4.1038
5834.10 4.1034
5834.15 4.1029
5834.20 4.1025
5834.25 4.1020
5834.30 4.1016
5834.35 4.1012
5834.40 4.1007
5834.45 4.1003
5834.50 4.0999
5834.55 4.0995
5834.60 4.0990
5834.65 4.0986
5834.70 4.0982
5834.75 4.0978
5834.80 4.0973
5834.85 4.0969
5834.90 4.0965
5834.95 4.0961
5835.00 4.0957
5835.05 4.0953
5835.10 4.0949
5835.15 4.0945
5835.20 4.0941
5835.25 4.0937
5835.30 4.0933
5835.35 4.0929
5835.40 4.0925
5835.45 4.0921
5835.50 4.0917
5835.55 4.0913
5835.60 4.0910
5835.65 4.0906
5835.70 4.0902
5835.75 4.0898
5835.80 4.0894
5835.85 4.0891
5835.90 4.0887
5835.95 4.0883
5836.00 4.0880
5836.05 4.0876
5836.10 4.0872
5836.15 4.0869
5836.20 4.0865
5836.25 4.0862
5836.30 4.0858
5836.35 4.0855
5836.40 4.0851
5836.45 4.0848
5836.50 4.0844
5836.55 4.0841
5836.60 4.0837
5836.65 4.0834
5836.70 4.0831
5836.75 4.0827
5836.80 4.0824
5836.85 4.0821
5836.90 4.0817
5836.95 4.0814
5837.00 4.0811
5837.05 4.0808
5837.10 4.0804
5837.15 4.0801
5837.20 4.0798
5837.25 4.0795
5837.30 4.0792
5837.35 4.0789
5837.40 4.0786
5837.45 4.0783
5837.50 4.0779
5837.55 4.0776
5837.60 4.0773
5837.65 4.0771
5837.70 4.0768
5837.75 4.0765
5837.80 4.0762
5837.85 4.0759
5837.90 4.0756
5837.95 4.0753
5838.00 4.0750
5838.05 4.0748
5838.10 4.0745
5838.15 4.0742
5838.20 4.0739
5838.25 4.0737
5838.30 4.0734
5838.35 4.0731
5838.40 4.0729
5838.45 4.0726
5838.50 4.0723
5838.55 4.0721
5838.60 4.0718
5838.65 4.0716
5838.70 4.0713
5838.75 4.0711
5838.80 4.0708
5838.85 4.0706
5838.90 4.0703
5838.95 4.0701
5839.00 4.0698
5839.05 4.0696
5839.10 4.0694
5839.15 4.0691
5839.20 4.0689
5839.25 4.0687
5839.30 4.0684
5839.35 4.0682
5839.40 4.0680
5839.45 4.0678
5839.50 4.0675
5839.55 4.0673
5839.60 4.0671
5839.65 4.0669
5839.70 4.0667
5839.75 4.0665
5839.80 4.0663
5839.85 4.0660
5839.90 4.0658
5839.95 4.0656
5840.00 4.0654
5840.05 4.0652
5840.10 4.0650
5840.15 4.0649
5840.20 4.0647
5840.25 4.0645
5840.30 4.0643
5840.35 4.0641
5840.40 4.0639
5840.45 4.0637
5840.50 4.0635
5840.55 4.0634
5840.60 4.0632
5840.65 4.0630
5840.70 4.0628
5840.75 4.0627
5840.80 4.0625
5840.85 4.0623
5840.90 4.0622
5840.95 4.0620
5841.00 4.0618
5841.05 4.0617
5841.10 4.0615
5841.15 4.0614
5841.20 4.0612
5841.25 4.0611
5841.30 4.0609
5841.35 4.0608
5841.40 4.0606
5841.45 4.0605
5841.50 4.0603
5841.55 4.0602
5841.60 4.0600
5841.65 4.0599
5841.70 4.0598
5841.75 4.0596
5841.80 4.0595
5841.85 4.0594
5841.90 4.0592
5841.95 4.0591
5842.00 4.0590
5842.05 4.0589
5842.10 4.0587
5842.15 4.0586
5842.20 4.0585
5842.25 4.0584
5842.30 4.0583
5842.35 4.0582
5842.40 4.0581
5842.45 4.0580
5842.50 4.0578
5842.55 4.0577
5842.60 4.0576
5842.65 4.0575
5842.70 4.0574
5842.75 4.0573
5842.80 4.0572
5842.85 4.0572
5842.90 4.0571
5842.95 4.0570
5843.00 4.0569
5843.05 4.0568
5843.10 4.0567
5843.15 4.0566
5843.20 4.0565
5843.25 4.0565
5843.30 4.0564
5843.35 4.0563
5843.40 4.0562
5843.45 4.0562
5843.50 4.0561
5843.55 4.0560
5843.60 4.0560
5843.65 4.0559
5843.70 4.0558
5843.75 4.0558
5843.80 4.0557
5843.85 4.0557
5843.90 4.0556
5843.95 4.0555
5844.00 4.0555
5844.05 4.0554
5844.10 4.0554
5844.15 4.0553
5844.20 4.0553
5844.25 4.0553
5844.30 4.0552
5844.35 4.0552
5844.40 4.0551
5844.45 4.0551
5844.50 4.0551
5844.55 4.0550
5844.60 4.0550
5844.65 4.0550
5844.70 4.0549
5844.75 4.0549
5844.80 4.0549
5844.85 4.0549
5844.90 4.0548
5844.95 4.0548
5845.00 4.0548
5845.05 4.0548
5845.10 4.0548
5845.15 4.0548
5845.20 4.0548
5845.25 4.0548
5845.30 4.0547
5845.35 4.0547
5845.40 4.0547
5845.45 4.0547
