5049.50 8.4433
5049.55 8.4433
5049.60 8.4433
5049.65 8.4433
5049.70 8.4433
5049.75 8.4433
5049.80 8.4433
5049.85 8.4434
5049.90 8.4434
5049.95 8.4434
5050.00 8.4434
5050.05 8.4434
5050.10 8.4434
5050.15 8.4435
5050.20 8.4435
5050.25 8.4435
5050.30 8.4435
5050.35 8.4435
5050.40 8.4436
5050.45 8.4436
5050.50 8.4436
5050.55 8.4437
5050.60 8.4437
5050.65 8.4437
5050.70 8.4438
5050.75 8.4438
5050.80 8.4438
5050.85 8.4439
5050.90 8.4439
5050.95 8.4439
5051.00 8.4440
5051.05 8.4440
5051.10 8.4441
5051.15 8.4441
5051.20 8.4442
5051.25 8.4442
5051.30 8.4443
5051.35 8.4443
5051.40 8.4444
5051.45 8.4444
5051.50 8.4445
5051.55 8.4445
5051.60 8.4446
5051.65 8.4447
5051.70 8.4447
5051.75 8.4448
5051.80 8.4448
5051.85 8.4449
5051.90 8.4450
5051.95 8.4450
5052.00 8.4451
5052.05 8.4452
5052.10 8.4453
5052.15 8.4453
5052.20 8.4454
5052.25 8.4455
5052.30 8.4455
5052.35 8.4456
5052.40 8.4457
5052.45 8.4458
5052.50 8.4459
5052.55 8.4459
5052.60 8.4460
5052.65 8.4461
5052.70 8.4462
5052.75 8.4463
5052.80 8.4464
5052.85 8.4464
5052.90 8.4465
5052.95 8.4466
5053.00 8.4467
5053.05 8.4468
5053.10 8.4469
5053.15 8.4470
5053.20 8.4471
5053.25 8.4472
5053.30 8.4473
5053.35 8.4473
5053.40 8.4474
5053.45 8.4475
5053.50 8.4476
5053.55 8.4477
5053.60 8.4478
5053.65 8.4479
5053.70 8.4480
5053.75 8.4481
5053.80 8.4482
5053.85 8.4483
5053.90 8.4484
5053.95 8.4485
5054.00 8.4486
5054.05 8.4488
5054.10 8.4489
5054.15 8.4490
5054.20 8.4491
5054.25 8.4492
5054.30 8.4493
5054.35 8.4494
5054.40 8.4495
5054.45 8.4496
5054.50 8.4497
5054.55 8.4498
5054.60 8.4499
5054.65 8.4500
5054.70 8.4502
5054.75 8.4503
5054.80 8.4504
5054.85 8.4505
5054.90 8.4506
5054.95 8.4507
5055.00 8.4508
5055.05 8.4509
5055.10 8.4510
5055.15 8.4512
5055.20 8.4513
5055.25 8.4514
5055.30 8.4515
5055.35 8.4516
5055.40 8.4517
5055.45 8.4518
5055.50 8.4519
5055.55 8.4521
5055.60 8.4522
5055.65 8.4523
5055.70 8.4524
5055.75 8.4525
5055.80 8.4526
5055.85 8.4527
5055.90 8.4528
5055.95 8.4530
5056.00 8.4531
5056.05 8.4532
5056.10 8.4533
5056.15 8.4534
5056.20 8.4535
5056.25 8.4536
5056.30 8.4537
5056.35 8.4538
5056.40 8.4540
5056.45 8.4541
5056.50 8.4542
5056.55 8.4543
5056.60 8.4544
5056.65 8.4545
5056.70 8.4546
5056.75 8.4547
5056.80 8.4548
5056.85 8.4549
5056.90 8.4550
5056.95 8.4551
5057.00 8.4553
5057.05 8.4554
5057.10 8.4555
5057.15 8.4556
5057.20 8.4557
5057.25 8.4558
5057.30 8.4559
5057.35 8.4560
5057.40 8.4561
5057.45 8.4562
5057.50 8.4563
5057.55 8.4564
5057.60 8.4565
5057.65 8.4566
5057.70 8.4567
5057.75 8.4567
5057.80 8.4568
5057.85 8.4569
5057.90 8.4570
5057.95 8.4571
5058.00 8.4572
5058.05 8.4573
5058.10 8.4574
5058.15 8.4575
5058.20 8.4576
5058.25 8.4576
5058.30 8.4577
5058.35 8.4578
5058.40 8.4579
5058.45 8.4580
5058.50 8.4581
5058.55 8.4581
5058.60 8.4582
5058.65 8.4583
5058.70 8.4584
5058.75 8.4585
5058.80 8.4585
5058.85 8.4586
5058.90 8.4587
5058.95 8.4587
5059.00 8.4588
5059.05 8.4589
5059.10 8.4589
5059.15 8.4590
5059.20 8.4591
5059.25 8.4591
5059.30 8.4592
5059.35 8.4593
5059.40 8.4593
5059.45 8.4594
5059.50 8.4594
5059.55 8.4595
5059.60 8.4596
5059.65 8.4596
5059.70 8.4597
5059.75 8.4597
5059.80 8.4598
5059.85 8.4598
5059.90 8.4599
5059.95 8.4599
5060.00 8.4600
5060.05 8.4600
5060.10 8.4600
5060.15 8.4601
5060.20 8.4601
5060.25 8.4602
5060.30 8.4602
5060.35 8.4602
5060.40 8.4603
5060.45 8.4603
5060.50 8.4603
5060.55 8.4603
5060.60 8.4604
5060.65 8.4604
5060.70 8.4604
5060.75 8.4604
5060.80 8.4605
5060.85 8.4605
5060.90 8.4605
5060.95 8.4605
5061.00 8.4605
5061.05 8.4606
5061.10 8.4606
5061.15 8.4606
5061.20 8.4606
5061.25 8.4606
5061.30 8.4606
5061.35 8.4606
5061.40 8.4606
5061.45 8.4606
5061.50 8.4606
5061.55 8.4606
5061.60 8.4606
5061.65 8.4606
5061.70 8.4606
5061.75 8.4606
5061.80 8.4606
5061.85 8.4606
5061.90 8.4606
5061.95 8.4606
5062.00 8.4605
5062.05 8.4605
5062.10 8.4605
5062.15 8.4605
5062.20 8.4605
5062.25 8.4605
5062.30 8.4604
5062.35 8.4604
5062.40 8.4604
5062.45 8.4603
5062.50 8.4603
5062.55 8.4603
5062.60 8.4603
5062.65 8.4602
5062.70 8.4602
5062.75 8.4601
5062.80 8.4601
5062.85 8.4601
5062.90 8.4600
5062.95 8.4600
5063.00 8.4599
5063.05 8.4599
5063.10 8.4598
5063.15 8.4598
5063.20 8.4598
5063.25 8.4597
5063.30 8.4596
5063.35 8.4596
5063.40 8.4595
5063.45 8.4595
5063.50 8.4594
5063.55 8.4594
5063.60 8.4593
5063.65 8.4592
5063.70 8.4592
5063.75 8.4591
5063.80 8.4590
5063.85 8.4590
5063.90 8.4589
5063.95 8.4588
5064.00 8.4588
5064.05 8.4587
5064.10 8.4586
5064.15 8.4585
5064.20 8.4585
5064.25 8.4584
5064.30 8.4583
5064.35 8.4582
5064.40 8.4581
5064.45 8.4580
5064.50 8.4580
5064.55 8.4579
5064.60 8.4578
5064.65 8.4577
5064.70 8.4576
5064.75 8.4575
5064.80 8.4574
5064.85 8.4573
5064.90 8.4572
5064.95 8.4571
5065.00 8.4570
5065.05 8.4569
5065.10 8.4568
5065.15 8.4567
5065.20 8.4566
5065.25 8.4565
5065.30 8.4564
5065.35 8.4563
5065.40 8.4562
5065.45 8.4561
5065.50 8.4560
5065.55 8.4559
5065.60 8.4558
5065.65 8.4556
5065.70 8.4555
5065.75 8.4554
5065.80 8.4553
5065.85 8.4552
5065.90 8.4551
5065.95 8.4549
5066.00 8.4548
5066.05 8.4547
5066.10 8.4546
5066.15 8.4544
5066.20 8.4543
5066.25 8.4542
5066.30 8.4541
5066.35 8.4539
5066.40 8.4538
5066.45 8.4537
5066.50 8.4535
5066.55 8.4534
5066.60 8.4533
5066.65 8.4531
5066.70 8.4530
5066.75 8.4529
5066.80 8.4527
5066.85 8.4526
5066.90 8.4525
5066.95 8.4523
5067.00 8.4522
5067.05 8.4520
5067.10 8.4519
5067.15 8.4517
5067.20 8.4516
5067.25 8.4515
5067.30 8.4513
5067.35 8.4512
5067.40 8.4510
5067.45 8.4509
5067.50 8.4507
5067.55 8.4506
5067.60 8.4504
5067.65 8.4503
5067.70 8.4501
5067.75 8.4499
5067.80 8.4498
5067.85 8.4496
5067.90 8.4495
5067.95 8.4493
5068.00 8.4492
5068.05 8.4490
5068.10 8.4488
5068.15 8.4487
5068.20 8.4485
5068.25 8.4483
5068.30 8.4482
5068.35 8.4480
5068.40 8.4479
5068.45 8.4477
5068.50 8.4475
5068.55 8.4473
5068.60 8.4472
5068.65 8.4470
5068.70 8.4468
5068.75 8.4467
5068.80 8.4465
5068.85 8.4463
5068.90 8.4461
5068.95 8.4460
5069.00 8.4458
5069.05 8.4456
5069.10 8.4454
5069.15 8.4453
5069.20 8.4451
5069.25 8.4449
5069.30 8.4447
5069.35 8.4445
5069.40 8.4444
5069.45 8.4442
5069.50 8.4440
5069.55 8.4438
5069.60 8.4436
5069.65 8.4434
5069.70 8.4433
5069.75 8.4431
5069.80 8.4429
5069.85 8.4427
5069.90 8.4425
5069.95 8.4423
5070.00 8.4421
5070.05 8.4419
5070.10 8.4417
5070.15 8.4415
5070.20 8.4414
5070.25 8.4412
5070.30 8.4410
5070.35 8.4408
5070.40 8.4406
5070.45 8.4404
5070.50 8.4402
5070.55 8.4400
5070.60 8.4398
5070.65 8.4396
5070.70 8.4394
5070.75 8.4392
5070.80 8.4390
5070.85 8.4388
5070.90 8.4386
5070.95 8.4383
5071.00 8.4381
5071.05 8.4379
5071.10 8.4377
5071.15 8.4375
5071.20 8.4373
5071.25 8.4371
5071.30 8.4369
5071.35 8.4367
5071.40 8.4365
5071.45 8.4362
5071.50 8.4360
5071.55 8.4358
5071.60 8.4356
5071.65 8.4354
5071.70 8.4352
5071.75 8.4350
5071.80 8.4347
5071.85 8.4345
5071.90 8.4343
5071.95 8.4341
5072.00 8.4339
5072.05 8.4336
5072.10 8.4334
5072.15 8.4332
5072.20 8.4330
5072.25 8.4327
5072.30 8.4325
5072.35 8.4323
5072.40 8.4320
5072.45 8.4318
5072.50 8.4316
5072.55 8.4314
5072.60 8.4311
5072.65 8.4309
5072.70 8.4307
5072.75 8.4304
5072.80 8.4302
5072.85 8.4300
5072.90 8.4297
5072.95 8.4295
5073.00 8.4292
5073.05 8.4290
5073.10 8.4288
5073.15 8.4285
5073.20 8.4283
5073.25 8.4280
5073.30 8.4278
5073.35 8.4276
5073.40 8.4273
5073.45 8.4271
5073.50 8.4268
5073.55 8.4266
5073.60 8.4263
5073.65 8.4261
5073.70 8.4258
5073.75 8.4256
5073.80 8.4253
5073.85 8.4251
5073.90 8.4248
5073.95 8.4246
5074.00 8.4243
5074.05 8.4241
5074.10 8.4238
5074.15 8.4235
5074.20 8.4233
5074.25 8.4230
5074.30 8.4228
5074.35 8.4225
5074.40 8.4223
5074.45 8.4220
5074.50 8.4217
5074.55 8.4215
5074.60 8.4212
5074.65 8.4209
5074.70 8.4207
5074.75 8.4204
5074.80 8.4201
5074.85 8.4199
5074.90 8.4196
5074.95 8.4193
5075.00 8.4191
5075.05 8.4188
5075.10 8.4185
5075.15 8.4183
5075.20 8.4180
5075.25 8.4177
5075.30 8.4174
5075.35 8.4172
5075.40 8.4169
5075.45 8.4166
5075.50 8.4163
5075.55 8.4160
5075.60 8.4158
5075.65 8.4155
5075.70 8.4152
5075.75 8.4149
5075.80 8.4146
5075.85 8.4144
5075.90 8.4141
5075.95 8.4138
5076.00 8.4135
5076.05 8.4132
5076.10 8.4129
5076.15 8.4126
5076.20 8.4124
5076.25 8.4121
5076.30 8.4118
5076.35 8.4115
5076.40 8.4112
5076.45 8.4109
5076.50 8.4106
5076.55 8.4103
5076.60 8.4100
5076.65 8.4097
5076.70 8.4094
5076.75 8.4091
5076.80 8.4089
5076.85 8.4086
5076.90 8.4083
5076.95 8.4080
5077.00 8.4077
5077.05 8.4074
5077.10 8.4071
5077.15 8.4068
5077.20 8.4065
5077.25 8.4062
5077.30 8.4059
5077.35 8.4056
5077.40 8.4052
5077.45 8.4049
5077.50 8.4046
5077.55 8.4043
5077.60 8.4040
5077.65 8.4037
5077.70 8.4034
5077.75 8.4031
5077.80 8.4028
5077.85 8.4025
5077.90 8.4022
5077.95 8.4019
5078.00 8.4016
5078.05 8.4012
5078.10 8.4009
5078.15 8.4006
5078.20 8.4003
5078.25 8.4000
5078.30 8.3997
5078.35 8.3994
5078.40 8.3990
5078.45 8.3987
5078.50 8.3984
5078.55 8.3981
5078.60 8.3978
5078.65 8.3975
5078.70 8.3971
5078.75 8.3968
5078.80 8.3965
5078.85 8.3962
5078.90 8.3959
5078.95 8.3955
5079.00 8.3952
5079.05 8.3949
5079.10 8.3946
5079.15 8.3943
5079.20 8.3939
5079.25 8.3936
5079.30 8.3933
5079.35 8.3930
5079.40 8.3926
5079.45 8.3923
5079.50 8.3920
5079.55 8.3917
5079.60 8.3913
5079.65 8.3910
5079.70 8.3907
5079.75 8.3903
5079.80 8.3900
5079.85 8.3897
5079.90 8.3894
5079.95 8.3890
5080.00 8.3887
5080.05 8.3884
5080.10 8.3880
5080.15 8.3877
5080.20 8.3874
5080.25 8.3870
5080.30 8.3867
5080.35 8.3864
5080.40 8.3860
5080.45 8.3857
5080.50 8.3854
5080.55 8.3850
5080.60 8.3847
5080.65 8.3844
5080.70 8.3840
5080.75 8.3837
5080.80 8.3834
5080.85 8.3830
5080.90 8.3827
5080.95 8.3823
5081.00 8.3820
5081.05 8.3817
5081.10 8.3813
5081.15 8.3810
5081.20 8.3806
5081.25 8.3803
5081.30 8.3800
5081.35 8.3796
5081.40 8.3793
5081.45 8.3789
5081.50 8.3786
5081.55 8.3783
5081.60 8.3779
5081.65 8.3776
5081.70 8.3772
5081.75 8.3769
5081.80 8.3765
5081.85 8.3762
5081.90 8.3759
5081.95 8.3755
5082.00 8.3752
5082.05 8.3748
5082.10 8.3745
5082.15 8.3741
5082.20 8.3738
5082.25 8.3734
5082.30 8.3731
5082.35 8.3728
5082.40 8.3724
5082.45 8.3721
5082.50 8.3717
5082.55 8.3714
5082.60 8.3710
5082.65 8.3707
5082.70 8.3703
5082.75 8.3700
5082.80 8.3696
5082.85 8.3693
5082.90 8.3689
5082.95 8.3686
5083.00 8.3682
5083.05 8.3679
5083.10 8.3675
5083.15 8.3672
5083.20 8.3668
5083.25 8.3665
5083.30 8.3661
5083.35 8.3658
5083.40 8.3654
5083.45 8.3651
5083.50 8.3647
5083.55 8.3644
5083.60 8.3640
5083.65 8.3637
5083.70 8.3633
5083.75 8.3630
5083.80 8.3626
5083.85 8.3622
5083.90 8.3619
5083.95 8.3615
5084.00 8.3612
5084.05 8.3608
5084.10 8.3605
5084.15 8.3601
5084.20 8.3598
5084.25 8.3594
5084.30 8.3591
5084.35 8.3587
5084.40 8.3583
5084.45 8.3580
5084.50 8.3576
5084.55 8.3573
5084.60 8.3569
5084.65 8.3566
5084.70 8.3562
5084.75 8.3559
5084.80 8.3555
5084.85 8.3551
5084.90 8.3548
5084.95 8.3544
5085.00 8.3541
5085.05 8.3537
5085.10 8.3534
5085.15 8.3530
5085.20 8.3526
5085.25 8.3523
5085.30 8.3519
5085.35 8.3516
5085.40 8.3512
5085.45 8.3509
5085.50 8.3505
5085.55 8.3501
5085.60 8.3498
5085.65 8.3494
5085.70 8.3491
5085.75 8.3487
5085.80 8.3484
5085.85 8.3480
5085.90 8.3476
5085.95 8.3473
5086.00 8.3469
5086.05 8.3466
5086.10 8.3462
5086.15 8.3458
5086.20 8.3455
5086.25 8.3451
5086.30 8.3448
5086.35 8.3444
5086.40 8.3441
5086.45 8.3437
5086.50 8.3433
5086.55 8.3430
5086.60 8.3426
5086.65 8.3423
5086.70 8.3419
5086.75 8.3416
5086.80 8.3412
5086.85 8.3408
5086.90 8.3405
5086.95 8.3401
5087.00 8.3398
5087.05 8.3394
5087.10 8.3390
5087.15 8.3387
5087.20 8.3383
5087.25 8.3380
5087.30 8.3376
5087.35 8.3373
5087.40 8.3369
5087.45 8.3365
5087.50 8.3362
5087.55 8.3358
5087.60 8.3355
5087.65 8.3351
5087.70 8.3348
5087.75 8.3344
5087.80 8.3341
5087.85 8.3337
5087.90 8.3333
5087.95 8.3330
5088.00 8.3326
5088.05 8.3323
5088.10 8.3319
5088.15 8.3316
5088.20 8.3312
5088.25 8.3309
5088.30 8.3305
5088.35 8.3302
5088.40 8.3298
5088.45 8.3294
5088.50 8.3291
5088.55 8.3287
5088.60 8.3284
5088.65 8.3280
5088.70 8.3277
5088.75 8.3273
5088.80 8.3270
5088.85 8.3266
5088.90 8.3263
5088.95 8.3259
5089.00 8.3256
5089.05 8.3252
5089.10 8.3249
5089.15 8.3245
5089.20 8.3242
5089.25 8.3238
5089.30 8.3235
5089.35 8.3231
5089.40 8.3228
5089.45 8.3224
5089.50 8.3221
5089.55 8.3217
5089.60 8.3214
5089.65 8.3210
5089.70 8.3207
5089.75 8.3203
5089.80 8.3200
5089.85 8.3197
5089.90 8.3193
5089.95 8.3190
5090.00 8.3186
5090.05 8.3183
5090.10 8.3179
5090.15 8.3176
5090.20 8.3172
5090.25 8.3169
5090.30 8.3166
5090.35 8.3162
5090.40 8.3159
5090.45 8.3155
5090.50 8.3152
5090.55 8.3149
5090.60 8.3145
5090.65 8.3142
5090.70 8.3138
5090.75 8.3135
5090.80 8.3132
5090.85 8.3128
5090.90 8.3125
5090.95 8.3121
5091.00 8.3118
5091.05 8.3115
5091.10 8.3111
5091.15 8.3108
5091.20 8.3105
5091.25 8.3101
5091.30 8.3098
5091.35 8.3094
5091.40 8.3091
5091.45 8.3088
5091.50 8.3084
5091.55 8.3081
5091.60 8.3078
5091.65 8.3074
5091.70 8.3071
5091.75 8.3068
5091.80 8.3064
5091.85 8.3061
5091.90 8.3058
5091.95 8.3055
5092.00 8.3051
5092.05 8.3048
5092.10 8.3045
5092.15 8.3041
5092.20 8.3038
5092.25 8.3035
5092.30 8.3032
5092.35 8.3028
5092.40 8.3025
5092.45 8.3022
5092.50 8.3018
5092.55 8.3015
5092.60 8.3012
5092.65 8.3009
5092.70 8.3005
5092.75 8.3002
5092.80 8.2999
5092.85 8.2996
5092.90 8.2992
5092.95 8.2989
5093.00 8.2986
5093.05 8.2983
5093.10 8.2980
5093.15 8.2976
5093.20 8.2973
5093.25 8.2970
5093.30 8.2967
5093.35 8.2964
5093.40 8.2960
5093.45 8.2957
5093.50 8.2954
5093.55 8.2951
5093.60 8.2948
5093.65 8.2944
5093.70 8.2941
5093.75 8.2938
5093.80 8.2935
5093.85 8.2932
5093.90 8.2929
5093.95 8.2925
5094.00 8.2922
5094.05 8.2919
5094.10 8.2916
5094.15 8.2913
5094.20 8.2910
5094.25 8.2906
5094.30 8.2903
5094.35 8.2900
5094.40 8.2897
5094.45 8.2894
5094.50 8.2891
5094.55 8.2888
5094.60 8.2884
5094.65 8.2881
5094.70 8.2878
5094.75 8.2875
5094.80 8.2872
5094.85 8.2869
5094.90 8.2866
5094.95 8.2863
5095.00 8.2860
5095.05 8.2856
5095.10 8.2853
5095.15 8.2850
5095.20 8.2847
5095.25 8.2844
5095.30 8.2841
5095.35 8.2838
5095.40 8.2835
5095.45 8.2832
5095.50 8.2829
5095.55 8.2826
5095.60 8.2822
5095.65 8.2819
5095.70 8.2816
5095.75 8.2813
5095.80 8.2810
5095.85 8.2807
5095.90 8.2804
5095.95 8.2801
5096.00 8.2798
5096.05 8.2795
5096.10 8.2792
5096.15 8.2789
5096.20 8.2786
5096.25 8.2783
5096.30 8.2780
5096.35 8.2777
5096.40 8.2774
5096.45 8.2770
5096.50 8.2767
5096.55 8.2764
5096.60 8.2761
5096.65 8.2758
5096.70 8.2755
5096.75 8.2752
5096.80 8.2749
5096.85 8.2746
5096.90 8.2743
5096.95 8.2740
5097.00 8.2737
5097.05 8.2734
5097.10 8.2731
5097.15 8.2728
5097.20 8.2725
5097.25 8.2722
5097.30 8.2719
5097.35 8.2716
5097.40 8.2713
5097.45 8.2710
5097.50 8.2707
5097.55 8.2704
5097.60 8.2701
5097.65 8.2698
5097.70 8.2695
5097.75 8.2692
5097.80 8.2689
5097.85 8.2686
5097.90 8.2683
5097.95 8.2680
5098.00 8.2677
5098.05 8.2674
5098.10 8.2671
5098.15 8.2668
5098.20 8.2665
5098.25 8.2662
5098.30 8.2659
5098.35 8.2656
5098.40 8.2653
5098.45 8.2650
5098.50 8.2647
5098.55 8.2644
5098.60 8.2641
5098.65 8.2638
5098.70 8.2636
5098.75 8.2633
5098.80 8.2630
5098.85 8.2627
5098.90 8.2624
5098.95 8.2621
5099.00 8.2618
5099.05 8.2615
5099.10 8.2612
5099.15 8.2609
5099.20 8.2606
5099.25 8.2603
5099.30 8.2600
5099.35 8.2597
5099.40 8.2594
5099.45 8.2591
5099.50 8.2589
5099.55 8.2586
5099.60 8.2583
5099.65 8.2580
5099.70 8.2577
5099.75 8.2574
5099.80 8.2571
5099.85 8.2568
5099.90 8.2565
5099.95 8.2562
5100.00 8.2559
5100.05 8.2557
5100.10 8.2554
5100.15 8.2551
5100.20 8.2548
5100.25 8.2545
5100.30 8.2542
5100.35 8.2539
5100.40 8.2536
5100.45 8.2534
5100.50 8.2531
5100.55 8.2528
5100.60 8.2525
5100.65 8.2522
5100.70 8.2519
5100.75 8.2516
5100.80 8.2514
5100.85 8.2511
5100.90 8.2508
5100.95 8.2505
5101.00 8.2502
5101.05 8.2499
5101.10 8.2497
5101.15 8.2494
5101.20 8.2491
5101.25 8.2488
5101.30 8.2485
5101.35 8.2483
5101.40 8.2480
5101.45 8.2477
5101.50 8.2474
5101.55 8.2471
5101.60 8.2469
5101.65 8.2466
5101.70 8.2463
5101.75 8.2460
5101.80 8.2457
5101.85 8.2455
5101.90 8.2452
5101.95 8.2449
5102.00 8.2446
5102.05 8.2444
5102.10 8.2441
5102.15 8.2438
5102.20 8.2436
5102.25 8.2433
5102.30 8.2430
5102.35 8.2427
5102.40 8.2425
5102.45 8.2422
5102.50 8.2419
5102.55 8.2417
5102.60 8.2414
5102.65 8.2411
5102.70 8.2408
5102.75 8.2406
5102.80 8.2403
5102.85 8.2400
5102.90 8.2398
5102.95 8.2395
5103.00 8.2392
5103.05 8.2390
5103.10 8.2387
5103.15 8.2385
5103.20 8.2382
5103.25 8.2379
5103.30 8.2377
5103.35 8.2374
5103.40 8.2371
5103.45 8.2369
5103.50 8.2366
5103.55 8.2364
5103.60 8.2361
5103.65 8.2358
5103.70 8.2356
5103.75 8.2353
5103.80 8.2351
5103.85 8.2348
5103.90 8.2346
5103.95 8.2343
5104.00 8.2341
5104.05 8.2338
5104.10 8.2335
5104.15 8.2333
5104.20 8.2330
5104.25 8.2328
5104.30 8.2325
5104.35 8.2323
5104.40 8.2320
5104.45 8.2318
5104.50 8.2315
5104.55 8.2313
5104.60 8.2310
5104.65 8.2308
5104.70 8.2306
5104.75 8.2303
5104.80 8.2301
5104.85 8.2298
5104.90 8.2296
5104.95 8.2293
5105.00 8.2291
5105.05 8.2288
5105.10 8.2286
5105.15 8.2284
5105.20 8.2281
5105.25 8.2279
5105.30 8.2276
5105.35 8.2274
5105.40 8.2272
5105.45 8.2269
5105.50 8.2267
5105.55 8.2264
5105.60 8.2262
5105.65 8.2260
5105.70 8.2257
5105.75 8.2255
5105.80 8.2253
5105.85 8.2250
5105.90 8.2248
5105.95 8.2246
5106.00 8.2243
5106.05 8.2241
5106.10 8.2239
5106.15 8.2237
5106.20 8.2234
5106.25 8.2232
5106.30 8.2230
5106.35 8.2227
5106.40 8.2225
5106.45 8.2223
5106.50 8.2221
5106.55 8.2218
5106.60 8.2216
5106.65 8.2214
5106.70 8.2212
5106.75 8.2209
5106.80 8.2207
5106.85 8.2205
5106.90 8.2203
5106.95 8.2201
5107.00 8.2198
5107.05 8.2196
5107.10 8.2194
5107.15 8.2192
5107.20 8.2190
5107.25 8.2187
5107.30 8.2185
5107.35 8.2183
5107.40 8.2181
5107.45 8.2179
5107.50 8.2177
5107.55 8.2175
5107.60 8.2172
5107.65 8.2170
5107.70 8.2168
5107.75 8.2166
5107.80 8.2164
5107.85 8.2162
5107.90 8.2160
5107.95 8.2158
5108.00 8.2156
5108.05 8.2153
5108.10 8.2151
5108.15 8.2149
5108.20 8.2147
5108.25 8.2145
5108.30 8.2143
5108.35 8.2141
5108.40 8.2139
5108.45 8.2137
5108.50 8.2135
5108.55 8.2133
5108.60 8.2131
5108.65 8.2129
5108.70 8.2127
5108.75 8.2125
5108.80 8.2123
5108.85 8.2121
5108.90 8.2119
5108.95 8.2117
5109.00 8.2115
5109.05 8.2113
5109.10 8.2111
5109.15 8.2109
5109.20 8.2107
5109.25 8.2105
5109.30 8.2103
5109.35 8.2101
5109.40 8.2099
5109.45 8.2097
5109.50 8.2095
5109.55 8.2093
5109.60 8.2092
5109.65 8.2090
5109.70 8.2088
5109.75 8.2086
5109.80 8.2084
5109.85 8.2082
5109.90 8.2080
5109.95 8.2078
5110.00 8.2076
5110.05 8.2074
5110.10 8.2073
5110.15 8.2071
5110.20 8.2069
5110.25 8.2067
5110.30 8.2065
5110.35 8.2063
5110.40 8.2061
5110.45 8.2060
5110.50 8.2058
5110.55 8.2056
5110.60 8.2054
5110.65 8.2052
5110.70 8.2050
5110.75 8.2049
5110.80 8.2047
5110.85 8.2045
5110.90 8.2043
5110.95 8.2041
5111.00 8.2040
5111.05 8.2038
5111.10 8.2036
5111.15 8.2034
5111.20 8.2033
5111.25 8.2031
5111.30 8.2029
5111.35 8.2027
5111.40 8.2026
5111.45 8.2024
5111.50 8.2022
5111.55 8.2020
5111.60 8.2019
5111.65 8.2017
5111.70 8.2015
5111.75 8.2013
5111.80 8.2012
5111.85 8.2010
5111.90 8.2008
5111.95 8.2007
5112.00 8.2005
5112.05 8.2003
5112.10 8.2002
5112.15 8.2000
5112.20 8.1998
5112.25 8.1997
5112.30 8.1995
5112.35 8.1993
5112.40 8.1992
5112.45 8.1990
5112.50 8.1988
5112.55 8.1987
5112.60 8.1985
5112.65 8.1983
5112.70 8.1982
5112.75 8.1980
5112.80 8.1979
5112.85 8.1977
5112.90 8.1975
5112.95 8.1974
5113.00 8.1972
5113.05 8.1971
5113.10 8.1969
5113.15 8.1967
5113.20 8.1966
5113.25 8.1964
5113.30 8.1963
5113.35 8.1961
5113.40 8.1960
5113.45 8.1958
5113.50 8.1956
5113.55 8.1955
5113.60 8.1953
5113.65 8.1952
5113.70 8.1950
5113.75 8.1949
5113.80 8.1947
5113.85 8.1946
5113.90 8.1944
5113.95 8.1943
5114.00 8.1941
5114.05 8.1940
5114.10 8.1938
5114.15 8.1937
5114.20 8.1935
5114.25 8.1934
5114.30 8.1932
5114.35 8.1931
5114.40 8.1929
5114.45 8.1928
5114.50 8.1926
5114.55 8.1925
5114.60 8.1924
5114.65 8.1922
5114.70 8.1921
5114.75 8.1919
5114.80 8.1918
5114.85 8.1916
5114.90 8.1915
5114.95 8.1914
5115.00 8.1912
5115.05 8.1911
5115.10 8.1909
5115.15 8.1908
5115.20 8.1906
5115.25 8.1905
5115.30 8.1904
5115.35 8.1902
5115.40 8.1901
5115.45 8.1900
5115.50 8.1898
5115.55 8.1897
5115.60 8.1895
5115.65 8.1894
5115.70 8.1893
5115.75 8.1891
5115.80 8.1890
5115.85 8.1889
5115.90 8.1887
5115.95 8.1886
5116.00 8.1885
5116.05 8.1883
5116.10 8.1882
5116.15 8.1881
5116.20 8.1879
5116.25 8.1878
5116.30 8.1877
5116.35 8.1875
5116.40 8.1874
5116.45 8.1873
5116.50 8.1871
5116.55 8.1870
5116.60 8.1869
5116.65 8.1867
5116.70 8.1866
5116.75 8.1865
5116.80 8.1863
5116.85 8.1862
5116.90 8.1861
5116.95 8.1860
5117.00 8.1858
5117.05 8.1857
5117.10 8.1856
5117.15 8.1854
5117.20 8.1853
5117.25 8.1852
5117.30 8.1851
5117.35 8.1849
5117.40 8.1848
5117.45 8.1847
5117.50 8.1845
5117.55 8.1844
5117.60 8.1843
5117.65 8.1842
5117.70 8.1840
5117.75 8.1839
5117.80 8.1838
5117.85 8.1836
5117.90 8.1835
5117.95 8.1834
5118.00 8.1833
5118.05 8.1831
5118.10 8.1830
5118.15 8.1829
5118.20 8.1828
5118.25 8.1826
5118.30 8.1825
5118.35 8.1824
5118.40 8.1823
5118.45 8.1821
5118.50 8.1820
5118.55 8.1819
5118.60 8.1817
5118.65 8.1816
5118.70 8.1815
5118.75 8.1814
5118.80 8.1812
5118.85 8.1811
5118.90 8.1810
5118.95 8.1809
5119.00 8.1807
5119.05 8.1806
5119.10 8.1805
5119.15 8.1803
5119.20 8.1802
5119.25 8.1801
5119.30 8.1800
5119.35 8.1798
5119.40 8.1797
5119.45 8.1796
5119.50 8.1794
5119.55 8.1793
5119.60 8.1792
5119.65 8.1790
5119.70 8.1789
5119.75 8.1788
5119.80 8.1787
5119.85 8.1785
5119.90 8.1784
5119.95 8.1783
5120.00 8.1781
5120.05 8.1780
5120.10 8.1779
5120.15 8.1777
5120.20 8.1776
5120.25 8.1775
5120.30 8.1773
5120.35 8.1772
5120.40 8.1771
5120.45 8.1769
5120.50 8.1768
5120.55 8.1767
5120.60 8.1765
5120.65 8.1764
5120.70 8.1762
5120.75 8.1761
5120.80 8.1760
5120.85 8.1758
5120.90 8.1757
5120.95 8.1756
5121.00 8.1754
5121.05 8.1753
5121.10 8.1751
5121.15 8.1750
5121.20 8.1749
5121.25 8.1747
5121.30 8.1746
5121.35 8.1744
5121.40 8.1743
5121.45 8.1741
5121.50 8.1740
5121.55 8.1738
5121.60 8.1737
5121.65 8.1736
5121.70 8.1734
5121.75 8.1733
5121.80 8.1731
5121.85 8.1730
5121.90 8.1728
5121.95 8.1727
5122.00 8.1725
5122.05 8.1724
5122.10 8.1722
5122.15 8.1721
5122.20 8.1719
5122.25 8.1718
5122.30 8.1716
5122.35 8.1714
5122.40 8.1713
5122.45 8.1711
5122.50 8.1710
5122.55 8.1708
5122.60 8.1707
5122.65 8.1705
5122.70 8.1704
5122.75 8.1702
5122.80 8.1700
5122.85 8.1699
5122.90 8.1697
5122.95 8.1695
5123.00 8.1694
5123.05 8.1692
5123.10 8.1691
5123.15 8.1689
5123.20 8.1687
5123.25 8.1686
5123.30 8.1684
5123.35 8.1682
5123.40 8.1681
5123.45 8.1679
5123.50 8.1677
5123.55 8.1676
5123.60 8.1674
5123.65 8.1672
5123.70 8.1670
5123.75 8.1669
5123.80 8.1667
5123.85 8.1665
5123.90 8.1664
5123.95 8.1662
5124.00 8.1660
5124.05 8.1658
5124.10 8.1656
5124.15 8.1655
5124.20 8.1653
5124.25 8.1651
5124.30 8.1649
5124.35 8.1648
5124.40 8.1646
5124.45 8.1644
5124.50 8.1642
5124.55 8.1640
5124.60 8.1638
5124.65 8.1637
5124.70 8.1635
5124.75 8.1633
5124.80 8.1631
5124.85 8.1629
5124.90 8.1627
5124.95 8.1625
5125.00 8.1624
5125.05 8.1622
5125.10 8.1620
5125.15 8.1618
5125.20 8.1616
5125.25 8.1614
5125.30 8.1612
5125.35 8.1610
5125.40 8.1608
5125.45 8.1606
5125.50 8.1604
5125.55 8.1603
5125.60 8.1601
5125.65 8.1599
5125.70 8.1597
5125.75 8.1595
5125.80 8.1593
5125.85 8.1591
5125.90 8.1589
5125.95 8.1587
5126.00 8.1585
5126.05 8.1583
5126.10 8.1581
5126.15 8.1579
5126.20 8.1577
5126.25 8.1575
5126.30 8.1573
5126.35 8.1571
5126.40 8.1569
5126.45 8.1567
5126.50 8.1565
5126.55 8.1563
5126.60 8.1560
5126.65 8.1558
5126.70 8.1556
5126.75 8.1554
5126.80 8.1552
5126.85 8.1550
5126.90 8.1548
5126.95 8.1546
5127.00 8.1544
5127.05 8.1542
5127.10 8.1540
5127.15 8.1538
5127.20 8.1536
5127.25 8.1533
5127.30 8.1531
5127.35 8.1529
5127.40 8.1527
5127.45 8.1525
5127.50 8.1523
5127.55 8.1521
5127.60 8.1519
5127.65 8.1516
5127.70 8.1514
5127.75 8.1512
5127.80 8.1510
5127.85 8.1508
5127.90 8.1506
5127.95 8.1504
5128.00 8.1501
5128.05 8.1499
5128.10 8.1497
5128.15 8.1495
5128.20 8.1493
5128.25 8.1491
5128.30 8.1489
5128.35 8.1486
5128.40 8.1484
5128.45 8.1482
5128.50 8.1480
5128.55 8.1478
5128.60 8.1475
5128.65 8.1473
5128.70 8.1471
5128.75 8.1469
5128.80 8.1467
5128.85 8.1465
5128.90 8.1462
5128.95 8.1460
5129.00 8.1458
5129.05 8.1456
5129.10 8.1454
5129.15 8.1451
5129.20 8.1449
5129.25 8.1447
5129.30 8.1445
5129.35 8.1443
5129.40 8.1440
5129.45 8.1438
5129.50 8.1436
5129.55 8.1434
5129.60 8.1431
5129.65 8.1429
5129.70 8.1427
5129.75 8.1425
5129.80 8.1423
5129.85 8.1420
5129.90 8.1418
5129.95 8.1416
5130.00 8.1414
5130.05 8.1411
5130.10 8.1409
5130.15 8.1407
5130.20 8.1405
5130.25 8.1403
5130.30 8.1400
5130.35 8.1398
5130.40 8.1396
5130.45 8.1394
5130.50 8.1391
5130.55 8.1389
5130.60 8.1387
5130.65 8.1385
5130.70 8.1382
5130.75 8.1380
5130.80 8.1378
5130.85 8.1376
5130.90 8.1374
5130.95 8.1371
5131.00 8.1369
5131.05 8.1367
5131.10 8.1365
5131.15 8.1362
5131.20 8.1360
5131.25 8.1358
5131.30 8.1356
5131.35 8.1353
5131.40 8.1351
5131.45 8.1349
5131.50 8.1347
5131.55 8.1344
5131.60 8.1342
5131.65 8.1340
5131.70 8.1338
5131.75 8.1335
5131.80 8.1333
5131.85 8.1331
5131.90 8.1328
5131.95 8.1326
5132.00 8.1324
5132.05 8.1322
5132.10 8.1319
5132.15 8.1317
5132.20 8.1315
5132.25 8.1313
5132.30 8.1310
5132.35 8.1308
5132.40 8.1306
5132.45 8.1303
5132.50 8.1301
5132.55 8.1299
5132.60 8.1297
5132.65 8.1294
5132.70 8.1292
5132.75 8.1290
5132.80 8.1288
5132.85 8.1285
5132.90 8.1283
5132.95 8.1281
5133.00 8.1278
5133.05 8.1276
5133.10 8.1274
5133.15 8.1271
5133.20 8.1269
5133.25 8.1267
5133.30 8.1265
5133.35 8.1262
5133.40 8.1260
5133.45 8.1258
5133.50 8.1255
5133.55 8.1253
5133.60 8.1251
5133.65 8.1248
5133.70 8.1246
5133.75 8.1244
5133.80 8.1241
5133.85 8.1239
5133.90 8.1237
5133.95 8.1234
5134.00 8.1232
5134.05 8.1230
5134.10 8.1227
5134.15 8.1225
5134.20 8.1222
5134.25 8.1220
5134.30 8.1218
5134.35 8.1215
5134.40 8.1213
5134.45 8.1211
5134.50 8.1208
5134.55 8.1206
5134.60 8.1203
5134.65 8.1201
5134.70 8.1199
5134.75 8.1196
5134.80 8.1194
5134.85 8.1191
5134.90 8.1189
5134.95 8.1187
5135.00 8.1184
5135.05 8.1182
5135.10 8.1179
5135.15 8.1177
5135.20 8.1174
5135.25 8.1172
5135.30 8.1170
5135.35 8.1167
5135.40 8.1165
5135.45 8.1162
5135.50 8.1160
5135.55 8.1157
5135.60 8.1155
5135.65 8.1152
5135.70 8.1150
5135.75 8.1147
5135.80 8.1145
5135.85 8.1142
5135.90 8.1140
5135.95 8.1137
5136.00 8.1135
5136.05 8.1132
5136.10 8.1130
5136.15 8.1127
5136.20 8.1124
5136.25 8.1122
5136.30 8.1119
5136.35 8.1117
5136.40 8.1114
5136.45 8.1112
5136.50 8.1109
5136.55 8.1106
5136.60 8.1104
5136.65 8.1101
5136.70 8.1098
5136.75 8.1096
5136.80 8.1093
5136.85 8.1091
5136.90 8.1088
5136.95 8.1085
5137.00 8.1083
5137.05 8.1080
5137.10 8.1077
5137.15 8.1075
5137.20 8.1072
5137.25 8.1069
5137.30 8.1066
5137.35 8.1064
5137.40 8.1061
5137.45 8.1058
5137.50 8.1055
5137.55 8.1053
5137.60 8.1050
5137.65 8.1047
5137.70 8.1044
5137.75 8.1041
5137.80 8.1039
5137.85 8.1036
5137.90 8.1033
5137.95 8.1030
5138.00 8.1027
5138.05 8.1024
5138.10 8.1022
5138.15 8.1019
5138.20 8.1016
5138.25 8.1013
5138.30 8.1010
5138.35 8.1007
5138.40 8.1004
5138.45 8.1001
5138.50 8.0998
5138.55 8.0995
5138.60 8.0992
5138.65 8.0989
5138.70 8.0986
5138.75 8.0983
5138.80 8.0980
5138.85 8.0977
5138.90 8.0974
5138.95 8.0971
5139.00 8.0968
5139.05 8.0965
5139.10 8.0962
5139.15 8.0959
5139.20 8.0956
5139.25 8.0953
5139.30 8.0950
5139.35 8.0946
5139.40 8.0943
5139.45 8.0940
5139.50 8.0937
5139.55 8.0934
5139.60 8.0931
5139.65 8.0927
5139.70 8.0924
5139.75 8.0921
5139.80 8.0918
5139.85 8.0914
5139.90 8.0911
5139.95 8.0908
5140.00 8.0904
5140.05 8.0901
5140.10 8.0898
5140.15 8.0894
5140.20 8.0891
5140.25 8.0888
5140.30 8.0884
5140.35 8.0881
5140.40 8.0877
5140.45 8.0874
5140.50 8.0871
5140.55 8.0867
5140.60 8.0864
5140.65 8.0860
5140.70 8.0857
5140.75 8.0853
5140.80 8.0850
5140.85 8.0846
5140.90 8.0842
5140.95 8.0839
5141.00 8.0835
5141.05 8.0832
5141.10 8.0828
5141.15 8.0824
5141.20 8.0821
5141.25 8.0817
5141.30 8.0813
5141.35 8.0809
5141.40 8.0806
5141.45 8.0802
5141.50 8.0798
5141.55 8.0794
5141.60 8.0791
5141.65 8.0787
5141.70 8.0783
5141.75 8.0779
5141.80 8.0775
5141.85 8.0771
5141.90 8.0767
5141.95 8.0763
5142.00 8.0759
5142.05 8.0755
5142.10 8.0751
5142.15 8.0747
5142.20 8.0743
5142.25 8.0739
5142.30 8.0735
5142.35 8.0731
5142.40 8.0727
5142.45 8.0723
5142.50 8.0719
5142.55 8.0715
5142.60 8.0711
5142.65 8.0706
5142.70 8.0702
5142.75 8.0698
5142.80 8.0694
5142.85 8.0689
5142.90 8.0685
5142.95 8.0681
5143.00 8.0676
5143.05 8.0672
5143.10 8.0668
5143.15 8.0663
5143.20 8.0659
5143.25 8.0654
5143.30 8.0650
5143.35 8.0645
5143.40 8.0641
5143.45 8.0636
5143.50 8.0632
5143.55 8.0627
5143.60 8.0622
5143.65 8.0618
5143.70 8.0613
5143.75 8.0608
5143.80 8.0604
5143.85 8.0599
5143.90 8.0594
5143.95 8.0589
5144.00 8.0585
5144.05 8.0580
5144.10 8.0575
5144.15 8.0570
5144.20 8.0565
5144.25 8.0560
5144.30 8.0555
5144.35 8.0550
5144.40 8.0545
5144.45 8.0540
5144.50 8.0535
5144.55 8.0530
5144.60 8.0525
5144.65 8.0520
5144.70 8.0515
5144.75 8.0509
5144.80 8.0504
5144.85 8.0499
5144.90 8.0494
5144.95 8.0488
5145.00 8.0483
5145.05 8.0478
5145.10 8.0472
5145.15 8.0467
5145.20 8.0462
5145.25 8.0456
5145.30 8.0451
5145.35 8.0445
5145.40 8.0440
5145.45 8.0434
5145.50 8.0428
5145.55 8.0423
5145.60 8.0417
5145.65 8.0411
5145.70 8.0406
5145.75 8.0400
5145.80 8.0394
5145.85 8.0388
5145.90 8.0383
5145.95 8.0377
5146.00 8.0371
5146.05 8.0365
5146.10 8.0359
5146.15 8.0353
5146.20 8.0347
5146.25 8.0341
5146.30 8.0335
5146.35 8.0329
5146.40 8.0323
5146.45 8.0316
5146.50 8.0310
5146.55 8.0304
5146.60 8.0298
5146.65 8.0292
5146.70 8.0285
5146.75 8.0279
5146.80 8.0272
5146.85 8.0266
5146.90 8.0260
5146.95 8.0253
5147.00 8.0247
5147.05 8.0240
5147.10 8.0234
5147.15 8.0227
5147.20 8.0220
5147.25 8.0214
5147.30 8.0207
5147.35 8.0200
5147.40 8.0193
5147.45 8.0187
5147.50 8.0180
5147.55 8.0173
5147.60 8.0166
5147.65 8.0159
5147.70 8.0152
5147.75 8.0145
5147.80 8.0138
5147.85 8.0131
5147.90 8.0124
5147.95 8.0117
5148.00 8.0110
5148.05 8.0102
5148.10 8.0095
5148.15 8.0088
5148.20 8.0081
5148.25 8.0073
5148.30 8.0066
5148.35 8.0058
5148.40 8.0051
5148.45 8.0044
5148.50 8.0036
5148.55 8.0028
5148.60 8.0021
5148.65 8.0013
5148.70 8.0006
5148.75 7.9998
5148.80 7.9990
5148.85 7.9982
5148.90 7.9975
5148.95 7.9967
5149.00 7.9959
5149.05 7.9951
5149.10 7.9943
5149.15 7.9935
5149.20 7.9927
5149.25 7.9919
5149.30 7.9911
5149.35 7.9903
5149.40 7.9895
5149.45 7.9886
5149.50 7.9878
5149.55 7.9870
5149.60 7.9862
5149.65 7.9853
5149.70 7.9845
5149.75 7.9837
5149.80 7.9828
5149.85 7.9820
5149.90 7.9811
5149.95 7.9803
5150.00 7.9794
5150.05 7.9785
5150.10 7.9777
5150.15 7.9768
5150.20 7.9759
5150.25 7.9750
5150.30 7.9742
5150.35 7.9733
5150.40 7.9724
5150.45 7.9715
5150.50 7.9706
5150.55 7.9697
5150.60 7.9688
5150.65 7.9679
5150.70 7.9670
5150.75 7.9661
5150.80 7.9651
5150.85 7.9642
5150.90 7.9633
5150.95 7.9624
5151.00 7.9614
5151.05 7.9605
5151.10 7.9596
5151.15 7.9586
5151.20 7.9577
5151.25 7.9567
5151.30 7.9558
5151.35 7.9548
5151.40 7.9538
5151.45 7.9529
5151.50 7.9519
5151.55 7.9509
5151.60 7.9500
5151.65 7.9490
5151.70 7.9480
5151.75 7.9470
5151.80 7.9460
5151.85 7.9450
5151.90 7.9440
5151.95 7.9430
5152.00 7.9420
5152.05 7.9410
5152.10 7.9400
5152.15 7.9390
5152.20 7.9379
5152.25 7.9369
5152.30 7.9359
5152.35 7.9349
5152.40 7.9338
5152.45 7.9328
5152.50 7.9317
5152.55 7.9307
5152.60 7.9296
5152.65 7.9286
5152.70 7.9275
5152.75 7.9265
5152.80 7.9254
5152.85 7.9243
5152.90 7.9233
5152.95 7.9222
5153.00 7.9211
5153.05 7.9200
5153.10 7.9189
5153.15 7.9178
5153.20 7.9167
5153.25 7.9156
5153.30 7.9145
5153.35 7.9134
5153.40 7.9123
5153.45 7.9112
5153.50 7.9101
5153.55 7.9090
5153.60 7.9079
5153.65 7.9067
5153.70 7.9056
5153.75 7.9045
5153.80 7.9033
5153.85 7.9022
5153.90 7.9010
5153.95 7.8999
5154.00 7.8987
5154.05 7.8976
5154.10 7.8964
5154.15 7.8953
5154.20 7.8941
5154.25 7.8929
5154.30 7.8918
5154.35 7.8906
5154.40 7.8894
5154.45 7.8882
5154.50 7.8870
5154.55 7.8858
5154.60 7.8846
5154.65 7.8834
5154.70 7.8822
5154.75 7.8810
5154.80 7.8798
5154.85 7.8786
5154.90 7.8774
5154.95 7.8762
5155.00 7.8750
5155.05 7.8737
5155.10 7.8725
5155.15 7.8713
5155.20 7.8700
5155.25 7.8688
5155.30 7.8675
5155.35 7.8663
5155.40 7.8650
5155.45 7.8638
5155.50 7.8625
5155.55 7.8613
5155.60 7.8600
5155.65 7.8587
5155.70 7.8575
5155.75 7.8562
5155.80 7.8549
5155.85 7.8536
5155.90 7.8523
5155.95 7.8511
5156.00 7.8498
5156.05 7.8485
5156.10 7.8472
5156.15 7.8459
5156.20 7.8446
5156.25 7.8432
5156.30 7.8419
5156.35 7.8406
5156.40 7.8393
5156.45 7.8380
5156.50 7.8367
5156.55 7.8353
5156.60 7.8340
5156.65 7.8327
5156.70 7.8313
5156.75 7.8300
5156.80 7.8286
5156.85 7.8273
5156.90 7.8259
5156.95 7.8246
5157.00 7.8232
5157.05 7.8218
5157.10 7.8205
5157.15 7.8191
5157.20 7.8177
5157.25 7.8164
5157.30 7.8150
5157.35 7.8136
5157.40 7.8122
5157.45 7.8108
5157.50 7.8094
5157.55 7.8080
5157.60 7.8066
5157.65 7.8052
5157.70 7.8038
5157.75 7.8024
5157.80 7.8010
5157.85 7.7996
5157.90 7.7982
5157.95 7.7968
5158.00 7.7953
5158.05 7.7939
5158.10 7.7925
5158.15 7.7910
5158.20 7.7896
5158.25 7.7882
5158.30 7.7867
5158.35 7.7853
5158.40 7.7838
5158.45 7.7824
5158.50 7.7809
5158.55 7.7795
5158.60 7.7780
5158.65 7.7765
5158.70 7.7751
5158.75 7.7736
5158.80 7.7721
5158.85 7.7706
5158.90 7.7692
5158.95 7.7677
5159.00 7.7662
5159.05 7.7647
5159.10 7.7632
5159.15 7.7617
5159.20 7.7602
5159.25 7.7587
5159.30 7.7572
5159.35 7.7557
5159.40 7.7542
5159.45 7.7527
5159.50 7.7512
5159.55 7.7496
5159.60 7.7481
5159.65 7.7466
5159.70 7.7451
5159.75 7.7435
5159.80 7.7420
5159.85 7.7405
5159.90 7.7389
5159.95 7.7374
5160.00 7.7358
5160.05 7.7343
5160.10 7.7327
5160.15 7.7312
5160.20 7.7296
5160.25 7.7281
5160.30 7.7265
5160.35 7.7249
5160.40 7.7234
5160.45 7.7218
5160.50 7.7202
5160.55 7.7187
5160.60 7.7171
5160.65 7.7155
5160.70 7.7139
5160.75 7.7124
5160.80 7.7108
5160.85 7.7092
5160.90 7.7076
5160.95 7.7060
5161.00 7.7044
5161.05 7.7028
5161.10 7.7012
5161.15 7.6996
5161.20 7.6980
5161.25 7.6964
5161.30 7.6948
5161.35 7.6932
5161.40 7.6915
5161.45 7.6899
5161.50 7.6883
5161.55 7.6867
5161.60 7.6851
5161.65 7.6835
5161.70 7.6818
5161.75 7.6802
5161.80 7.6786
5161.85 7.6769
5161.90 7.6753
5161.95 7.6737
5162.00 7.6720
5162.05 7.6704
5162.10 7.6688
5162.15 7.6671
5162.20 7.6655
5162.25 7.6638
5162.30 7.6622
5162.35 7.6605
5162.40 7.6589
5162.45 7.6572
5162.50 7.6556
5162.55 7.6539
5162.60 7.6523
5162.65 7.6506
5162.70 7.6490
5162.75 7.6473
5162.80 7.6456
5162.85 7.6440
5162.90 7.6423
5162.95 7.6406
5163.00 7.6390
5163.05 7.6373
5163.10 7.6357
5163.15 7.6340
5163.20 7.6323
5163.25 7.6307
5163.30 7.6290
5163.35 7.6273
5163.40 7.6257
5163.45 7.6240
5163.50 7.6223
5163.55 7.6206
5163.60 7.6190
5163.65 7.6173
5163.70 7.6156
5163.75 7.6140
5163.80 7.6123
5163.85 7.6106
5163.90 7.6089
5163.95 7.6073
5164.00 7.6056
5164.05 7.6039
5164.10 7.6023
5164.15 7.6006
5164.20 7.5989
5164.25 7.5973
5164.30 7.5956
5164.35 7.5939
5164.40 7.5923
5164.45 7.5906
5164.50 7.5889
5164.55 7.5873
5164.60 7.5856
5164.65 7.5839
5164.70 7.5823
5164.75 7.5806
5164.80 7.5790
5164.85 7.5773
5164.90 7.5757
5164.95 7.5740
5165.00 7.5723
5165.05 7.5707
5165.10 7.5691
5165.15 7.5674
5165.20 7.5658
5165.25 7.5641
5165.30 7.5625
5165.35 7.5608
5165.40 7.5592
5165.45 7.5576
5165.50 7.5559
5165.55 7.5543
5165.60 7.5527
5165.65 7.5511
5165.70 7.5495
5165.75 7.5478
5165.80 7.5462
5165.85 7.5446
5165.90 7.5430
5165.95 7.5414
5166.00 7.5398
5166.05 7.5382
5166.10 7.5366
5166.15 7.5350
5166.20 7.5334
5166.25 7.5319
5166.30 7.5303
5166.35 7.5287
5166.40 7.5271
5166.45 7.5256
5166.50 7.5240
5166.55 7.5225
5166.60 7.5209
5166.65 7.5194
5166.70 7.5178
5166.75 7.5163
5166.80 7.5148
5166.85 7.5132
5166.90 7.5117
5166.95 7.5102
5167.00 7.5087
5167.05 7.5072
5167.10 7.5057
5167.15 7.5042
5167.20 7.5027
5167.25 7.5012
5167.30 7.4997
5167.35 7.4983
5167.40 7.4968
5167.45 7.4953
5167.50 7.4939
5167.55 7.4924
5167.60 7.4910
5167.65 7.4896
5167.70 7.4882
5167.75 7.4867
5167.80 7.4853
5167.85 7.4839
5167.90 7.4825
5167.95 7.4811
5168.00 7.4798
5168.05 7.4784
5168.10 7.4770
5168.15 7.4757
5168.20 7.4743
5168.25 7.4730
5168.30 7.4716
5168.35 7.4703
5168.40 7.4690
5168.45 7.4677
5168.50 7.4664
5168.55 7.4651
5168.60 7.4638
5168.65 7.4626
5168.70 7.4613
5168.75 7.4600
5168.80 7.4588
5168.85 7.4576
5168.90 7.4563
5168.95 7.4551
5169.00 7.4539
5169.05 7.4527
5169.10 7.4515
5169.15 7.4504
5169.20 7.4492
5169.25 7.4480
5169.30 7.4469
5169.35 7.4458
5169.40 7.4446
5169.45 7.4435
5169.50 7.4424
5169.55 7.4413
5169.60 7.4402
5169.65 7.4392
5169.70 7.4381
5169.75 7.4371
5169.80 7.4360
5169.85 7.4350
5169.90 7.4340
5169.95 7.4330
5170.00 7.4320
5170.05 7.4310
5170.10 7.4300
5170.15 7.4291
5170.20 7.4281
5170.25 7.4272
5170.30 7.4263
5170.35 7.4254
5170.40 7.4245
5170.45 7.4236
5170.50 7.4228
5170.55 7.4219
5170.60 7.4211
5170.65 7.4202
5170.70 7.4194
5170.75 7.4186
5170.80 7.4178
5170.85 7.4170
5170.90 7.4163
5170.95 7.4155
5171.00 7.4148
5171.05 7.4141
5171.10 7.4134
5171.15 7.4127
5171.20 7.4120
5171.25 7.4113
5171.30 7.4106
5171.35 7.4100
5171.40 7.4094
5171.45 7.4088
5171.50 7.4082
5171.55 7.4076
5171.60 7.4070
5171.65 7.4065
5171.70 7.4059
5171.75 7.4054
5171.80 7.4049
5171.85 7.4044
5171.90 7.4039
5171.95 7.4034
5172.00 7.4030
5172.05 7.4025
5172.10 7.4021
5172.15 7.4017
5172.20 7.4013
5172.25 7.4009
5172.30 7.4005
5172.35 7.4002
5172.40 7.3999
5172.45 7.3995
5172.50 7.3992
5172.55 7.3989
5172.60 7.3987
5172.65 7.3984
5172.70 7.3982
5172.75 7.3979
5172.80 7.3977
5172.85 7.3975
5172.90 7.3973
5172.95 7.3972
5173.00 7.3970
5173.05 7.3969
5173.10 7.3967
5173.15 7.3966
5173.20 7.3965
5173.25 7.3965
5173.30 7.3964
5173.35 7.3964
5173.40 7.3963
5173.45 7.3963
