6705.50 3.4215
6705.55 3.4227
6705.60 3.4239
6705.65 3.4252
6705.70 3.4264
6705.75 3.4276
6705.80 3.4288
6705.85 3.4301
6705.90 3.4313
6705.95 3.4325
6706.00 3.4337
6706.05 3.4349
6706.10 3.4361
6706.15 3.4374
6706.20 3.4386
6706.25 3.4398
6706.30 3.4410
6706.35 3.4422
6706.40 3.4434
6706.45 3.4446
6706.50 3.4458
6706.55 3.4470
6706.60 3.4482
6706.65 3.4494
6706.70 3.4506
6706.75 3.4518
6706.80 3.4530
6706.85 3.4542
6706.90 3.4554
6706.95 3.4566
6707.00 3.4578
6707.05 3.4589
6707.10 3.4601
6707.15 3.4613
6707.20 3.4625
6707.25 3.4637
6707.30 3.4649
6707.35 3.4660
6707.40 3.4672
6707.45 3.4684
6707.50 3.4696
6707.55 3.4708
6707.60 3.4719
6707.65 3.4731
6707.70 3.4743
6707.75 3.4755
6707.80 3.4766
6707.85 3.4778
6707.90 3.4790
6707.95 3.4801
6708.00 3.4813
6708.05 3.4824
6708.10 3.4836
6708.15 3.4848
6708.20 3.4859
6708.25 3.4871
6708.30 3.4882
6708.35 3.4894
6708.40 3.4906
6708.45 3.4917
6708.50 3.4929
6708.55 3.4940
6708.60 3.4952
6708.65 3.4963
6708.70 3.4975
6708.75 3.4986
6708.80 3.4997
6708.85 3.5009
6708.90 3.5020
6708.95 3.5032
6709.00 3.5043
6709.05 3.5055
6709.10 3.5066
6709.15 3.5077
6709.20 3.5089
6709.25 3.5100
6709.30 3.5111
6709.35 3.5123
6709.40 3.5134
6709.45 3.5145
6709.50 3.5156
6709.55 3.5168
6709.60 3.5179
6709.65 3.5190
6709.70 3.5201
6709.75 3.5213
6709.80 3.5224
6709.85 3.5235
6709.90 3.5246
6709.95 3.5257
6710.00 3.5268
6710.05 3.5280
6710.10 3.5291
6710.15 3.5302
6710.20 3.5313
6710.25 3.5324
6710.30 3.5335
6710.35 3.5346
6710.40 3.5357
6710.45 3.5368
6710.50 3.5379
6710.55 3.5390
6710.60 3.5401
6710.65 3.5412
6710.70 3.5423
6710.75 3.5434
6710.80 3.5445
6710.85 3.5456
6710.90 3.5467
6710.95 3.5478
6711.00 3.5489
6711.05 3.5500
6711.10 3.5511
6711.15 3.5522
6711.20 3.5532
6711.25 3.5543
6711.30 3.5554
6711.35 3.5565
6711.40 3.5576
6711.45 3.5587
6711.50 3.5597
6711.55 3.5608
6711.60 3.5619
6711.65 3.5630
6711.70 3.5640
6711.75 3.5651
6711.80 3.5662
6711.85 3.5673
6711.90 3.5683
6711.95 3.5694
6712.00 3.5705
6712.05 3.5715
6712.10 3.5726
6712.15 3.5737
6712.20 3.5747
6712.25 3.5758
6712.30 3.5768
6712.35 3.5779
6712.40 3.5790
6712.45 3.5800
6712.50 3.5811
6712.55 3.5821
6712.60 3.5832
6712.65 3.5842
6712.70 3.5853
6712.75 3.5863
6712.80 3.5874
6712.85 3.5884
6712.90 3.5895
6712.95 3.5905
6713.00 3.5916
6713.05 3.5926
6713.10 3.5936
6713.15 3.5947
6713.20 3.5957
6713.25 3.5968
6713.30 3.5978
6713.35 3.5988
6713.40 3.5999
6713.45 3.6009
6713.50 3.6019
6713.55 3.6030
6713.60 3.6040
6713.65 3.6050
6713.70 3.6061
6713.75 3.6071
6713.80 3.6081
6713.85 3.6091
6713.90 3.6101
6713.95 3.6112
6714.00 3.6122
6714.05 3.6132
6714.10 3.6142
6714.15 3.6152
6714.20 3.6163
6714.25 3.6173
6714.30 3.6183
6714.35 3.6193
6714.40 3.6203
6714.45 3.6213
6714.50 3.6223
6714.55 3.6233
6714.60 3.6244
6714.65 3.6254
6714.70 3.6264
6714.75 3.6274
6714.80 3.6284
6714.85 3.6294
6714.90 3.6304
6714.95 3.6314
6715.00 3.6324
6715.05 3.6334
6715.10 3.6344
6715.15 3.6354
6715.20 3.6364
6715.25 3.6373
6715.30 3.6383
6715.35 3.6393
6715.40 3.6403
6715.45 3.6413
6715.50 3.6423
6715.55 3.6433
6715.60 3.6443
6715.65 3.6452
6715.70 3.6462
6715.75 3.6472
6715.80 3.6482
6715.85 3.6492
6715.90 3.6501
6715.95 3.6511
6716.00 3.6521
6716.05 3.6531
6716.10 3.6540
6716.15 3.6550
6716.20 3.6560
6716.25 3.6570
6716.30 3.6579
6716.35 3.6589
6716.40 3.6599
6716.45 3.6608
6716.50 3.6618
6716.55 3.6628
6716.60 3.6637
6716.65 3.6647
6716.70 3.6656
6716.75 3.6666
6716.80 3.6676
6716.85 3.6685
6716.90 3.6695
6716.95 3.6704
6717.00 3.6714
6717.05 3.6723
6717.10 3.6733
6717.15 3.6742
6717.20 3.6752
6717.25 3.6761
6717.30 3.6771
6717.35 3.6780
6717.40 3.6790
6717.45 3.6799
6717.50 3.6809
6717.55 3.6818
6717.60 3.6828
6717.65 3.6837
6717.70 3.6846
6717.75 3.6856
6717.80 3.6865
6717.85 3.6874
6717.90 3.6884
6717.95 3.6893
6718.00 3.6902
6718.05 3.6912
6718.10 3.6921
6718.15 3.6930
6718.20 3.6940
6718.25 3.6949
6718.30 3.6958
6718.35 3.6967
6718.40 3.6977
6718.45 3.6986
6718.50 3.6995
6718.55 3.7004
6718.60 3.7014
6718.65 3.7023
6718.70 3.7032
6718.75 3.7041
6718.80 3.7050
6718.85 3.7059
6718.90 3.7069
6718.95 3.7078
6719.00 3.7087
6719.05 3.7096
6719.10 3.7105
6719.15 3.7114
6719.20 3.7123
6719.25 3.7132
6719.30 3.7141
6719.35 3.7150
6719.40 3.7159
6719.45 3.7168
6719.50 3.7177
6719.55 3.7186
6719.60 3.7195
6719.65 3.7204
6719.70 3.7213
6719.75 3.7222
6719.80 3.7231
6719.85 3.7240
6719.90 3.7249
6719.95 3.7258
6720.00 3.7267
6720.05 3.7276
6720.10 3.7285
6720.15 3.7294
6720.20 3.7302
6720.25 3.7311
6720.30 3.7320
6720.35 3.7329
6720.40 3.7338
6720.45 3.7347
6720.50 3.7355
6720.55 3.7364
6720.60 3.7373
6720.65 3.7382
6720.70 3.7391
6720.75 3.7399
6720.80 3.7408
6720.85 3.7417
6720.90 3.7426
6720.95 3.7434
6721.00 3.7443
6721.05 3.7452
6721.10 3.7460
6721.15 3.7469
6721.20 3.7478
6721.25 3.7486
6721.30 3.7495
6721.35 3.7504
6721.40 3.7512
6721.45 3.7521
6721.50 3.7530
6721.55 3.7538
6721.60 3.7547
6721.65 3.7555
6721.70 3.7564
6721.75 3.7572
6721.80 3.7581
6721.85 3.7589
6721.90 3.7598
6721.95 3.7607
6722.00 3.7615
6722.05 3.7624
6722.10 3.7632
6722.15 3.7640
6722.20 3.7649
6722.25 3.7657
6722.30 3.7666
6722.35 3.7674
6722.40 3.7683
6722.45 3.7691
6722.50 3.7700
6722.55 3.7708
6722.60 3.7716
6722.65 3.7725
6722.70 3.7733
6722.75 3.7741
6722.80 3.7750
6722.85 3.7758
6722.90 3.7766
6722.95 3.7775
6723.00 3.7783
6723.05 3.7791
6723.10 3.7800
6723.15 3.7808
6723.20 3.7816
6723.25 3.7824
6723.30 3.7833
6723.35 3.7841
6723.40 3.7849
6723.45 3.7857
6723.50 3.7866
6723.55 3.7874
6723.60 3.7882
6723.65 3.7890
6723.70 3.7898
6723.75 3.7907
6723.80 3.7915
6723.85 3.7923
6723.90 3.7931
6723.95 3.7939
6724.00 3.7947
6724.05 3.7955
6724.10 3.7963
6724.15 3.7972
6724.20 3.7980
6724.25 3.7988
6724.30 3.7996
6724.35 3.8004
6724.40 3.8012
6724.45 3.8020
6724.50 3.8028
6724.55 3.8036
6724.60 3.8044
6724.65 3.8052
6724.70 3.8060
6724.75 3.8068
6724.80 3.8076
6724.85 3.8084
6724.90 3.8092
6724.95 3.8100
6725.00 3.8108
6725.05 3.8116
6725.10 3.8123
6725.15 3.8131
6725.20 3.8139
6725.25 3.8147
6725.30 3.8155
6725.35 3.8163
6725.40 3.8171
6725.45 3.8179
6725.50 3.8186
6725.55 3.8194
6725.60 3.8202
6725.65 3.8210
6725.70 3.8218
6725.75 3.8225
6725.80 3.8233
6725.85 3.8241
6725.90 3.8249
6725.95 3.8257
6726.00 3.8264
6726.05 3.8272
6726.10 3.8280
6726.15 3.8287
6726.20 3.8295
6726.25 3.8303
6726.30 3.8311
6726.35 3.8318
6726.40 3.8326
6726.45 3.8334
6726.50 3.8341
6726.55 3.8349
6726.60 3.8356
6726.65 3.8364
6726.70 3.8372
6726.75 3.8379
6726.80 3.8387
6726.85 3.8394
6726.90 3.8402
6726.95 3.8410
6727.00 3.8417
6727.05 3.8425
6727.10 3.8432
6727.15 3.8440
6727.20 3.8447
6727.25 3.8455
6727.30 3.8462
6727.35 3.8470
6727.40 3.8477
6727.45 3.8485
6727.50 3.8492
6727.55 3.8500
6727.60 3.8507
6727.65 3.8515
6727.70 3.8522
6727.75 3.8530
6727.80 3.8537
6727.85 3.8544
6727.90 3.8552
6727.95 3.8559
6728.00 3.8567
6728.05 3.8574
6728.10 3.8581
6728.15 3.8589
6728.20 3.8596
6728.25 3.8603
6728.30 3.8611
6728.35 3.8618
6728.40 3.8625
6728.45 3.8633
6728.50 3.8640
6728.55 3.8647
6728.60 3.8654
6728.65 3.8662
6728.70 3.8669
6728.75 3.8676
6728.80 3.8683
6728.85 3.8691
6728.90 3.8698
6728.95 3.8705
6729.00 3.8712
6729.05 3.8720
6729.10 3.8727
6729.15 3.8734
6729.20 3.8741
6729.25 3.8748
6729.30 3.8755
6729.35 3.8763
6729.40 3.8770
6729.45 3.8777
6729.50 3.8784
6729.55 3.8791
6729.60 3.8798
6729.65 3.8805
6729.70 3.8812
6729.75 3.8819
6729.80 3.8827
6729.85 3.8834
6729.90 3.8841
6729.95 3.8848
6730.00 3.8855
6730.05 3.8862
6730.10 3.8869
6730.15 3.8876
6730.20 3.8883
6730.25 3.8890
6730.30 3.8897
6730.35 3.8904
6730.40 3.8911
6730.45 3.8918
6730.50 3.8925
6730.55 3.8932
6730.60 3.8938
6730.65 3.8945
6730.70 3.8952
6730.75 3.8959
6730.80 3.8966
6730.85 3.8973
6730.90 3.8980
6730.95 3.8987
6731.00 3.8994
6731.05 3.9001
6731.10 3.9007
6731.15 3.9014
6731.20 3.9021
6731.25 3.9028
6731.30 3.9035
6731.35 3.9042
6731.40 3.9048
6731.45 3.9055
6731.50 3.9062
6731.55 3.9069
6731.60 3.9075
6731.65 3.9082
6731.70 3.9089
6731.75 3.9096
6731.80 3.9102
6731.85 3.9109
6731.90 3.9116
6731.95 3.9123
6732.00 3.9129
6732.05 3.9136
6732.10 3.9143
6732.15 3.9149
6732.20 3.9156
6732.25 3.9163
6732.30 3.9169
6732.35 3.9176
6732.40 3.9183
6732.45 3.9189
6732.50 3.9196
6732.55 3.9202
6732.60 3.9209
6732.65 3.9216
6732.70 3.9222
6732.75 3.9229
6732.80 3.9235
6732.85 3.9242
6732.90 3.9249
6732.95 3.9255
6733.00 3.9262
6733.05 3.9268
6733.10 3.9275
6733.15 3.9281
6733.20 3.9288
6733.25 3.9294
6733.30 3.9301
6733.35 3.9307
6733.40 3.9314
6733.45 3.9320
6733.50 3.9327
6733.55 3.9333
6733.60 3.9340
6733.65 3.9346
6733.70 3.9352
6733.75 3.9359
6733.80 3.9365
6733.85 3.9372
6733.90 3.9378
6733.95 3.9384
6734.00 3.9391
6734.05 3.9397
6734.10 3.9404
6734.15 3.9410
6734.20 3.9416
6734.25 3.9423
6734.30 3.9429
6734.35 3.9435
6734.40 3.9442
6734.45 3.9448
6734.50 3.9454
6734.55 3.9460
6734.60 3.9467
6734.65 3.9473
6734.70 3.9479
6734.75 3.9486
6734.80 3.9492
6734.85 3.9498
6734.90 3.9504
6734.95 3.9511
6735.00 3.9517
6735.05 3.9523
6735.10 3.9529
6735.15 3.9535
6735.20 3.9542
6735.25 3.9548
6735.30 3.9554
6735.35 3.9560
6735.40 3.9566
6735.45 3.9573
6735.50 3.9579
6735.55 3.9585
6735.60 3.9591
6735.65 3.9597
6735.70 3.9603
6735.75 3.9609
6735.80 3.9615
6735.85 3.9621
6735.90 3.9628
6735.95 3.9634
6736.00 3.9640
6736.05 3.9646
6736.10 3.9652
6736.15 3.9658
6736.20 3.9664
6736.25 3.9670
6736.30 3.9676
6736.35 3.9682
6736.40 3.9688
6736.45 3.9694
6736.50 3.9700
6736.55 3.9706
6736.60 3.9712
6736.65 3.9718
6736.70 3.9724
6736.75 3.9730
6736.80 3.9736
6736.85 3.9742
6736.90 3.9748
6736.95 3.9754
6737.00 3.9760
6737.05 3.9766
6737.10 3.9772
6737.15 3.9777
6737.20 3.9783
6737.25 3.9789
6737.30 3.9795
6737.35 3.9801
6737.40 3.9807
6737.45 3.9813
6737.50 3.9819
6737.55 3.9824
6737.60 3.9830
6737.65 3.9836
6737.70 3.9842
6737.75 3.9848
6737.80 3.9853
6737.85 3.9859
6737.90 3.9865
6737.95 3.9871
6738.00 3.9877
6738.05 3.9882
6738.10 3.9888
6738.15 3.9894
6738.20 3.9900
6738.25 3.9905
6738.30 3.9911
6738.35 3.9917
6738.40 3.9923
6738.45 3.9928
6738.50 3.9934
6738.55 3.9940
6738.60 3.9945
6738.65 3.9951
6738.70 3.9957
6738.75 3.9963
6738.80 3.9968
6738.85 3.9974
6738.90 3.9979
6738.95 3.9985
6739.00 3.9991
6739.05 3.9996
6739.10 4.0002
6739.15 4.0008
6739.20 4.0013
6739.25 4.0019
6739.30 4.0024
6739.35 4.0030
6739.40 4.0036
6739.45 4.0041
6739.50 4.0047
6739.55 4.0052
6739.60 4.0058
6739.65 4.0063
6739.70 4.0069
6739.75 4.0074
6739.80 4.0080
6739.85 4.0086
6739.90 4.0091
6739.95 4.0097
6740.00 4.0102
6740.05 4.0108
6740.10 4.0113
6740.15 4.0118
6740.20 4.0124
6740.25 4.0129
6740.30 4.0135
6740.35 4.0140
6740.40 4.0146
6740.45 4.0151
6740.50 4.0157
6740.55 4.0162
6740.60 4.0167
6740.65 4.0173
6740.70 4.0178
6740.75 4.0184
6740.80 4.0189
6740.85 4.0194
6740.90 4.0200
6740.95 4.0205
6741.00 4.0211
6741.05 4.0216
6741.10 4.0221
6741.15 4.0227
6741.20 4.0232
6741.25 4.0237
6741.30 4.0243
6741.35 4.0248
6741.40 4.0253
6741.45 4.0258
6741.50 4.0264
6741.55 4.0269
6741.60 4.0274
6741.65 4.0280
6741.70 4.0285
6741.75 4.0290
6741.80 4.0295
6741.85 4.0301
6741.90 4.0306
6741.95 4.0311
6742.00 4.0316
6742.05 4.0322
6742.10 4.0327
6742.15 4.0332
6742.20 4.0337
6742.25 4.0342
6742.30 4.0348
6742.35 4.0353
6742.40 4.0358
6742.45 4.0363
6742.50 4.0368
6742.55 4.0373
6742.60 4.0379
6742.65 4.0384
6742.70 4.0389
6742.75 4.0394
6742.80 4.0399
6742.85 4.0404
6742.90 4.0409
6742.95 4.0414
6743.00 4.0420
6743.05 4.0425
6743.10 4.0430
6743.15 4.0435
6743.20 4.0440
6743.25 4.0445
6743.30 4.0450
6743.35 4.0455
6743.40 4.0460
6743.45 4.0465
6743.50 4.0470
6743.55 4.0475
6743.60 4.0480
6743.65 4.0485
6743.70 4.0490
6743.75 4.0495
6743.80 4.0500
6743.85 4.0505
6743.90 4.0510
6743.95 4.0515
6744.00 4.0520
6744.05 4.0525
6744.10 4.0530
6744.15 4.0535
6744.20 4.0540
6744.25 4.0545
6744.30 4.0550
6744.35 4.0555
6744.40 4.0560
6744.45 4.0565
6744.50 4.0569
6744.55 4.0574
6744.60 4.0579
6744.65 4.0584
6744.70 4.0589
6744.75 4.0594
6744.80 4.0599
6744.85 4.0604
6744.90 4.0608
6744.95 4.0613
6745.00 4.0618
6745.05 4.0623
6745.10 4.0628
6745.15 4.0633
6745.20 4.0637
6745.25 4.0642
6745.30 4.0647
6745.35 4.0652
6745.40 4.0657
6745.45 4.0662
6745.50 4.0666
6745.55 4.0671
6745.60 4.0676
6745.65 4.0681
6745.70 4.0685
6745.75 4.0690
6745.80 4.0695
6745.85 4.0700
6745.90 4.0704
6745.95 4.0709
6746.00 4.0714
6746.05 4.0718
6746.10 4.0723
6746.15 4.0728
6746.20 4.0733
6746.25 4.0737
6746.30 4.0742
6746.35 4.0747
6746.40 4.0751
6746.45 4.0756
6746.50 4.0761
6746.55 4.0765
6746.60 4.0770
6746.65 4.0775
6746.70 4.0779
6746.75 4.0784
6746.80 4.0789
6746.85 4.0793
6746.90 4.0798
6746.95 4.0802
6747.00 4.0807
6747.05 4.0812
6747.10 4.0816
6747.15 4.0821
6747.20 4.0825
6747.25 4.0830
6747.30 4.0834
6747.35 4.0839
6747.40 4.0844
6747.45 4.0848
6747.50 4.0853
6747.55 4.0857
6747.60 4.0862
6747.65 4.0866
6747.70 4.0871
6747.75 4.0875
6747.80 4.0880
6747.85 4.0884
6747.90 4.0889
6747.95 4.0893
6748.00 4.0898
6748.05 4.0902
6748.10 4.0907
6748.15 4.0911
6748.20 4.0916
6748.25 4.0920
6748.30 4.0925
6748.35 4.0929
6748.40 4.0933
6748.45 4.0938
6748.50 4.0942
6748.55 4.0947
6748.60 4.0951
6748.65 4.0956
6748.70 4.0960
6748.75 4.0964
6748.80 4.0969
6748.85 4.0973
6748.90 4.0978
6748.95 4.0982
6749.00 4.0986
6749.05 4.0991
6749.10 4.0995
6749.15 4.0999
6749.20 4.1004
6749.25 4.1008
6749.30 4.1012
6749.35 4.1017
6749.40 4.1021
6749.45 4.1025
6749.50 4.1030
6749.55 4.1034
6749.60 4.1038
6749.65 4.1043
6749.70 4.1047
6749.75 4.1051
6749.80 4.1056
6749.85 4.1060
6749.90 4.1064
6749.95 4.1068
6750.00 4.1073
6750.05 4.1077
6750.10 4.1081
6750.15 4.1085
6750.20 4.1090
6750.25 4.1094
6750.30 4.1098
6750.35 4.1102
6750.40 4.1106
6750.45 4.1111
6750.50 4.1115
6750.55 4.1119
6750.60 4.1123
6750.65 4.1127
6750.70 4.1132
6750.75 4.1136
6750.80 4.1140
6750.85 4.1144
6750.90 4.1148
6750.95 4.1153
6751.00 4.1157
6751.05 4.1161
6751.10 4.1165
6751.15 4.1169
6751.20 4.1173
6751.25 4.1177
6751.30 4.1181
6751.35 4.1186
6751.40 4.1190
6751.45 4.1194
6751.50 4.1198
6751.55 4.1202
6751.60 4.1206
6751.65 4.1210
6751.70 4.1214
6751.75 4.1218
6751.80 4.1222
6751.85 4.1226
6751.90 4.1231
6751.95 4.1235
6752.00 4.1239
6752.05 4.1243
6752.10 4.1247
6752.15 4.1251
6752.20 4.1255
6752.25 4.1259
6752.30 4.1263
6752.35 4.1267
6752.40 4.1271
6752.45 4.1275
6752.50 4.1279
6752.55 4.1283
6752.60 4.1287
6752.65 4.1291
6752.70 4.1295
6752.75 4.1299
6752.80 4.1303
6752.85 4.1307
6752.90 4.1311
6752.95 4.1315
6753.00 4.1319
6753.05 4.1322
6753.10 4.1326
6753.15 4.1330
6753.20 4.1334
6753.25 4.1338
6753.30 4.1342
6753.35 4.1346
6753.40 4.1350
6753.45 4.1354
6753.50 4.1358
6753.55 4.1362
6753.60 4.1365
6753.65 4.1369
6753.70 4.1373
6753.75 4.1377
6753.80 4.1381
6753.85 4.1385
6753.90 4.1389
6753.95 4.1393
6754.00 4.1396
6754.05 4.1400
6754.10 4.1404
6754.15 4.1408
6754.20 4.1412
6754.25 4.1415
6754.30 4.1419
6754.35 4.1423
6754.40 4.1427
6754.45 4.1431
6754.50 4.1435
6754.55 4.1438
6754.60 4.1442
6754.65 4.1446
6754.70 4.1450
6754.75 4.1453
6754.80 4.1457
6754.85 4.1461
6754.90 4.1465
6754.95 4.1468
6755.00 4.1472
6755.05 4.1476
6755.10 4.1480
6755.15 4.1483
6755.20 4.1487
6755.25 4.1491
6755.30 4.1495
6755.35 4.1498
6755.40 4.1502
6755.45 4.1506
6755.50 4.1509
6755.55 4.1513
6755.60 4.1517
6755.65 4.1520
6755.70 4.1524
6755.75 4.1528
6755.80 4.1531
6755.85 4.1535
6755.90 4.1539
6755.95 4.1542
6756.00 4.1546
6756.05 4.1550
6756.10 4.1553
6756.15 4.1557
6756.20 4.1561
6756.25 4.1564
6756.30 4.1568
6756.35 4.1572
6756.40 4.1575
6756.45 4.1579
6756.50 4.1582
6756.55 4.1586
6756.60 4.1590
6756.65 4.1593
6756.70 4.1597
6756.75 4.1600
6756.80 4.1604
6756.85 4.1607
6756.90 4.1611
6756.95 4.1615
6757.00 4.1618
6757.05 4.1622
6757.10 4.1625
6757.15 4.1629
6757.20 4.1632
6757.25 4.1636
6757.30 4.1639
6757.35 4.1643
6757.40 4.1646
6757.45 4.1650
6757.50 4.1654
6757.55 4.1657
6757.60 4.1661
6757.65 4.1664
6757.70 4.1668
6757.75 4.1671
6757.80 4.1674
6757.85 4.1678
6757.90 4.1681
6757.95 4.1685
6758.00 4.1688
6758.05 4.1692
6758.10 4.1695
6758.15 4.1699
6758.20 4.1702
6758.25 4.1706
6758.30 4.1709
6758.35 4.1713
6758.40 4.1716
6758.45 4.1719
6758.50 4.1723
6758.55 4.1726
6758.60 4.1730
6758.65 4.1733
6758.70 4.1736
6758.75 4.1740
6758.80 4.1743
6758.85 4.1747
6758.90 4.1750
6758.95 4.1753
6759.00 4.1757
6759.05 4.1760
6759.10 4.1764
6759.15 4.1767
6759.20 4.1770
6759.25 4.1774
6759.30 4.1777
6759.35 4.1780
6759.40 4.1784
6759.45 4.1787
6759.50 4.1790
6759.55 4.1794
6759.60 4.1797
6759.65 4.1800
6759.70 4.1804
6759.75 4.1807
6759.80 4.1810
6759.85 4.1814
6759.90 4.1817
6759.95 4.1820
6760.00 4.1824
6760.05 4.1827
6760.10 4.1830
6760.15 4.1833
6760.20 4.1837
6760.25 4.1840
6760.30 4.1843
6760.35 4.1846
6760.40 4.1850
6760.45 4.1853
6760.50 4.1856
6760.55 4.1860
6760.60 4.1863
6760.65 4.1866
6760.70 4.1869
6760.75 4.1872
6760.80 4.1876
6760.85 4.1879
6760.90 4.1882
6760.95 4.1885
6761.00 4.1889
6761.05 4.1892
6761.10 4.1895
6761.15 4.1898
6761.20 4.1901
6761.25 4.1905
6761.30 4.1908
6761.35 4.1911
6761.40 4.1914
6761.45 4.1917
6761.50 4.1920
6761.55 4.1924
6761.60 4.1927
6761.65 4.1930
6761.70 4.1933
6761.75 4.1936
6761.80 4.1939
6761.85 4.1943
6761.90 4.1946
6761.95 4.1949
6762.00 4.1952
6762.05 4.1955
6762.10 4.1958
6762.15 4.1961
6762.20 4.1964
6762.25 4.1968
6762.30 4.1971
6762.35 4.1974
6762.40 4.1977
6762.45 4.1980
6762.50 4.1983
6762.55 4.1986
6762.60 4.1989
6762.65 4.1992
6762.70 4.1995
6762.75 4.1998
6762.80 4.2002
6762.85 4.2005
6762.90 4.2008
6762.95 4.2011
6763.00 4.2014
6763.05 4.2017
6763.10 4.2020
6763.15 4.2023
6763.20 4.2026
6763.25 4.2029
6763.30 4.2032
6763.35 4.2035
6763.40 4.2038
6763.45 4.2041
6763.50 4.2044
6763.55 4.2047
6763.60 4.2050
6763.65 4.2053
6763.70 4.2056
6763.75 4.2059
6763.80 4.2062
6763.85 4.2065
6763.90 4.2068
6763.95 4.2071
6764.00 4.2074
6764.05 4.2077
6764.10 4.2080
6764.15 4.2083
6764.20 4.2086
6764.25 4.2089
6764.30 4.2092
6764.35 4.2095
6764.40 4.2098
6764.45 4.2101
6764.50 4.2104
6764.55 4.2106
6764.60 4.2109
6764.65 4.2112
6764.70 4.2115
6764.75 4.2118
6764.80 4.2121
6764.85 4.2124
6764.90 4.2127
6764.95 4.2130
6765.00 4.2133
6765.05 4.2136
6765.10 4.2139
6765.15 4.2141
6765.20 4.2144
6765.25 4.2147
6765.30 4.2150
6765.35 4.2153
6765.40 4.2156
6765.45 4.2159
6765.50 4.2162
6765.55 4.2164
6765.60 4.2167
6765.65 4.2170
6765.70 4.2173
6765.75 4.2176
6765.80 4.2179
6765.85 4.2182
6765.90 4.2184
6765.95 4.2187
6766.00 4.2190
6766.05 4.2193
6766.10 4.2196
6766.15 4.2198
6766.20 4.2201
6766.25 4.2204
6766.30 4.2207
6766.35 4.2210
6766.40 4.2213
6766.45 4.2215
6766.50 4.2218
6766.55 4.2221
6766.60 4.2224
6766.65 4.2227
6766.70 4.2229
6766.75 4.2232
6766.80 4.2235
6766.85 4.2238
6766.90 4.2240
6766.95 4.2243
6767.00 4.2246
6767.05 4.2249
6767.10 4.2251
6767.15 4.2254
6767.20 4.2257
6767.25 4.2260
6767.30 4.2262
6767.35 4.2265
6767.40 4.2268
6767.45 4.2271
6767.50 4.2273
6767.55 4.2276
6767.60 4.2279
6767.65 4.2281
6767.70 4.2284
6767.75 4.2287
6767.80 4.2290
6767.85 4.2292
6767.90 4.2295
6767.95 4.2298
6768.00 4.2300
6768.05 4.2303
6768.10 4.2306
6768.15 4.2308
6768.20 4.2311
6768.25 4.2314
6768.30 4.2317
6768.35 4.2319
6768.40 4.2322
6768.45 4.2325
6768.50 4.2327
6768.55 4.2330
6768.60 4.2332
6768.65 4.2335
6768.70 4.2338
6768.75 4.2340
6768.80 4.2343
6768.85 4.2346
6768.90 4.2348
6768.95 4.2351
6769.00 4.2354
6769.05 4.2356
6769.10 4.2359
6769.15 4.2361
6769.20 4.2364
6769.25 4.2367
6769.30 4.2369
6769.35 4.2372
6769.40 4.2375
6769.45 4.2377
6769.50 4.2380
6769.55 4.2382
6769.60 4.2385
6769.65 4.2387
6769.70 4.2390
6769.75 4.2393
6769.80 4.2395
6769.85 4.2398
6769.90 4.2400
6769.95 4.2403
6770.00 4.2405
6770.05 4.2408
6770.10 4.2411
6770.15 4.2413
6770.20 4.2416
6770.25 4.2418
6770.30 4.2421
6770.35 4.2423
6770.40 4.2426
6770.45 4.2428
6770.50 4.2431
6770.55 4.2433
6770.60 4.2436
6770.65 4.2439
6770.70 4.2441
6770.75 4.2444
6770.80 4.2446
6770.85 4.2449
6770.90 4.2451
6770.95 4.2454
6771.00 4.2456
6771.05 4.2459
6771.10 4.2461
6771.15 4.2464
6771.20 4.2466
6771.25 4.2469
6771.30 4.2471
6771.35 4.2474
6771.40 4.2476
6771.45 4.2479
6771.50 4.2481
6771.55 4.2483
6771.60 4.2486
6771.65 4.2488
6771.70 4.2491
6771.75 4.2493
6771.80 4.2496
6771.85 4.2498
6771.90 4.2501
6771.95 4.2503
6772.00 4.2506
6772.05 4.2508
6772.10 4.2510
6772.15 4.2513
6772.20 4.2515
6772.25 4.2518
6772.30 4.2520
6772.35 4.2523
6772.40 4.2525
6772.45 4.2527
6772.50 4.2530
6772.55 4.2532
6772.60 4.2535
6772.65 4.2537
6772.70 4.2540
6772.75 4.2542
6772.80 4.2544
6772.85 4.2547
6772.90 4.2549
6772.95 4.2551
6773.00 4.2554
6773.05 4.2556
6773.10 4.2559
6773.15 4.2561
6773.20 4.2563
6773.25 4.2566
6773.30 4.2568
6773.35 4.2571
6773.40 4.2573
6773.45 4.2575
6773.50 4.2578
6773.55 4.2580
6773.60 4.2582
6773.65 4.2585
6773.70 4.2587
6773.75 4.2589
6773.80 4.2592
6773.85 4.2594
6773.90 4.2596
6773.95 4.2599
6774.00 4.2601
6774.05 4.2603
6774.10 4.2606
6774.15 4.2608
6774.20 4.2610
6774.25 4.2613
6774.30 4.2615
6774.35 4.2617
6774.40 4.2620
6774.45 4.2622
6774.50 4.2624
6774.55 4.2627
6774.60 4.2629
6774.65 4.2631
6774.70 4.2633
6774.75 4.2636
6774.80 4.2638
6774.85 4.2640
6774.90 4.2643
6774.95 4.2645
6775.00 4.2647
6775.05 4.2649
6775.10 4.2652
6775.15 4.2654
6775.20 4.2656
6775.25 4.2658
6775.30 4.2661
6775.35 4.2663
6775.40 4.2665
6775.45 4.2667
6775.50 4.2670
6775.55 4.2672
6775.60 4.2674
6775.65 4.2676
6775.70 4.2679
6775.75 4.2681
6775.80 4.2683
6775.85 4.2685
6775.90 4.2688
6775.95 4.2690
6776.00 4.2692
6776.05 4.2694
6776.10 4.2697
6776.15 4.2699
6776.20 4.2701
6776.25 4.2703
6776.30 4.2705
6776.35 4.2708
6776.40 4.2710
6776.45 4.2712
6776.50 4.2714
6776.55 4.2716
6776.60 4.2719
6776.65 4.2721
6776.70 4.2723
6776.75 4.2725
6776.80 4.2727
6776.85 4.2730
6776.90 4.2732
6776.95 4.2734
6777.00 4.2736
6777.05 4.2738
6777.10 4.2740
6777.15 4.2743
6777.20 4.2745
6777.25 4.2747
6777.30 4.2749
6777.35 4.2751
6777.40 4.2753
6777.45 4.2756
6777.50 4.2758
6777.55 4.2760
6777.60 4.2762
6777.65 4.2764
6777.70 4.2766
6777.75 4.2769
6777.80 4.2771
6777.85 4.2773
6777.90 4.2775
6777.95 4.2777
6778.00 4.2779
6778.05 4.2781
6778.10 4.2783
6778.15 4.2786
6778.20 4.2788
6778.25 4.2790
6778.30 4.2792
6778.35 4.2794
6778.40 4.2796
6778.45 4.2798
6778.50 4.2800
6778.55 4.2802
6778.60 4.2805
6778.65 4.2807
6778.70 4.2809
6778.75 4.2811
6778.80 4.2813
6778.85 4.2815
6778.90 4.2817
6778.95 4.2819
6779.00 4.2821
6779.05 4.2823
6779.10 4.2825
6779.15 4.2828
6779.20 4.2830
6779.25 4.2832
6779.30 4.2834
6779.35 4.2836
6779.40 4.2838
6779.45 4.2840
6779.50 4.2842
6779.55 4.2844
6779.60 4.2846
6779.65 4.2848
6779.70 4.2850
6779.75 4.2852
6779.80 4.2854
6779.85 4.2856
6779.90 4.2858
6779.95 4.2860
6780.00 4.2862
6780.05 4.2865
6780.10 4.2867
6780.15 4.2869
6780.20 4.2871
6780.25 4.2873
6780.30 4.2875
6780.35 4.2877
6780.40 4.2879
6780.45 4.2881
6780.50 4.2883
6780.55 4.2885
6780.60 4.2887
6780.65 4.2889
6780.70 4.2891
6780.75 4.2893
6780.80 4.2895
6780.85 4.2897
6780.90 4.2899
6780.95 4.2901
6781.00 4.2903
6781.05 4.2905
6781.10 4.2907
6781.15 4.2909
6781.20 4.2911
6781.25 4.2913
6781.30 4.2915
6781.35 4.2917
6781.40 4.2919
6781.45 4.2921
6781.50 4.2923
6781.55 4.2925
6781.60 4.2927
6781.65 4.2929
6781.70 4.2931
6781.75 4.2933
6781.80 4.2934
6781.85 4.2936
6781.90 4.2938
6781.95 4.2940
6782.00 4.2942
6782.05 4.2944
6782.10 4.2946
6782.15 4.2948
6782.20 4.2950
6782.25 4.2952
6782.30 4.2954
6782.35 4.2956
6782.40 4.2958
6782.45 4.2960
6782.50 4.2962
6782.55 4.2964
6782.60 4.2966
6782.65 4.2968
6782.70 4.2969
6782.75 4.2971
6782.80 4.2973
6782.85 4.2975
6782.90 4.2977
6782.95 4.2979
6783.00 4.2981
6783.05 4.2983
6783.10 4.2985
6783.15 4.2987
6783.20 4.2989
6783.25 4.2991
6783.30 4.2992
6783.35 4.2994
6783.40 4.2996
6783.45 4.2998
6783.50 4.3000
6783.55 4.3002
6783.60 4.3004
6783.65 4.3006
6783.70 4.3008
6783.75 4.3010
6783.80 4.3011
6783.85 4.3013
6783.90 4.3015
6783.95 4.3017
6784.00 4.3019
6784.05 4.3021
6784.10 4.3023
6784.15 4.3025
6784.20 4.3026
6784.25 4.3028
6784.30 4.3030
6784.35 4.3032
6784.40 4.3034
6784.45 4.3036
6784.50 4.3038
6784.55 4.3039
6784.60 4.3041
6784.65 4.3043
6784.70 4.3045
6784.75 4.3047
6784.80 4.3049
6784.85 4.3051
6784.90 4.3052
6784.95 4.3054
6785.00 4.3056
6785.05 4.3058
6785.10 4.3060
6785.15 4.3062
6785.20 4.3063
6785.25 4.3065
6785.30 4.3067
6785.35 4.3069
6785.40 4.3071
6785.45 4.3073
6785.50 4.3074
6785.55 4.3076
6785.60 4.3078
6785.65 4.3080
6785.70 4.3082
6785.75 4.3084
6785.80 4.3085
6785.85 4.3087
6785.90 4.3089
6785.95 4.3091
6786.00 4.3093
6786.05 4.3094
6786.10 4.3096
6786.15 4.3098
6786.20 4.3100
6786.25 4.3102
6786.30 4.3103
6786.35 4.3105
6786.40 4.3107
6786.45 4.3109
6786.50 4.3111
6786.55 4.3112
6786.60 4.3114
6786.65 4.3116
6786.70 4.3118
6786.75 4.3119
6786.80 4.3121
6786.85 4.3123
6786.90 4.3125
6786.95 4.3127
6787.00 4.3128
6787.05 4.3130
6787.10 4.3132
6787.15 4.3134
6787.20 4.3135
6787.25 4.3137
6787.30 4.3139
6787.35 4.3141
6787.40 4.3143
6787.45 4.3144
6787.50 4.3146
6787.55 4.3148
6787.60 4.3150
6787.65 4.3151
6787.70 4.3153
6787.75 4.3155
6787.80 4.3157
6787.85 4.3158
6787.90 4.3160
6787.95 4.3162
6788.00 4.3164
6788.05 4.3165
6788.10 4.3167
6788.15 4.3169
6788.20 4.3170
6788.25 4.3172
6788.30 4.3174
6788.35 4.3176
6788.40 4.3177
6788.45 4.3179
6788.50 4.3181
6788.55 4.3183
6788.60 4.3184
6788.65 4.3186
6788.70 4.3188
6788.75 4.3189
6788.80 4.3191
6788.85 4.3193
6788.90 4.3195
6788.95 4.3196
6789.00 4.3198
6789.05 4.3200
6789.10 4.3201
6789.15 4.3203
6789.20 4.3205
6789.25 4.3207
6789.30 4.3208
6789.35 4.3210
6789.40 4.3212
6789.45 4.3213
6789.50 4.3215
6789.55 4.3217
6789.60 4.3219
6789.65 4.3220
6789.70 4.3222
6789.75 4.3224
6789.80 4.3225
6789.85 4.3227
6789.90 4.3229
6789.95 4.3230
6790.00 4.3232
6790.05 4.3234
6790.10 4.3235
6790.15 4.3237
6790.20 4.3239
6790.25 4.3240
6790.30 4.3242
6790.35 4.3244
6790.40 4.3245
6790.45 4.3247
6790.50 4.3249
6790.55 4.3250
6790.60 4.3252
6790.65 4.3254
6790.70 4.3255
6790.75 4.3257
6790.80 4.3259
6790.85 4.3260
6790.90 4.3262
6790.95 4.3264
6791.00 4.3265
6791.05 4.3267
6791.10 4.3269
6791.15 4.3270
6791.20 4.3272
6791.25 4.3274
6791.30 4.3275
6791.35 4.3277
6791.40 4.3279
6791.45 4.3280
6791.50 4.3282
6791.55 4.3284
6791.60 4.3285
6791.65 4.3287
6791.70 4.3288
6791.75 4.3290
6791.80 4.3292
6791.85 4.3293
6791.90 4.3295
6791.95 4.3297
6792.00 4.3298
6792.05 4.3300
6792.10 4.3302
6792.15 4.3303
6792.20 4.3305
6792.25 4.3306
6792.30 4.3308
6792.35 4.3310
6792.40 4.3311
6792.45 4.3313
6792.50 4.3315
6792.55 4.3316
6792.60 4.3318
6792.65 4.3319
6792.70 4.3321
6792.75 4.3323
6792.80 4.3324
6792.85 4.3326
6792.90 4.3327
6792.95 4.3329
6793.00 4.3331
6793.05 4.3332
6793.10 4.3334
6793.15 4.3335
6793.20 4.3337
6793.25 4.3339
6793.30 4.3340
6793.35 4.3342
6793.40 4.3343
6793.45 4.3345
6793.50 4.3347
6793.55 4.3348
6793.60 4.3350
6793.65 4.3351
6793.70 4.3353
6793.75 4.3355
6793.80 4.3356
6793.85 4.3358
6793.90 4.3359
6793.95 4.3361
6794.00 4.3363
6794.05 4.3364
6794.10 4.3366
6794.15 4.3367
6794.20 4.3369
6794.25 4.3370
6794.30 4.3372
6794.35 4.3374
6794.40 4.3375
6794.45 4.3377
6794.50 4.3378
6794.55 4.3380
6794.60 4.3381
6794.65 4.3383
6794.70 4.3385
6794.75 4.3386
6794.80 4.3388
6794.85 4.3389
6794.90 4.3391
6794.95 4.3392
6795.00 4.3394
6795.05 4.3395
6795.10 4.3397
6795.15 4.3399
6795.20 4.3400
6795.25 4.3402
6795.30 4.3403
6795.35 4.3405
6795.40 4.3406
6795.45 4.3408
6795.50 4.3409
6795.55 4.3411
6795.60 4.3413
6795.65 4.3414
6795.70 4.3416
6795.75 4.3417
6795.80 4.3419
6795.85 4.3420
6795.90 4.3422
6795.95 4.3423
6796.00 4.3425
6796.05 4.3426
6796.10 4.3428
6796.15 4.3430
6796.20 4.3431
6796.25 4.3433
6796.30 4.3434
6796.35 4.3436
6796.40 4.3437
6796.45 4.3439
6796.50 4.3440
6796.55 4.3442
6796.60 4.3443
6796.65 4.3445
6796.70 4.3446
6796.75 4.3448
6796.80 4.3449
6796.85 4.3451
6796.90 4.3452
6796.95 4.3454
6797.00 4.3456
6797.05 4.3457
6797.10 4.3459
6797.15 4.3460
6797.20 4.3462
6797.25 4.3463
6797.30 4.3465
6797.35 4.3466
6797.40 4.3468
6797.45 4.3469
6797.50 4.3471
6797.55 4.3472
6797.60 4.3474
6797.65 4.3475
6797.70 4.3477
6797.75 4.3478
6797.80 4.3480
6797.85 4.3481
6797.90 4.3483
6797.95 4.3484
6798.00 4.3486
6798.05 4.3487
6798.10 4.3489
6798.15 4.3490
6798.20 4.3492
6798.25 4.3493
6798.30 4.3495
6798.35 4.3496
6798.40 4.3498
6798.45 4.3499
6798.50 4.3501
6798.55 4.3502
6798.60 4.3504
6798.65 4.3505
6798.70 4.3507
6798.75 4.3508
6798.80 4.3510
6798.85 4.3511
6798.90 4.3513
6798.95 4.3514
6799.00 4.3516
6799.05 4.3517
6799.10 4.3519
6799.15 4.3520
6799.20 4.3521
6799.25 4.3523
6799.30 4.3524
6799.35 4.3526
6799.40 4.3527
6799.45 4.3529
6799.50 4.3530
6799.55 4.3532
6799.60 4.3533
6799.65 4.3535
6799.70 4.3536
6799.75 4.3538
6799.80 4.3539
6799.85 4.3541
6799.90 4.3542
6799.95 4.3544
6800.00 4.3545
6800.05 4.3547
6800.10 4.3548
6800.15 4.3549
6800.20 4.3551
6800.25 4.3552
6800.30 4.3554
6800.35 4.3555
6800.40 4.3557
6800.45 4.3558
6800.50 4.3560
6800.55 4.3561
6800.60 4.3563
6800.65 4.3564
6800.70 4.3566
6800.75 4.3567
6800.80 4.3568
6800.85 4.3570
6800.90 4.3571
6800.95 4.3573
6801.00 4.3574
6801.05 4.3576
6801.10 4.3577
6801.15 4.3579
6801.20 4.3580
6801.25 4.3582
6801.30 4.3583
6801.35 4.3584
6801.40 4.3586
6801.45 4.3587
6801.50 4.3589
6801.55 4.3590
6801.60 4.3592
6801.65 4.3593
6801.70 4.3595
6801.75 4.3596
6801.80 4.3597
6801.85 4.3599
6801.90 4.3600
6801.95 4.3602
6802.00 4.3603
6802.05 4.3605
6802.10 4.3606
6802.15 4.3607
6802.20 4.3609
6802.25 4.3610
6802.30 4.3612
6802.35 4.3613
6802.40 4.3615
6802.45 4.3616
6802.50 4.3618
6802.55 4.3619
6802.60 4.3620
6802.65 4.3622
6802.70 4.3623
6802.75 4.3625
6802.80 4.3626
6802.85 4.3628
6802.90 4.3629
6802.95 4.3630
6803.00 4.3632
6803.05 4.3633
6803.10 4.3635
6803.15 4.3636
6803.20 4.3637
6803.25 4.3639
6803.30 4.3640
6803.35 4.3642
6803.40 4.3643
6803.45 4.3645
6803.50 4.3646
6803.55 4.3647
6803.60 4.3649
6803.65 4.3650
6803.70 4.3652
6803.75 4.3653
6803.80 4.3654
6803.85 4.3656
6803.90 4.3657
6803.95 4.3659
6804.00 4.3660
6804.05 4.3662
6804.10 4.3663
6804.15 4.3664
6804.20 4.3666
6804.25 4.3667
6804.30 4.3669
6804.35 4.3670
6804.40 4.3671
6804.45 4.3673
6804.50 4.3674
6804.55 4.3676
6804.60 4.3677
6804.65 4.3678
6804.70 4.3680
6804.75 4.3681
6804.80 4.3683
6804.85 4.3684
6804.90 4.3685
6804.95 4.3687
6805.00 4.3688
6805.05 4.3690
6805.10 4.3691
6805.15 4.3692
6805.20 4.3694
6805.25 4.3695
6805.30 4.3697
6805.35 4.3698
6805.40 4.3699
6805.45 4.3701
6805.50 4.3702
6805.55 4.3704
6805.60 4.3705
6805.65 4.3706
6805.70 4.3708
6805.75 4.3709
6805.80 4.3711
6805.85 4.3712
6805.90 4.3713
6805.95 4.3715
6806.00 4.3716
6806.05 4.3718
6806.10 4.3719
6806.15 4.3720
6806.20 4.3722
6806.25 4.3723
6806.30 4.3725
6806.35 4.3726
6806.40 4.3727
6806.45 4.3729
6806.50 4.3730
6806.55 4.3731
6806.60 4.3733
6806.65 4.3734
6806.70 4.3736
6806.75 4.3737
6806.80 4.3738
6806.85 4.3740
6806.90 4.3741
6806.95 4.3743
6807.00 4.3744
6807.05 4.3745
6807.10 4.3747
6807.15 4.3748
6807.20 4.3749
6807.25 4.3751
6807.30 4.3752
6807.35 4.3754
6807.40 4.3755
6807.45 4.3756
6807.50 4.3758
6807.55 4.3759
6807.60 4.3760
6807.65 4.3762
6807.70 4.3763
6807.75 4.3765
6807.80 4.3766
6807.85 4.3767
6807.90 4.3769
6807.95 4.3770
6808.00 4.3771
6808.05 4.3773
6808.10 4.3774
6808.15 4.3776
6808.20 4.3777
6808.25 4.3778
6808.30 4.3780
6808.35 4.3781
6808.40 4.3782
6808.45 4.3784
6808.50 4.3785
6808.55 4.3787
6808.60 4.3788
6808.65 4.3789
6808.70 4.3791
6808.75 4.3792
6808.80 4.3793
6808.85 4.3795
6808.90 4.3796
6808.95 4.3797
6809.00 4.3799
6809.05 4.3800
6809.10 4.3802
6809.15 4.3803
6809.20 4.3804
6809.25 4.3806
6809.30 4.3807
6809.35 4.3808
6809.40 4.3810
6809.45 4.3811
6809.50 4.3812
6809.55 4.3814
6809.60 4.3815
6809.65 4.3817
6809.70 4.3818
6809.75 4.3819
6809.80 4.3821
6809.85 4.3822
6809.90 4.3823
6809.95 4.3825
6810.00 4.3826
6810.05 4.3827
6810.10 4.3829
6810.15 4.3830
6810.20 4.3831
6810.25 4.3833
6810.30 4.3834
6810.35 4.3836
6810.40 4.3837
6810.45 4.3838
6810.50 4.3840
6810.55 4.3841
6810.60 4.3842
6810.65 4.3844
6810.70 4.3845
6810.75 4.3846
6810.80 4.3848
6810.85 4.3849
6810.90 4.3850
6810.95 4.3852
6811.00 4.3853
6811.05 4.3854
6811.10 4.3856
6811.15 4.3857
6811.20 4.3858
6811.25 4.3860
6811.30 4.3861
6811.35 4.3863
6811.40 4.3864
6811.45 4.3865
6811.50 4.3867
6811.55 4.3868
6811.60 4.3869
6811.65 4.3871
6811.70 4.3872
6811.75 4.3873
6811.80 4.3875
6811.85 4.3876
6811.90 4.3877
6811.95 4.3879
6812.00 4.3880
6812.05 4.3881
6812.10 4.3883
6812.15 4.3884
6812.20 4.3885
6812.25 4.3887
6812.30 4.3888
6812.35 4.3889
6812.40 4.3891
6812.45 4.3892
6812.50 4.3893
6812.55 4.3895
6812.60 4.3896
6812.65 4.3898
6812.70 4.3899
6812.75 4.3900
6812.80 4.3902
6812.85 4.3903
6812.90 4.3904
6812.95 4.3906
6813.00 4.3907
6813.05 4.3908
6813.10 4.3910
6813.15 4.3911
6813.20 4.3912
6813.25 4.3914
6813.30 4.3915
6813.35 4.3916
6813.40 4.3918
6813.45 4.3919
6813.50 4.3920
6813.55 4.3922
6813.60 4.3923
6813.65 4.3924
6813.70 4.3926
6813.75 4.3927
6813.80 4.3928
6813.85 4.3930
6813.90 4.3931
6813.95 4.3932
6814.00 4.3934
6814.05 4.3935
6814.10 4.3936
6814.15 4.3938
6814.20 4.3939
6814.25 4.3940
6814.30 4.3942
6814.35 4.3943
6814.40 4.3944
6814.45 4.3946
6814.50 4.3947
6814.55 4.3948
6814.60 4.3950
6814.65 4.3951
6814.70 4.3952
6814.75 4.3954
6814.80 4.3955
6814.85 4.3956
6814.90 4.3958
6814.95 4.3959
6815.00 4.3960
6815.05 4.3962
6815.10 4.3963
6815.15 4.3964
6815.20 4.3966
6815.25 4.3967
6815.30 4.3968
6815.35 4.3970
6815.40 4.3971
6815.45 4.3972
6815.50 4.3974
6815.55 4.3975
6815.60 4.3976
6815.65 4.3978
6815.70 4.3979
6815.75 4.3980
6815.80 4.3982
6815.85 4.3983
6815.90 4.3984
6815.95 4.3986
6816.00 4.3987
6816.05 4.3988
6816.10 4.3990
6816.15 4.3991
6816.20 4.3992
6816.25 4.3994
6816.30 4.3995
6816.35 4.3996
6816.40 4.3998
6816.45 4.3999
6816.50 4.4000
6816.55 4.4001
6816.60 4.4003
6816.65 4.4004
6816.70 4.4005
6816.75 4.4007
6816.80 4.4008
6816.85 4.4009
6816.90 4.4011
6816.95 4.4012
6817.00 4.4013
6817.05 4.4015
6817.10 4.4016
6817.15 4.4017
6817.20 4.4019
6817.25 4.4020
6817.30 4.4021
6817.35 4.4023
6817.40 4.4024
6817.45 4.4025
6817.50 4.4027
6817.55 4.4028
6817.60 4.4029
6817.65 4.4031
6817.70 4.4032
6817.75 4.4033
6817.80 4.4035
6817.85 4.4036
6817.90 4.4037
6817.95 4.4039
6818.00 4.4040
6818.05 4.4041
6818.10 4.4043
6818.15 4.4044
6818.20 4.4045
6818.25 4.4047
6818.30 4.4048
6818.35 4.4049
6818.40 4.4050
6818.45 4.4052
6818.50 4.4053
6818.55 4.4054
6818.60 4.4056
6818.65 4.4057
6818.70 4.4058
6818.75 4.4060
6818.80 4.4061
6818.85 4.4062
6818.90 4.4064
6818.95 4.4065
6819.00 4.4066
6819.05 4.4068
6819.10 4.4069
6819.15 4.4070
6819.20 4.4072
6819.25 4.4073
6819.30 4.4074
6819.35 4.4076
6819.40 4.4077
6819.45 4.4078
6819.50 4.4080
6819.55 4.4081
6819.60 4.4082
6819.65 4.4083
6819.70 4.4085
6819.75 4.4086
6819.80 4.4087
6819.85 4.4089
6819.90 4.4090
6819.95 4.4091
6820.00 4.4093
6820.05 4.4094
6820.10 4.4095
6820.15 4.4097
6820.20 4.4098
6820.25 4.4099
6820.30 4.4101
6820.35 4.4102
6820.40 4.4103
6820.45 4.4105
6820.50 4.4106
6820.55 4.4107
6820.60 4.4109
6820.65 4.4110
6820.70 4.4111
6820.75 4.4113
6820.80 4.4114
6820.85 4.4115
6820.90 4.4116
6820.95 4.4118
6821.00 4.4119
6821.05 4.4120
6821.10 4.4122
6821.15 4.4123
6821.20 4.4124
6821.25 4.4126
6821.30 4.4127
6821.35 4.4128
6821.40 4.4130
6821.45 4.4131
6821.50 4.4132
6821.55 4.4134
6821.60 4.4135
6821.65 4.4136
6821.70 4.4138
6821.75 4.4139
6821.80 4.4140
6821.85 4.4142
6821.90 4.4143
6821.95 4.4144
6822.00 4.4145
6822.05 4.4147
6822.10 4.4148
6822.15 4.4149
6822.20 4.4151
6822.25 4.4152
6822.30 4.4153
6822.35 4.4155
6822.40 4.4156
6822.45 4.4157
6822.50 4.4159
6822.55 4.4160
6822.60 4.4161
6822.65 4.4163
6822.70 4.4164
6822.75 4.4165
6822.80 4.4167
6822.85 4.4168
6822.90 4.4169
6822.95 4.4171
6823.00 4.4172
6823.05 4.4173
6823.10 4.4174
6823.15 4.4176
6823.20 4.4177
6823.25 4.4178
6823.30 4.4180
6823.35 4.4181
6823.40 4.4182
6823.45 4.4184
6823.50 4.4185
6823.55 4.4186
6823.60 4.4188
6823.65 4.4189
6823.70 4.4190
6823.75 4.4192
6823.80 4.4193
6823.85 4.4194
6823.90 4.4196
6823.95 4.4197
6824.00 4.4198
6824.05 4.4200
6824.10 4.4201
6824.15 4.4202
6824.20 4.4203
6824.25 4.4205
6824.30 4.4206
6824.35 4.4207
6824.40 4.4209
6824.45 4.4210
6824.50 4.4211
6824.55 4.4213
6824.60 4.4214
6824.65 4.4215
6824.70 4.4217
6824.75 4.4218
6824.80 4.4219
6824.85 4.4221
6824.90 4.4222
6824.95 4.4223
6825.00 4.4225
6825.05 4.4226
6825.10 4.4227
6825.15 4.4229
6825.20 4.4230
6825.25 4.4231
6825.30 4.4232
6825.35 4.4234
6825.40 4.4235
6825.45 4.4236
6825.50 4.4238
6825.55 4.4239
6825.60 4.4240
6825.65 4.4242
6825.70 4.4243
6825.75 4.4244
6825.80 4.4246
6825.85 4.4247
6825.90 4.4248
6825.95 4.4250
6826.00 4.4251
6826.05 4.4252
6826.10 4.4254
6826.15 4.4255
6826.20 4.4256
6826.25 4.4258
6826.30 4.4259
6826.35 4.4260
6826.40 4.4261
6826.45 4.4263
6826.50 4.4264
6826.55 4.4265
6826.60 4.4267
6826.65 4.4268
6826.70 4.4269
6826.75 4.4271
6826.80 4.4272
6826.85 4.4273
6826.90 4.4275
6826.95 4.4276
6827.00 4.4277
6827.05 4.4279
6827.10 4.4280
6827.15 4.4281
6827.20 4.4283
6827.25 4.4284
6827.30 4.4285
6827.35 4.4287
6827.40 4.4288
6827.45 4.4289
6827.50 4.4290
6827.55 4.4292
6827.60 4.4293
6827.65 4.4294
6827.70 4.4296
6827.75 4.4297
6827.80 4.4298
6827.85 4.4300
6827.90 4.4301
6827.95 4.4302
6828.00 4.4304
6828.05 4.4305
6828.10 4.4306
6828.15 4.4308
6828.20 4.4309
6828.25 4.4310
6828.30 4.4312
6828.35 4.4313
6828.40 4.4314
6828.45 4.4316
6828.50 4.4317
6828.55 4.4318
6828.60 4.4320
6828.65 4.4321
6828.70 4.4322
6828.75 4.4323
6828.80 4.4325
6828.85 4.4326
6828.90 4.4327
6828.95 4.4329
6829.00 4.4330
6829.05 4.4331
6829.10 4.4333
6829.15 4.4334
6829.20 4.4335
6829.25 4.4337
6829.30 4.4338
6829.35 4.4339
6829.40 4.4341
6829.45 4.4342
6829.50 4.4343
6829.55 4.4345
6829.60 4.4346
6829.65 4.4347
6829.70 4.4349
6829.75 4.4350
6829.80 4.4351
6829.85 4.4353
6829.90 4.4354
6829.95 4.4355
6830.00 4.4357
6830.05 4.4358
6830.10 4.4359
6830.15 4.4360
6830.20 4.4362
6830.25 4.4363
6830.30 4.4364
6830.35 4.4366
6830.40 4.4367
6830.45 4.4368
6830.50 4.4370
6830.55 4.4371
6830.60 4.4372
6830.65 4.4374
6830.70 4.4375
6830.75 4.4376
6830.80 4.4378
6830.85 4.4379
6830.90 4.4380
6830.95 4.4382
6831.00 4.4383
6831.05 4.4384
6831.10 4.4386
6831.15 4.4387
6831.20 4.4388
6831.25 4.4390
6831.30 4.4391
6831.35 4.4392
6831.40 4.4394
6831.45 4.4395
6831.50 4.4396
6831.55 4.4398
6831.60 4.4399
6831.65 4.4400
6831.70 4.4402
6831.75 4.4403
6831.80 4.4404
6831.85 4.4405
6831.90 4.4407
6831.95 4.4408
6832.00 4.4409
6832.05 4.4411
6832.10 4.4412
6832.15 4.4413
6832.20 4.4415
6832.25 4.4416
6832.30 4.4417
6832.35 4.4419
6832.40 4.4420
6832.45 4.4421
6832.50 4.4423
6832.55 4.4424
6832.60 4.4425
6832.65 4.4427
6832.70 4.4428
6832.75 4.4429
6832.80 4.4431
6832.85 4.4432
6832.90 4.4433
6832.95 4.4435
6833.00 4.4436
6833.05 4.4437
6833.10 4.4439
6833.15 4.4440
6833.20 4.4441
6833.25 4.4443
6833.30 4.4444
6833.35 4.4445
6833.40 4.4447
6833.45 4.4448
6833.50 4.4449
6833.55 4.4451
6833.60 4.4452
6833.65 4.4453
6833.70 4.4455
6833.75 4.4456
6833.80 4.4457
6833.85 4.4459
6833.90 4.4460
6833.95 4.4461
6834.00 4.4463
6834.05 4.4464
6834.10 4.4465
6834.15 4.4466
6834.20 4.4468
6834.25 4.4469
6834.30 4.4470
6834.35 4.4472
6834.40 4.4473
6834.45 4.4474
6834.50 4.4476
6834.55 4.4477
6834.60 4.4478
6834.65 4.4480
6834.70 4.4481
6834.75 4.4482
6834.80 4.4484
6834.85 4.4485
6834.90 4.4486
6834.95 4.4488
6835.00 4.4489
6835.05 4.4490
6835.10 4.4492
6835.15 4.4493
6835.20 4.4494
6835.25 4.4496
6835.30 4.4497
6835.35 4.4498
6835.40 4.4500
6835.45 4.4501
6835.50 4.4502
6835.55 4.4504
6835.60 4.4505
6835.65 4.4506
6835.70 4.4508
6835.75 4.4509
6835.80 4.4510
6835.85 4.4512
6835.90 4.4513
6835.95 4.4514
6836.00 4.4516
6836.05 4.4517
6836.10 4.4518
6836.15 4.4520
6836.20 4.4521
6836.25 4.4522
6836.30 4.4524
6836.35 4.4525
6836.40 4.4526
6836.45 4.4528
6836.50 4.4529
6836.55 4.4530
6836.60 4.4532
6836.65 4.4533
6836.70 4.4534
6836.75 4.4536
6836.80 4.4537
6836.85 4.4538
6836.90 4.4540
6836.95 4.4541
6837.00 4.4542
6837.05 4.4544
6837.10 4.4545
6837.15 4.4546
6837.20 4.4548
6837.25 4.4549
6837.30 4.4550
6837.35 4.4552
6837.40 4.4553
6837.45 4.4554
6837.50 4.4556
6837.55 4.4557
6837.60 4.4558
6837.65 4.4560
6837.70 4.4561
6837.75 4.4562
6837.80 4.4564
6837.85 4.4565
6837.90 4.4566
6837.95 4.4568
6838.00 4.4569
6838.05 4.4570
6838.10 4.4572
6838.15 4.4573
6838.20 4.4574
6838.25 4.4576
6838.30 4.4577
6838.35 4.4578
6838.40 4.4580
6838.45 4.4581
6838.50 4.4582
6838.55 4.4584
6838.60 4.4585
6838.65 4.4586
6838.70 4.4588
6838.75 4.4589
6838.80 4.4590
6838.85 4.4592
6838.90 4.4593
6838.95 4.4594
6839.00 4.4596
6839.05 4.4597
6839.10 4.4598
6839.15 4.4599
6839.20 4.4601
6839.25 4.4602
6839.30 4.4603
6839.35 4.4605
6839.40 4.4606
6839.45 4.4607
6839.50 4.4609
6839.55 4.4610
6839.60 4.4611
6839.65 4.4613
6839.70 4.4614
6839.75 4.4615
6839.80 4.4617
6839.85 4.4618
6839.90 4.4619
6839.95 4.4621
6840.00 4.4622
6840.05 4.4623
6840.10 4.4625
6840.15 4.4626
6840.20 4.4627
6840.25 4.4629
6840.30 4.4630
6840.35 4.4631
6840.40 4.4633
6840.45 4.4634
6840.50 4.4635
6840.55 4.4637
6840.60 4.4638
6840.65 4.4639
6840.70 4.4641
6840.75 4.4642
6840.80 4.4643
6840.85 4.4645
6840.90 4.4646
6840.95 4.4647
6841.00 4.4649
6841.05 4.4650
6841.10 4.4651
6841.15 4.4653
6841.20 4.4654
6841.25 4.4655
6841.30 4.4657
6841.35 4.4658
6841.40 4.4659
6841.45 4.4661
6841.50 4.4662
6841.55 4.4663
6841.60 4.4665
6841.65 4.4666
6841.70 4.4667
6841.75 4.4669
6841.80 4.4670
6841.85 4.4671
6841.90 4.4673
6841.95 4.4674
6842.00 4.4675
6842.05 4.4677
6842.10 4.4678
6842.15 4.4679
6842.20 4.4681
6842.25 4.4682
6842.30 4.4683
6842.35 4.4685
6842.40 4.4686
6842.45 4.4687
6842.50 4.4689
6842.55 4.4690
6842.60 4.4691
6842.65 4.4693
6842.70 4.4694
6842.75 4.4695
6842.80 4.4697
6842.85 4.4698
6842.90 4.4699
6842.95 4.4701
6843.00 4.4702
6843.05 4.4703
6843.10 4.4705
6843.15 4.4706
6843.20 4.4707
6843.25 4.4709
6843.30 4.4710
6843.35 4.4711
6843.40 4.4713
6843.45 4.4714
6843.50 4.4715
6843.55 4.4717
6843.60 4.4718
6843.65 4.4719
6843.70 4.4721
6843.75 4.4722
6843.80 4.4723
6843.85 4.4725
6843.90 4.4726
6843.95 4.4727
6844.00 4.4729
6844.05 4.4730
6844.10 4.4731
6844.15 4.4733
6844.20 4.4734
6844.25 4.4735
6844.30 4.4737
6844.35 4.4738
6844.40 4.4739
6844.45 4.4741
6844.50 4.4742
6844.55 4.4743
6844.60 4.4745
6844.65 4.4746
6844.70 4.4747
6844.75 4.4749
6844.80 4.4750
6844.85 4.4751
6844.90 4.4753
6844.95 4.4754
6845.00 4.4755
6845.05 4.4757
6845.10 4.4758
6845.15 4.4759
6845.20 4.4761
6845.25 4.4762
6845.30 4.4763
6845.35 4.4765
6845.40 4.4766
6845.45 4.4767
6845.50 4.4769
6845.55 4.4770
6845.60 4.4771
6845.65 4.4773
6845.70 4.4774
6845.75 4.4775
6845.80 4.4777
6845.85 4.4778
6845.90 4.4779
6845.95 4.4781
6846.00 4.4782
6846.05 4.4783
6846.10 4.4785
6846.15 4.4786
6846.20 4.4787
6846.25 4.4789
6846.30 4.4790
6846.35 4.4791
6846.40 4.4793
6846.45 4.4794
6846.50 4.4795
6846.55 4.4797
6846.60 4.4798
6846.65 4.4799
6846.70 4.4801
6846.75 4.4802
6846.80 4.4803
6846.85 4.4804
6846.90 4.4806
6846.95 4.4807
6847.00 4.4808
6847.05 4.4810
6847.10 4.4811
6847.15 4.4812
6847.20 4.4814
6847.25 4.4815
6847.30 4.4816
6847.35 4.4818
6847.40 4.4819
6847.45 4.4820
6847.50 4.4822
6847.55 4.4823
6847.60 4.4824
6847.65 4.4826
6847.70 4.4827
6847.75 4.4828
6847.80 4.4830
6847.85 4.4831
6847.90 4.4832
6847.95 4.4834
6848.00 4.4835
6848.05 4.4836
6848.10 4.4838
6848.15 4.4839
6848.20 4.4840
6848.25 4.4842
6848.30 4.4843
6848.35 4.4844
6848.40 4.4846
6848.45 4.4847
6848.50 4.4848
6848.55 4.4850
6848.60 4.4851
6848.65 4.4852
6848.70 4.4853
6848.75 4.4855
6848.80 4.4856
6848.85 4.4857
6848.90 4.4859
6848.95 4.4860
6849.00 4.4861
6849.05 4.4863
6849.10 4.4864
6849.15 4.4865
6849.20 4.4867
6849.25 4.4868
6849.30 4.4869
6849.35 4.4871
6849.40 4.4872
6849.45 4.4873
6849.50 4.4875
6849.55 4.4876
6849.60 4.4877
6849.65 4.4879
6849.70 4.4880
6849.75 4.4881
6849.80 4.4883
6849.85 4.4884
6849.90 4.4885
6849.95 4.4886
6850.00 4.4888
6850.05 4.4889
6850.10 4.4890
6850.15 4.4892
6850.20 4.4893
6850.25 4.4894
6850.30 4.4896
6850.35 4.4897
6850.40 4.4898
6850.45 4.4900
6850.50 4.4901
6850.55 4.4902
6850.60 4.4904
6850.65 4.4905
6850.70 4.4906
6850.75 4.4908
6850.80 4.4909
6850.85 4.4910
6850.90 4.4911
6850.95 4.4913
6851.00 4.4914
6851.05 4.4915
6851.10 4.4917
6851.15 4.4918
6851.20 4.4919
6851.25 4.4921
6851.30 4.4922
6851.35 4.4923
6851.40 4.4925
6851.45 4.4926
6851.50 4.4927
6851.55 4.4929
6851.60 4.4930
6851.65 4.4931
6851.70 4.4932
6851.75 4.4934
6851.80 4.4935
6851.85 4.4936
6851.90 4.4938
6851.95 4.4939
6852.00 4.4940
6852.05 4.4942
6852.10 4.4943
6852.15 4.4944
6852.20 4.4946
6852.25 4.4947
6852.30 4.4948
6852.35 4.4949
6852.40 4.4951
6852.45 4.4952
6852.50 4.4953
6852.55 4.4955
6852.60 4.4956
6852.65 4.4957
6852.70 4.4959
6852.75 4.4960
6852.80 4.4961
6852.85 4.4963
6852.90 4.4964
6852.95 4.4965
6853.00 4.4966
6853.05 4.4968
6853.10 4.4969
6853.15 4.4970
6853.20 4.4972
6853.25 4.4973
6853.30 4.4974
6853.35 4.4976
6853.40 4.4977
6853.45 4.4978
6853.50 4.4979
6853.55 4.4981
6853.60 4.4982
6853.65 4.4983
6853.70 4.4985
6853.75 4.4986
6853.80 4.4987
6853.85 4.4989
6853.90 4.4990
6853.95 4.4991
6854.00 4.4992
6854.05 4.4994
6854.10 4.4995
6854.15 4.4996
6854.20 4.4998
6854.25 4.4999
6854.30 4.5000
6854.35 4.5002
6854.40 4.5003
6854.45 4.5004
6854.50 4.5005
6854.55 4.5007
6854.60 4.5008
6854.65 4.5009
6854.70 4.5011
6854.75 4.5012
6854.80 4.5013
6854.85 4.5014
6854.90 4.5016
6854.95 4.5017
6855.00 4.5018
6855.05 4.5020
6855.10 4.5021
6855.15 4.5022
6855.20 4.5023
6855.25 4.5025
6855.30 4.5026
6855.35 4.5027
6855.40 4.5029
6855.45 4.5030
6855.50 4.5031
6855.55 4.5032
6855.60 4.5034
6855.65 4.5035
6855.70 4.5036
6855.75 4.5038
6855.80 4.5039
6855.85 4.5040
6855.90 4.5041
6855.95 4.5043
6856.00 4.5044
6856.05 4.5045
6856.10 4.5047
6856.15 4.5048
6856.20 4.5049
6856.25 4.5050
6856.30 4.5052
6856.35 4.5053
6856.40 4.5054
6856.45 4.5056
6856.50 4.5057
6856.55 4.5058
6856.60 4.5059
6856.65 4.5061
6856.70 4.5062
6856.75 4.5063
6856.80 4.5064
6856.85 4.5066
6856.90 4.5067
6856.95 4.5068
6857.00 4.5070
6857.05 4.5071
6857.10 4.5072
6857.15 4.5073
6857.20 4.5075
6857.25 4.5076
6857.30 4.5077
6857.35 4.5078
6857.40 4.5080
6857.45 4.5081
6857.50 4.5082
6857.55 4.5084
6857.60 4.5085
6857.65 4.5086
6857.70 4.5087
6857.75 4.5089
6857.80 4.5090
6857.85 4.5091
6857.90 4.5092
6857.95 4.5094
6858.00 4.5095
6858.05 4.5096
6858.10 4.5098
6858.15 4.5099
6858.20 4.5100
6858.25 4.5101
6858.30 4.5103
6858.35 4.5104
6858.40 4.5105
6858.45 4.5106
6858.50 4.5108
6858.55 4.5109
6858.60 4.5110
6858.65 4.5111
6858.70 4.5113
6858.75 4.5114
6858.80 4.5115
6858.85 4.5116
6858.90 4.5118
6858.95 4.5119
6859.00 4.5120
6859.05 4.5121
6859.10 4.5123
6859.15 4.5124
6859.20 4.5125
6859.25 4.5126
6859.30 4.5128
6859.35 4.5129
6859.40 4.5130
6859.45 4.5131
6859.50 4.5133
6859.55 4.5134
6859.60 4.5135
6859.65 4.5136
6859.70 4.5138
6859.75 4.5139
6859.80 4.5140
6859.85 4.5141
6859.90 4.5143
6859.95 4.5144
6860.00 4.5145
6860.05 4.5146
6860.10 4.5148
6860.15 4.5149
6860.20 4.5150
6860.25 4.5151
6860.30 4.5153
6860.35 4.5154
6860.40 4.5155
6860.45 4.5156
6860.50 4.5158
6860.55 4.5159
6860.60 4.5160
6860.65 4.5161
6860.70 4.5163
6860.75 4.5164
6860.80 4.5165
6860.85 4.5166
6860.90 4.5167
6860.95 4.5169
6861.00 4.5170
6861.05 4.5171
6861.10 4.5172
6861.15 4.5174
6861.20 4.5175
6861.25 4.5176
6861.30 4.5177
6861.35 4.5179
6861.40 4.5180
6861.45 4.5181
6861.50 4.5182
6861.55 4.5183
6861.60 4.5185
6861.65 4.5186
6861.70 4.5187
6861.75 4.5188
6861.80 4.5190
6861.85 4.5191
6861.90 4.5192
6861.95 4.5193
6862.00 4.5194
6862.05 4.5196
6862.10 4.5197
6862.15 4.5198
6862.20 4.5199
6862.25 4.5201
6862.30 4.5202
6862.35 4.5203
6862.40 4.5204
6862.45 4.5205
6862.50 4.5207
6862.55 4.5208
6862.60 4.5209
6862.65 4.5210
6862.70 4.5211
6862.75 4.5213
6862.80 4.5214
6862.85 4.5215
6862.90 4.5216
6862.95 4.5217
6863.00 4.5219
6863.05 4.5220
6863.10 4.5221
6863.15 4.5222
6863.20 4.5224
6863.25 4.5225
6863.30 4.5226
6863.35 4.5227
6863.40 4.5228
6863.45 4.5230
6863.50 4.5231
6863.55 4.5232
6863.60 4.5233
6863.65 4.5234
6863.70 4.5236
6863.75 4.5237
6863.80 4.5238
6863.85 4.5239
6863.90 4.5240
6863.95 4.5241
6864.00 4.5243
6864.05 4.5244
6864.10 4.5245
6864.15 4.5246
6864.20 4.5247
6864.25 4.5249
6864.30 4.5250
6864.35 4.5251
6864.40 4.5252
6864.45 4.5253
6864.50 4.5255
6864.55 4.5256
6864.60 4.5257
6864.65 4.5258
6864.70 4.5259
6864.75 4.5260
6864.80 4.5262
6864.85 4.5263
6864.90 4.5264
6864.95 4.5265
6865.00 4.5266
6865.05 4.5268
6865.10 4.5269
6865.15 4.5270
6865.20 4.5271
6865.25 4.5272
6865.30 4.5273
6865.35 4.5275
6865.40 4.5276
6865.45 4.5277
6865.50 4.5278
6865.55 4.5279
6865.60 4.5280
6865.65 4.5282
6865.70 4.5283
6865.75 4.5284
6865.80 4.5285
6865.85 4.5286
6865.90 4.5287
6865.95 4.5289
6866.00 4.5290
6866.05 4.5291
6866.10 4.5292
6866.15 4.5293
6866.20 4.5294
6866.25 4.5295
6866.30 4.5297
6866.35 4.5298
6866.40 4.5299
6866.45 4.5300
6866.50 4.5301
6866.55 4.5302
6866.60 4.5304
6866.65 4.5305
6866.70 4.5306
6866.75 4.5307
6866.80 4.5308
6866.85 4.5309
6866.90 4.5310
6866.95 4.5312
6867.00 4.5313
6867.05 4.5314
6867.10 4.5315
6867.15 4.5316
6867.20 4.5317
6867.25 4.5318
6867.30 4.5319
6867.35 4.5321
6867.40 4.5322
6867.45 4.5323
6867.50 4.5324
6867.55 4.5325
6867.60 4.5326
6867.65 4.5327
6867.70 4.5329
6867.75 4.5330
6867.80 4.5331
6867.85 4.5332
6867.90 4.5333
6867.95 4.5334
6868.00 4.5335
6868.05 4.5336
6868.10 4.5338
6868.15 4.5339
6868.20 4.5340
6868.25 4.5341
6868.30 4.5342
6868.35 4.5343
6868.40 4.5344
6868.45 4.5345
6868.50 4.5346
6868.55 4.5348
6868.60 4.5349
6868.65 4.5350
6868.70 4.5351
6868.75 4.5352
6868.80 4.5353
6868.85 4.5354
6868.90 4.5355
6868.95 4.5356
6869.00 4.5358
6869.05 4.5359
6869.10 4.5360
6869.15 4.5361
6869.20 4.5362
6869.25 4.5363
6869.30 4.5364
6869.35 4.5365
6869.40 4.5366
6869.45 4.5367
6869.50 4.5368
6869.55 4.5370
6869.60 4.5371
6869.65 4.5372
6869.70 4.5373
6869.75 4.5374
6869.80 4.5375
6869.85 4.5376
6869.90 4.5377
6869.95 4.5378
6870.00 4.5379
6870.05 4.5380
6870.10 4.5381
6870.15 4.5383
6870.20 4.5384
6870.25 4.5385
6870.30 4.5386
6870.35 4.5387
6870.40 4.5388
6870.45 4.5389
6870.50 4.5390
6870.55 4.5391
6870.60 4.5392
6870.65 4.5393
6870.70 4.5394
6870.75 4.5395
6870.80 4.5396
6870.85 4.5398
6870.90 4.5399
6870.95 4.5400
6871.00 4.5401
6871.05 4.5402
6871.10 4.5403
6871.15 4.5404
6871.20 4.5405
6871.25 4.5406
6871.30 4.5407
6871.35 4.5408
6871.40 4.5409
6871.45 4.5410
6871.50 4.5411
6871.55 4.5412
6871.60 4.5413
6871.65 4.5414
6871.70 4.5415
6871.75 4.5416
6871.80 4.5417
6871.85 4.5419
6871.90 4.5420
6871.95 4.5421
6872.00 4.5422
6872.05 4.5423
6872.10 4.5424
6872.15 4.5425
6872.20 4.5426
6872.25 4.5427
6872.30 4.5428
6872.35 4.5429
6872.40 4.5430
6872.45 4.5431
6872.50 4.5432
6872.55 4.5433
6872.60 4.5434
6872.65 4.5435
6872.70 4.5436
6872.75 4.5437
6872.80 4.5438
6872.85 4.5439
6872.90 4.5440
6872.95 4.5441
6873.00 4.5442
6873.05 4.5443
6873.10 4.5444
6873.15 4.5445
6873.20 4.5446
6873.25 4.5447
6873.30 4.5448
6873.35 4.5449
6873.40 4.5450
6873.45 4.5451
6873.50 4.5452
6873.55 4.5453
6873.60 4.5454
6873.65 4.5455
6873.70 4.5456
6873.75 4.5457
6873.80 4.5458
6873.85 4.5459
6873.90 4.5460
6873.95 4.5461
6874.00 4.5462
6874.05 4.5463
6874.10 4.5464
6874.15 4.5465
6874.20 4.5466
6874.25 4.5467
6874.30 4.5468
6874.35 4.5469
6874.40 4.5470
6874.45 4.5471
6874.50 4.5472
6874.55 4.5473
6874.60 4.5474
6874.65 4.5475
6874.70 4.5476
6874.75 4.5476
6874.80 4.5477
6874.85 4.5478
6874.90 4.5479
6874.95 4.5480
6875.00 4.5481
6875.05 4.5482
6875.10 4.5483
6875.15 4.5484
6875.20 4.5485
6875.25 4.5486
6875.30 4.5487
6875.35 4.5488
6875.40 4.5489
6875.45 4.5490
6875.50 4.5491
6875.55 4.5492
6875.60 4.5493
6875.65 4.5494
6875.70 4.5494
6875.75 4.5495
6875.80 4.5496
6875.85 4.5497
6875.90 4.5498
6875.95 4.5499
6876.00 4.5500
6876.05 4.5501
6876.10 4.5502
6876.15 4.5503
6876.20 4.5504
6876.25 4.5505
6876.30 4.5506
6876.35 4.5506
6876.40 4.5507
6876.45 4.5508
6876.50 4.5509
6876.55 4.5510
6876.60 4.5511
6876.65 4.5512
6876.70 4.5513
6876.75 4.5514
6876.80 4.5515
6876.85 4.5516
6876.90 4.5516
6876.95 4.5517
6877.00 4.5518
6877.05 4.5519
6877.10 4.5520
6877.15 4.5521
6877.20 4.5522
6877.25 4.5523
6877.30 4.5524
6877.35 4.5524
6877.40 4.5525
6877.45 4.5526
6877.50 4.5527
6877.55 4.5528
6877.60 4.5529
6877.65 4.5530
6877.70 4.5531
6877.75 4.5531
6877.80 4.5532
6877.85 4.5533
6877.90 4.5534
6877.95 4.5535
6878.00 4.5536
6878.05 4.5537
6878.10 4.5538
6878.15 4.5538
6878.20 4.5539
6878.25 4.5540
6878.30 4.5541
6878.35 4.5542
6878.40 4.5543
6878.45 4.5543
6878.50 4.5544
6878.55 4.5545
6878.60 4.5546
6878.65 4.5547
6878.70 4.5548
6878.75 4.5549
6878.80 4.5549
6878.85 4.5550
6878.90 4.5551
6878.95 4.5552
6879.00 4.5553
6879.05 4.5554
6879.10 4.5554
6879.15 4.5555
6879.20 4.5556
6879.25 4.5557
6879.30 4.5558
6879.35 4.5558
6879.40 4.5559
6879.45 4.5560
6879.50 4.5561
6879.55 4.5562
6879.60 4.5562
6879.65 4.5563
6879.70 4.5564
6879.75 4.5565
6879.80 4.5566
6879.85 4.5566
6879.90 4.5567
6879.95 4.5568
6880.00 4.5569
6880.05 4.5570
6880.10 4.5570
6880.15 4.5571
6880.20 4.5572
6880.25 4.5573
6880.30 4.5574
6880.35 4.5574
6880.40 4.5575
6880.45 4.5576
6880.50 4.5577
6880.55 4.5577
6880.60 4.5578
6880.65 4.5579
6880.70 4.5580
6880.75 4.5581
6880.80 4.5581
6880.85 4.5582
6880.90 4.5583
6880.95 4.5584
6881.00 4.5584
6881.05 4.5585
6881.10 4.5586
6881.15 4.5587
6881.20 4.5587
6881.25 4.5588
6881.30 4.5589
6881.35 4.5590
6881.40 4.5590
6881.45 4.5591
6881.50 4.5592
6881.55 4.5593
6881.60 4.5593
6881.65 4.5594
6881.70 4.5595
6881.75 4.5595
6881.80 4.5596
6881.85 4.5597
6881.90 4.5598
6881.95 4.5598
6882.00 4.5599
6882.05 4.5600
6882.10 4.5601
6882.15 4.5601
6882.20 4.5602
6882.25 4.5603
6882.30 4.5603
6882.35 4.5604
6882.40 4.5605
6882.45 4.5605
6882.50 4.5606
6882.55 4.5607
6882.60 4.5608
6882.65 4.5608
6882.70 4.5609
6882.75 4.5610
6882.80 4.5610
6882.85 4.5611
6882.90 4.5612
6882.95 4.5612
6883.00 4.5613
6883.05 4.5614
6883.10 4.5614
6883.15 4.5615
6883.20 4.5616
6883.25 4.5616
6883.30 4.5617
6883.35 4.5618
6883.40 4.5618
6883.45 4.5619
6883.50 4.5620
6883.55 4.5620
6883.60 4.5621
6883.65 4.5622
6883.70 4.5622
6883.75 4.5623
6883.80 4.5624
6883.85 4.5624
6883.90 4.5625
6883.95 4.5626
6884.00 4.5626
6884.05 4.5627
6884.10 4.5627
6884.15 4.5628
6884.20 4.5629
6884.25 4.5629
6884.30 4.5630
6884.35 4.5631
6884.40 4.5631
6884.45 4.5632
6884.50 4.5632
6884.55 4.5633
6884.60 4.5634
6884.65 4.5634
6884.70 4.5635
6884.75 4.5635
6884.80 4.5636
6884.85 4.5637
6884.90 4.5637
6884.95 4.5638
6885.00 4.5638
6885.05 4.5639
6885.10 4.5640
6885.15 4.5640
6885.20 4.5641
6885.25 4.5641
6885.30 4.5642
6885.35 4.5643
6885.40 4.5643
6885.45 4.5644
6885.50 4.5644
6885.55 4.5645
6885.60 4.5645
6885.65 4.5646
6885.70 4.5646
6885.75 4.5647
6885.80 4.5648
6885.85 4.5648
6885.90 4.5649
6885.95 4.5649
6886.00 4.5650
6886.05 4.5650
6886.10 4.5651
6886.15 4.5651
6886.20 4.5652
6886.25 4.5653
6886.30 4.5653
6886.35 4.5654
6886.40 4.5654
6886.45 4.5655
6886.50 4.5655
6886.55 4.5656
6886.60 4.5656
6886.65 4.5657
6886.70 4.5657
6886.75 4.5658
6886.80 4.5658
6886.85 4.5659
6886.90 4.5659
6886.95 4.5660
6887.00 4.5660
6887.05 4.5661
6887.10 4.5661
6887.15 4.5662
6887.20 4.5662
6887.25 4.5663
6887.30 4.5663
6887.35 4.5664
6887.40 4.5664
6887.45 4.5665
6887.50 4.5665
6887.55 4.5666
6887.60 4.5666
6887.65 4.5667
6887.70 4.5667
6887.75 4.5668
6887.80 4.5668
6887.85 4.5668
6887.90 4.5669
6887.95 4.5669
6888.00 4.5670
6888.05 4.5670
6888.10 4.5671
6888.15 4.5671
6888.20 4.5672
6888.25 4.5672
6888.30 4.5672
6888.35 4.5673
6888.40 4.5673
6888.45 4.5674
6888.50 4.5674
6888.55 4.5675
6888.60 4.5675
6888.65 4.5675
6888.70 4.5676
6888.75 4.5676
6888.80 4.5677
6888.85 4.5677
6888.90 4.5678
6888.95 4.5678
6889.00 4.5678
6889.05 4.5679
6889.10 4.5679
6889.15 4.5680
6889.20 4.5680
6889.25 4.5680
6889.30 4.5681
6889.35 4.5681
6889.40 4.5681
6889.45 4.5682
6889.50 4.5682
6889.55 4.5683
6889.60 4.5683
6889.65 4.5683
6889.70 4.5684
6889.75 4.5684
6889.80 4.5684
6889.85 4.5685
6889.90 4.5685
6889.95 4.5685
6890.00 4.5686
6890.05 4.5686
6890.10 4.5686
6890.15 4.5687
6890.20 4.5687
6890.25 4.5688
6890.30 4.5688
6890.35 4.5688
6890.40 4.5689
6890.45 4.5689
6890.50 4.5689
6890.55 4.5689
6890.60 4.5690
6890.65 4.5690
6890.70 4.5690
6890.75 4.5691
6890.80 4.5691
6890.85 4.5691
6890.90 4.5692
6890.95 4.5692
6891.00 4.5692
6891.05 4.5693
6891.10 4.5693
6891.15 4.5693
6891.20 4.5693
6891.25 4.5694
6891.30 4.5694
6891.35 4.5694
6891.40 4.5694
6891.45 4.5695
6891.50 4.5695
6891.55 4.5695
6891.60 4.5696
6891.65 4.5696
6891.70 4.5696
6891.75 4.5696
6891.80 4.5697
6891.85 4.5697
6891.90 4.5697
6891.95 4.5697
6892.00 4.5698
6892.05 4.5698
6892.10 4.5698
6892.15 4.5698
6892.20 4.5698
6892.25 4.5699
6892.30 4.5699
6892.35 4.5699
6892.40 4.5699
6892.45 4.5700
6892.50 4.5700
6892.55 4.5700
6892.60 4.5700
6892.65 4.5700
6892.70 4.5701
6892.75 4.5701
6892.80 4.5701
6892.85 4.5701
6892.90 4.5701
6892.95 4.5702
6893.00 4.5702
6893.05 4.5702
6893.10 4.5702
6893.15 4.5702
6893.20 4.5702
6893.25 4.5703
6893.30 4.5703
6893.35 4.5703
6893.40 4.5703
6893.45 4.5703
6893.50 4.5703
6893.55 4.5704
6893.60 4.5704
6893.65 4.5704
6893.70 4.5704
6893.75 4.5704
6893.80 4.5704
6893.85 4.5704
6893.90 4.5704
6893.95 4.5705
6894.00 4.5705
6894.05 4.5705
6894.10 4.5705
6894.15 4.5705
6894.20 4.5705
6894.25 4.5705
6894.30 4.5705
6894.35 4.5705
6894.40 4.5706
6894.45 4.5706
6894.50 4.5706
6894.55 4.5706
6894.60 4.5706
6894.65 4.5706
6894.70 4.5706
6894.75 4.5706
6894.80 4.5706
6894.85 4.5706
6894.90 4.5706
6894.95 4.5706
6895.00 4.5707
6895.05 4.5707
6895.10 4.5707
6895.15 4.5707
6895.20 4.5707
6895.25 4.5707
6895.30 4.5707
6895.35 4.5707
6895.40 4.5707
6895.45 4.5707
6895.50 4.5707
6895.55 4.5707
6895.60 4.5707
6895.65 4.5707
6895.70 4.5707
6895.75 4.5707
6895.80 4.5707
6895.85 4.5707
6895.90 4.5707
6895.95 4.5707
6896.00 4.5707
6896.05 4.5707
6896.10 4.5707
6896.15 4.5707
6896.20 4.5707
6896.25 4.5707
6896.30 4.5707
6896.35 4.5707
6896.40 4.5707
6896.45 4.5707
6896.50 4.5707
6896.55 4.5707
6896.60 4.5707
6896.65 4.5707
6896.70 4.5707
6896.75 4.5707
6896.80 4.5706
6896.85 4.5706
6896.90 4.5706
6896.95 4.5706
6897.00 4.5706
6897.05 4.5706
6897.10 4.5706
6897.15 4.5706
6897.20 4.5706
6897.25 4.5706
6897.30 4.5706
6897.35 4.5706
6897.40 4.5706
6897.45 4.5705
6897.50 4.5705
6897.55 4.5705
6897.60 4.5705
6897.65 4.5705
6897.70 4.5705
6897.75 4.5705
6897.80 4.5705
6897.85 4.5704
6897.90 4.5704
6897.95 4.5704
6898.00 4.5704
6898.05 4.5704
6898.10 4.5704
6898.15 4.5704
6898.20 4.5703
6898.25 4.5703
6898.30 4.5703
6898.35 4.5703
6898.40 4.5703
6898.45 4.5703
6898.50 4.5702
6898.55 4.5702
6898.60 4.5702
6898.65 4.5702
6898.70 4.5702
6898.75 4.5702
6898.80 4.5701
6898.85 4.5701
6898.90 4.5701
6898.95 4.5701
6899.00 4.5701
6899.05 4.5700
6899.10 4.5700
6899.15 4.5700
6899.20 4.5700
6899.25 4.5699
6899.30 4.5699
6899.35 4.5699
6899.40 4.5699
6899.45 4.5698
6899.50 4.5698
6899.55 4.5698
6899.60 4.5698
6899.65 4.5697
6899.70 4.5697
6899.75 4.5697
6899.80 4.5697
6899.85 4.5696
6899.90 4.5696
6899.95 4.5696
6900.00 4.5696
6900.05 4.5695
6900.10 4.5695
6900.15 4.5695
6900.20 4.5694
6900.25 4.5694
6900.30 4.5694
6900.35 4.5694
6900.40 4.5693
6900.45 4.5693
6900.50 4.5693
6900.55 4.5692
6900.60 4.5692
6900.65 4.5692
6900.70 4.5691
6900.75 4.5691
6900.80 4.5691
6900.85 4.5690
6900.90 4.5690
6900.95 4.5690
6901.00 4.5689
6901.05 4.5689
6901.10 4.5688
6901.15 4.5688
6901.20 4.5688
6901.25 4.5687
6901.30 4.5687
6901.35 4.5687
6901.40 4.5686
6901.45 4.5686
6901.50 4.5685
6901.55 4.5685
6901.60 4.5685
6901.65 4.5684
6901.70 4.5684
6901.75 4.5683
6901.80 4.5683
6901.85 4.5682
6901.90 4.5682
6901.95 4.5682
6902.00 4.5681
6902.05 4.5681
6902.10 4.5680
6902.15 4.5680
6902.20 4.5679
6902.25 4.5679
6902.30 4.5678
6902.35 4.5678
6902.40 4.5678
6902.45 4.5677
6902.50 4.5677
6902.55 4.5676
6902.60 4.5676
6902.65 4.5675
6902.70 4.5675
6902.75 4.5674
6902.80 4.5674
6902.85 4.5673
6902.90 4.5673
6902.95 4.5672
6903.00 4.5672
6903.05 4.5671
6903.10 4.5671
6903.15 4.5670
6903.20 4.5670
6903.25 4.5669
6903.30 4.5668
6903.35 4.5668
6903.40 4.5667
6903.45 4.5667
6903.50 4.5666
6903.55 4.5666
6903.60 4.5665
6903.65 4.5665
6903.70 4.5664
6903.75 4.5663
6903.80 4.5663
6903.85 4.5662
6903.90 4.5662
6903.95 4.5661
6904.00 4.5661
6904.05 4.5660
6904.10 4.5659
6904.15 4.5659
6904.20 4.5658
6904.25 4.5657
6904.30 4.5657
6904.35 4.5656
6904.40 4.5656
6904.45 4.5655
6904.50 4.5654
6904.55 4.5654
6904.60 4.5653
6904.65 4.5652
6904.70 4.5652
6904.75 4.5651
6904.80 4.5650
6904.85 4.5650
6904.90 4.5649
6904.95 4.5648
6905.00 4.5648
6905.05 4.5647
6905.10 4.5646
6905.15 4.5646
6905.20 4.5645
6905.25 4.5644
6905.30 4.5644
6905.35 4.5643
6905.40 4.5642
6905.45 4.5641
6905.50 4.5641
6905.55 4.5640
6905.60 4.5639
6905.65 4.5638
6905.70 4.5638
6905.75 4.5637
6905.80 4.5636
6905.85 4.5635
6905.90 4.5635
6905.95 4.5634
6906.00 4.5633
6906.05 4.5632
6906.10 4.5632
6906.15 4.5631
6906.20 4.5630
6906.25 4.5629
6906.30 4.5629
6906.35 4.5628
6906.40 4.5627
6906.45 4.5626
6906.50 4.5625
6906.55 4.5624
6906.60 4.5624
6906.65 4.5623
6906.70 4.5622
6906.75 4.5621
6906.80 4.5620
6906.85 4.5619
6906.90 4.5619
6906.95 4.5618
6907.00 4.5617
6907.05 4.5616
6907.10 4.5615
6907.15 4.5614
6907.20 4.5613
6907.25 4.5613
6907.30 4.5612
6907.35 4.5611
6907.40 4.5610
6907.45 4.5609
6907.50 4.5608
6907.55 4.5607
6907.60 4.5606
6907.65 4.5605
6907.70 4.5604
6907.75 4.5604
6907.80 4.5603
6907.85 4.5602
6907.90 4.5601
6907.95 4.5600
6908.00 4.5599
6908.05 4.5598
6908.10 4.5597
6908.15 4.5596
6908.20 4.5595
6908.25 4.5594
6908.30 4.5593
6908.35 4.5592
6908.40 4.5591
6908.45 4.5590
6908.50 4.5589
6908.55 4.5588
6908.60 4.5587
6908.65 4.5586
6908.70 4.5585
6908.75 4.5584
6908.80 4.5583
6908.85 4.5582
6908.90 4.5581
6908.95 4.5580
6909.00 4.5579
6909.05 4.5578
6909.10 4.5577
6909.15 4.5576
6909.20 4.5575
6909.25 4.5574
6909.30 4.5573
6909.35 4.5572
6909.40 4.5570
6909.45 4.5569
6909.50 4.5568
6909.55 4.5567
6909.60 4.5566
6909.65 4.5565
6909.70 4.5564
6909.75 4.5563
6909.80 4.5562
6909.85 4.5561
6909.90 4.5559
6909.95 4.5558
6910.00 4.5557
6910.05 4.5556
6910.10 4.5555
6910.15 4.5554
6910.20 4.5553
6910.25 4.5551
6910.30 4.5550
6910.35 4.5549
6910.40 4.5548
6910.45 4.5547
6910.50 4.5545
6910.55 4.5544
6910.60 4.5543
6910.65 4.5542
6910.70 4.5541
6910.75 4.5539
6910.80 4.5538
6910.85 4.5537
6910.90 4.5536
6910.95 4.5535
6911.00 4.5533
6911.05 4.5532
6911.10 4.5531
6911.15 4.5530
6911.20 4.5528
6911.25 4.5527
6911.30 4.5526
6911.35 4.5525
6911.40 4.5523
6911.45 4.5522
6911.50 4.5521
6911.55 4.5519
6911.60 4.5518
6911.65 4.5517
6911.70 4.5516
6911.75 4.5514
6911.80 4.5513
6911.85 4.5512
6911.90 4.5510
6911.95 4.5509
6912.00 4.5508
6912.05 4.5506
6912.10 4.5505
6912.15 4.5504
6912.20 4.5502
6912.25 4.5501
6912.30 4.5499
6912.35 4.5498
6912.40 4.5497
6912.45 4.5495
6912.50 4.5494
6912.55 4.5493
6912.60 4.5491
6912.65 4.5490
6912.70 4.5488
6912.75 4.5487
6912.80 4.5485
6912.85 4.5484
6912.90 4.5483
6912.95 4.5481
6913.00 4.5480
6913.05 4.5478
6913.10 4.5477
6913.15 4.5475
6913.20 4.5474
6913.25 4.5472
6913.30 4.5471
6913.35 4.5470
6913.40 4.5468
6913.45 4.5467
6913.50 4.5465
6913.55 4.5464
6913.60 4.5462
6913.65 4.5461
6913.70 4.5459
6913.75 4.5457
6913.80 4.5456
6913.85 4.5454
6913.90 4.5453
6913.95 4.5451
6914.00 4.5450
6914.05 4.5448
6914.10 4.5447
6914.15 4.5445
6914.20 4.5444
6914.25 4.5442
6914.30 4.5440
6914.35 4.5439
6914.40 4.5437
6914.45 4.5436
6914.50 4.5434
6914.55 4.5432
6914.60 4.5431
6914.65 4.5429
6914.70 4.5428
6914.75 4.5426
6914.80 4.5424
6914.85 4.5423
6914.90 4.5421
6914.95 4.5419
6915.00 4.5418
6915.05 4.5416
6915.10 4.5414
6915.15 4.5413
6915.20 4.5411
6915.25 4.5409
6915.30 4.5408
6915.35 4.5406
6915.40 4.5404
6915.45 4.5403
6915.50 4.5401
6915.55 4.5399
6915.60 4.5397
6915.65 4.5396
6915.70 4.5394
6915.75 4.5392
6915.80 4.5390
6915.85 4.5389
6915.90 4.5387
6915.95 4.5385
6916.00 4.5383
6916.05 4.5382
6916.10 4.5380
6916.15 4.5378
6916.20 4.5376
6916.25 4.5374
6916.30 4.5373
6916.35 4.5371
6916.40 4.5369
6916.45 4.5367
6916.50 4.5365
6916.55 4.5364
6916.60 4.5362
6916.65 4.5360
6916.70 4.5358
6916.75 4.5356
6916.80 4.5354
6916.85 4.5352
6916.90 4.5351
6916.95 4.5349
6917.00 4.5347
6917.05 4.5345
6917.10 4.5343
6917.15 4.5341
6917.20 4.5339
6917.25 4.5337
6917.30 4.5335
6917.35 4.5333
6917.40 4.5331
6917.45 4.5330
6917.50 4.5328
6917.55 4.5326
6917.60 4.5324
6917.65 4.5322
6917.70 4.5320
6917.75 4.5318
6917.80 4.5316
6917.85 4.5314
6917.90 4.5312
6917.95 4.5310
6918.00 4.5308
6918.05 4.5306
6918.10 4.5304
6918.15 4.5302
6918.20 4.5300
6918.25 4.5298
6918.30 4.5296
6918.35 4.5294
6918.40 4.5292
6918.45 4.5290
6918.50 4.5288
6918.55 4.5285
6918.60 4.5283
6918.65 4.5281
6918.70 4.5279
6918.75 4.5277
6918.80 4.5275
6918.85 4.5273
6918.90 4.5271
6918.95 4.5269
6919.00 4.5267
6919.05 4.5264
6919.10 4.5262
6919.15 4.5260
6919.20 4.5258
6919.25 4.5256
6919.30 4.5254
6919.35 4.5252
6919.40 4.5249
6919.45 4.5247
6919.50 4.5245
6919.55 4.5243
6919.60 4.5241
6919.65 4.5238
6919.70 4.5236
6919.75 4.5234
6919.80 4.5232
6919.85 4.5230
6919.90 4.5227
6919.95 4.5225
6920.00 4.5223
6920.05 4.5221
6920.10 4.5218
6920.15 4.5216
6920.20 4.5214
6920.25 4.5211
6920.30 4.5209
6920.35 4.5207
6920.40 4.5205
6920.45 4.5202
6920.50 4.5200
6920.55 4.5198
6920.60 4.5195
6920.65 4.5193
6920.70 4.5191
6920.75 4.5188
6920.80 4.5186
6920.85 4.5184
6920.90 4.5181
6920.95 4.5179
6921.00 4.5177
6921.05 4.5174
6921.10 4.5172
6921.15 4.5169
6921.20 4.5167
6921.25 4.5165
6921.30 4.5162
6921.35 4.5160
6921.40 4.5157
6921.45 4.5155
6921.50 4.5153
6921.55 4.5150
6921.60 4.5148
6921.65 4.5145
6921.70 4.5143
6921.75 4.5140
6921.80 4.5138
6921.85 4.5135
6921.90 4.5133
6921.95 4.5130
6922.00 4.5128
6922.05 4.5125
6922.10 4.5123
6922.15 4.5120
6922.20 4.5118
6922.25 4.5115
6922.30 4.5113
6922.35 4.5110
6922.40 4.5108
6922.45 4.5105
6922.50 4.5102
6922.55 4.5100
6922.60 4.5097
6922.65 4.5095
6922.70 4.5092
6922.75 4.5089
6922.80 4.5087
6922.85 4.5084
6922.90 4.5082
6922.95 4.5079
6923.00 4.5076
6923.05 4.5074
6923.10 4.5071
6923.15 4.5068
6923.20 4.5066
6923.25 4.5063
6923.30 4.5060
6923.35 4.5058
6923.40 4.5055
6923.45 4.5052
6923.50 4.5050
6923.55 4.5047
6923.60 4.5044
6923.65 4.5042
6923.70 4.5039
6923.75 4.5036
6923.80 4.5033
6923.85 4.5031
6923.90 4.5028
6923.95 4.5025
6924.00 4.5022
6924.05 4.5020
6924.10 4.5017
6924.15 4.5014
6924.20 4.5011
6924.25 4.5008
6924.30 4.5006
6924.35 4.5003
6924.40 4.5000
6924.45 4.4997
6924.50 4.4994
6924.55 4.4991
6924.60 4.4989
6924.65 4.4986
6924.70 4.4983
6924.75 4.4980
6924.80 4.4977
6924.85 4.4974
6924.90 4.4971
6924.95 4.4968
6925.00 4.4966
6925.05 4.4963
6925.10 4.4960
6925.15 4.4957
6925.20 4.4954
6925.25 4.4951
6925.30 4.4948
