5835.50 3.4991
5835.55 3.4998
5835.60 3.5005
5835.65 3.5012
5835.70 3.5019
5835.75 3.5026
5835.80 3.5033
5835.85 3.5040
5835.90 3.5047
5835.95 3.5054
5836.00 3.5061
5836.05 3.5068
5836.10 3.5074
5836.15 3.5081
5836.20 3.5088
5836.25 3.5095
5836.30 3.5102
5836.35 3.5109
5836.40 3.5115
5836.45 3.5122
5836.50 3.5129
5836.55 3.5136
5836.60 3.5142
5836.65 3.5149
5836.70 3.5156
5836.75 3.5162
5836.80 3.5169
5836.85 3.5176
5836.90 3.5182
5836.95 3.5189
5837.00 3.5196
5837.05 3.5202
5837.10 3.5209
5837.15 3.5215
5837.20 3.5222
5837.25 3.5228
5837.30 3.5235
5837.35 3.5241
5837.40 3.5248
5837.45 3.5254
5837.50 3.5261
5837.55 3.5267
5837.60 3.5273
5837.65 3.5280
5837.70 3.5286
5837.75 3.5293
5837.80 3.5299
5837.85 3.5305
5837.90 3.5312
5837.95 3.5318
5838.00 3.5324
5838.05 3.5330
5838.10 3.5337
5838.15 3.5343
5838.20 3.5349
5838.25 3.5355
5838.30 3.5362
5838.35 3.5368
5838.40 3.5374
5838.45 3.5380
5838.50 3.5386
5838.55 3.5392
5838.60 3.5398
5838.65 3.5404
5838.70 3.5410
5838.75 3.5417
5838.80 3.5423
5838.85 3.5429
5838.90 3.5435
5838.95 3.5441
5839.00 3.5447
5839.05 3.5453
5839.10 3.5458
5839.15 3.5464
5839.20 3.5470
5839.25 3.5476
5839.30 3.5482
5839.35 3.5488
5839.40 3.5494
5839.45 3.5500
5839.50 3.5505
5839.55 3.5511
5839.60 3.5517
5839.65 3.5523
5839.70 3.5529
5839.75 3.5534
5839.80 3.5540
5839.85 3.5546
5839.90 3.5552
5839.95 3.5557
5840.00 3.5563
5840.05 3.5569
5840.10 3.5574
5840.15 3.5580
5840.20 3.5586
5840.25 3.5591
5840.30 3.5597
5840.35 3.5602
5840.40 3.5608
5840.45 3.5613
5840.50 3.5619
5840.55 3.5624
5840.60 3.5630
5840.65 3.5635
5840.70 3.5641
5840.75 3.5646
5840.80 3.5652
5840.85 3.5657
5840.90 3.5663
5840.95 3.5668
5841.00 3.5673
5841.05 3.5679
5841.10 3.5684
5841.15 3.5690
5841.20 3.5695
5841.25 3.5700
5841.30 3.5706
5841.35 3.5711
5841.40 3.5716
5841.45 3.5721
5841.50 3.5727
5841.55 3.5732
5841.60 3.5737
5841.65 3.5742
5841.70 3.5747
5841.75 3.5753
5841.80 3.5758
5841.85 3.5763
5841.90 3.5768
5841.95 3.5773
5842.00 3.5778
5842.05 3.5783
5842.10 3.5788
5842.15 3.5794
5842.20 3.5799
5842.25 3.5804
5842.30 3.5809
5842.35 3.5814
5842.40 3.5819
5842.45 3.5824
5842.50 3.5829
5842.55 3.5834
5842.60 3.5839
5842.65 3.5843
5842.70 3.5848
5842.75 3.5853
5842.80 3.5858
5842.85 3.5863
5842.90 3.5868
5842.95 3.5873
5843.00 3.5878
5843.05 3.5882
5843.10 3.5887
5843.15 3.5892
5843.20 3.5897
5843.25 3.5902
5843.30 3.5906
5843.35 3.5911
5843.40 3.5916
5843.45 3.5920
5843.50 3.5925
5843.55 3.5930
5843.60 3.5935
5843.65 3.5939
5843.70 3.5944
5843.75 3.5948
5843.80 3.5953
5843.85 3.5958
5843.90 3.5962
5843.95 3.5967
5844.00 3.5971
5844.05 3.5976
5844.10 3.5981
5844.15 3.5985
5844.20 3.5990
5844.25 3.5994
5844.30 3.5999
5844.35 3.6003
5844.40 3.6008
5844.45 3.6012
5844.50 3.6016
5844.55 3.6021
5844.60 3.6025
5844.65 3.6030
5844.70 3.6034
5844.75 3.6038
5844.80 3.6043
5844.85 3.6047
5844.90 3.6051
5844.95 3.6056
5845.00 3.6060
5845.05 3.6064
5845.10 3.6069
5845.15 3.6073
5845.20 3.6077
5845.25 3.6081
5845.30 3.6086
5845.35 3.6090
5845.40 3.6094
5845.45 3.6098
5845.50 3.6103
5845.55 3.6107
5845.60 3.6111
5845.65 3.6115
5845.70 3.6119
5845.75 3.6123
5845.80 3.6127
5845.85 3.6131
5845.90 3.6136
5845.95 3.6140
5846.00 3.6144
5846.05 3.6148
5846.10 3.6152
5846.15 3.6156
5846.20 3.6160
5846.25 3.6164
5846.30 3.6168
5846.35 3.6172
5846.40 3.6176
5846.45 3.6180
5846.50 3.6184
5846.55 3.6188
5846.60 3.6191
5846.65 3.6195
5846.70 3.6199
5846.75 3.6203
5846.80 3.6207
5846.85 3.6211
5846.90 3.6215
5846.95 3.6219
5847.00 3.6222
5847.05 3.6226
5847.10 3.6230
5847.15 3.6234
5847.20 3.6238
5847.25 3.6241
5847.30 3.6245
5847.35 3.6249
5847.40 3.6252
5847.45 3.6256
5847.50 3.6260
5847.55 3.6264
5847.60 3.6267
5847.65 3.6271
5847.70 3.6275
5847.75 3.6278
5847.80 3.6282
5847.85 3.6285
5847.90 3.6289
5847.95 3.6293
5848.00 3.6296
5848.05 3.6300
5848.10 3.6303
5848.15 3.6307
5848.20 3.6310
5848.25 3.6314
5848.30 3.6317
5848.35 3.6321
5848.40 3.6324
5848.45 3.6328
5848.50 3.6331
5848.55 3.6335
5848.60 3.6338
5848.65 3.6342
5848.70 3.6345
5848.75 3.6349
5848.80 3.6352
5848.85 3.6355
5848.90 3.6359
5848.95 3.6362
5849.00 3.6365
5849.05 3.6369
5849.10 3.6372
5849.15 3.6375
5849.20 3.6379
5849.25 3.6382
5849.30 3.6385
5849.35 3.6389
5849.40 3.6392
5849.45 3.6395
5849.50 3.6398
5849.55 3.6402
5849.60 3.6405
5849.65 3.6408
5849.70 3.6411
5849.75 3.6414
5849.80 3.6418
5849.85 3.6421
5849.90 3.6424
5849.95 3.6427
5850.00 3.6430
5850.05 3.6433
5850.10 3.6436
5850.15 3.6439
5850.20 3.6443
5850.25 3.6446
5850.30 3.6449
5850.35 3.6452
5850.40 3.6455
5850.45 3.6458
5850.50 3.6461
5850.55 3.6464
5850.60 3.6467
5850.65 3.6470
5850.70 3.6473
5850.75 3.6476
5850.80 3.6479
5850.85 3.6482
5850.90 3.6485
5850.95 3.6488
5851.00 3.6491
5851.05 3.6493
5851.10 3.6496
5851.15 3.6499
5851.20 3.6502
5851.25 3.6505
5851.30 3.6508
5851.35 3.6511
5851.40 3.6513
5851.45 3.6516
5851.50 3.6519
5851.55 3.6522
5851.60 3.6525
5851.65 3.6527
5851.70 3.6530
5851.75 3.6533
5851.80 3.6536
5851.85 3.6539
5851.90 3.6541
5851.95 3.6544
5852.00 3.6547
5852.05 3.6549
5852.10 3.6552
5852.15 3.6555
5852.20 3.6557
5852.25 3.6560
5852.30 3.6563
5852.35 3.6565
5852.40 3.6568
5852.45 3.6571
5852.50 3.6573
5852.55 3.6576
5852.60 3.6578
5852.65 3.6581
5852.70 3.6584
5852.75 3.6586
5852.80 3.6589
5852.85 3.6591
5852.90 3.6594
5852.95 3.6596
5853.00 3.6599
5853.05 3.6601
5853.10 3.6604
5853.15 3.6606
5853.20 3.6609
5853.25 3.6611
5853.30 3.6614
5853.35 3.6616
5853.40 3.6618
5853.45 3.6621
5853.50 3.6623
5853.55 3.6626
5853.60 3.6628
5853.65 3.6630
5853.70 3.6633
5853.75 3.6635
5853.80 3.6638
5853.85 3.6640
5853.90 3.6642
5853.95 3.6645
5854.00 3.6647
5854.05 3.6649
5854.10 3.6651
5854.15 3.6654
5854.20 3.6656
5854.25 3.6658
5854.30 3.6661
5854.35 3.6663
5854.40 3.6665
5854.45 3.6667
5854.50 3.6669
5854.55 3.6672
5854.60 3.6674
5854.65 3.6676
5854.70 3.6678
5854.75 3.6680
5854.80 3.6683
5854.85 3.6685
5854.90 3.6687
5854.95 3.6689
5855.00 3.6691
5855.05 3.6693
5855.10 3.6695
5855.15 3.6698
5855.20 3.6700
5855.25 3.6702
5855.30 3.6704
5855.35 3.6706
5855.40 3.6708
5855.45 3.6710
5855.50 3.6712
5855.55 3.6714
5855.60 3.6716
5855.65 3.6718
5855.70 3.6720
5855.75 3.6722
5855.80 3.6724
5855.85 3.6726
5855.90 3.6728
5855.95 3.6730
5856.00 3.6732
5856.05 3.6734
5856.10 3.6736
5856.15 3.6738
5856.20 3.6740
5856.25 3.6741
5856.30 3.6743
5856.35 3.6745
5856.40 3.6747
5856.45 3.6749
5856.50 3.6751
5856.55 3.6753
5856.60 3.6755
5856.65 3.6756
5856.70 3.6758
5856.75 3.6760
5856.80 3.6762
5856.85 3.6764
5856.90 3.6765
5856.95 3.6767
5857.00 3.6769
5857.05 3.6771
5857.10 3.6772
5857.15 3.6774
5857.20 3.6776
5857.25 3.6778
5857.30 3.6779
5857.35 3.6781
5857.40 3.6783
5857.45 3.6784
5857.50 3.6786
5857.55 3.6788
5857.60 3.6790
5857.65 3.6791
5857.70 3.6793
5857.75 3.6794
5857.80 3.6796
5857.85 3.6798
5857.90 3.6799
5857.95 3.6801
5858.00 3.6803
5858.05 3.6804
5858.10 3.6806
5858.15 3.6807
5858.20 3.6809
5858.25 3.6810
5858.30 3.6812
5858.35 3.6814
5858.40 3.6815
5858.45 3.6817
5858.50 3.6818
5858.55 3.6820
5858.60 3.6821
5858.65 3.6823
5858.70 3.6824
5858.75 3.6826
5858.80 3.6827
5858.85 3.6829
5858.90 3.6830
5858.95 3.6832
5859.00 3.6833
5859.05 3.6834
5859.10 3.6836
5859.15 3.6837
5859.20 3.6839
5859.25 3.6840
5859.30 3.6841
5859.35 3.6843
5859.40 3.6844
5859.45 3.6846
5859.50 3.6847
5859.55 3.6848
5859.60 3.6850
5859.65 3.6851
5859.70 3.6852
5859.75 3.6854
5859.80 3.6855
5859.85 3.6856
5859.90 3.6858
5859.95 3.6859
5860.00 3.6860
5860.05 3.6861
5860.10 3.6863
5860.15 3.6864
5860.20 3.6865
5860.25 3.6866
5860.30 3.6868
5860.35 3.6869
5860.40 3.6870
5860.45 3.6871
5860.50 3.6873
5860.55 3.6874
5860.60 3.6875
5860.65 3.6876
5860.70 3.6877
5860.75 3.6879
5860.80 3.6880
5860.85 3.6881
5860.90 3.6882
5860.95 3.6883
5861.00 3.6884
5861.05 3.6885
5861.10 3.6887
5861.15 3.6888
5861.20 3.6889
5861.25 3.6890
5861.30 3.6891
5861.35 3.6892
5861.40 3.6893
5861.45 3.6894
5861.50 3.6895
5861.55 3.6896
5861.60 3.6897
5861.65 3.6898
5861.70 3.6899
5861.75 3.6901
5861.80 3.6902
5861.85 3.6903
5861.90 3.6904
5861.95 3.6905
5862.00 3.6906
5862.05 3.6907
5862.10 3.6908
5862.15 3.6908
5862.20 3.6909
5862.25 3.6910
5862.30 3.6911
5862.35 3.6912
5862.40 3.6913
5862.45 3.6914
5862.50 3.6915
5862.55 3.6916
5862.60 3.6917
5862.65 3.6918
5862.70 3.6919
5862.75 3.6920
5862.80 3.6920
5862.85 3.6921
5862.90 3.6922
5862.95 3.6923
5863.00 3.6924
5863.05 3.6925
5863.10 3.6926
5863.15 3.6926
5863.20 3.6927
5863.25 3.6928
5863.30 3.6929
5863.35 3.6930
5863.40 3.6931
5863.45 3.6931
5863.50 3.6932
5863.55 3.6933
5863.60 3.6934
5863.65 3.6934
5863.70 3.6935
5863.75 3.6936
5863.80 3.6937
5863.85 3.6937
5863.90 3.6938
5863.95 3.6939
5864.00 3.6940
5864.05 3.6940
5864.10 3.6941
5864.15 3.6942
5864.20 3.6942
5864.25 3.6943
5864.30 3.6944
5864.35 3.6945
5864.40 3.6945
5864.45 3.6946
5864.50 3.6947
5864.55 3.6947
5864.60 3.6948
5864.65 3.6948
5864.70 3.6949
5864.75 3.6950
5864.80 3.6950
5864.85 3.6951
5864.90 3.6952
5864.95 3.6952
5865.00 3.6953
5865.05 3.6953
5865.10 3.6954
5865.15 3.6955
5865.20 3.6955
5865.25 3.6956
5865.30 3.6956
5865.35 3.6957
5865.40 3.6957
5865.45 3.6958
5865.50 3.6958
5865.55 3.6959
5865.60 3.6959
5865.65 3.6960
5865.70 3.6961
5865.75 3.6961
5865.80 3.6962
5865.85 3.6962
5865.90 3.6962
5865.95 3.6963
5866.00 3.6963
5866.05 3.6964
5866.10 3.6964
5866.15 3.6965
5866.20 3.6965
5866.25 3.6966
5866.30 3.6966
5866.35 3.6967
5866.40 3.6967
5866.45 3.6967
5866.50 3.6968
5866.55 3.6968
5866.60 3.6969
5866.65 3.6969
5866.70 3.6969
5866.75 3.6970
5866.80 3.6970
5866.85 3.6971
5866.90 3.6971
5866.95 3.6971
5867.00 3.6972
5867.05 3.6972
5867.10 3.6972
5867.15 3.6973
5867.20 3.6973
5867.25 3.6973
5867.30 3.6974
5867.35 3.6974
5867.40 3.6974
5867.45 3.6975
5867.50 3.6975
5867.55 3.6975
5867.60 3.6976
5867.65 3.6976
5867.70 3.6976
5867.75 3.6976
5867.80 3.6977
5867.85 3.6977
5867.90 3.6977
5867.95 3.6978
5868.00 3.6978
5868.05 3.6978
5868.10 3.6978
5868.15 3.6978
5868.20 3.6979
5868.25 3.6979
5868.30 3.6979
5868.35 3.6979
5868.40 3.6980
5868.45 3.6980
5868.50 3.6980
5868.55 3.6980
5868.60 3.6980
5868.65 3.6981
5868.70 3.6981
5868.75 3.6981
5868.80 3.6981
5868.85 3.6981
5868.90 3.6981
5868.95 3.6982
5869.00 3.6982
5869.05 3.6982
5869.10 3.6982
5869.15 3.6982
5869.20 3.6982
5869.25 3.6982
5869.30 3.6982
5869.35 3.6983
5869.40 3.6983
5869.45 3.6983
5869.50 3.6983
5869.55 3.6983
5869.60 3.6983
5869.65 3.6983
5869.70 3.6983
5869.75 3.6983
5869.80 3.6983
5869.85 3.6983
5869.90 3.6983
5869.95 3.6983
5870.00 3.6983
5870.05 3.6984
5870.10 3.6984
5870.15 3.6984
5870.20 3.6984
5870.25 3.6984
5870.30 3.6984
5870.35 3.6984
5870.40 3.6984
5870.45 3.6984
5870.50 3.6984
5870.55 3.6984
5870.60 3.6984
5870.65 3.6984
5870.70 3.6984
5870.75 3.6984
5870.80 3.6984
5870.85 3.6984
5870.90 3.6983
5870.95 3.6983
5871.00 3.6983
5871.05 3.6983
5871.10 3.6983
5871.15 3.6983
5871.20 3.6983
5871.25 3.6983
5871.30 3.6983
5871.35 3.6983
5871.40 3.6983
5871.45 3.6983
5871.50 3.6983
5871.55 3.6983
5871.60 3.6982
5871.65 3.6982
5871.70 3.6982
5871.75 3.6982
5871.80 3.6982
5871.85 3.6982
5871.90 3.6982
5871.95 3.6982
5872.00 3.6981
5872.05 3.6981
5872.10 3.6981
5872.15 3.6981
5872.20 3.6981
5872.25 3.6981
5872.30 3.6980
5872.35 3.6980
5872.40 3.6980
5872.45 3.6980
5872.50 3.6980
5872.55 3.6980
5872.60 3.6979
5872.65 3.6979
5872.70 3.6979
5872.75 3.6979
5872.80 3.6979
5872.85 3.6978
5872.90 3.6978
5872.95 3.6978
5873.00 3.6978
5873.05 3.6977
5873.10 3.6977
5873.15 3.6977
5873.20 3.6977
5873.25 3.6977
5873.30 3.6976
5873.35 3.6976
5873.40 3.6976
5873.45 3.6976
5873.50 3.6975
5873.55 3.6975
5873.60 3.6975
5873.65 3.6974
5873.70 3.6974
5873.75 3.6974
5873.80 3.6974
5873.85 3.6973
5873.90 3.6973
5873.95 3.6973
5874.00 3.6972
5874.05 3.6972
5874.10 3.6972
5874.15 3.6971
5874.20 3.6971
5874.25 3.6971
5874.30 3.6970
5874.35 3.6970
5874.40 3.6970
5874.45 3.6969
5874.50 3.6969
5874.55 3.6969
5874.60 3.6968
5874.65 3.6968
5874.70 3.6968
5874.75 3.6967
5874.80 3.6967
5874.85 3.6967
5874.90 3.6966
5874.95 3.6966
5875.00 3.6965
5875.05 3.6965
5875.10 3.6965
5875.15 3.6964
5875.20 3.6964
5875.25 3.6963
5875.30 3.6963
5875.35 3.6963
5875.40 3.6962
5875.45 3.6962
5875.50 3.6961
5875.55 3.6961
5875.60 3.6961
5875.65 3.6960
5875.70 3.6960
5875.75 3.6959
5875.80 3.6959
5875.85 3.6958
5875.90 3.6958
5875.95 3.6958
5876.00 3.6957
5876.05 3.6957
5876.10 3.6956
5876.15 3.6956
5876.20 3.6955
5876.25 3.6955
5876.30 3.6954
5876.35 3.6954
5876.40 3.6953
5876.45 3.6953
5876.50 3.6952
5876.55 3.6952
5876.60 3.6951
5876.65 3.6951
5876.70 3.6950
5876.75 3.6950
5876.80 3.6949
5876.85 3.6949
5876.90 3.6948
5876.95 3.6948
5877.00 3.6947
5877.05 3.6947
5877.10 3.6946
5877.15 3.6946
5877.20 3.6945
5877.25 3.6945
5877.30 3.6944
5877.35 3.6944
5877.40 3.6943
5877.45 3.6943
5877.50 3.6942
5877.55 3.6941
5877.60 3.6941
5877.65 3.6940
5877.70 3.6940
5877.75 3.6939
5877.80 3.6939
5877.85 3.6938
5877.90 3.6937
5877.95 3.6937
5878.00 3.6936
5878.05 3.6936
5878.10 3.6935
5878.15 3.6935
5878.20 3.6934
5878.25 3.6933
5878.30 3.6933
5878.35 3.6932
5878.40 3.6932
5878.45 3.6931
5878.50 3.6930
5878.55 3.6930
5878.60 3.6929
5878.65 3.6928
5878.70 3.6928
5878.75 3.6927
5878.80 3.6927
5878.85 3.6926
5878.90 3.6925
5878.95 3.6925
5879.00 3.6924
5879.05 3.6923
5879.10 3.6923
5879.15 3.6922
5879.20 3.6921
5879.25 3.6921
5879.30 3.6920
5879.35 3.6919
5879.40 3.6919
5879.45 3.6918
5879.50 3.6917
5879.55 3.6917
5879.60 3.6916
5879.65 3.6915
5879.70 3.6915
5879.75 3.6914
5879.80 3.6913
5879.85 3.6913
5879.90 3.6912
5879.95 3.6911
5880.00 3.6911
5880.05 3.6910
5880.10 3.6909
5880.15 3.6909
5880.20 3.6908
5880.25 3.6907
5880.30 3.6906
5880.35 3.6906
5880.40 3.6905
5880.45 3.6904
5880.50 3.6904
5880.55 3.6903
5880.60 3.6902
5880.65 3.6901
5880.70 3.6901
5880.75 3.6900
5880.80 3.6899
5880.85 3.6898
5880.90 3.6898
5880.95 3.6897
5881.00 3.6896
5881.05 3.6895
5881.10 3.6895
5881.15 3.6894
5881.20 3.6893
5881.25 3.6892
5881.30 3.6892
5881.35 3.6891
5881.40 3.6890
5881.45 3.6889
5881.50 3.6889
5881.55 3.6888
5881.60 3.6887
5881.65 3.6886
5881.70 3.6886
5881.75 3.6885
5881.80 3.6884
5881.85 3.6883
5881.90 3.6882
5881.95 3.6882
5882.00 3.6881
5882.05 3.6880
5882.10 3.6879
5882.15 3.6878
5882.20 3.6878
5882.25 3.6877
5882.30 3.6876
5882.35 3.6875
5882.40 3.6874
5882.45 3.6874
5882.50 3.6873
5882.55 3.6872
5882.60 3.6871
5882.65 3.6870
5882.70 3.6870
5882.75 3.6869
5882.80 3.6868
5882.85 3.6867
5882.90 3.6866
5882.95 3.6865
5883.00 3.6865
5883.05 3.6864
5883.10 3.6863
5883.15 3.6862
5883.20 3.6861
5883.25 3.6860
5883.30 3.6860
5883.35 3.6859
5883.40 3.6858
5883.45 3.6857
5883.50 3.6856
5883.55 3.6855
5883.60 3.6854
5883.65 3.6854
5883.70 3.6853
5883.75 3.6852
5883.80 3.6851
5883.85 3.6850
5883.90 3.6849
5883.95 3.6848
5884.00 3.6848
5884.05 3.6847
5884.10 3.6846
5884.15 3.6845
5884.20 3.6844
5884.25 3.6843
5884.30 3.6842
5884.35 3.6841
5884.40 3.6841
5884.45 3.6840
5884.50 3.6839
5884.55 3.6838
5884.60 3.6837
5884.65 3.6836
5884.70 3.6835
5884.75 3.6834
5884.80 3.6833
5884.85 3.6832
5884.90 3.6832
5884.95 3.6831
5885.00 3.6830
5885.05 3.6829
5885.10 3.6828
5885.15 3.6827
5885.20 3.6826
5885.25 3.6825
5885.30 3.6824
5885.35 3.6823
5885.40 3.6822
5885.45 3.6822
5885.50 3.6821
5885.55 3.6820
5885.60 3.6819
5885.65 3.6818
5885.70 3.6817
5885.75 3.6816
5885.80 3.6815
5885.85 3.6814
5885.90 3.6813
5885.95 3.6812
5886.00 3.6811
5886.05 3.6810
5886.10 3.6809
5886.15 3.6809
5886.20 3.6808
5886.25 3.6807
5886.30 3.6806
5886.35 3.6805
5886.40 3.6804
5886.45 3.6803
5886.50 3.6802
5886.55 3.6801
5886.60 3.6800
5886.65 3.6799
5886.70 3.6798
5886.75 3.6797
5886.80 3.6796
5886.85 3.6795
5886.90 3.6794
5886.95 3.6793
5887.00 3.6792
5887.05 3.6791
5887.10 3.6790
5887.15 3.6789
5887.20 3.6788
5887.25 3.6787
5887.30 3.6786
5887.35 3.6786
5887.40 3.6785
5887.45 3.6784
5887.50 3.6783
5887.55 3.6782
5887.60 3.6781
5887.65 3.6780
5887.70 3.6779
5887.75 3.6778
5887.80 3.6777
5887.85 3.6776
5887.90 3.6775
5887.95 3.6774
5888.00 3.6773
5888.05 3.6772
5888.10 3.6771
5888.15 3.6770
5888.20 3.6769
5888.25 3.6768
5888.30 3.6767
5888.35 3.6766
5888.40 3.6765
5888.45 3.6764
5888.50 3.6763
5888.55 3.6762
5888.60 3.6761
5888.65 3.6760
5888.70 3.6759
5888.75 3.6758
5888.80 3.6757
5888.85 3.6756
5888.90 3.6755
5888.95 3.6754
5889.00 3.6753
5889.05 3.6752
5889.10 3.6751
5889.15 3.6750
5889.20 3.6749
5889.25 3.6748
5889.30 3.6747
5889.35 3.6746
5889.40 3.6745
5889.45 3.6744
5889.50 3.6743
5889.55 3.6742
5889.60 3.6741
5889.65 3.6740
5889.70 3.6738
5889.75 3.6737
5889.80 3.6736
5889.85 3.6735
5889.90 3.6734
5889.95 3.6733
5890.00 3.6732
5890.05 3.6731
5890.10 3.6730
5890.15 3.6729
5890.20 3.6728
5890.25 3.6727
5890.30 3.6726
5890.35 3.6725
5890.40 3.6724
5890.45 3.6723
5890.50 3.6722
5890.55 3.6721
5890.60 3.6720
5890.65 3.6719
5890.70 3.6718
5890.75 3.6717
5890.80 3.6716
5890.85 3.6715
5890.90 3.6714
5890.95 3.6713
5891.00 3.6712
5891.05 3.6711
5891.10 3.6709
5891.15 3.6708
5891.20 3.6707
5891.25 3.6706
5891.30 3.6705
5891.35 3.6704
5891.40 3.6703
5891.45 3.6702
5891.50 3.6701
5891.55 3.6700
5891.60 3.6699
5891.65 3.6698
5891.70 3.6697
5891.75 3.6696
5891.80 3.6695
5891.85 3.6694
5891.90 3.6693
5891.95 3.6692
5892.00 3.6691
5892.05 3.6690
5892.10 3.6688
5892.15 3.6687
5892.20 3.6686
5892.25 3.6685
5892.30 3.6684
5892.35 3.6683
5892.40 3.6682
5892.45 3.6681
5892.50 3.6680
5892.55 3.6679
5892.60 3.6678
5892.65 3.6677
5892.70 3.6676
5892.75 3.6675
5892.80 3.6674
5892.85 3.6673
5892.90 3.6671
5892.95 3.6670
5893.00 3.6669
5893.05 3.6668
5893.10 3.6667
5893.15 3.6666
5893.20 3.6665
5893.25 3.6664
5893.30 3.6663
5893.35 3.6662
5893.40 3.6661
5893.45 3.6660
5893.50 3.6659
5893.55 3.6658
5893.60 3.6657
5893.65 3.6655
5893.70 3.6654
5893.75 3.6653
5893.80 3.6652
5893.85 3.6651
5893.90 3.6650
5893.95 3.6649
5894.00 3.6648
5894.05 3.6647
5894.10 3.6646
5894.15 3.6645
5894.20 3.6644
5894.25 3.6643
5894.30 3.6642
5894.35 3.6640
5894.40 3.6639
5894.45 3.6638
5894.50 3.6637
5894.55 3.6636
5894.60 3.6635
5894.65 3.6634
5894.70 3.6633
5894.75 3.6632
5894.80 3.6631
5894.85 3.6630
5894.90 3.6629
5894.95 3.6628
5895.00 3.6626
5895.05 3.6625
5895.10 3.6624
5895.15 3.6623
5895.20 3.6622
5895.25 3.6621
5895.30 3.6620
5895.35 3.6619
5895.40 3.6618
5895.45 3.6617
5895.50 3.6616
5895.55 3.6615
5895.60 3.6614
5895.65 3.6612
5895.70 3.6611
5895.75 3.6610
5895.80 3.6609
5895.85 3.6608
5895.90 3.6607
5895.95 3.6606
5896.00 3.6605
5896.05 3.6604
5896.10 3.6603
5896.15 3.6602
5896.20 3.6601
5896.25 3.6600
5896.30 3.6598
5896.35 3.6597
5896.40 3.6596
5896.45 3.6595
5896.50 3.6594
5896.55 3.6593
5896.60 3.6592
5896.65 3.6591
5896.70 3.6590
5896.75 3.6589
5896.80 3.6588
5896.85 3.6587
5896.90 3.6586
5896.95 3.6584
5897.00 3.6583
5897.05 3.6582
5897.10 3.6581
5897.15 3.6580
5897.20 3.6579
5897.25 3.6578
5897.30 3.6577
5897.35 3.6576
5897.40 3.6575
5897.45 3.6574
5897.50 3.6573
5897.55 3.6572
5897.60 3.6571
5897.65 3.6569
5897.70 3.6568
5897.75 3.6567
5897.80 3.6566
5897.85 3.6565
5897.90 3.6564
5897.95 3.6563
5898.00 3.6562
5898.05 3.6561
5898.10 3.6560
5898.15 3.6559
5898.20 3.6558
5898.25 3.6557
5898.30 3.6555
5898.35 3.6554
5898.40 3.6553
5898.45 3.6552
5898.50 3.6551
5898.55 3.6550
5898.60 3.6549
5898.65 3.6548
5898.70 3.6547
5898.75 3.6546
5898.80 3.6545
5898.85 3.6544
5898.90 3.6543
5898.95 3.6542
5899.00 3.6541
5899.05 3.6539
5899.10 3.6538
5899.15 3.6537
5899.20 3.6536
5899.25 3.6535
5899.30 3.6534
5899.35 3.6533
5899.40 3.6532
5899.45 3.6531
5899.50 3.6530
5899.55 3.6529
5899.60 3.6528
5899.65 3.6527
5899.70 3.6526
5899.75 3.6525
5899.80 3.6523
5899.85 3.6522
5899.90 3.6521
5899.95 3.6520
5900.00 3.6519
5900.05 3.6518
5900.10 3.6517
5900.15 3.6516
5900.20 3.6515
5900.25 3.6514
5900.30 3.6513
5900.35 3.6512
5900.40 3.6511
5900.45 3.6510
5900.50 3.6509
5900.55 3.6508
5900.60 3.6507
5900.65 3.6506
5900.70 3.6504
5900.75 3.6503
5900.80 3.6502
5900.85 3.6501
5900.90 3.6500
5900.95 3.6499
5901.00 3.6498
5901.05 3.6497
5901.10 3.6496
5901.15 3.6495
5901.20 3.6494
5901.25 3.6493
5901.30 3.6492
5901.35 3.6491
5901.40 3.6490
5901.45 3.6489
5901.50 3.6488
5901.55 3.6487
5901.60 3.6486
5901.65 3.6485
5901.70 3.6484
5901.75 3.6482
5901.80 3.6481
5901.85 3.6480
5901.90 3.6479
5901.95 3.6478
5902.00 3.6477
5902.05 3.6476
5902.10 3.6475
5902.15 3.6474
5902.20 3.6473
5902.25 3.6472
5902.30 3.6471
5902.35 3.6470
5902.40 3.6469
5902.45 3.6468
5902.50 3.6467
5902.55 3.6466
5902.60 3.6465
5902.65 3.6464
5902.70 3.6463
5902.75 3.6462
5902.80 3.6461
5902.85 3.6460
5902.90 3.6459
5902.95 3.6458
5903.00 3.6457
5903.05 3.6456
5903.10 3.6455
5903.15 3.6454
5903.20 3.6453
5903.25 3.6452
5903.30 3.6451
5903.35 3.6450
5903.40 3.6449
5903.45 3.6447
5903.50 3.6446
5903.55 3.6445
5903.60 3.6444
5903.65 3.6443
5903.70 3.6442
5903.75 3.6441
5903.80 3.6440
5903.85 3.6439
5903.90 3.6438
5903.95 3.6437
5904.00 3.6436
5904.05 3.6435
5904.10 3.6434
5904.15 3.6433
5904.20 3.6432
5904.25 3.6431
5904.30 3.6430
5904.35 3.6429
5904.40 3.6428
5904.45 3.6427
5904.50 3.6426
5904.55 3.6425
5904.60 3.6424
5904.65 3.6423
5904.70 3.6422
5904.75 3.6421
5904.80 3.6420
5904.85 3.6419
5904.90 3.6418
5904.95 3.6417
5905.00 3.6416
5905.05 3.6415
5905.10 3.6414
5905.15 3.6413
5905.20 3.6412
5905.25 3.6411
5905.30 3.6410
5905.35 3.6409
5905.40 3.6408
5905.45 3.6407
5905.50 3.6406
5905.55 3.6405
5905.60 3.6405
5905.65 3.6404
5905.70 3.6403
5905.75 3.6402
5905.80 3.6401
5905.85 3.6400
5905.90 3.6399
5905.95 3.6398
5906.00 3.6397
5906.05 3.6396
5906.10 3.6395
5906.15 3.6394
5906.20 3.6393
5906.25 3.6392
5906.30 3.6391
5906.35 3.6390
5906.40 3.6389
5906.45 3.6388
5906.50 3.6387
5906.55 3.6386
5906.60 3.6385
5906.65 3.6384
5906.70 3.6383
5906.75 3.6382
5906.80 3.6381
5906.85 3.6380
5906.90 3.6379
5906.95 3.6378
5907.00 3.6377
5907.05 3.6376
5907.10 3.6376
5907.15 3.6375
5907.20 3.6374
5907.25 3.6373
5907.30 3.6372
5907.35 3.6371
5907.40 3.6370
5907.45 3.6369
5907.50 3.6368
5907.55 3.6367
5907.60 3.6366
5907.65 3.6365
5907.70 3.6364
5907.75 3.6363
5907.80 3.6362
5907.85 3.6361
5907.90 3.6360
5907.95 3.6360
5908.00 3.6359
5908.05 3.6358
5908.10 3.6357
5908.15 3.6356
5908.20 3.6355
5908.25 3.6354
5908.30 3.6353
5908.35 3.6352
5908.40 3.6351
5908.45 3.6350
5908.50 3.6349
5908.55 3.6348
5908.60 3.6348
5908.65 3.6347
5908.70 3.6346
5908.75 3.6345
5908.80 3.6344
5908.85 3.6343
5908.90 3.6342
5908.95 3.6341
5909.00 3.6340
5909.05 3.6339
5909.10 3.6338
5909.15 3.6337
5909.20 3.6337
5909.25 3.6336
5909.30 3.6335
5909.35 3.6334
5909.40 3.6333
5909.45 3.6332
5909.50 3.6331
5909.55 3.6330
5909.60 3.6329
5909.65 3.6328
5909.70 3.6328
5909.75 3.6327
5909.80 3.6326
5909.85 3.6325
5909.90 3.6324
5909.95 3.6323
5910.00 3.6322
5910.05 3.6321
5910.10 3.6320
5910.15 3.6320
5910.20 3.6319
5910.25 3.6318
5910.30 3.6317
5910.35 3.6316
5910.40 3.6315
5910.45 3.6314
5910.50 3.6313
5910.55 3.6313
5910.60 3.6312
5910.65 3.6311
5910.70 3.6310
5910.75 3.6309
5910.80 3.6308
5910.85 3.6307
5910.90 3.6307
5910.95 3.6306
5911.00 3.6305
5911.05 3.6304
5911.10 3.6303
5911.15 3.6302
5911.20 3.6301
5911.25 3.6301
5911.30 3.6300
5911.35 3.6299
5911.40 3.6298
5911.45 3.6297
5911.50 3.6296
5911.55 3.6295
5911.60 3.6295
5911.65 3.6294
5911.70 3.6293
5911.75 3.6292
5911.80 3.6291
5911.85 3.6290
5911.90 3.6290
5911.95 3.6289
5912.00 3.6288
5912.05 3.6287
5912.10 3.6286
5912.15 3.6285
5912.20 3.6285
5912.25 3.6284
5912.30 3.6283
5912.35 3.6282
5912.40 3.6281
5912.45 3.6280
5912.50 3.6280
5912.55 3.6279
5912.60 3.6278
5912.65 3.6277
5912.70 3.6276
5912.75 3.6276
5912.80 3.6275
5912.85 3.6274
5912.90 3.6273
5912.95 3.6272
5913.00 3.6271
5913.05 3.6271
5913.10 3.6270
5913.15 3.6269
5913.20 3.6268
5913.25 3.6267
5913.30 3.6267
5913.35 3.6266
5913.40 3.6265
5913.45 3.6264
5913.50 3.6263
5913.55 3.6263
5913.60 3.6262
5913.65 3.6261
5913.70 3.6260
5913.75 3.6259
5913.80 3.6259
5913.85 3.6258
5913.90 3.6257
5913.95 3.6256
5914.00 3.6256
5914.05 3.6255
5914.10 3.6254
5914.15 3.6253
5914.20 3.6252
5914.25 3.6252
5914.30 3.6251
5914.35 3.6250
5914.40 3.6249
5914.45 3.6249
5914.50 3.6248
5914.55 3.6247
5914.60 3.6246
5914.65 3.6246
5914.70 3.6245
5914.75 3.6244
5914.80 3.6243
5914.85 3.6243
5914.90 3.6242
5914.95 3.6241
5915.00 3.6240
5915.05 3.6239
5915.10 3.6239
5915.15 3.6238
5915.20 3.6237
5915.25 3.6236
5915.30 3.6236
5915.35 3.6235
5915.40 3.6234
5915.45 3.6234
5915.50 3.6233
5915.55 3.6232
5915.60 3.6231
5915.65 3.6231
5915.70 3.6230
5915.75 3.6229
5915.80 3.6228
5915.85 3.6228
5915.90 3.6227
5915.95 3.6226
5916.00 3.6225
5916.05 3.6225
5916.10 3.6224
5916.15 3.6223
5916.20 3.6223
5916.25 3.6222
5916.30 3.6221
5916.35 3.6220
5916.40 3.6220
5916.45 3.6219
5916.50 3.6218
5916.55 3.6218
5916.60 3.6217
5916.65 3.6216
5916.70 3.6215
5916.75 3.6215
5916.80 3.6214
5916.85 3.6213
5916.90 3.6213
5916.95 3.6212
5917.00 3.6211
5917.05 3.6211
5917.10 3.6210
5917.15 3.6209
5917.20 3.6209
5917.25 3.6208
5917.30 3.6207
5917.35 3.6206
5917.40 3.6206
5917.45 3.6205
5917.50 3.6204
5917.55 3.6204
5917.60 3.6203
5917.65 3.6202
5917.70 3.6202
5917.75 3.6201
5917.80 3.6200
5917.85 3.6200
5917.90 3.6199
5917.95 3.6198
5918.00 3.6198
5918.05 3.6197
5918.10 3.6196
5918.15 3.6196
5918.20 3.6195
5918.25 3.6194
5918.30 3.6194
5918.35 3.6193
5918.40 3.6192
5918.45 3.6192
5918.50 3.6191
5918.55 3.6190
5918.60 3.6190
5918.65 3.6189
5918.70 3.6189
5918.75 3.6188
5918.80 3.6187
5918.85 3.6187
5918.90 3.6186
5918.95 3.6185
5919.00 3.6185
5919.05 3.6184
5919.10 3.6183
5919.15 3.6183
5919.20 3.6182
5919.25 3.6182
5919.30 3.6181
5919.35 3.6180
5919.40 3.6180
5919.45 3.6179
5919.50 3.6178
5919.55 3.6178
5919.60 3.6177
5919.65 3.6177
5919.70 3.6176
5919.75 3.6175
5919.80 3.6175
5919.85 3.6174
5919.90 3.6173
5919.95 3.6173
5920.00 3.6172
5920.05 3.6172
5920.10 3.6171
5920.15 3.6170
5920.20 3.6170
5920.25 3.6169
5920.30 3.6169
5920.35 3.6168
5920.40 3.6167
5920.45 3.6167
5920.50 3.6166
5920.55 3.6166
5920.60 3.6165
5920.65 3.6165
5920.70 3.6164
5920.75 3.6163
5920.80 3.6163
5920.85 3.6162
5920.90 3.6162
5920.95 3.6161
5921.00 3.6160
5921.05 3.6160
5921.10 3.6159
5921.15 3.6159
5921.20 3.6158
5921.25 3.6158
5921.30 3.6157
5921.35 3.6156
5921.40 3.6156
5921.45 3.6155
5921.50 3.6155
5921.55 3.6154
5921.60 3.6154
5921.65 3.6153
5921.70 3.6153
5921.75 3.6152
5921.80 3.6151
5921.85 3.6151
5921.90 3.6150
5921.95 3.6150
5922.00 3.6149
5922.05 3.6149
5922.10 3.6148
5922.15 3.6148
5922.20 3.6147
5922.25 3.6147
5922.30 3.6146
5922.35 3.6145
5922.40 3.6145
5922.45 3.6144
5922.50 3.6144
5922.55 3.6143
5922.60 3.6143
5922.65 3.6142
5922.70 3.6142
5922.75 3.6141
5922.80 3.6141
5922.85 3.6140
5922.90 3.6140
5922.95 3.6139
5923.00 3.6139
5923.05 3.6138
5923.10 3.6138
5923.15 3.6137
5923.20 3.6137
5923.25 3.6136
5923.30 3.6136
5923.35 3.6135
5923.40 3.6135
5923.45 3.6134
5923.50 3.6134
5923.55 3.6133
5923.60 3.6133
5923.65 3.6132
5923.70 3.6132
5923.75 3.6131
5923.80 3.6131
5923.85 3.6130
5923.90 3.6130
5923.95 3.6129
5924.00 3.6129
5924.05 3.6128
5924.10 3.6128
5924.15 3.6127
5924.20 3.6127
5924.25 3.6126
5924.30 3.6126
5924.35 3.6125
5924.40 3.6125
5924.45 3.6124
5924.50 3.6124
5924.55 3.6123
5924.60 3.6123
5924.65 3.6122
5924.70 3.6122
5924.75 3.6121
5924.80 3.6121
5924.85 3.6120
5924.90 3.6120
5924.95 3.6120
5925.00 3.6119
5925.05 3.6119
5925.10 3.6118
5925.15 3.6118
5925.20 3.6117
5925.25 3.6117
5925.30 3.6116
5925.35 3.6116
5925.40 3.6115
5925.45 3.6115
5925.50 3.6115
5925.55 3.6114
5925.60 3.6114
5925.65 3.6113
5925.70 3.6113
5925.75 3.6112
5925.80 3.6112
5925.85 3.6112
5925.90 3.6111
5925.95 3.6111
5926.00 3.6110
5926.05 3.6110
5926.10 3.6109
5926.15 3.6109
5926.20 3.6109
5926.25 3.6108
5926.30 3.6108
5926.35 3.6107
5926.40 3.6107
5926.45 3.6106
5926.50 3.6106
5926.55 3.6106
5926.60 3.6105
5926.65 3.6105
5926.70 3.6104
5926.75 3.6104
5926.80 3.6104
5926.85 3.6103
5926.90 3.6103
5926.95 3.6102
5927.00 3.6102
5927.05 3.6102
5927.10 3.6101
5927.15 3.6101
5927.20 3.6100
5927.25 3.6100
5927.30 3.6100
5927.35 3.6099
5927.40 3.6099
5927.45 3.6098
5927.50 3.6098
5927.55 3.6098
5927.60 3.6097
5927.65 3.6097
5927.70 3.6096
5927.75 3.6096
5927.80 3.6096
5927.85 3.6095
5927.90 3.6095
5927.95 3.6095
5928.00 3.6094
5928.05 3.6094
5928.10 3.6093
5928.15 3.6093
5928.20 3.6093
5928.25 3.6092
5928.30 3.6092
5928.35 3.6092
5928.40 3.6091
5928.45 3.6091
5928.50 3.6091
5928.55 3.6090
5928.60 3.6090
5928.65 3.6089
5928.70 3.6089
5928.75 3.6089
5928.80 3.6088
5928.85 3.6088
5928.90 3.6088
5928.95 3.6087
5929.00 3.6087
5929.05 3.6087
5929.10 3.6086
5929.15 3.6086
5929.20 3.6086
5929.25 3.6085
5929.30 3.6085
5929.35 3.6085
5929.40 3.6084
5929.45 3.6084
5929.50 3.6084
5929.55 3.6083
5929.60 3.6083
5929.65 3.6083
5929.70 3.6082
5929.75 3.6082
5929.80 3.6082
5929.85 3.6081
5929.90 3.6081
5929.95 3.6081
5930.00 3.6080
5930.05 3.6080
5930.10 3.6080
5930.15 3.6079
5930.20 3.6079
5930.25 3.6079
5930.30 3.6078
5930.35 3.6078
5930.40 3.6078
5930.45 3.6077
5930.50 3.6077
5930.55 3.6077
5930.60 3.6077
5930.65 3.6076
5930.70 3.6076
5930.75 3.6076
5930.80 3.6075
5930.85 3.6075
5930.90 3.6075
5930.95 3.6074
5931.00 3.6074
5931.05 3.6074
5931.10 3.6074
5931.15 3.6073
5931.20 3.6073
5931.25 3.6073
5931.30 3.6072
5931.35 3.6072
5931.40 3.6072
5931.45 3.6071
5931.50 3.6071
5931.55 3.6071
5931.60 3.6071
5931.65 3.6070
5931.70 3.6070
5931.75 3.6070
5931.80 3.6070
5931.85 3.6069
5931.90 3.6069
5931.95 3.6069
5932.00 3.6068
5932.05 3.6068
5932.10 3.6068
5932.15 3.6068
5932.20 3.6067
5932.25 3.6067
5932.30 3.6067
5932.35 3.6067
5932.40 3.6066
5932.45 3.6066
5932.50 3.6066
5932.55 3.6065
5932.60 3.6065
5932.65 3.6065
5932.70 3.6065
5932.75 3.6064
5932.80 3.6064
5932.85 3.6064
5932.90 3.6064
5932.95 3.6063
5933.00 3.6063
5933.05 3.6063
5933.10 3.6063
5933.15 3.6062
5933.20 3.6062
5933.25 3.6062
5933.30 3.6062
5933.35 3.6061
5933.40 3.6061
5933.45 3.6061
5933.50 3.6061
5933.55 3.6061
5933.60 3.6060
5933.65 3.6060
5933.70 3.6060
5933.75 3.6060
5933.80 3.6059
5933.85 3.6059
5933.90 3.6059
5933.95 3.6059
5934.00 3.6058
5934.05 3.6058
5934.10 3.6058
5934.15 3.6058
5934.20 3.6057
5934.25 3.6057
5934.30 3.6057
5934.35 3.6057
5934.40 3.6057
5934.45 3.6056
5934.50 3.6056
5934.55 3.6056
5934.60 3.6056
5934.65 3.6056
5934.70 3.6055
5934.75 3.6055
5934.80 3.6055
5934.85 3.6055
5934.90 3.6054
5934.95 3.6054
5935.00 3.6054
5935.05 3.6054
5935.10 3.6054
5935.15 3.6053
5935.20 3.6053
5935.25 3.6053
5935.30 3.6053
5935.35 3.6053
5935.40 3.6052
5935.45 3.6052
5935.50 3.6052
5935.55 3.6052
5935.60 3.6052
5935.65 3.6051
5935.70 3.6051
5935.75 3.6051
5935.80 3.6051
5935.85 3.6051
5935.90 3.6050
5935.95 3.6050
5936.00 3.6050
5936.05 3.6050
5936.10 3.6050
5936.15 3.6049
5936.20 3.6049
5936.25 3.6049
5936.30 3.6049
5936.35 3.6049
5936.40 3.6049
5936.45 3.6048
5936.50 3.6048
5936.55 3.6048
5936.60 3.6048
5936.65 3.6048
5936.70 3.6047
5936.75 3.6047
5936.80 3.6047
5936.85 3.6047
5936.90 3.6047
5936.95 3.6047
5937.00 3.6046
5937.05 3.6046
5937.10 3.6046
5937.15 3.6046
5937.20 3.6046
5937.25 3.6046
5937.30 3.6045
5937.35 3.6045
5937.40 3.6045
5937.45 3.6045
5937.50 3.6045
5937.55 3.6045
5937.60 3.6044
5937.65 3.6044
5937.70 3.6044
5937.75 3.6044
5937.80 3.6044
5937.85 3.6044
5937.90 3.6043
5937.95 3.6043
5938.00 3.6043
5938.05 3.6043
5938.10 3.6043
5938.15 3.6043
5938.20 3.6043
5938.25 3.6042
5938.30 3.6042
5938.35 3.6042
5938.40 3.6042
5938.45 3.6042
5938.50 3.6042
5938.55 3.6041
5938.60 3.6041
5938.65 3.6041
5938.70 3.6041
5938.75 3.6041
5938.80 3.6041
5938.85 3.6041
5938.90 3.6040
5938.95 3.6040
5939.00 3.6040
5939.05 3.6040
5939.10 3.6040
5939.15 3.6040
5939.20 3.6040
5939.25 3.6039
5939.30 3.6039
5939.35 3.6039
5939.40 3.6039
5939.45 3.6039
5939.50 3.6039
5939.55 3.6039
5939.60 3.6038
5939.65 3.6038
5939.70 3.6038
5939.75 3.6038
5939.80 3.6038
5939.85 3.6038
5939.90 3.6038
5939.95 3.6038
5940.00 3.6037
5940.05 3.6037
5940.10 3.6037
5940.15 3.6037
5940.20 3.6037
5940.25 3.6037
5940.30 3.6037
5940.35 3.6036
5940.40 3.6036
5940.45 3.6036
5940.50 3.6036
5940.55 3.6036
5940.60 3.6036
5940.65 3.6036
5940.70 3.6036
5940.75 3.6035
5940.80 3.6035
5940.85 3.6035
5940.90 3.6035
5940.95 3.6035
5941.00 3.6035
5941.05 3.6035
5941.10 3.6035
5941.15 3.6035
5941.20 3.6034
5941.25 3.6034
5941.30 3.6034
5941.35 3.6034
5941.40 3.6034
5941.45 3.6034
5941.50 3.6034
5941.55 3.6034
5941.60 3.6033
5941.65 3.6033
5941.70 3.6033
5941.75 3.6033
5941.80 3.6033
5941.85 3.6033
5941.90 3.6033
5941.95 3.6033
5942.00 3.6033
5942.05 3.6032
5942.10 3.6032
5942.15 3.6032
5942.20 3.6032
5942.25 3.6032
5942.30 3.6032
5942.35 3.6032
5942.40 3.6032
5942.45 3.6032
5942.50 3.6031
5942.55 3.6031
5942.60 3.6031
5942.65 3.6031
5942.70 3.6031
5942.75 3.6031
5942.80 3.6031
5942.85 3.6031
5942.90 3.6031
5942.95 3.6030
5943.00 3.6030
5943.05 3.6030
5943.10 3.6030
5943.15 3.6030
5943.20 3.6030
5943.25 3.6030
5943.30 3.6030
5943.35 3.6030
5943.40 3.6029
5943.45 3.6029
5943.50 3.6029
5943.55 3.6029
5943.60 3.6029
5943.65 3.6029
5943.70 3.6029
5943.75 3.6029
5943.80 3.6029
5943.85 3.6029
5943.90 3.6028
5943.95 3.6028
5944.00 3.6028
5944.05 3.6028
5944.10 3.6028
5944.15 3.6028
5944.20 3.6028
5944.25 3.6028
5944.30 3.6028
5944.35 3.6027
5944.40 3.6027
5944.45 3.6027
5944.50 3.6027
5944.55 3.6027
5944.60 3.6027
5944.65 3.6027
5944.70 3.6027
5944.75 3.6027
5944.80 3.6027
5944.85 3.6026
5944.90 3.6026
5944.95 3.6026
5945.00 3.6026
5945.05 3.6026
5945.10 3.6026
5945.15 3.6026
5945.20 3.6026
5945.25 3.6026
5945.30 3.6026
5945.35 3.6025
5945.40 3.6025
5945.45 3.6025
5945.50 3.6025
5945.55 3.6025
5945.60 3.6025
5945.65 3.6025
5945.70 3.6025
5945.75 3.6025
5945.80 3.6024
5945.85 3.6024
5945.90 3.6024
5945.95 3.6024
5946.00 3.6024
5946.05 3.6024
5946.10 3.6024
5946.15 3.6024
5946.20 3.6024
5946.25 3.6024
5946.30 3.6023
5946.35 3.6023
5946.40 3.6023
5946.45 3.6023
5946.50 3.6023
5946.55 3.6023
5946.60 3.6023
5946.65 3.6023
5946.70 3.6023
5946.75 3.6022
5946.80 3.6022
5946.85 3.6022
5946.90 3.6022
5946.95 3.6022
5947.00 3.6022
5947.05 3.6022
5947.10 3.6022
5947.15 3.6022
5947.20 3.6022
5947.25 3.6021
5947.30 3.6021
5947.35 3.6021
5947.40 3.6021
5947.45 3.6021
5947.50 3.6021
5947.55 3.6021
5947.60 3.6021
5947.65 3.6021
5947.70 3.6020
5947.75 3.6020
5947.80 3.6020
5947.85 3.6020
5947.90 3.6020
5947.95 3.6020
5948.00 3.6020
5948.05 3.6020
5948.10 3.6020
5948.15 3.6019
5948.20 3.6019
5948.25 3.6019
5948.30 3.6019
5948.35 3.6019
5948.40 3.6019
5948.45 3.6019
5948.50 3.6019
5948.55 3.6018
5948.60 3.6018
5948.65 3.6018
5948.70 3.6018
5948.75 3.6018
5948.80 3.6018
5948.85 3.6018
5948.90 3.6018
5948.95 3.6017
5949.00 3.6017
5949.05 3.6017
5949.10 3.6017
5949.15 3.6017
5949.20 3.6017
5949.25 3.6017
5949.30 3.6017
5949.35 3.6016
5949.40 3.6016
5949.45 3.6016
5949.50 3.6016
5949.55 3.6016
5949.60 3.6016
5949.65 3.6016
5949.70 3.6016
5949.75 3.6015
5949.80 3.6015
5949.85 3.6015
5949.90 3.6015
5949.95 3.6015
5950.00 3.6015
5950.05 3.6015
5950.10 3.6015
5950.15 3.6014
5950.20 3.6014
5950.25 3.6014
5950.30 3.6014
5950.35 3.6014
5950.40 3.6014
5950.45 3.6014
5950.50 3.6013
5950.55 3.6013
5950.60 3.6013
5950.65 3.6013
5950.70 3.6013
5950.75 3.6013
5950.80 3.6013
5950.85 3.6012
5950.90 3.6012
5950.95 3.6012
5951.00 3.6012
5951.05 3.6012
5951.10 3.6012
5951.15 3.6011
5951.20 3.6011
5951.25 3.6011
5951.30 3.6011
5951.35 3.6011
5951.40 3.6011
5951.45 3.6011
5951.50 3.6010
5951.55 3.6010
5951.60 3.6010
5951.65 3.6010
5951.70 3.6010
5951.75 3.6010
5951.80 3.6009
5951.85 3.6009
5951.90 3.6009
5951.95 3.6009
5952.00 3.6009
5952.05 3.6009
5952.10 3.6008
5952.15 3.6008
5952.20 3.6008
5952.25 3.6008
5952.30 3.6008
5952.35 3.6008
5952.40 3.6007
5952.45 3.6007
5952.50 3.6007
5952.55 3.6007
5952.60 3.6007
5952.65 3.6006
5952.70 3.6006
5952.75 3.6006
5952.80 3.6006
5952.85 3.6006
5952.90 3.6006
5952.95 3.6005
5953.00 3.6005
5953.05 3.6005
5953.10 3.6005
5953.15 3.6005
5953.20 3.6004
5953.25 3.6004
5953.30 3.6004
5953.35 3.6004
5953.40 3.6004
5953.45 3.6003
5953.50 3.6003
5953.55 3.6003
5953.60 3.6003
5953.65 3.6003
5953.70 3.6002
5953.75 3.6002
5953.80 3.6002
5953.85 3.6002
5953.90 3.6002
5953.95 3.6001
5954.00 3.6001
5954.05 3.6001
5954.10 3.6001
5954.15 3.6001
5954.20 3.6000
5954.25 3.6000
5954.30 3.6000
5954.35 3.6000
5954.40 3.5999
5954.45 3.5999
5954.50 3.5999
5954.55 3.5999
5954.60 3.5999
5954.65 3.5998
5954.70 3.5998
5954.75 3.5998
5954.80 3.5998
5954.85 3.5997
5954.90 3.5997
5954.95 3.5997
5955.00 3.5997
5955.05 3.5996
5955.10 3.5996
5955.15 3.5996
5955.20 3.5996
5955.25 3.5995
5955.30 3.5995
5955.35 3.5995
5955.40 3.5995
5955.45 3.5994
5955.50 3.5994
5955.55 3.5994
5955.60 3.5994
5955.65 3.5993
5955.70 3.5993
5955.75 3.5993
5955.80 3.5993
5955.85 3.5992
5955.90 3.5992
5955.95 3.5992
5956.00 3.5992
5956.05 3.5991
5956.10 3.5991
5956.15 3.5991
5956.20 3.5990
5956.25 3.5990
5956.30 3.5990
5956.35 3.5990
5956.40 3.5989
5956.45 3.5989
5956.50 3.5989
5956.55 3.5988
5956.60 3.5988
5956.65 3.5988
5956.70 3.5988
5956.75 3.5987
5956.80 3.5987
5956.85 3.5987
5956.90 3.5986
5956.95 3.5986
5957.00 3.5986
5957.05 3.5985
5957.10 3.5985
5957.15 3.5985
5957.20 3.5984
5957.25 3.5984
5957.30 3.5984
5957.35 3.5984
5957.40 3.5983
5957.45 3.5983
5957.50 3.5983
5957.55 3.5982
5957.60 3.5982
5957.65 3.5982
5957.70 3.5981
5957.75 3.5981
5957.80 3.5981
5957.85 3.5980
5957.90 3.5980
5957.95 3.5980
5958.00 3.5979
5958.05 3.5979
5958.10 3.5979
5958.15 3.5978
5958.20 3.5978
5958.25 3.5977
5958.30 3.5977
5958.35 3.5977
5958.40 3.5976
5958.45 3.5976
5958.50 3.5976
5958.55 3.5975
5958.60 3.5975
5958.65 3.5975
5958.70 3.5974
5958.75 3.5974
5958.80 3.5973
5958.85 3.5973
5958.90 3.5973
5958.95 3.5972
5959.00 3.5972
5959.05 3.5972
5959.10 3.5971
5959.15 3.5971
5959.20 3.5970
5959.25 3.5970
5959.30 3.5970
5959.35 3.5969
5959.40 3.5969
5959.45 3.5968
5959.50 3.5968
5959.55 3.5968
5959.60 3.5967
5959.65 3.5967
5959.70 3.5966
5959.75 3.5966
5959.80 3.5965
5959.85 3.5965
5959.90 3.5965
5959.95 3.5964
5960.00 3.5964
5960.05 3.5963
5960.10 3.5963
5960.15 3.5962
5960.20 3.5962
5960.25 3.5962
5960.30 3.5961
5960.35 3.5961
5960.40 3.5960
5960.45 3.5960
5960.50 3.5959
5960.55 3.5959
5960.60 3.5958
5960.65 3.5958
5960.70 3.5957
5960.75 3.5957
5960.80 3.5956
5960.85 3.5956
5960.90 3.5956
5960.95 3.5955
5961.00 3.5955
5961.05 3.5954
5961.10 3.5954
5961.15 3.5953
5961.20 3.5953
5961.25 3.5952
5961.30 3.5952
5961.35 3.5951
5961.40 3.5951
5961.45 3.5950
5961.50 3.5950
5961.55 3.5949
5961.60 3.5949
5961.65 3.5948
5961.70 3.5948
5961.75 3.5947
5961.80 3.5947
5961.85 3.5946
5961.90 3.5945
5961.95 3.5945
5962.00 3.5944
5962.05 3.5944
5962.10 3.5943
5962.15 3.5943
5962.20 3.5942
5962.25 3.5942
5962.30 3.5941
5962.35 3.5941
5962.40 3.5940
5962.45 3.5939
5962.50 3.5939
5962.55 3.5938
5962.60 3.5938
5962.65 3.5937
5962.70 3.5937
5962.75 3.5936
5962.80 3.5935
5962.85 3.5935
5962.90 3.5934
5962.95 3.5934
5963.00 3.5933
5963.05 3.5933
5963.10 3.5932
5963.15 3.5931
5963.20 3.5931
5963.25 3.5930
5963.30 3.5929
5963.35 3.5929
5963.40 3.5928
5963.45 3.5928
5963.50 3.5927
5963.55 3.5926
5963.60 3.5926
5963.65 3.5925
5963.70 3.5924
5963.75 3.5924
5963.80 3.5923
5963.85 3.5923
5963.90 3.5922
5963.95 3.5921
5964.00 3.5921
5964.05 3.5920
5964.10 3.5919
5964.15 3.5919
5964.20 3.5918
5964.25 3.5917
5964.30 3.5917
5964.35 3.5916
5964.40 3.5915
5964.45 3.5915
5964.50 3.5914
5964.55 3.5913
5964.60 3.5913
5964.65 3.5912
5964.70 3.5911
5964.75 3.5910
5964.80 3.5910
5964.85 3.5909
5964.90 3.5908
5964.95 3.5908
5965.00 3.5907
5965.05 3.5906
5965.10 3.5905
5965.15 3.5905
5965.20 3.5904
5965.25 3.5903
5965.30 3.5902
5965.35 3.5902
5965.40 3.5901
5965.45 3.5900
5965.50 3.5899
5965.55 3.5899
5965.60 3.5898
5965.65 3.5897
5965.70 3.5896
5965.75 3.5896
5965.80 3.5895
5965.85 3.5894
5965.90 3.5893
5965.95 3.5892
5966.00 3.5892
5966.05 3.5891
5966.10 3.5890
5966.15 3.5889
5966.20 3.5888
5966.25 3.5888
5966.30 3.5887
5966.35 3.5886
5966.40 3.5885
5966.45 3.5884
5966.50 3.5884
5966.55 3.5883
5966.60 3.5882
5966.65 3.5881
5966.70 3.5880
5966.75 3.5879
5966.80 3.5879
5966.85 3.5878
5966.90 3.5877
5966.95 3.5876
5967.00 3.5875
5967.05 3.5874
5967.10 3.5873
5967.15 3.5872
5967.20 3.5872
5967.25 3.5871
5967.30 3.5870
5967.35 3.5869
5967.40 3.5868
5967.45 3.5867
5967.50 3.5866
5967.55 3.5865
5967.60 3.5864
5967.65 3.5863
5967.70 3.5863
5967.75 3.5862
5967.80 3.5861
5967.85 3.5860
5967.90 3.5859
5967.95 3.5858
5968.00 3.5857
5968.05 3.5856
5968.10 3.5855
5968.15 3.5854
5968.20 3.5853
5968.25 3.5852
5968.30 3.5851
5968.35 3.5850
5968.40 3.5849
5968.45 3.5848
5968.50 3.5847
5968.55 3.5846
5968.60 3.5845
5968.65 3.5844
5968.70 3.5843
5968.75 3.5842
5968.80 3.5841
5968.85 3.5840
5968.90 3.5839
5968.95 3.5838
5969.00 3.5837
5969.05 3.5836
5969.10 3.5835
5969.15 3.5834
5969.20 3.5833
5969.25 3.5832
5969.30 3.5831
5969.35 3.5830
5969.40 3.5829
5969.45 3.5828
5969.50 3.5827
5969.55 3.5825
5969.60 3.5824
5969.65 3.5823
5969.70 3.5822
5969.75 3.5821
5969.80 3.5820
5969.85 3.5819
5969.90 3.5818
5969.95 3.5817
5970.00 3.5816
5970.05 3.5814
5970.10 3.5813
5970.15 3.5812
5970.20 3.5811
5970.25 3.5810
5970.30 3.5809
5970.35 3.5808
5970.40 3.5806
5970.45 3.5805
5970.50 3.5804
5970.55 3.5803
5970.60 3.5802
5970.65 3.5801
5970.70 3.5799
5970.75 3.5798
5970.80 3.5797
5970.85 3.5796
5970.90 3.5795
5970.95 3.5793
5971.00 3.5792
5971.05 3.5791
5971.10 3.5790
5971.15 3.5788
5971.20 3.5787
5971.25 3.5786
5971.30 3.5785
5971.35 3.5784
5971.40 3.5782
5971.45 3.5781
5971.50 3.5780
5971.55 3.5778
5971.60 3.5777
5971.65 3.5776
5971.70 3.5775
5971.75 3.5773
5971.80 3.5772
5971.85 3.5771
5971.90 3.5769
5971.95 3.5768
5972.00 3.5767
5972.05 3.5766
5972.10 3.5764
5972.15 3.5763
5972.20 3.5762
5972.25 3.5760
5972.30 3.5759
5972.35 3.5757
5972.40 3.5756
5972.45 3.5755
5972.50 3.5753
5972.55 3.5752
5972.60 3.5751
5972.65 3.5749
5972.70 3.5748
5972.75 3.5746
5972.80 3.5745
5972.85 3.5744
5972.90 3.5742
5972.95 3.5741
5973.00 3.5739
5973.05 3.5738
5973.10 3.5737
5973.15 3.5735
5973.20 3.5734
5973.25 3.5732
5973.30 3.5731
5973.35 3.5729
5973.40 3.5728
5973.45 3.5726
5973.50 3.5725
5973.55 3.5723
5973.60 3.5722
5973.65 3.5721
5973.70 3.5719
5973.75 3.5718
5973.80 3.5716
5973.85 3.5714
5973.90 3.5713
5973.95 3.5711
5974.00 3.5710
5974.05 3.5708
5974.10 3.5707
5974.15 3.5705
5974.20 3.5704
5974.25 3.5702
5974.30 3.5701
5974.35 3.5699
5974.40 3.5697
5974.45 3.5696
5974.50 3.5694
5974.55 3.5693
5974.60 3.5691
5974.65 3.5690
5974.70 3.5688
5974.75 3.5686
5974.80 3.5685
5974.85 3.5683
5974.90 3.5681
5974.95 3.5680
5975.00 3.5678
5975.05 3.5677
5975.10 3.5675
5975.15 3.5673
5975.20 3.5672
5975.25 3.5670
5975.30 3.5668
5975.35 3.5666
5975.40 3.5665
5975.45 3.5663
5975.50 3.5661
5975.55 3.5660
5975.60 3.5658
5975.65 3.5656
5975.70 3.5655
5975.75 3.5653
5975.80 3.5651
5975.85 3.5649
5975.90 3.5648
5975.95 3.5646
5976.00 3.5644
5976.05 3.5642
5976.10 3.5640
5976.15 3.5639
5976.20 3.5637
5976.25 3.5635
5976.30 3.5633
5976.35 3.5632
5976.40 3.5630
5976.45 3.5628
5976.50 3.5626
5976.55 3.5624
5976.60 3.5622
5976.65 3.5621
5976.70 3.5619
5976.75 3.5617
5976.80 3.5615
5976.85 3.5613
5976.90 3.5611
5976.95 3.5609
5977.00 3.5607
5977.05 3.5606
5977.10 3.5604
5977.15 3.5602
5977.20 3.5600
5977.25 3.5598
5977.30 3.5596
5977.35 3.5594
5977.40 3.5592
5977.45 3.5590
5977.50 3.5588
5977.55 3.5586
5977.60 3.5584
5977.65 3.5582
5977.70 3.5580
5977.75 3.5578
5977.80 3.5576
5977.85 3.5574
5977.90 3.5572
5977.95 3.5570
5978.00 3.5568
5978.05 3.5566
5978.10 3.5564
5978.15 3.5562
5978.20 3.5560
5978.25 3.5558
5978.30 3.5556
5978.35 3.5554
5978.40 3.5552
5978.45 3.5550
5978.50 3.5548
5978.55 3.5546
5978.60 3.5543
5978.65 3.5541
5978.70 3.5539
5978.75 3.5537
5978.80 3.5535
5978.85 3.5533
5978.90 3.5531
5978.95 3.5529
5979.00 3.5526
5979.05 3.5524
5979.10 3.5522
5979.15 3.5520
5979.20 3.5518
5979.25 3.5516
5979.30 3.5513
5979.35 3.5511
5979.40 3.5509
5979.45 3.5507
5979.50 3.5504
5979.55 3.5502
5979.60 3.5500
5979.65 3.5498
5979.70 3.5495
5979.75 3.5493
5979.80 3.5491
5979.85 3.5489
5979.90 3.5486
5979.95 3.5484
5980.00 3.5482
5980.05 3.5479
5980.10 3.5477
5980.15 3.5475
5980.20 3.5472
5980.25 3.5470
5980.30 3.5468
5980.35 3.5465
5980.40 3.5463
5980.45 3.5461
5980.50 3.5458
5980.55 3.5456
5980.60 3.5454
5980.65 3.5451
5980.70 3.5449
5980.75 3.5446
5980.80 3.5444
5980.85 3.5441
5980.90 3.5439
5980.95 3.5437
5981.00 3.5434
5981.05 3.5432
5981.10 3.5429
5981.15 3.5427
5981.20 3.5424
5981.25 3.5422
5981.30 3.5419
5981.35 3.5417
5981.40 3.5414
5981.45 3.5412
5981.50 3.5409
5981.55 3.5407
5981.60 3.5404
5981.65 3.5402
5981.70 3.5399
5981.75 3.5396
5981.80 3.5394
5981.85 3.5391
5981.90 3.5389
5981.95 3.5386
5982.00 3.5383
5982.05 3.5381
5982.10 3.5378
5982.15 3.5376
5982.20 3.5373
5982.25 3.5370
5982.30 3.5368
5982.35 3.5365
5982.40 3.5362
5982.45 3.5360
5982.50 3.5357
5982.55 3.5354
5982.60 3.5352
5982.65 3.5349
5982.70 3.5346
5982.75 3.5343
5982.80 3.5341
5982.85 3.5338
5982.90 3.5335
5982.95 3.5332
5983.00 3.5330
5983.05 3.5327
5983.10 3.5324
5983.15 3.5321
5983.20 3.5319
5983.25 3.5316
5983.30 3.5313
5983.35 3.5310
5983.40 3.5307
5983.45 3.5304
5983.50 3.5302
5983.55 3.5299
5983.60 3.5296
5983.65 3.5293
5983.70 3.5290
5983.75 3.5287
5983.80 3.5284
5983.85 3.5281
5983.90 3.5278
5983.95 3.5276
5984.00 3.5273
5984.05 3.5270
5984.10 3.5267
5984.15 3.5264
5984.20 3.5261
5984.25 3.5258
5984.30 3.5255
5984.35 3.5252
5984.40 3.5249
5984.45 3.5246
5984.50 3.5243
5984.55 3.5240
5984.60 3.5237
5984.65 3.5234
5984.70 3.5231
5984.75 3.5228
5984.80 3.5224
5984.85 3.5221
5984.90 3.5218
5984.95 3.5215
5985.00 3.5212
5985.05 3.5209
5985.10 3.5206
5985.15 3.5203
5985.20 3.5200
5985.25 3.5196
5985.30 3.5193
5985.35 3.5190
5985.40 3.5187
5985.45 3.5184
5985.50 3.5181
5985.55 3.5177
5985.60 3.5174
5985.65 3.5171
5985.70 3.5168
5985.75 3.5164
5985.80 3.5161
5985.85 3.5158
5985.90 3.5155
5985.95 3.5151
5986.00 3.5148
5986.05 3.5145
5986.10 3.5141
5986.15 3.5138
5986.20 3.5135
5986.25 3.5131
5986.30 3.5128
5986.35 3.5125
5986.40 3.5121
5986.45 3.5118
5986.50 3.5115
5986.55 3.5111
5986.60 3.5108
5986.65 3.5104
5986.70 3.5101
5986.75 3.5098
5986.80 3.5094
5986.85 3.5091
5986.90 3.5087
5986.95 3.5084
5987.00 3.5080
5987.05 3.5077
5987.10 3.5073
5987.15 3.5070
5987.20 3.5066
5987.25 3.5063
5987.30 3.5059
5987.35 3.5056
5987.40 3.5052
5987.45 3.5049
5987.50 3.5045
5987.55 3.5041
5987.60 3.5038
5987.65 3.5034
5987.70 3.5031
5987.75 3.5027
5987.80 3.5023
5987.85 3.5020
5987.90 3.5016
5987.95 3.5012
5988.00 3.5009
5988.05 3.5005
5988.10 3.5001
5988.15 3.4998
5988.20 3.4994
5988.25 3.4990
5988.30 3.4987
5988.35 3.4983
5988.40 3.4979
5988.45 3.4975
5988.50 3.4972
5988.55 3.4968
5988.60 3.4964
5988.65 3.4960
5988.70 3.4956
5988.75 3.4953
5988.80 3.4949
5988.85 3.4945
5988.90 3.4941
5988.95 3.4937
5989.00 3.4933
5989.05 3.4929
5989.10 3.4926
5989.15 3.4922
5989.20 3.4918
5989.25 3.4914
5989.30 3.4910
5989.35 3.4906
5989.40 3.4902
5989.45 3.4898
5989.50 3.4894
5989.55 3.4890
5989.60 3.4886
5989.65 3.4882
5989.70 3.4878
5989.75 3.4874
5989.80 3.4870
5989.85 3.4866
5989.90 3.4862
5989.95 3.4858
5990.00 3.4854
5990.05 3.4850
5990.10 3.4846
5990.15 3.4841
5990.20 3.4837
5990.25 3.4833
5990.30 3.4829
5990.35 3.4825
5990.40 3.4821
5990.45 3.4817
5990.50 3.4812
5990.55 3.4808
5990.60 3.4804
5990.65 3.4800
5990.70 3.4796
5990.75 3.4791
5990.80 3.4787
5990.85 3.4783
5990.90 3.4779
5990.95 3.4774
5991.00 3.4770
5991.05 3.4766
5991.10 3.4761
5991.15 3.4757
5991.20 3.4753
5991.25 3.4748
5991.30 3.4744
5991.35 3.4740
5991.40 3.4735
5991.45 3.4731
5991.50 3.4727
5991.55 3.4722
5991.60 3.4718
5991.65 3.4713
5991.70 3.4709
5991.75 3.4704
5991.80 3.4700
5991.85 3.4695
5991.90 3.4691
5991.95 3.4686
5992.00 3.4682
5992.05 3.4677
5992.10 3.4673
5992.15 3.4668
5992.20 3.4664
5992.25 3.4659
5992.30 3.4655
5992.35 3.4650
5992.40 3.4645
5992.45 3.4641
5992.50 3.4636
5992.55 3.4632
5992.60 3.4627
5992.65 3.4622
5992.70 3.4618
5992.75 3.4613
5992.80 3.4608
5992.85 3.4604
5992.90 3.4599
5992.95 3.4594
5993.00 3.4589
5993.05 3.4585
5993.10 3.4580
5993.15 3.4575
5993.20 3.4570
5993.25 3.4566
5993.30 3.4561
5993.35 3.4556
5993.40 3.4551
5993.45 3.4546
5993.50 3.4541
5993.55 3.4536
5993.60 3.4532
5993.65 3.4527
5993.70 3.4522
5993.75 3.4517
5993.80 3.4512
5993.85 3.4507
5993.90 3.4502
5993.95 3.4497
5994.00 3.4492
5994.05 3.4487
5994.10 3.4482
5994.15 3.4477
5994.20 3.4472
5994.25 3.4467
5994.30 3.4462
5994.35 3.4457
5994.40 3.4452
5994.45 3.4447
5994.50 3.4442
5994.55 3.4437
5994.60 3.4432
5994.65 3.4426
5994.70 3.4421
5994.75 3.4416
5994.80 3.4411
5994.85 3.4406
5994.90 3.4401
5994.95 3.4395
5995.00 3.4390
5995.05 3.4385
5995.10 3.4380
5995.15 3.4374
5995.20 3.4369
5995.25 3.4364
5995.30 3.4359
5995.35 3.4353
5995.40 3.4348
5995.45 3.4343
5995.50 3.4337
5995.55 3.4332
5995.60 3.4327
5995.65 3.4321
5995.70 3.4316
5995.75 3.4310
5995.80 3.4305
5995.85 3.4300
5995.90 3.4294
5995.95 3.4289
5996.00 3.4283
5996.05 3.4278
5996.10 3.4272
5996.15 3.4267
5996.20 3.4261
5996.25 3.4256
5996.30 3.4250
5996.35 3.4245
5996.40 3.4239
5996.45 3.4234
5996.50 3.4228
5996.55 3.4222
5996.60 3.4217
5996.65 3.4211
5996.70 3.4205
5996.75 3.4200
5996.80 3.4194
5996.85 3.4188
5996.90 3.4183
5996.95 3.4177
5997.00 3.4171
5997.05 3.4166
5997.10 3.4160
5997.15 3.4154
5997.20 3.4148
5997.25 3.4142
5997.30 3.4137
5997.35 3.4131
5997.40 3.4125
5997.45 3.4119
5997.50 3.4113
5997.55 3.4107
5997.60 3.4102
5997.65 3.4096
5997.70 3.4090
5997.75 3.4084
5997.80 3.4078
5997.85 3.4072
5997.90 3.4066
5997.95 3.4060
5998.00 3.4054
5998.05 3.4048
5998.10 3.4042
5998.15 3.4036
5998.20 3.4030
5998.25 3.4024
5998.30 3.4018
5998.35 3.4012
5998.40 3.4006
5998.45 3.4000
5998.50 3.3993
5998.55 3.3987
5998.60 3.3981
5998.65 3.3975
5998.70 3.3969
5998.75 3.3963
5998.80 3.3956
5998.85 3.3950
5998.90 3.3944
5998.95 3.3938
5999.00 3.3931
5999.05 3.3925
5999.10 3.3919
5999.15 3.3913
5999.20 3.3906
5999.25 3.3900
5999.30 3.3894
5999.35 3.3887
5999.40 3.3881
5999.45 3.3875
5999.50 3.3868
5999.55 3.3862
5999.60 3.3855
5999.65 3.3849
5999.70 3.3842
5999.75 3.3836
5999.80 3.3829
5999.85 3.3823
5999.90 3.3816
5999.95 3.3810
6000.00 3.3803
6000.05 3.3797
6000.10 3.3790
6000.15 3.3784
6000.20 3.3777
6000.25 3.3770
6000.30 3.3764
6000.35 3.3757
6000.40 3.3751
6000.45 3.3744
6000.50 3.3737
6000.55 3.3730
6000.60 3.3724
6000.65 3.3717
6000.70 3.3710
6000.75 3.3704
6000.80 3.3697
6000.85 3.3690
6000.90 3.3683
6000.95 3.3676
6001.00 3.3670
6001.05 3.3663
6001.10 3.3656
6001.15 3.3649
6001.20 3.3642
6001.25 3.3635
6001.30 3.3628
6001.35 3.3621
6001.40 3.3614
6001.45 3.3607
