4633.50 13.8090
4633.55 13.8090
4633.60 13.8090
4633.65 13.8091
4633.70 13.8091
4633.75 13.8091
4633.80 13.8092
4633.85 13.8092
4633.90 13.8093
4633.95 13.8093
4634.00 13.8094
4634.05 13.8095
4634.10 13.8095
4634.15 13.8096
4634.20 13.8097
4634.25 13.8098
4634.30 13.8099
4634.35 13.8100
4634.40 13.8101
4634.45 13.8102
4634.50 13.8104
4634.55 13.8105
4634.60 13.8106
4634.65 13.8108
4634.70 13.8109
4634.75 13.8111
4634.80 13.8112
4634.85 13.8114
4634.90 13.8116
4634.95 13.8118
4635.00 13.8120
4635.05 13.8121
4635.10 13.8123
4635.15 13.8125
4635.20 13.8128
4635.25 13.8130
4635.30 13.8132
4635.35 13.8134
4635.40 13.8137
4635.45 13.8139
4635.50 13.8141
4635.55 13.8144
4635.60 13.8146
4635.65 13.8149
4635.70 13.8152
4635.75 13.8154
4635.80 13.8157
4635.85 13.8160
4635.90 13.8163
4635.95 13.8165
4636.00 13.8168
4636.05 13.8171
4636.10 13.8174
4636.15 13.8178
4636.20 13.8181
4636.25 13.8184
4636.30 13.8187
4636.35 13.8190
4636.40 13.8194
4636.45 13.8197
4636.50 13.8200
4636.55 13.8204
4636.60 13.8207
4636.65 13.8211
4636.70 13.8214
4636.75 13.8218
4636.80 13.8222
4636.85 13.8225
4636.90 13.8229
4636.95 13.8233
4637.00 13.8237
4637.05 13.8240
4637.10 13.8244
4637.15 13.8248
4637.20 13.8252
4637.25 13.8256
4637.30 13.8260
4637.35 13.8264
4637.40 13.8268
4637.45 13.8272
4637.50 13.8276
4637.55 13.8281
4637.60 13.8285
4637.65 13.8289
4637.70 13.8293
4637.75 13.8298
4637.80 13.8302
4637.85 13.8306
4637.90 13.8310
4637.95 13.8315
4638.00 13.8319
4638.05 13.8324
4638.10 13.8328
4638.15 13.8332
4638.20 13.8337
4638.25 13.8341
4638.30 13.8346
4638.35 13.8350
4638.40 13.8355
4638.45 13.8359
4638.50 13.8364
4638.55 13.8369
4638.60 13.8373
4638.65 13.8378
4638.70 13.8382
4638.75 13.8387
4638.80 13.8392
4638.85 13.8396
4638.90 13.8401
4638.95 13.8405
4639.00 13.8410
4639.05 13.8415
4639.10 13.8419
4639.15 13.8424
4639.20 13.8429
4639.25 13.8433
4639.30 13.8438
4639.35 13.8443
4639.40 13.8447
4639.45 13.8452
4639.50 13.8457
4639.55 13.8461
4639.60 13.8466
4639.65 13.8471
4639.70 13.8476
4639.75 13.8480
4639.80 13.8485
4639.85 13.8489
4639.90 13.8494
4639.95 13.8499
4640.00 13.8503
4640.05 13.8508
4640.10 13.8513
4640.15 13.8517
4640.20 13.8522
4640.25 13.8526
4640.30 13.8531
4640.35 13.8536
4640.40 13.8540
4640.45 13.8545
4640.50 13.8549
4640.55 13.8554
4640.60 13.8558
4640.65 13.8563
4640.70 13.8567
4640.75 13.8572
4640.80 13.8576
4640.85 13.8580
4640.90 13.8585
4640.95 13.8589
4641.00 13.8593
4641.05 13.8598
4641.10 13.8602
4641.15 13.8606
4641.20 13.8611
4641.25 13.8615
4641.30 13.8619
4641.35 13.8623
4641.40 13.8627
4641.45 13.8632
4641.50 13.8636
4641.55 13.8640
4641.60 13.8644
4641.65 13.8648
4641.70 13.8652
4641.75 13.8656
4641.80 13.8660
4641.85 13.8664
4641.90 13.8668
4641.95 13.8672
4642.00 13.8675
4642.05 13.8679
4642.10 13.8683
4642.15 13.8687
4642.20 13.8691
4642.25 13.8694
4642.30 13.8698
4642.35 13.8702
4642.40 13.8705
4642.45 13.8709
4642.50 13.8712
4642.55 13.8716
4642.60 13.8719
4642.65 13.8723
4642.70 13.8726
4642.75 13.8729
4642.80 13.8733
4642.85 13.8736
4642.90 13.8739
4642.95 13.8743
4643.00 13.8746
4643.05 13.8749
4643.10 13.8752
4643.15 13.8755
4643.20 13.8758
4643.25 13.8761
4643.30 13.8764
4643.35 13.8767
4643.40 13.8770
4643.45 13.8773
4643.50 13.8776
4643.55 13.8779
4643.60 13.8781
4643.65 13.8784
4643.70 13.8787
4643.75 13.8789
4643.80 13.8792
4643.85 13.8795
4643.90 13.8797
4643.95 13.8800
4644.00 13.8802
4644.05 13.8804
4644.10 13.8807
4644.15 13.8809
4644.20 13.8811
4644.25 13.8814
4644.30 13.8816
4644.35 13.8818
4644.40 13.8820
4644.45 13.8822
4644.50 13.8824
4644.55 13.8827
4644.60 13.8829
4644.65 13.8830
4644.70 13.8832
4644.75 13.8834
4644.80 13.8836
4644.85 13.8838
4644.90 13.8840
4644.95 13.8841
4645.00 13.8843
4645.05 13.8845
4645.10 13.8846
4645.15 13.8848
4645.20 13.8850
4645.25 13.8851
4645.30 13.8852
4645.35 13.8854
4645.40 13.8855
4645.45 13.8857
4645.50 13.8858
4645.55 13.8859
4645.60 13.8860
4645.65 13.8862
4645.70 13.8863
4645.75 13.8864
4645.80 13.8865
4645.85 13.8866
4645.90 13.8867
4645.95 13.8868
4646.00 13.8869
4646.05 13.8870
4646.10 13.8871
4646.15 13.8872
4646.20 13.8873
4646.25 13.8873
4646.30 13.8874
4646.35 13.8875
4646.40 13.8876
4646.45 13.8876
4646.50 13.8877
4646.55 13.8877
4646.60 13.8878
4646.65 13.8878
4646.70 13.8879
4646.75 13.8879
4646.80 13.8880
4646.85 13.8880
4646.90 13.8880
4646.95 13.8881
4647.00 13.8881
4647.05 13.8881
4647.10 13.8882
4647.15 13.8882
4647.20 13.8882
4647.25 13.8882
4647.30 13.8882
4647.35 13.8882
4647.40 13.8882
4647.45 13.8882
4647.50 13.8882
4647.55 13.8882
4647.60 13.8882
4647.65 13.8882
4647.70 13.8882
4647.75 13.8882
4647.80 13.8882
4647.85 13.8881
4647.90 13.8881
4647.95 13.8881
4648.00 13.8881
4648.05 13.8880
4648.10 13.8880
4648.15 13.8880
4648.20 13.8879
4648.25 13.8879
4648.30 13.8878
4648.35 13.8878
4648.40 13.8877
4648.45 13.8877
4648.50 13.8876
4648.55 13.8876
4648.60 13.8875
4648.65 13.8874
4648.70 13.8874
4648.75 13.8873
4648.80 13.8873
4648.85 13.8872
4648.90 13.8871
4648.95 13.8870
4649.00 13.8870
4649.05 13.8869
4649.10 13.8868
4649.15 13.8867
4649.20 13.8866
4649.25 13.8866
4649.30 13.8865
4649.35 13.8864
4649.40 13.8863
4649.45 13.8862
4649.50 13.8861
4649.55 13.8860
4649.60 13.8859
4649.65 13.8858
4649.70 13.8857
4649.75 13.8856
4649.80 13.8855
4649.85 13.8854
4649.90 13.8853
4649.95 13.8852
4650.00 13.8850
4650.05 13.8849
4650.10 13.8848
4650.15 13.8847
4650.20 13.8846
4650.25 13.8845
4650.30 13.8843
4650.35 13.8842
4650.40 13.8841
4650.45 13.8840
4650.50 13.8838
4650.55 13.8837
4650.60 13.8836
4650.65 13.8835
4650.70 13.8833
4650.75 13.8832
4650.80 13.8831
4650.85 13.8829
4650.90 13.8828
4650.95 13.8826
4651.00 13.8825
4651.05 13.8824
4651.10 13.8822
4651.15 13.8821
4651.20 13.8819
4651.25 13.8818
4651.30 13.8817
4651.35 13.8815
4651.40 13.8814
4651.45 13.8812
4651.50 13.8811
4651.55 13.8809
4651.60 13.8808
4651.65 13.8806
4651.70 13.8805
4651.75 13.8803
4651.80 13.8802
4651.85 13.8800
4651.90 13.8799
4651.95 13.8797
4652.00 13.8796
4652.05 13.8794
4652.10 13.8792
4652.15 13.8791
4652.20 13.8789
4652.25 13.8788
4652.30 13.8786
4652.35 13.8785
4652.40 13.8783
4652.45 13.8781
4652.50 13.8780
4652.55 13.8778
4652.60 13.8777
4652.65 13.8775
4652.70 13.8773
4652.75 13.8772
4652.80 13.8770
4652.85 13.8768
4652.90 13.8767
4652.95 13.8765
4653.00 13.8763
4653.05 13.8762
4653.10 13.8760
4653.15 13.8759
4653.20 13.8757
4653.25 13.8755
4653.30 13.8754
4653.35 13.8752
4653.40 13.8750
4653.45 13.8749
4653.50 13.8747
4653.55 13.8745
4653.60 13.8744
4653.65 13.8742
4653.70 13.8740
4653.75 13.8738
4653.80 13.8737
4653.85 13.8735
4653.90 13.8733
4653.95 13.8732
4654.00 13.8730
4654.05 13.8728
4654.10 13.8727
4654.15 13.8725
4654.20 13.8723
4654.25 13.8722
4654.30 13.8720
4654.35 13.8718
4654.40 13.8717
4654.45 13.8715
4654.50 13.8713
4654.55 13.8711
4654.60 13.8710
4654.65 13.8708
4654.70 13.8706
4654.75 13.8705
4654.80 13.8703
4654.85 13.8701
4654.90 13.8700
4654.95 13.8698
4655.00 13.8696
4655.05 13.8695
4655.10 13.8693
4655.15 13.8691
4655.20 13.8689
4655.25 13.8688
4655.30 13.8686
4655.35 13.8684
4655.40 13.8683
4655.45 13.8681
4655.50 13.8679
4655.55 13.8678
4655.60 13.8676
4655.65 13.8674
4655.70 13.8672
4655.75 13.8671
4655.80 13.8669
4655.85 13.8667
4655.90 13.8666
4655.95 13.8664
4656.00 13.8662
4656.05 13.8661
4656.10 13.8659
4656.15 13.8657
4656.20 13.8656
4656.25 13.8654
4656.30 13.8652
4656.35 13.8650
4656.40 13.8649
4656.45 13.8647
4656.50 13.8645
4656.55 13.8644
4656.60 13.8642
4656.65 13.8640
4656.70 13.8638
4656.75 13.8637
4656.80 13.8635
4656.85 13.8633
4656.90 13.8632
4656.95 13.8630
4657.00 13.8628
4657.05 13.8626
4657.10 13.8625
4657.15 13.8623
4657.20 13.8621
4657.25 13.8620
4657.30 13.8618
4657.35 13.8616
4657.40 13.8614
4657.45 13.8613
4657.50 13.8611
4657.55 13.8609
4657.60 13.8607
4657.65 13.8606
4657.70 13.8604
4657.75 13.8602
4657.80 13.8600
4657.85 13.8599
4657.90 13.8597
4657.95 13.8595
4658.00 13.8593
4658.05 13.8592
4658.10 13.8590
4658.15 13.8588
4658.20 13.8586
4658.25 13.8584
4658.30 13.8583
4658.35 13.8581
4658.40 13.8579
4658.45 13.8577
4658.50 13.8575
4658.55 13.8574
4658.60 13.8572
4658.65 13.8570
4658.70 13.8568
4658.75 13.8566
4658.80 13.8564
4658.85 13.8562
4658.90 13.8561
4658.95 13.8559
4659.00 13.8557
4659.05 13.8555
4659.10 13.8553
4659.15 13.8551
4659.20 13.8549
4659.25 13.8547
4659.30 13.8545
4659.35 13.8543
4659.40 13.8541
4659.45 13.8539
4659.50 13.8537
4659.55 13.8535
4659.60 13.8533
4659.65 13.8531
4659.70 13.8529
4659.75 13.8527
4659.80 13.8525
4659.85 13.8523
4659.90 13.8521
4659.95 13.8519
4660.00 13.8517
4660.05 13.8515
4660.10 13.8513
4660.15 13.8511
4660.20 13.8509
4660.25 13.8507
4660.30 13.8504
4660.35 13.8502
4660.40 13.8500
4660.45 13.8498
4660.50 13.8496
4660.55 13.8493
4660.60 13.8491
4660.65 13.8489
4660.70 13.8487
4660.75 13.8484
4660.80 13.8482
4660.85 13.8480
4660.90 13.8477
4660.95 13.8475
4661.00 13.8473
4661.05 13.8470
4661.10 13.8468
4661.15 13.8465
4661.20 13.8463
4661.25 13.8461
4661.30 13.8458
4661.35 13.8456
4661.40 13.8453
4661.45 13.8451
4661.50 13.8448
4661.55 13.8445
4661.60 13.8443
4661.65 13.8440
4661.70 13.8438
4661.75 13.8435
4661.80 13.8432
4661.85 13.8430
4661.90 13.8427
4661.95 13.8424
4662.00 13.8421
4662.05 13.8419
4662.10 13.8416
4662.15 13.8413
4662.20 13.8410
4662.25 13.8407
4662.30 13.8404
4662.35 13.8402
4662.40 13.8399
4662.45 13.8396
4662.50 13.8393
4662.55 13.8390
4662.60 13.8387
4662.65 13.8384
4662.70 13.8381
4662.75 13.8377
4662.80 13.8374
4662.85 13.8371
4662.90 13.8368
4662.95 13.8365
4663.00 13.8362
4663.05 13.8358
4663.10 13.8355
4663.15 13.8352
4663.20 13.8348
4663.25 13.8345
4663.30 13.8342
4663.35 13.8338
4663.40 13.8335
4663.45 13.8331
4663.50 13.8328
4663.55 13.8324
4663.60 13.8321
4663.65 13.8317
4663.70 13.8313
4663.75 13.8310
4663.80 13.8306
4663.85 13.8302
4663.90 13.8299
4663.95 13.8295
4664.00 13.8291
4664.05 13.8287
4664.10 13.8283
4664.15 13.8279
4664.20 13.8276
4664.25 13.8272
4664.30 13.8268
4664.35 13.8264
4664.40 13.8259
4664.45 13.8255
4664.50 13.8251
4664.55 13.8247
4664.60 13.8243
4664.65 13.8239
4664.70 13.8234
4664.75 13.8230
4664.80 13.8226
4664.85 13.8222
4664.90 13.8217
4664.95 13.8213
4665.00 13.8208
4665.05 13.8204
4665.10 13.8199
4665.15 13.8195
4665.20 13.8190
4665.25 13.8185
4665.30 13.8181
4665.35 13.8176
4665.40 13.8171
4665.45 13.8167
4665.50 13.8162
4665.55 13.8157
4665.60 13.8152
4665.65 13.8147
4665.70 13.8142
4665.75 13.8137
4665.80 13.8132
4665.85 13.8127
4665.90 13.8122
4665.95 13.8117
4666.00 13.8112
4666.05 13.8107
4666.10 13.8101
4666.15 13.8096
4666.20 13.8091
4666.25 13.8085
4666.30 13.8080
4666.35 13.8075
4666.40 13.8069
4666.45 13.8064
4666.50 13.8058
4666.55 13.8053
4666.60 13.8047
4666.65 13.8041
4666.70 13.8036
4666.75 13.8030
4666.80 13.8024
4666.85 13.8018
4666.90 13.8013
4666.95 13.8007
4667.00 13.8001
4667.05 13.7995
4667.10 13.7989
4667.15 13.7983
4667.20 13.7977
4667.25 13.7971
4667.30 13.7964
4667.35 13.7958
4667.40 13.7952
4667.45 13.7946
4667.50 13.7939
4667.55 13.7933
4667.60 13.7927
4667.65 13.7920
4667.70 13.7914
4667.75 13.7907
4667.80 13.7901
4667.85 13.7894
4667.90 13.7888
4667.95 13.7881
4668.00 13.7874
4668.05 13.7868
4668.10 13.7861
4668.15 13.7854
4668.20 13.7847
4668.25 13.7840
4668.30 13.7834
4668.35 13.7827
4668.40 13.7820
4668.45 13.7813
4668.50 13.7806
4668.55 13.7798
4668.60 13.7791
4668.65 13.7784
4668.70 13.7777
4668.75 13.7770
4668.80 13.7762
4668.85 13.7755
4668.90 13.7748
4668.95 13.7740
4669.00 13.7733
4669.05 13.7726
4669.10 13.7718
4669.15 13.7711
4669.20 13.7703
4669.25 13.7695
4669.30 13.7688
4669.35 13.7680
4669.40 13.7672
4669.45 13.7665
4669.50 13.7657
4669.55 13.7649
4669.60 13.7641
4669.65 13.7633
4669.70 13.7625
4669.75 13.7617
4669.80 13.7609
4669.85 13.7601
4669.90 13.7593
4669.95 13.7585
4670.00 13.7577
4670.05 13.7569
4670.10 13.7561
4670.15 13.7553
4670.20 13.7544
4670.25 13.7536
4670.30 13.7528
4670.35 13.7519
4670.40 13.7511
4670.45 13.7503
4670.50 13.7494
4670.55 13.7486
4670.60 13.7477
4670.65 13.7469
4670.70 13.7460
4670.75 13.7451
4670.80 13.7443
4670.85 13.7434
4670.90 13.7425
4670.95 13.7417
4671.00 13.7408
4671.05 13.7399
4671.10 13.7390
4671.15 13.7381
4671.20 13.7373
4671.25 13.7364
4671.30 13.7355
4671.35 13.7346
4671.40 13.7337
4671.45 13.7328
4671.50 13.7319
4671.55 13.7310
4671.60 13.7301
4671.65 13.7292
4671.70 13.7282
4671.75 13.7273
4671.80 13.7264
4671.85 13.7255
4671.90 13.7246
4671.95 13.7236
4672.00 13.7227
4672.05 13.7218
4672.10 13.7208
4672.15 13.7199
4672.20 13.7190
4672.25 13.7180
4672.30 13.7171
4672.35 13.7162
4672.40 13.7152
4672.45 13.7143
4672.50 13.7133
4672.55 13.7124
4672.60 13.7114
4672.65 13.7104
4672.70 13.7095
4672.75 13.7085
4672.80 13.7076
4672.85 13.7066
4672.90 13.7056
4672.95 13.7047
4673.00 13.7037
4673.05 13.7027
4673.10 13.7018
4673.15 13.7008
4673.20 13.6998
4673.25 13.6988
4673.30 13.6979
4673.35 13.6969
4673.40 13.6959
4673.45 13.6949
4673.50 13.6939
4673.55 13.6929
4673.60 13.6920
4673.65 13.6910
4673.70 13.6900
4673.75 13.6890
4673.80 13.6880
4673.85 13.6870
4673.90 13.6860
4673.95 13.6850
4674.00 13.6840
4674.05 13.6830
4674.10 13.6820
4674.15 13.6810
4674.20 13.6800
4674.25 13.6790
4674.30 13.6780
4674.35 13.6770
4674.40 13.6760
4674.45 13.6750
4674.50 13.6740
4674.55 13.6730
4674.60 13.6720
4674.65 13.6710
4674.70 13.6700
4674.75 13.6690
4674.80 13.6680
4674.85 13.6670
4674.90 13.6660
4674.95 13.6650
4675.00 13.6640
4675.05 13.6630
4675.10 13.6620
4675.15 13.6610
4675.20 13.6600
4675.25 13.6589
4675.30 13.6579
4675.35 13.6569
4675.40 13.6559
4675.45 13.6549
4675.50 13.6539
4675.55 13.6529
4675.60 13.6519
4675.65 13.6509
4675.70 13.6499
4675.75 13.6489
4675.80 13.6479
4675.85 13.6469
4675.90 13.6459
4675.95 13.6449
4676.00 13.6439
4676.05 13.6429
4676.10 13.6419
4676.15 13.6409
4676.20 13.6399
4676.25 13.6389
4676.30 13.6379
4676.35 13.6369
4676.40 13.6359
4676.45 13.6349
4676.50 13.6339
4676.55 13.6329
4676.60 13.6319
4676.65 13.6309
4676.70 13.6299
4676.75 13.6289
4676.80 13.6279
4676.85 13.6269
4676.90 13.6260
4676.95 13.6250
4677.00 13.6240
4677.05 13.6230
4677.10 13.6220
4677.15 13.6210
4677.20 13.6201
4677.25 13.6191
4677.30 13.6181
4677.35 13.6171
4677.40 13.6162
4677.45 13.6152
4677.50 13.6142
4677.55 13.6133
4677.60 13.6123
4677.65 13.6113
4677.70 13.6104
4677.75 13.6094
4677.80 13.6085
4677.85 13.6075
4677.90 13.6065
4677.95 13.6056
4678.00 13.6046
4678.05 13.6037
4678.10 13.6027
4678.15 13.6018
4678.20 13.6009
4678.25 13.5999
4678.30 13.5990
4678.35 13.5980
4678.40 13.5971
4678.45 13.5962
4678.50 13.5952
4678.55 13.5943
4678.60 13.5934
4678.65 13.5925
4678.70 13.5915
4678.75 13.5906
4678.80 13.5897
4678.85 13.5888
4678.90 13.5879
4678.95 13.5870
4679.00 13.5860
4679.05 13.5851
4679.10 13.5842
4679.15 13.5833
4679.20 13.5824
4679.25 13.5815
4679.30 13.5806
4679.35 13.5798
4679.40 13.5789
4679.45 13.5780
4679.50 13.5771
4679.55 13.5762
4679.60 13.5753
4679.65 13.5745
4679.70 13.5736
4679.75 13.5727
4679.80 13.5718
4679.85 13.5710
4679.90 13.5701
4679.95 13.5693
4680.00 13.5684
4680.05 13.5675
4680.10 13.5667
4680.15 13.5658
4680.20 13.5650
4680.25 13.5642
4680.30 13.5633
4680.35 13.5625
4680.40 13.5616
4680.45 13.5608
4680.50 13.5600
4680.55 13.5592
4680.60 13.5583
4680.65 13.5575
4680.70 13.5567
4680.75 13.5559
4680.80 13.5551
4680.85 13.5542
4680.90 13.5534
4680.95 13.5526
4681.00 13.5518
4681.05 13.5510
4681.10 13.5502
4681.15 13.5494
4681.20 13.5487
4681.25 13.5479
4681.30 13.5471
4681.35 13.5463
4681.40 13.5455
4681.45 13.5447
4681.50 13.5440
4681.55 13.5432
4681.60 13.5424
4681.65 13.5417
4681.70 13.5409
4681.75 13.5401
4681.80 13.5394
4681.85 13.5386
4681.90 13.5379
4681.95 13.5371
4682.00 13.5364
4682.05 13.5356
4682.10 13.5349
4682.15 13.5342
4682.20 13.5334
4682.25 13.5327
4682.30 13.5320
4682.35 13.5312
4682.40 13.5305
4682.45 13.5298
4682.50 13.5291
4682.55 13.5283
4682.60 13.5276
4682.65 13.5269
4682.70 13.5262
4682.75 13.5255
4682.80 13.5248
4682.85 13.5241
4682.90 13.5234
4682.95 13.5227
4683.00 13.5220
4683.05 13.5213
4683.10 13.5206
4683.15 13.5199
4683.20 13.5193
4683.25 13.5186
4683.30 13.5179
4683.35 13.5172
4683.40 13.5165
4683.45 13.5159
4683.50 13.5152
4683.55 13.5145
4683.60 13.5139
4683.65 13.5132
4683.70 13.5126
4683.75 13.5119
4683.80 13.5112
4683.85 13.5106
4683.90 13.5099
4683.95 13.5093
4684.00 13.5086
4684.05 13.5080
4684.10 13.5073
4684.15 13.5067
4684.20 13.5061
4684.25 13.5054
4684.30 13.5048
4684.35 13.5042
4684.40 13.5035
4684.45 13.5029
4684.50 13.5023
4684.55 13.5016
4684.60 13.5010
4684.65 13.5004
4684.70 13.4998
4684.75 13.4992
4684.80 13.4985
4684.85 13.4979
4684.90 13.4973
4684.95 13.4967
4685.00 13.4961
4685.05 13.4955
4685.10 13.4949
4685.15 13.4943
4685.20 13.4936
4685.25 13.4930
4685.30 13.4924
4685.35 13.4918
4685.40 13.4912
4685.45 13.4906
4685.50 13.4900
4685.55 13.4895
4685.60 13.4889
4685.65 13.4883
4685.70 13.4877
4685.75 13.4871
4685.80 13.4865
4685.85 13.4859
4685.90 13.4853
4685.95 13.4847
4686.00 13.4841
4686.05 13.4836
4686.10 13.4830
4686.15 13.4824
4686.20 13.4818
4686.25 13.4812
4686.30 13.4806
4686.35 13.4801
4686.40 13.4795
4686.45 13.4789
4686.50 13.4783
4686.55 13.4778
4686.60 13.4772
4686.65 13.4766
4686.70 13.4760
4686.75 13.4755
4686.80 13.4749
4686.85 13.4743
4686.90 13.4737
4686.95 13.4732
4687.00 13.4726
4687.05 13.4720
4687.10 13.4714
4687.15 13.4709
4687.20 13.4703
4687.25 13.4697
4687.30 13.4692
4687.35 13.4686
4687.40 13.4680
4687.45 13.4674
4687.50 13.4669
4687.55 13.4663
4687.60 13.4657
4687.65 13.4652
4687.70 13.4646
4687.75 13.4640
4687.80 13.4634
4687.85 13.4629
4687.90 13.4623
4687.95 13.4617
4688.00 13.4611
4688.05 13.4606
4688.10 13.4600
4688.15 13.4594
4688.20 13.4589
4688.25 13.4583
4688.30 13.4577
4688.35 13.4571
4688.40 13.4566
4688.45 13.4560
4688.50 13.4554
4688.55 13.4548
4688.60 13.4542
4688.65 13.4537
4688.70 13.4531
4688.75 13.4525
4688.80 13.4519
4688.85 13.4513
4688.90 13.4507
4688.95 13.4502
4689.00 13.4496
4689.05 13.4490
4689.10 13.4484
4689.15 13.4478
4689.20 13.4472
4689.25 13.4466
4689.30 13.4460
4689.35 13.4455
4689.40 13.4449
4689.45 13.4443
4689.50 13.4437
4689.55 13.4431
4689.60 13.4425
4689.65 13.4419
4689.70 13.4413
4689.75 13.4407
4689.80 13.4401
4689.85 13.4395
4689.90 13.4388
4689.95 13.4382
4690.00 13.4376
4690.05 13.4370
4690.10 13.4364
4690.15 13.4358
4690.20 13.4352
4690.25 13.4346
4690.30 13.4339
4690.35 13.4333
4690.40 13.4327
4690.45 13.4321
4690.50 13.4314
4690.55 13.4308
4690.60 13.4302
4690.65 13.4295
4690.70 13.4289
4690.75 13.4283
4690.80 13.4276
4690.85 13.4270
4690.90 13.4264
4690.95 13.4257
4691.00 13.4251
4691.05 13.4244
4691.10 13.4238
4691.15 13.4231
4691.20 13.4225
4691.25 13.4218
4691.30 13.4212
4691.35 13.4205
4691.40 13.4198
4691.45 13.4192
4691.50 13.4185
4691.55 13.4178
4691.60 13.4172
4691.65 13.4165
4691.70 13.4158
4691.75 13.4151
4691.80 13.4145
4691.85 13.4138
4691.90 13.4131
4691.95 13.4124
4692.00 13.4117
4692.05 13.4110
4692.10 13.4103
4692.15 13.4096
4692.20 13.4089
4692.25 13.4082
4692.30 13.4075
4692.35 13.4068
4692.40 13.4061
4692.45 13.4054
4692.50 13.4047
4692.55 13.4040
4692.60 13.4033
4692.65 13.4026
4692.70 13.4018
4692.75 13.4011
4692.80 13.4004
4692.85 13.3996
4692.90 13.3989
4692.95 13.3982
4693.00 13.3974
4693.05 13.3967
4693.10 13.3959
4693.15 13.3952
4693.20 13.3945
4693.25 13.3937
4693.30 13.3929
4693.35 13.3922
4693.40 13.3914
4693.45 13.3907
4693.50 13.3899
4693.55 13.3891
4693.60 13.3884
4693.65 13.3876
4693.70 13.3868
4693.75 13.3860
4693.80 13.3852
4693.85 13.3845
4693.90 13.3837
4693.95 13.3829
4694.00 13.3821
4694.05 13.3813
4694.10 13.3805
4694.15 13.3797
4694.20 13.3789
4694.25 13.3781
4694.30 13.3773
4694.35 13.3765
4694.40 13.3756
4694.45 13.3748
4694.50 13.3740
4694.55 13.3732
4694.60 13.3723
4694.65 13.3715
4694.70 13.3707
4694.75 13.3698
4694.80 13.3690
4694.85 13.3682
4694.90 13.3673
4694.95 13.3665
4695.00 13.3656
4695.05 13.3648
4695.10 13.3639
4695.15 13.3631
4695.20 13.3622
4695.25 13.3613
4695.30 13.3605
4695.35 13.3596
4695.40 13.3587
4695.45 13.3579
4695.50 13.3570
4695.55 13.3561
4695.60 13.3552
4695.65 13.3543
4695.70 13.3534
4695.75 13.3525
4695.80 13.3517
4695.85 13.3508
4695.90 13.3499
4695.95 13.3490
4696.00 13.3481
4696.05 13.3471
4696.10 13.3462
4696.15 13.3453
4696.20 13.3444
4696.25 13.3435
4696.30 13.3426
4696.35 13.3416
4696.40 13.3407
4696.45 13.3398
4696.50 13.3389
4696.55 13.3379
4696.60 13.3370
4696.65 13.3361
4696.70 13.3351
4696.75 13.3342
4696.80 13.3332
4696.85 13.3323
4696.90 13.3313
4696.95 13.3304
4697.00 13.3294
4697.05 13.3285
4697.10 13.3275
4697.15 13.3265
4697.20 13.3256
4697.25 13.3246
4697.30 13.3236
4697.35 13.3227
4697.40 13.3217
4697.45 13.3207
4697.50 13.3197
4697.55 13.3188
4697.60 13.3178
4697.65 13.3168
4697.70 13.3158
4697.75 13.3148
4697.80 13.3138
4697.85 13.3128
4697.90 13.3118
4697.95 13.3108
4698.00 13.3098
4698.05 13.3088
4698.10 13.3078
4698.15 13.3068
4698.20 13.3058
4698.25 13.3048
4698.30 13.3038
4698.35 13.3028
4698.40 13.3018
4698.45 13.3008
4698.50 13.2997
4698.55 13.2987
4698.60 13.2977
4698.65 13.2967
4698.70 13.2957
4698.75 13.2946
4698.80 13.2936
4698.85 13.2926
4698.90 13.2915
4698.95 13.2905
4699.00 13.2895
4699.05 13.2884
4699.10 13.2874
4699.15 13.2864
4699.20 13.2853
4699.25 13.2843
4699.30 13.2832
4699.35 13.2822
4699.40 13.2811
4699.45 13.2801
4699.50 13.2790
4699.55 13.2780
4699.60 13.2770
4699.65 13.2759
4699.70 13.2748
4699.75 13.2738
4699.80 13.2727
4699.85 13.2717
4699.90 13.2706
4699.95 13.2696
4700.00 13.2685
4700.05 13.2675
4700.10 13.2664
4700.15 13.2653
4700.20 13.2643
4700.25 13.2632
4700.30 13.2621
4700.35 13.2611
4700.40 13.2600
4700.45 13.2589
4700.50 13.2579
4700.55 13.2568
4700.60 13.2557
4700.65 13.2547
4700.70 13.2536
4700.75 13.2525
4700.80 13.2515
4700.85 13.2504
4700.90 13.2493
4700.95 13.2483
4701.00 13.2472
4701.05 13.2461
4701.10 13.2450
4701.15 13.2440
4701.20 13.2429
4701.25 13.2418
4701.30 13.2407
4701.35 13.2397
4701.40 13.2386
4701.45 13.2375
4701.50 13.2364
4701.55 13.2354
4701.60 13.2343
4701.65 13.2332
4701.70 13.2321
4701.75 13.2311
4701.80 13.2300
4701.85 13.2289
4701.90 13.2279
4701.95 13.2268
4702.00 13.2257
4702.05 13.2246
4702.10 13.2236
4702.15 13.2225
4702.20 13.2214
4702.25 13.2203
4702.30 13.2193
4702.35 13.2182
4702.40 13.2171
4702.45 13.2160
4702.50 13.2150
4702.55 13.2139
4702.60 13.2128
4702.65 13.2118
4702.70 13.2107
4702.75 13.2096
4702.80 13.2086
4702.85 13.2075
4702.90 13.2064
4702.95 13.2053
4703.00 13.2043
4703.05 13.2032
4703.10 13.2021
4703.15 13.2011
4703.20 13.2000
4703.25 13.1990
4703.30 13.1979
4703.35 13.1968
4703.40 13.1958
4703.45 13.1947
4703.50 13.1936
4703.55 13.1926
4703.60 13.1915
4703.65 13.1905
4703.70 13.1894
4703.75 13.1883
4703.80 13.1873
4703.85 13.1862
4703.90 13.1852
4703.95 13.1841
4704.00 13.1831
4704.05 13.1820
4704.10 13.1810
4704.15 13.1799
4704.20 13.1789
4704.25 13.1778
4704.30 13.1768
4704.35 13.1757
4704.40 13.1747
4704.45 13.1736
4704.50 13.1726
4704.55 13.1716
4704.60 13.1705
4704.65 13.1695
4704.70 13.1684
4704.75 13.1674
4704.80 13.1664
4704.85 13.1653
4704.90 13.1643
4704.95 13.1633
4705.00 13.1622
4705.05 13.1612
4705.10 13.1602
4705.15 13.1591
4705.20 13.1581
4705.25 13.1571
4705.30 13.1560
4705.35 13.1550
4705.40 13.1540
4705.45 13.1530
4705.50 13.1519
4705.55 13.1509
4705.60 13.1499
4705.65 13.1489
4705.70 13.1479
4705.75 13.1468
4705.80 13.1458
4705.85 13.1448
4705.90 13.1438
4705.95 13.1428
4706.00 13.1418
4706.05 13.1408
4706.10 13.1398
4706.15 13.1388
4706.20 13.1377
4706.25 13.1367
4706.30 13.1357
4706.35 13.1347
4706.40 13.1337
4706.45 13.1327
4706.50 13.1317
4706.55 13.1307
4706.60 13.1297
4706.65 13.1287
4706.70 13.1277
4706.75 13.1267
4706.80 13.1258
4706.85 13.1248
4706.90 13.1238
4706.95 13.1228
4707.00 13.1218
4707.05 13.1208
4707.10 13.1198
4707.15 13.1188
4707.20 13.1178
4707.25 13.1169
4707.30 13.1159
4707.35 13.1149
4707.40 13.1139
4707.45 13.1129
4707.50 13.1120
4707.55 13.1110
4707.60 13.1100
4707.65 13.1090
4707.70 13.1081
4707.75 13.1071
4707.80 13.1061
4707.85 13.1052
4707.90 13.1042
4707.95 13.1032
4708.00 13.1022
4708.05 13.1013
4708.10 13.1003
4708.15 13.0994
4708.20 13.0984
4708.25 13.0974
4708.30 13.0965
4708.35 13.0955
4708.40 13.0946
4708.45 13.0936
4708.50 13.0926
4708.55 13.0917
4708.60 13.0907
4708.65 13.0898
4708.70 13.0888
4708.75 13.0879
4708.80 13.0869
4708.85 13.0860
4708.90 13.0850
4708.95 13.0841
4709.00 13.0831
4709.05 13.0822
4709.10 13.0812
4709.15 13.0803
4709.20 13.0794
4709.25 13.0784
4709.30 13.0775
4709.35 13.0765
4709.40 13.0756
4709.45 13.0747
4709.50 13.0737
4709.55 13.0728
4709.60 13.0719
4709.65 13.0709
4709.70 13.0700
4709.75 13.0691
4709.80 13.0681
4709.85 13.0672
4709.90 13.0663
4709.95 13.0653
4710.00 13.0644
4710.05 13.0635
4710.10 13.0626
4710.15 13.0616
4710.20 13.0607
4710.25 13.0598
4710.30 13.0589
4710.35 13.0580
4710.40 13.0570
4710.45 13.0561
4710.50 13.0552
4710.55 13.0543
4710.60 13.0534
4710.65 13.0525
4710.70 13.0516
4710.75 13.0506
4710.80 13.0497
4710.85 13.0488
4710.90 13.0479
4710.95 13.0470
4711.00 13.0461
4711.05 13.0452
4711.10 13.0443
4711.15 13.0434
4711.20 13.0425
4711.25 13.0416
4711.30 13.0407
4711.35 13.0398
4711.40 13.0389
4711.45 13.0380
4711.50 13.0371
4711.55 13.0362
4711.60 13.0353
4711.65 13.0344
4711.70 13.0335
4711.75 13.0326
4711.80 13.0317
4711.85 13.0308
4711.90 13.0299
4711.95 13.0290
4712.00 13.0281
4712.05 13.0273
4712.10 13.0264
4712.15 13.0255
4712.20 13.0246
4712.25 13.0237
4712.30 13.0228
4712.35 13.0219
4712.40 13.0211
4712.45 13.0202
4712.50 13.0193
4712.55 13.0184
4712.60 13.0176
4712.65 13.0167
4712.70 13.0158
4712.75 13.0149
4712.80 13.0141
4712.85 13.0132
4712.90 13.0123
4712.95 13.0114
4713.00 13.0106
4713.05 13.0097
4713.10 13.0088
4713.15 13.0080
4713.20 13.0071
4713.25 13.0062
4713.30 13.0054
4713.35 13.0045
4713.40 13.0036
4713.45 13.0028
4713.50 13.0019
4713.55 13.0011
4713.60 13.0002
4713.65 12.9993
4713.70 12.9985
4713.75 12.9976
4713.80 12.9968
4713.85 12.9959
4713.90 12.9951
4713.95 12.9942
4714.00 12.9934
4714.05 12.9925
4714.10 12.9917
4714.15 12.9908
4714.20 12.9900
4714.25 12.9891
4714.30 12.9883
4714.35 12.9874
4714.40 12.9866
4714.45 12.9857
4714.50 12.9849
4714.55 12.9840
4714.60 12.9832
4714.65 12.9824
4714.70 12.9815
4714.75 12.9807
4714.80 12.9798
4714.85 12.9790
4714.90 12.9782
4714.95 12.9773
4715.00 12.9765
4715.05 12.9757
4715.10 12.9748
4715.15 12.9740
4715.20 12.9732
4715.25 12.9723
4715.30 12.9715
4715.35 12.9707
4715.40 12.9698
4715.45 12.9690
4715.50 12.9682
4715.55 12.9673
4715.60 12.9665
4715.65 12.9657
4715.70 12.9649
4715.75 12.9640
4715.80 12.9632
4715.85 12.9624
4715.90 12.9616
4715.95 12.9607
4716.00 12.9599
4716.05 12.9591
4716.10 12.9583
4716.15 12.9574
4716.20 12.9566
4716.25 12.9558
4716.30 12.9550
4716.35 12.9541
4716.40 12.9533
4716.45 12.9525
4716.50 12.9517
4716.55 12.9509
4716.60 12.9500
4716.65 12.9492
4716.70 12.9484
4716.75 12.9476
4716.80 12.9468
4716.85 12.9459
4716.90 12.9451
4716.95 12.9443
4717.00 12.9435
4717.05 12.9427
4717.10 12.9419
4717.15 12.9410
4717.20 12.9402
4717.25 12.9394
4717.30 12.9386
4717.35 12.9378
4717.40 12.9369
4717.45 12.9361
4717.50 12.9353
4717.55 12.9345
4717.60 12.9337
4717.65 12.9328
4717.70 12.9320
4717.75 12.9312
4717.80 12.9304
4717.85 12.9295
4717.90 12.9287
4717.95 12.9279
4718.00 12.9271
4718.05 12.9263
4718.10 12.9254
4718.15 12.9246
4718.20 12.9238
4718.25 12.9229
4718.30 12.9221
4718.35 12.9213
4718.40 12.9205
4718.45 12.9196
4718.50 12.9188
4718.55 12.9180
4718.60 12.9171
4718.65 12.9163
4718.70 12.9155
4718.75 12.9146
4718.80 12.9138
4718.85 12.9129
4718.90 12.9121
4718.95 12.9113
4719.00 12.9104
4719.05 12.9096
4719.10 12.9087
4719.15 12.9079
4719.20 12.9070
4719.25 12.9062
4719.30 12.9053
4719.35 12.9045
4719.40 12.9036
4719.45 12.9028
4719.50 12.9019
4719.55 12.9011
4719.60 12.9002
4719.65 12.8993
4719.70 12.8985
4719.75 12.8976
4719.80 12.8967
4719.85 12.8959
4719.90 12.8950
4719.95 12.8941
4720.00 12.8933
4720.05 12.8924
4720.10 12.8915
4720.15 12.8906
4720.20 12.8897
4720.25 12.8888
4720.30 12.8880
4720.35 12.8871
4720.40 12.8862
4720.45 12.8853
4720.50 12.8844
4720.55 12.8835
4720.60 12.8826
4720.65 12.8817
4720.70 12.8808
4720.75 12.8798
4720.80 12.8789
4720.85 12.8780
4720.90 12.8771
4720.95 12.8762
4721.00 12.8752
4721.05 12.8743
4721.10 12.8734
4721.15 12.8724
4721.20 12.8715
4721.25 12.8706
4721.30 12.8696
4721.35 12.8687
4721.40 12.8677
4721.45 12.8668
4721.50 12.8658
4721.55 12.8649
4721.60 12.8639
4721.65 12.8629
4721.70 12.8620
4721.75 12.8610
4721.80 12.8600
4721.85 12.8590
4721.90 12.8580
4721.95 12.8570
4722.00 12.8560
4722.05 12.8551
4722.10 12.8541
4722.15 12.8530
4722.20 12.8520
4722.25 12.8510
4722.30 12.8500
4722.35 12.8490
4722.40 12.8480
4722.45 12.8469
4722.50 12.8459
4722.55 12.8449
4722.60 12.8438
4722.65 12.8428
4722.70 12.8417
4722.75 12.8407
4722.80 12.8396
4722.85 12.8386
4722.90 12.8375
4722.95 12.8364
4723.00 12.8354
4723.05 12.8343
4723.10 12.8332
4723.15 12.8321
4723.20 12.8310
4723.25 12.8299
4723.30 12.8288
4723.35 12.8277
4723.40 12.8266
4723.45 12.8255
4723.50 12.8244
4723.55 12.8232
4723.60 12.8221
4723.65 12.8210
4723.70 12.8198
4723.75 12.8187
4723.80 12.8175
4723.85 12.8164
4723.90 12.8152
4723.95 12.8141
4724.00 12.8129
4724.05 12.8117
4724.10 12.8105
4724.15 12.8094
4724.20 12.8082
4724.25 12.8070
4724.30 12.8058
4724.35 12.8046
4724.40 12.8034
4724.45 12.8022
4724.50 12.8009
4724.55 12.7997
4724.60 12.7985
4724.65 12.7973
4724.70 12.7960
4724.75 12.7948
4724.80 12.7935
4724.85 12.7923
4724.90 12.7910
4724.95 12.7898
4725.00 12.7885
4725.05 12.7872
4725.10 12.7860
4725.15 12.7847
4725.20 12.7834
4725.25 12.7821
4725.30 12.7808
4725.35 12.7795
4725.40 12.7782
4725.45 12.7769
4725.50 12.7756
4725.55 12.7743
4725.60 12.7729
4725.65 12.7716
4725.70 12.7703
4725.75 12.7689
4725.80 12.7676
4725.85 12.7662
4725.90 12.7649
4725.95 12.7635
4726.00 12.7622
4726.05 12.7608
4726.10 12.7594
4726.15 12.7581
4726.20 12.7567
4726.25 12.7553
4726.30 12.7539
4726.35 12.7525
4726.40 12.7511
4726.45 12.7497
4726.50 12.7483
4726.55 12.7469
4726.60 12.7455
4726.65 12.7441
4726.70 12.7426
4726.75 12.7412
4726.80 12.7398
4726.85 12.7383
4726.90 12.7369
4726.95 12.7355
4727.00 12.7340
4727.05 12.7326
4727.10 12.7311
4727.15 12.7297
4727.20 12.7282
4727.25 12.7267
4727.30 12.7253
4727.35 12.7238
4727.40 12.7223
4727.45 12.7208
4727.50 12.7193
4727.55 12.7179
4727.60 12.7164
4727.65 12.7149
4727.70 12.7134
4727.75 12.7119
4727.80 12.7104
4727.85 12.7089
4727.90 12.7074
4727.95 12.7059
4728.00 12.7044
4728.05 12.7028
4728.10 12.7013
4728.15 12.6998
4728.20 12.6983
4728.25 12.6968
4728.30 12.6952
4728.35 12.6937
4728.40 12.6922
4728.45 12.6907
4728.50 12.6891
4728.55 12.6876
4728.60 12.6861
4728.65 12.6845
4728.70 12.6830
4728.75 12.6814
4728.80 12.6799
4728.85 12.6784
4728.90 12.6768
4728.95 12.6753
4729.00 12.6737
4729.05 12.6722
4729.10 12.6706
4729.15 12.6691
4729.20 12.6675
4729.25 12.6660
4729.30 12.6644
4729.35 12.6629
4729.40 12.6614
4729.45 12.6598
4729.50 12.6583
4729.55 12.6567
4729.60 12.6552
4729.65 12.6536
4729.70 12.6521
4729.75 12.6505
4729.80 12.6490
4729.85 12.6474
4729.90 12.6459
4729.95 12.6444
4730.00 12.6428
4730.05 12.6413
4730.10 12.6397
4730.15 12.6382
4730.20 12.6367
4730.25 12.6352
4730.30 12.6336
4730.35 12.6321
4730.40 12.6306
4730.45 12.6291
4730.50 12.6275
4730.55 12.6260
4730.60 12.6245
4730.65 12.6230
4730.70 12.6215
4730.75 12.6200
4730.80 12.6185
4730.85 12.6170
4730.90 12.6155
4730.95 12.6140
4731.00 12.6125
4731.05 12.6110
4731.10 12.6096
4731.15 12.6081
4731.20 12.6066
4731.25 12.6052
4731.30 12.6037
4731.35 12.6022
4731.40 12.6008
4731.45 12.5994
4731.50 12.5979
4731.55 12.5965
4731.60 12.5951
4731.65 12.5936
4731.70 12.5922
4731.75 12.5908
4731.80 12.5894
4731.85 12.5880
4731.90 12.5866
4731.95 12.5852
4732.00 12.5838
4732.05 12.5825
4732.10 12.5811
4732.15 12.5797
4732.20 12.5784
4732.25 12.5770
4732.30 12.5757
4732.35 12.5744
4732.40 12.5730
4732.45 12.5717
4732.50 12.5704
4732.55 12.5691
4732.60 12.5678
4732.65 12.5665
4732.70 12.5653
4732.75 12.5640
4732.80 12.5627
4732.85 12.5615
4732.90 12.5603
4732.95 12.5590
4733.00 12.5578
4733.05 12.5566
4733.10 12.5554
4733.15 12.5542
4733.20 12.5530
4733.25 12.5518
4733.30 12.5507
4733.35 12.5495
4733.40 12.5484
4733.45 12.5472
4733.50 12.5461
4733.55 12.5450
4733.60 12.5439
4733.65 12.5428
4733.70 12.5417
4733.75 12.5407
4733.80 12.5396
4733.85 12.5385
4733.90 12.5375
4733.95 12.5365
4734.00 12.5355
4734.05 12.5345
4734.10 12.5335
4734.15 12.5325
4734.20 12.5315
4734.25 12.5306
4734.30 12.5296
4734.35 12.5287
4734.40 12.5278
4734.45 12.5269
4734.50 12.5260
4734.55 12.5251
4734.60 12.5243
4734.65 12.5234
4734.70 12.5226
4734.75 12.5217
4734.80 12.5209
4734.85 12.5201
4734.90 12.5193
4734.95 12.5186
4735.00 12.5178
4735.05 12.5171
4735.10 12.5163
4735.15 12.5156
4735.20 12.5149
4735.25 12.5142
4735.30 12.5135
4735.35 12.5129
4735.40 12.5122
4735.45 12.5116
4735.50 12.5110
4735.55 12.5104
4735.60 12.5098
4735.65 12.5092
4735.70 12.5087
4735.75 12.5081
4735.80 12.5076
4735.85 12.5071
4735.90 12.5066
4735.95 12.5061
4736.00 12.5056
4736.05 12.5052
4736.10 12.5047
4736.15 12.5043
4736.20 12.5039
4736.25 12.5035
4736.30 12.5031
4736.35 12.5027
4736.40 12.5024
4736.45 12.5021
4736.50 12.5017
4736.55 12.5014
4736.60 12.5012
4736.65 12.5009
4736.70 12.5006
4736.75 12.5004
4736.80 12.5002
4736.85 12.5000
4736.90 12.4998
4736.95 12.4996
4737.00 12.4994
4737.05 12.4993
4737.10 12.4992
4737.15 12.4991
4737.20 12.4990
4737.25 12.4989
4737.30 12.4988
4737.35 12.4988
4737.40 12.4987
4737.45 12.4987
