6705.50 4.1377
6705.55 4.1378
6705.60 4.1378
6705.65 4.1378
6705.70 4.1378
6705.75 4.1378
6705.80 4.1379
6705.85 4.1379
6705.90 4.1379
6705.95 4.1380
6706.00 4.1380
6706.05 4.1381
6706.10 4.1382
6706.15 4.1382
6706.20 4.1383
6706.25 4.1384
6706.30 4.1385
6706.35 4.1385
6706.40 4.1386
6706.45 4.1387
6706.50 4.1388
6706.55 4.1390
6706.60 4.1391
6706.65 4.1392
6706.70 4.1393
6706.75 4.1394
6706.80 4.1396
6706.85 4.1397
6706.90 4.1399
6706.95 4.1400
6707.00 4.1402
6707.05 4.1403
6707.10 4.1405
6707.15 4.1407
6707.20 4.1409
6707.25 4.1410
6707.30 4.1412
6707.35 4.1414
6707.40 4.1416
6707.45 4.1418
6707.50 4.1420
6707.55 4.1422
6707.60 4.1425
6707.65 4.1427
6707.70 4.1429
6707.75 4.1431
6707.80 4.1434
6707.85 4.1436
6707.90 4.1439
6707.95 4.1441
6708.00 4.1444
6708.05 4.1446
6708.10 4.1449
6708.15 4.1452
6708.20 4.1455
6708.25 4.1458
6708.30 4.1460
6708.35 4.1463
6708.40 4.1466
6708.45 4.1469
6708.50 4.1472
6708.55 4.1476
6708.60 4.1479
6708.65 4.1482
6708.70 4.1485
6708.75 4.1489
6708.80 4.1492
6708.85 4.1496
6708.90 4.1499
6708.95 4.1503
6709.00 4.1506
6709.05 4.1510
6709.10 4.1513
6709.15 4.1517
6709.20 4.1521
6709.25 4.1525
6709.30 4.1529
6709.35 4.1533
6709.40 4.1537
6709.45 4.1541
6709.50 4.1545
6709.55 4.1549
6709.60 4.1553
6709.65 4.1557
6709.70 4.1561
6709.75 4.1566
6709.80 4.1570
6709.85 4.1575
6709.90 4.1579
6709.95 4.1583
6710.00 4.1588
6710.05 4.1593
6710.10 4.1597
6710.15 4.1602
6710.20 4.1607
6710.25 4.1611
6710.30 4.1616
6710.35 4.1621
6710.40 4.1626
6710.45 4.1631
6710.50 4.1636
6710.55 4.1641
6710.60 4.1646
6710.65 4.1651
6710.70 4.1657
6710.75 4.1662
6710.80 4.1667
6710.85 4.1672
6710.90 4.1678
6710.95 4.1683
6711.00 4.1689
6711.05 4.1694
6711.10 4.1700
6711.15 4.1705
6711.20 4.1711
6711.25 4.1717
6711.30 4.1722
6711.35 4.1728
6711.40 4.1734
6711.45 4.1740
6711.50 4.1746
6711.55 4.1752
6711.60 4.1758
6711.65 4.1764
6711.70 4.1770
6711.75 4.1776
6711.80 4.1782
6711.85 4.1788
6711.90 4.1795
6711.95 4.1801
6712.00 4.1807
6712.05 4.1813
6712.10 4.1820
6712.15 4.1826
6712.20 4.1833
6712.25 4.1839
6712.30 4.1846
6712.35 4.1853
6712.40 4.1859
6712.45 4.1866
6712.50 4.1873
6712.55 4.1879
6712.60 4.1886
6712.65 4.1893
6712.70 4.1900
6712.75 4.1907
6712.80 4.1914
6712.85 4.1921
6712.90 4.1928
6712.95 4.1935
6713.00 4.1942
6713.05 4.1949
6713.10 4.1957
6713.15 4.1964
6713.20 4.1971
6713.25 4.1978
6713.30 4.1986
6713.35 4.1993
6713.40 4.2001
6713.45 4.2008
6713.50 4.2016
6713.55 4.2023
6713.60 4.2031
6713.65 4.2038
6713.70 4.2046
6713.75 4.2054
6713.80 4.2061
6713.85 4.2069
6713.90 4.2077
6713.95 4.2085
6714.00 4.2093
6714.05 4.2100
6714.10 4.2108
6714.15 4.2116
6714.20 4.2124
6714.25 4.2132
6714.30 4.2141
6714.35 4.2149
6714.40 4.2157
6714.45 4.2165
6714.50 4.2173
6714.55 4.2181
6714.60 4.2190
6714.65 4.2198
6714.70 4.2206
6714.75 4.2215
6714.80 4.2223
6714.85 4.2232
6714.90 4.2240
6714.95 4.2248
6715.00 4.2257
6715.05 4.2266
6715.10 4.2274
6715.15 4.2283
6715.20 4.2291
6715.25 4.2300
6715.30 4.2309
6715.35 4.2318
6715.40 4.2326
6715.45 4.2335
6715.50 4.2344
6715.55 4.2353
6715.60 4.2362
6715.65 4.2371
6715.70 4.2380
6715.75 4.2389
6715.80 4.2398
6715.85 4.2407
6715.90 4.2416
6715.95 4.2425
6716.00 4.2434
6716.05 4.2443
6716.10 4.2452
6716.15 4.2462
6716.20 4.2471
6716.25 4.2480
6716.30 4.2489
6716.35 4.2499
6716.40 4.2508
6716.45 4.2517
6716.50 4.2527
6716.55 4.2536
6716.60 4.2546
6716.65 4.2555
6716.70 4.2565
6716.75 4.2574
6716.80 4.2584
6716.85 4.2593
6716.90 4.2603
6716.95 4.2613
6717.00 4.2622
6717.05 4.2632
6717.10 4.2642
6717.15 4.2651
6717.20 4.2661
6717.25 4.2671
6717.30 4.2681
6717.35 4.2691
6717.40 4.2700
6717.45 4.2710
6717.50 4.2720
6717.55 4.2730
6717.60 4.2740
6717.65 4.2750
6717.70 4.2760
6717.75 4.2770
6717.80 4.2780
6717.85 4.2790
6717.90 4.2800
6717.95 4.2810
6718.00 4.2820
6718.05 4.2830
6718.10 4.2841
6718.15 4.2851
6718.20 4.2861
6718.25 4.2871
6718.30 4.2881
6718.35 4.2892
6718.40 4.2902
6718.45 4.2912
6718.50 4.2922
6718.55 4.2933
6718.60 4.2943
6718.65 4.2954
6718.70 4.2964
6718.75 4.2974
6718.80 4.2985
6718.85 4.2995
6718.90 4.3006
6718.95 4.3016
6719.00 4.3027
6719.05 4.3037
6719.10 4.3048
6719.15 4.3058
6719.20 4.3069
6719.25 4.3079
6719.30 4.3090
6719.35 4.3101
6719.40 4.3111
6719.45 4.3122
6719.50 4.3133
6719.55 4.3143
6719.60 4.3154
6719.65 4.3165
6719.70 4.3175
6719.75 4.3186
6719.80 4.3197
6719.85 4.3208
6719.90 4.3219
6719.95 4.3229
6720.00 4.3240
6720.05 4.3251
6720.10 4.3262
6720.15 4.3273
6720.20 4.3284
6720.25 4.3295
6720.30 4.3305
6720.35 4.3316
6720.40 4.3327
6720.45 4.3338
6720.50 4.3349
6720.55 4.3360
6720.60 4.3371
6720.65 4.3382
6720.70 4.3393
6720.75 4.3404
6720.80 4.3415
6720.85 4.3426
6720.90 4.3438
6720.95 4.3449
6721.00 4.3460
6721.05 4.3471
6721.10 4.3482
6721.15 4.3493
6721.20 4.3504
6721.25 4.3515
6721.30 4.3527
6721.35 4.3538
6721.40 4.3549
6721.45 4.3560
6721.50 4.3571
6721.55 4.3583
6721.60 4.3594
6721.65 4.3605
6721.70 4.3616
6721.75 4.3628
6721.80 4.3639
6721.85 4.3650
6721.90 4.3662
6721.95 4.3673
6722.00 4.3684
6722.05 4.3696
6722.10 4.3707
6722.15 4.3718
6722.20 4.3730
6722.25 4.3741
6722.30 4.3752
6722.35 4.3764
6722.40 4.3775
6722.45 4.3787
6722.50 4.3798
6722.55 4.3809
6722.60 4.3821
6722.65 4.3832
6722.70 4.3844
6722.75 4.3855
6722.80 4.3867
6722.85 4.3878
6722.90 4.3890
6722.95 4.3901
6723.00 4.3913
6723.05 4.3924
6723.10 4.3936
6723.15 4.3947
6723.20 4.3959
6723.25 4.3970
6723.30 4.3982
6723.35 4.3993
6723.40 4.4005
6723.45 4.4017
6723.50 4.4028
6723.55 4.4040
6723.60 4.4051
6723.65 4.4063
6723.70 4.4075
6723.75 4.4086
6723.80 4.4098
6723.85 4.4109
6723.90 4.4121
6723.95 4.4133
6724.00 4.4144
6724.05 4.4156
6724.10 4.4168
6724.15 4.4179
6724.20 4.4191
6724.25 4.4203
6724.30 4.4214
6724.35 4.4226
6724.40 4.4238
6724.45 4.4250
6724.50 4.4261
6724.55 4.4273
6724.60 4.4285
6724.65 4.4296
6724.70 4.4308
6724.75 4.4320
6724.80 4.4332
6724.85 4.4343
6724.90 4.4355
6724.95 4.4367
6725.00 4.4379
6725.05 4.4391
6725.10 4.4402
6725.15 4.4414
6725.20 4.4426
6725.25 4.4438
6725.30 4.4450
6725.35 4.4461
6725.40 4.4473
6725.45 4.4485
6725.50 4.4497
6725.55 4.4509
6725.60 4.4520
6725.65 4.4532
6725.70 4.4544
6725.75 4.4556
6725.80 4.4568
6725.85 4.4580
6725.90 4.4592
6725.95 4.4603
6726.00 4.4615
6726.05 4.4627
6726.10 4.4639
6726.15 4.4651
6726.20 4.4663
6726.25 4.4675
6726.30 4.4687
6726.35 4.4698
6726.40 4.4710
6726.45 4.4722
6726.50 4.4734
6726.55 4.4746
6726.60 4.4758
6726.65 4.4770
6726.70 4.4782
6726.75 4.4794
6726.80 4.4806
6726.85 4.4818
6726.90 4.4830
6726.95 4.4841
6727.00 4.4853
6727.05 4.4865
6727.10 4.4877
6727.15 4.4889
6727.20 4.4901
6727.25 4.4913
6727.30 4.4925
6727.35 4.4937
6727.40 4.4949
6727.45 4.4961
6727.50 4.4973
6727.55 4.4985
6727.60 4.4997
6727.65 4.5009
6727.70 4.5021
6727.75 4.5033
6727.80 4.5045
6727.85 4.5057
6727.90 4.5069
6727.95 4.5081
6728.00 4.5093
6728.05 4.5105
6728.10 4.5117
6728.15 4.5129
6728.20 4.5141
6728.25 4.5153
6728.30 4.5165
6728.35 4.5177
6728.40 4.5189
6728.45 4.5201
6728.50 4.5213
6728.55 4.5225
6728.60 4.5237
6728.65 4.5249
6728.70 4.5261
6728.75 4.5273
6728.80 4.5285
6728.85 4.5297
6728.90 4.5309
6728.95 4.5321
6729.00 4.5333
6729.05 4.5345
6729.10 4.5357
6729.15 4.5369
6729.20 4.5381
6729.25 4.5393
6729.30 4.5405
6729.35 4.5417
6729.40 4.5429
6729.45 4.5441
6729.50 4.5454
6729.55 4.5466
6729.60 4.5478
6729.65 4.5490
6729.70 4.5502
6729.75 4.5514
6729.80 4.5526
6729.85 4.5538
6729.90 4.5550
6729.95 4.5562
6730.00 4.5574
6730.05 4.5586
6730.10 4.5598
6730.15 4.5610
6730.20 4.5622
6730.25 4.5634
6730.30 4.5646
6730.35 4.5658
6730.40 4.5670
6730.45 4.5682
6730.50 4.5695
6730.55 4.5707
6730.60 4.5719
6730.65 4.5731
6730.70 4.5743
6730.75 4.5755
6730.80 4.5767
6730.85 4.5779
6730.90 4.5791
6730.95 4.5803
6731.00 4.5815
6731.05 4.5827
6731.10 4.5839
6731.15 4.5851
6731.20 4.5863
6731.25 4.5875
6731.30 4.5887
6731.35 4.5899
6731.40 4.5911
6731.45 4.5923
6731.50 4.5935
6731.55 4.5947
6731.60 4.5959
6731.65 4.5971
6731.70 4.5984
6731.75 4.5996
6731.80 4.6008
6731.85 4.6020
6731.90 4.6032
6731.95 4.6044
6732.00 4.6056
6732.05 4.6068
6732.10 4.6080
6732.15 4.6092
6732.20 4.6104
6732.25 4.6116
6732.30 4.6128
6732.35 4.6140
6732.40 4.6152
6732.45 4.6164
6732.50 4.6176
6732.55 4.6188
6732.60 4.6200
6732.65 4.6212
6732.70 4.6224
6732.75 4.6235
6732.80 4.6247
6732.85 4.6259
6732.90 4.6271
6732.95 4.6283
6733.00 4.6295
6733.05 4.6307
6733.10 4.6319
6733.15 4.6331
6733.20 4.6343
6733.25 4.6355
6733.30 4.6367
6733.35 4.6379
6733.40 4.6391
6733.45 4.6403
6733.50 4.6415
6733.55 4.6426
6733.60 4.6438
6733.65 4.6450
6733.70 4.6462
6733.75 4.6474
6733.80 4.6486
6733.85 4.6498
6733.90 4.6510
6733.95 4.6521
6734.00 4.6533
6734.05 4.6545
6734.10 4.6557
6734.15 4.6569
6734.20 4.6581
6734.25 4.6592
6734.30 4.6604
6734.35 4.6616
6734.40 4.6628
6734.45 4.6640
6734.50 4.6651
6734.55 4.6663
6734.60 4.6675
6734.65 4.6687
6734.70 4.6699
6734.75 4.6710
6734.80 4.6722
6734.85 4.6734
6734.90 4.6746
6734.95 4.6757
6735.00 4.6769
6735.05 4.6781
6735.10 4.6792
6735.15 4.6804
6735.20 4.6816
6735.25 4.6827
6735.30 4.6839
6735.35 4.6851
6735.40 4.6862
6735.45 4.6874
6735.50 4.6886
6735.55 4.6897
6735.60 4.6909
6735.65 4.6920
6735.70 4.6932
6735.75 4.6944
6735.80 4.6955
6735.85 4.6967
6735.90 4.6978
6735.95 4.6990
6736.00 4.7001
6736.05 4.7013
6736.10 4.7024
6736.15 4.7036
6736.20 4.7047
6736.25 4.7059
6736.30 4.7070
6736.35 4.7082
6736.40 4.7093
6736.45 4.7105
6736.50 4.7116
6736.55 4.7128
6736.60 4.7139
6736.65 4.7150
6736.70 4.7162
6736.75 4.7173
6736.80 4.7184
6736.85 4.7196
6736.90 4.7207
6736.95 4.7218
6737.00 4.7230
6737.05 4.7241
6737.10 4.7252
6737.15 4.7264
6737.20 4.7275
6737.25 4.7286
6737.30 4.7297
6737.35 4.7309
6737.40 4.7320
6737.45 4.7331
6737.50 4.7342
6737.55 4.7353
6737.60 4.7364
6737.65 4.7376
6737.70 4.7387
6737.75 4.7398
6737.80 4.7409
6737.85 4.7420
6737.90 4.7431
6737.95 4.7442
6738.00 4.7453
6738.05 4.7464
6738.10 4.7475
6738.15 4.7486
6738.20 4.7497
6738.25 4.7508
6738.30 4.7519
6738.35 4.7530
6738.40 4.7541
6738.45 4.7552
6738.50 4.7563
6738.55 4.7573
6738.60 4.7584
6738.65 4.7595
6738.70 4.7606
6738.75 4.7617
6738.80 4.7628
6738.85 4.7638
6738.90 4.7649
6738.95 4.7660
6739.00 4.7671
6739.05 4.7681
6739.10 4.7692
6739.15 4.7703
6739.20 4.7713
6739.25 4.7724
6739.30 4.7735
6739.35 4.7745
6739.40 4.7756
6739.45 4.7766
6739.50 4.7777
6739.55 4.7787
6739.60 4.7798
6739.65 4.7808
6739.70 4.7819
6739.75 4.7829
6739.80 4.7840
6739.85 4.7850
6739.90 4.7861
6739.95 4.7871
6740.00 4.7881
6740.05 4.7892
6740.10 4.7902
6740.15 4.7912
6740.20 4.7923
6740.25 4.7933
6740.30 4.7943
6740.35 4.7953
6740.40 4.7964
6740.45 4.7974
6740.50 4.7984
6740.55 4.7994
6740.60 4.8004
6740.65 4.8014
6740.70 4.8024
6740.75 4.8035
6740.80 4.8045
6740.85 4.8055
6740.90 4.8065
6740.95 4.8075
6741.00 4.8085
6741.05 4.8095
6741.10 4.8105
6741.15 4.8114
6741.20 4.8124
6741.25 4.8134
6741.30 4.8144
6741.35 4.8154
6741.40 4.8164
6741.45 4.8174
6741.50 4.8183
6741.55 4.8193
6741.60 4.8203
6741.65 4.8213
6741.70 4.8222
6741.75 4.8232
6741.80 4.8242
6741.85 4.8251
6741.90 4.8261
6741.95 4.8270
6742.00 4.8280
6742.05 4.8290
6742.10 4.8299
6742.15 4.8309
6742.20 4.8318
6742.25 4.8327
6742.30 4.8337
6742.35 4.8346
6742.40 4.8356
6742.45 4.8365
6742.50 4.8374
6742.55 4.8384
6742.60 4.8393
6742.65 4.8402
6742.70 4.8412
6742.75 4.8421
6742.80 4.8430
6742.85 4.8439
6742.90 4.8448
6742.95 4.8458
6743.00 4.8467
6743.05 4.8476
6743.10 4.8485
6743.15 4.8494
6743.20 4.8503
6743.25 4.8512
6743.30 4.8521
6743.35 4.8530
6743.40 4.8539
6743.45 4.8548
6743.50 4.8557
6743.55 4.8566
6743.60 4.8575
6743.65 4.8583
6743.70 4.8592
6743.75 4.8601
6743.80 4.8610
6743.85 4.8618
6743.90 4.8627
6743.95 4.8636
6744.00 4.8645
6744.05 4.8653
6744.10 4.8662
6744.15 4.8670
6744.20 4.8679
6744.25 4.8688
6744.30 4.8696
6744.35 4.8705
6744.40 4.8713
6744.45 4.8722
6744.50 4.8730
6744.55 4.8739
6744.60 4.8747
6744.65 4.8755
6744.70 4.8764
6744.75 4.8772
6744.80 4.8780
6744.85 4.8789
6744.90 4.8797
6744.95 4.8805
6745.00 4.8813
6745.05 4.8822
6745.10 4.8830
6745.15 4.8838
6745.20 4.8846
6745.25 4.8854
6745.30 4.8862
6745.35 4.8870
6745.40 4.8878
6745.45 4.8886
6745.50 4.8894
6745.55 4.8902
6745.60 4.8910
6745.65 4.8918
6745.70 4.8926
6745.75 4.8934
6745.80 4.8942
6745.85 4.8950
6745.90 4.8958
6745.95 4.8965
6746.00 4.8973
6746.05 4.8981
6746.10 4.8989
6746.15 4.8996
6746.20 4.9004
6746.25 4.9012
6746.30 4.9019
6746.35 4.9027
6746.40 4.9035
6746.45 4.9042
6746.50 4.9050
6746.55 4.9057
6746.60 4.9065
6746.65 4.9072
6746.70 4.9080
6746.75 4.9087
6746.80 4.9095
6746.85 4.9102
6746.90 4.9109
6746.95 4.9117
6747.00 4.9124
6747.05 4.9131
6747.10 4.9139
6747.15 4.9146
6747.20 4.9153
6747.25 4.9160
6747.30 4.9168
6747.35 4.9175
6747.40 4.9182
6747.45 4.9189
6747.50 4.9196
6747.55 4.9203
6747.60 4.9210
6747.65 4.9217
6747.70 4.9224
6747.75 4.9231
6747.80 4.9238
6747.85 4.9245
6747.90 4.9252
6747.95 4.9259
6748.00 4.9266
6748.05 4.9273
6748.10 4.9280
6748.15 4.9287
6748.20 4.9294
6748.25 4.9300
6748.30 4.9307
6748.35 4.9314
6748.40 4.9321
6748.45 4.9327
6748.50 4.9334
6748.55 4.9341
6748.60 4.9347
6748.65 4.9354
6748.70 4.9361
6748.75 4.9367
6748.80 4.9374
6748.85 4.9380
6748.90 4.9387
6748.95 4.9393
6749.00 4.9400
6749.05 4.9406
6749.10 4.9413
6749.15 4.9419
6749.20 4.9426
6749.25 4.9432
6749.30 4.9439
6749.35 4.9445
6749.40 4.9451
6749.45 4.9458
6749.50 4.9464
6749.55 4.9470
6749.60 4.9476
6749.65 4.9483
6749.70 4.9489
6749.75 4.9495
6749.80 4.9501
6749.85 4.9508
6749.90 4.9514
6749.95 4.9520
6750.00 4.9526
6750.05 4.9532
6750.10 4.9538
6750.15 4.9544
6750.20 4.9550
6750.25 4.9556
6750.30 4.9562
6750.35 4.9568
6750.40 4.9574
6750.45 4.9580
6750.50 4.9586
6750.55 4.9592
6750.60 4.9598
6750.65 4.9604
6750.70 4.9610
6750.75 4.9616
6750.80 4.9621
6750.85 4.9627
6750.90 4.9633
6750.95 4.9639
6751.00 4.9645
6751.05 4.9650
6751.10 4.9656
6751.15 4.9662
6751.20 4.9668
6751.25 4.9673
6751.30 4.9679
6751.35 4.9685
6751.40 4.9690
6751.45 4.9696
6751.50 4.9701
6751.55 4.9707
6751.60 4.9713
6751.65 4.9718
6751.70 4.9724
6751.75 4.9729
6751.80 4.9735
6751.85 4.9740
6751.90 4.9746
6751.95 4.9751
6752.00 4.9756
6752.05 4.9762
6752.10 4.9767
6752.15 4.9773
6752.20 4.9778
6752.25 4.9783
6752.30 4.9789
6752.35 4.9794
6752.40 4.9799
6752.45 4.9805
6752.50 4.9810
6752.55 4.9815
6752.60 4.9821
6752.65 4.9826
6752.70 4.9831
6752.75 4.9836
6752.80 4.9841
6752.85 4.9847
6752.90 4.9852
6752.95 4.9857
6753.00 4.9862
6753.05 4.9867
6753.10 4.9872
6753.15 4.9877
6753.20 4.9883
6753.25 4.9888
6753.30 4.9893
6753.35 4.9898
6753.40 4.9903
6753.45 4.9908
6753.50 4.9913
6753.55 4.9918
6753.60 4.9923
6753.65 4.9928
6753.70 4.9933
6753.75 4.9938
6753.80 4.9942
6753.85 4.9947
6753.90 4.9952
6753.95 4.9957
6754.00 4.9962
6754.05 4.9967
6754.10 4.9972
6754.15 4.9977
6754.20 4.9981
6754.25 4.9986
6754.30 4.9991
6754.35 4.9996
6754.40 5.0001
6754.45 5.0005
6754.50 5.0010
6754.55 5.0015
6754.60 5.0019
6754.65 5.0024
6754.70 5.0029
6754.75 5.0034
6754.80 5.0038
6754.85 5.0043
6754.90 5.0047
6754.95 5.0052
6755.00 5.0057
6755.05 5.0061
6755.10 5.0066
6755.15 5.0071
6755.20 5.0075
6755.25 5.0080
6755.30 5.0084
6755.35 5.0089
6755.40 5.0093
6755.45 5.0098
6755.50 5.0102
6755.55 5.0107
6755.60 5.0111
6755.65 5.0116
6755.70 5.0120
6755.75 5.0125
6755.80 5.0129
6755.85 5.0133
6755.90 5.0138
6755.95 5.0142
6756.00 5.0147
6756.05 5.0151
6756.10 5.0155
6756.15 5.0160
6756.20 5.0164
6756.25 5.0168
6756.30 5.0173
6756.35 5.0177
6756.40 5.0181
6756.45 5.0186
6756.50 5.0190
6756.55 5.0194
6756.60 5.0198
6756.65 5.0203
6756.70 5.0207
6756.75 5.0211
6756.80 5.0215
6756.85 5.0220
6756.90 5.0224
6756.95 5.0228
6757.00 5.0232
6757.05 5.0236
6757.10 5.0241
6757.15 5.0245
6757.20 5.0249
6757.25 5.0253
6757.30 5.0257
6757.35 5.0261
6757.40 5.0265
6757.45 5.0269
6757.50 5.0273
6757.55 5.0278
6757.60 5.0282
6757.65 5.0286
6757.70 5.0290
6757.75 5.0294
6757.80 5.0298
6757.85 5.0302
6757.90 5.0306
6757.95 5.0310
6758.00 5.0314
6758.05 5.0318
6758.10 5.0322
6758.15 5.0326
6758.20 5.0330
6758.25 5.0334
6758.30 5.0337
6758.35 5.0341
6758.40 5.0345
6758.45 5.0349
6758.50 5.0353
6758.55 5.0357
6758.60 5.0361
6758.65 5.0365
6758.70 5.0369
6758.75 5.0372
6758.80 5.0376
6758.85 5.0380
6758.90 5.0384
6758.95 5.0388
6759.00 5.0392
6759.05 5.0395
6759.10 5.0399
6759.15 5.0403
6759.20 5.0407
6759.25 5.0410
6759.30 5.0414
6759.35 5.0418
6759.40 5.0422
6759.45 5.0425
6759.50 5.0429
6759.55 5.0433
6759.60 5.0436
6759.65 5.0440
6759.70 5.0444
6759.75 5.0447
6759.80 5.0451
6759.85 5.0455
6759.90 5.0458
6759.95 5.0462
6760.00 5.0466
6760.05 5.0469
6760.10 5.0473
6760.15 5.0477
6760.20 5.0480
6760.25 5.0484
6760.30 5.0487
6760.35 5.0491
6760.40 5.0494
6760.45 5.0498
6760.50 5.0502
6760.55 5.0505
6760.60 5.0509
6760.65 5.0512
6760.70 5.0516
6760.75 5.0519
6760.80 5.0523
6760.85 5.0526
6760.90 5.0530
6760.95 5.0533
6761.00 5.0537
6761.05 5.0540
6761.10 5.0543
6761.15 5.0547
6761.20 5.0550
6761.25 5.0554
6761.30 5.0557
6761.35 5.0561
6761.40 5.0564
6761.45 5.0567
6761.50 5.0571
6761.55 5.0574
6761.60 5.0578
6761.65 5.0581
6761.70 5.0584
6761.75 5.0588
6761.80 5.0591
6761.85 5.0594
6761.90 5.0598
6761.95 5.0601
6762.00 5.0604
6762.05 5.0607
6762.10 5.0611
6762.15 5.0614
6762.20 5.0617
6762.25 5.0621
6762.30 5.0624
6762.35 5.0627
6762.40 5.0630
6762.45 5.0634
6762.50 5.0637
6762.55 5.0640
6762.60 5.0643
6762.65 5.0646
6762.70 5.0650
6762.75 5.0653
6762.80 5.0656
6762.85 5.0659
6762.90 5.0662
6762.95 5.0666
6763.00 5.0669
6763.05 5.0672
6763.10 5.0675
6763.15 5.0678
6763.20 5.0681
6763.25 5.0684
6763.30 5.0688
6763.35 5.0691
6763.40 5.0694
6763.45 5.0697
6763.50 5.0700
6763.55 5.0703
6763.60 5.0706
6763.65 5.0709
6763.70 5.0712
6763.75 5.0715
6763.80 5.0718
6763.85 5.0721
6763.90 5.0724
6763.95 5.0727
6764.00 5.0730
6764.05 5.0733
6764.10 5.0736
6764.15 5.0739
6764.20 5.0742
6764.25 5.0745
6764.30 5.0748
6764.35 5.0751
6764.40 5.0754
6764.45 5.0757
6764.50 5.0760
6764.55 5.0763
6764.60 5.0766
6764.65 5.0769
6764.70 5.0772
6764.75 5.0775
6764.80 5.0778
6764.85 5.0780
6764.90 5.0783
6764.95 5.0786
6765.00 5.0789
6765.05 5.0792
6765.10 5.0795
6765.15 5.0798
6765.20 5.0800
6765.25 5.0803
6765.30 5.0806
6765.35 5.0809
6765.40 5.0812
6765.45 5.0815
6765.50 5.0817
6765.55 5.0820
6765.60 5.0823
6765.65 5.0826
6765.70 5.0829
6765.75 5.0831
6765.80 5.0834
6765.85 5.0837
6765.90 5.0840
6765.95 5.0842
6766.00 5.0845
6766.05 5.0848
6766.10 5.0851
6766.15 5.0853
6766.20 5.0856
6766.25 5.0859
6766.30 5.0862
6766.35 5.0864
6766.40 5.0867
6766.45 5.0870
6766.50 5.0872
6766.55 5.0875
6766.60 5.0878
6766.65 5.0880
6766.70 5.0883
6766.75 5.0886
6766.80 5.0888
6766.85 5.0891
6766.90 5.0894
6766.95 5.0896
6767.00 5.0899
6767.05 5.0902
6767.10 5.0904
6767.15 5.0907
6767.20 5.0909
6767.25 5.0912
6767.30 5.0915
6767.35 5.0917
6767.40 5.0920
6767.45 5.0922
6767.50 5.0925
6767.55 5.0928
6767.60 5.0930
6767.65 5.0933
6767.70 5.0935
6767.75 5.0938
6767.80 5.0940
6767.85 5.0943
6767.90 5.0945
6767.95 5.0948
6768.00 5.0950
6768.05 5.0953
6768.10 5.0955
6768.15 5.0958
6768.20 5.0961
6768.25 5.0963
6768.30 5.0966
6768.35 5.0968
6768.40 5.0971
6768.45 5.0973
6768.50 5.0976
6768.55 5.0978
6768.60 5.0980
6768.65 5.0983
6768.70 5.0985
6768.75 5.0988
6768.80 5.0990
6768.85 5.0993
6768.90 5.0995
6768.95 5.0998
6769.00 5.1000
6769.05 5.1003
6769.10 5.1005
6769.15 5.1007
6769.20 5.1010
6769.25 5.1012
6769.30 5.1015
6769.35 5.1017
6769.40 5.1020
6769.45 5.1022
6769.50 5.1024
6769.55 5.1027
6769.60 5.1029
6769.65 5.1032
6769.70 5.1034
6769.75 5.1036
6769.80 5.1039
6769.85 5.1041
6769.90 5.1044
6769.95 5.1046
6770.00 5.1048
6770.05 5.1051
6770.10 5.1053
6770.15 5.1055
6770.20 5.1058
6770.25 5.1060
6770.30 5.1063
6770.35 5.1065
6770.40 5.1067
6770.45 5.1070
6770.50 5.1072
6770.55 5.1074
6770.60 5.1077
6770.65 5.1079
6770.70 5.1081
6770.75 5.1084
6770.80 5.1086
6770.85 5.1088
6770.90 5.1091
6770.95 5.1093
6771.00 5.1095
6771.05 5.1098
6771.10 5.1100
6771.15 5.1102
6771.20 5.1105
6771.25 5.1107
6771.30 5.1109
6771.35 5.1112
6771.40 5.1114
6771.45 5.1116
6771.50 5.1119
6771.55 5.1121
6771.60 5.1123
6771.65 5.1126
6771.70 5.1128
6771.75 5.1130
6771.80 5.1132
6771.85 5.1135
6771.90 5.1137
6771.95 5.1139
6772.00 5.1142
6772.05 5.1144
6772.10 5.1146
6772.15 5.1149
6772.20 5.1151
6772.25 5.1153
6772.30 5.1156
6772.35 5.1158
6772.40 5.1160
6772.45 5.1162
6772.50 5.1165
6772.55 5.1167
6772.60 5.1169
6772.65 5.1172
6772.70 5.1174
6772.75 5.1176
6772.80 5.1179
6772.85 5.1181
6772.90 5.1183
6772.95 5.1185
6773.00 5.1188
6773.05 5.1190
6773.10 5.1192
6773.15 5.1195
6773.20 5.1197
6773.25 5.1199
6773.30 5.1202
6773.35 5.1204
6773.40 5.1206
6773.45 5.1209
6773.50 5.1211
6773.55 5.1213
6773.60 5.1215
6773.65 5.1218
6773.70 5.1220
6773.75 5.1222
6773.80 5.1225
6773.85 5.1227
6773.90 5.1229
6773.95 5.1232
6774.00 5.1234
6774.05 5.1236
6774.10 5.1239
6774.15 5.1241
6774.20 5.1243
6774.25 5.1246
6774.30 5.1248
6774.35 5.1250
6774.40 5.1253
6774.45 5.1255
6774.50 5.1257
6774.55 5.1260
6774.60 5.1262
6774.65 5.1264
6774.70 5.1267
6774.75 5.1269
6774.80 5.1272
6774.85 5.1274
6774.90 5.1276
6774.95 5.1279
6775.00 5.1281
6775.05 5.1283
6775.10 5.1286
6775.15 5.1288
6775.20 5.1290
6775.25 5.1293
6775.30 5.1295
6775.35 5.1298
6775.40 5.1300
6775.45 5.1302
6775.50 5.1305
6775.55 5.1307
6775.60 5.1310
6775.65 5.1312
6775.70 5.1314
6775.75 5.1317
6775.80 5.1319
6775.85 5.1322
6775.90 5.1324
6775.95 5.1327
6776.00 5.1329
6776.05 5.1331
6776.10 5.1334
6776.15 5.1336
6776.20 5.1339
6776.25 5.1341
6776.30 5.1344
6776.35 5.1346
6776.40 5.1349
6776.45 5.1351
6776.50 5.1354
6776.55 5.1356
6776.60 5.1358
6776.65 5.1361
6776.70 5.1363
6776.75 5.1366
6776.80 5.1368
6776.85 5.1371
6776.90 5.1373
6776.95 5.1376
6777.00 5.1378
6777.05 5.1381
6777.10 5.1384
6777.15 5.1386
6777.20 5.1389
6777.25 5.1391
6777.30 5.1394
6777.35 5.1396
6777.40 5.1399
6777.45 5.1401
6777.50 5.1404
6777.55 5.1406
6777.60 5.1409
6777.65 5.1412
6777.70 5.1414
6777.75 5.1417
6777.80 5.1419
6777.85 5.1422
6777.90 5.1425
6777.95 5.1427
6778.00 5.1430
6778.05 5.1432
6778.10 5.1435
6778.15 5.1438
6778.20 5.1440
6778.25 5.1443
6778.30 5.1445
6778.35 5.1448
6778.40 5.1451
6778.45 5.1453
6778.50 5.1456
6778.55 5.1459
6778.60 5.1461
6778.65 5.1464
6778.70 5.1467
6778.75 5.1469
6778.80 5.1472
6778.85 5.1475
6778.90 5.1478
6778.95 5.1480
6779.00 5.1483
6779.05 5.1486
6779.10 5.1488
6779.15 5.1491
6779.20 5.1494
6779.25 5.1497
6779.30 5.1499
6779.35 5.1502
6779.40 5.1505
6779.45 5.1508
6779.50 5.1510
6779.55 5.1513
6779.60 5.1516
6779.65 5.1519
6779.70 5.1522
6779.75 5.1524
6779.80 5.1527
6779.85 5.1530
6779.90 5.1533
6779.95 5.1536
6780.00 5.1538
6780.05 5.1541
6780.10 5.1544
6780.15 5.1547
6780.20 5.1550
6780.25 5.1553
6780.30 5.1556
6780.35 5.1558
6780.40 5.1561
6780.45 5.1564
6780.50 5.1567
6780.55 5.1570
6780.60 5.1573
6780.65 5.1576
6780.70 5.1579
6780.75 5.1582
6780.80 5.1584
6780.85 5.1587
6780.90 5.1590
6780.95 5.1593
6781.00 5.1596
6781.05 5.1599
6781.10 5.1602
6781.15 5.1605
6781.20 5.1608
6781.25 5.1611
6781.30 5.1614
6781.35 5.1617
6781.40 5.1620
6781.45 5.1623
6781.50 5.1626
6781.55 5.1629
6781.60 5.1632
6781.65 5.1635
6781.70 5.1638
6781.75 5.1641
6781.80 5.1644
6781.85 5.1647
6781.90 5.1650
6781.95 5.1653
6782.00 5.1656
6782.05 5.1659
6782.10 5.1662
6782.15 5.1665
6782.20 5.1668
6782.25 5.1671
6782.30 5.1675
6782.35 5.1678
6782.40 5.1681
6782.45 5.1684
6782.50 5.1687
6782.55 5.1690
6782.60 5.1693
6782.65 5.1696
6782.70 5.1699
6782.75 5.1702
6782.80 5.1706
6782.85 5.1709
6782.90 5.1712
6782.95 5.1715
6783.00 5.1718
6783.05 5.1721
6783.10 5.1724
6783.15 5.1728
6783.20 5.1731
6783.25 5.1734
6783.30 5.1737
6783.35 5.1740
6783.40 5.1743
6783.45 5.1747
6783.50 5.1750
6783.55 5.1753
6783.60 5.1756
6783.65 5.1759
6783.70 5.1762
6783.75 5.1766
6783.80 5.1769
6783.85 5.1772
6783.90 5.1775
6783.95 5.1779
6784.00 5.1782
6784.05 5.1785
6784.10 5.1788
6784.15 5.1791
6784.20 5.1795
6784.25 5.1798
6784.30 5.1801
6784.35 5.1804
6784.40 5.1808
6784.45 5.1811
6784.50 5.1814
6784.55 5.1817
6784.60 5.1821
6784.65 5.1824
6784.70 5.1827
6784.75 5.1830
6784.80 5.1834
6784.85 5.1837
6784.90 5.1840
6784.95 5.1843
6785.00 5.1847
6785.05 5.1850
6785.10 5.1853
6785.15 5.1857
6785.20 5.1860
6785.25 5.1863
6785.30 5.1866
6785.35 5.1870
6785.40 5.1873
6785.45 5.1876
6785.50 5.1880
6785.55 5.1883
6785.60 5.1886
6785.65 5.1889
6785.70 5.1893
6785.75 5.1896
6785.80 5.1899
6785.85 5.1903
6785.90 5.1906
6785.95 5.1909
6786.00 5.1913
6786.05 5.1916
6786.10 5.1919
6786.15 5.1923
6786.20 5.1926
6786.25 5.1929
6786.30 5.1932
6786.35 5.1936
6786.40 5.1939
6786.45 5.1942
6786.50 5.1946
6786.55 5.1949
6786.60 5.1952
6786.65 5.1956
6786.70 5.1959
6786.75 5.1962
6786.80 5.1966
6786.85 5.1969
6786.90 5.1972
6786.95 5.1975
6787.00 5.1979
6787.05 5.1982
6787.10 5.1985
6787.15 5.1989
6787.20 5.1992
6787.25 5.1995
6787.30 5.1999
6787.35 5.2002
6787.40 5.2005
6787.45 5.2008
6787.50 5.2012
6787.55 5.2015
6787.60 5.2018
6787.65 5.2022
6787.70 5.2025
6787.75 5.2028
6787.80 5.2031
6787.85 5.2035
6787.90 5.2038
6787.95 5.2041
6788.00 5.2045
6788.05 5.2048
6788.10 5.2051
6788.15 5.2054
6788.20 5.2058
6788.25 5.2061
6788.30 5.2064
6788.35 5.2067
6788.40 5.2071
6788.45 5.2074
6788.50 5.2077
6788.55 5.2080
6788.60 5.2084
6788.65 5.2087
6788.70 5.2090
6788.75 5.2093
6788.80 5.2097
6788.85 5.2100
6788.90 5.2103
6788.95 5.2106
6789.00 5.2109
6789.05 5.2113
6789.10 5.2116
6789.15 5.2119
6789.20 5.2122
6789.25 5.2125
6789.30 5.2129
6789.35 5.2132
6789.40 5.2135
6789.45 5.2138
6789.50 5.2141
6789.55 5.2144
6789.60 5.2148
6789.65 5.2151
6789.70 5.2154
6789.75 5.2157
6789.80 5.2160
6789.85 5.2163
6789.90 5.2166
6789.95 5.2169
6790.00 5.2173
6790.05 5.2176
6790.10 5.2179
6790.15 5.2182
6790.20 5.2185
6790.25 5.2188
6790.30 5.2191
6790.35 5.2194
6790.40 5.2197
6790.45 5.2200
6790.50 5.2203
6790.55 5.2206
6790.60 5.2209
6790.65 5.2213
6790.70 5.2216
6790.75 5.2219
6790.80 5.2222
6790.85 5.2225
6790.90 5.2228
6790.95 5.2231
6791.00 5.2234
6791.05 5.2237
6791.10 5.2239
6791.15 5.2242
6791.20 5.2245
6791.25 5.2248
6791.30 5.2251
6791.35 5.2254
6791.40 5.2257
6791.45 5.2260
6791.50 5.2263
6791.55 5.2266
6791.60 5.2269
6791.65 5.2272
6791.70 5.2275
6791.75 5.2277
6791.80 5.2280
6791.85 5.2283
6791.90 5.2286
6791.95 5.2289
6792.00 5.2292
6792.05 5.2294
6792.10 5.2297
6792.15 5.2300
6792.20 5.2303
6792.25 5.2306
6792.30 5.2308
6792.35 5.2311
6792.40 5.2314
6792.45 5.2317
6792.50 5.2319
6792.55 5.2322
6792.60 5.2325
6792.65 5.2328
6792.70 5.2330
6792.75 5.2333
6792.80 5.2336
6792.85 5.2338
6792.90 5.2341
6792.95 5.2344
6793.00 5.2346
6793.05 5.2349
6793.10 5.2352
6793.15 5.2354
6793.20 5.2357
6793.25 5.2359
6793.30 5.2362
6793.35 5.2365
6793.40 5.2367
6793.45 5.2370
6793.50 5.2372
6793.55 5.2375
6793.60 5.2377
6793.65 5.2380
6793.70 5.2382
6793.75 5.2385
6793.80 5.2387
6793.85 5.2390
6793.90 5.2392
6793.95 5.2395
6794.00 5.2397
6794.05 5.2400
6794.10 5.2402
6794.15 5.2404
6794.20 5.2407
6794.25 5.2409
6794.30 5.2412
6794.35 5.2414
6794.40 5.2416
6794.45 5.2419
6794.50 5.2421
6794.55 5.2423
6794.60 5.2426
6794.65 5.2428
6794.70 5.2430
6794.75 5.2433
6794.80 5.2435
6794.85 5.2437
6794.90 5.2439
6794.95 5.2442
6795.00 5.2444
6795.05 5.2446
6795.10 5.2448
6795.15 5.2451
6795.20 5.2453
6795.25 5.2455
6795.30 5.2457
6795.35 5.2459
6795.40 5.2461
6795.45 5.2464
6795.50 5.2466
6795.55 5.2468
6795.60 5.2470
6795.65 5.2472
6795.70 5.2474
6795.75 5.2476
6795.80 5.2478
6795.85 5.2480
6795.90 5.2482
6795.95 5.2484
6796.00 5.2486
6796.05 5.2488
6796.10 5.2490
6796.15 5.2492
6796.20 5.2494
6796.25 5.2496
6796.30 5.2498
6796.35 5.2500
6796.40 5.2502
6796.45 5.2504
6796.50 5.2506
6796.55 5.2508
6796.60 5.2510
6796.65 5.2511
6796.70 5.2513
6796.75 5.2515
6796.80 5.2517
6796.85 5.2519
6796.90 5.2521
6796.95 5.2522
6797.00 5.2524
6797.05 5.2526
6797.10 5.2528
6797.15 5.2529
6797.20 5.2531
6797.25 5.2533
6797.30 5.2535
6797.35 5.2536
6797.40 5.2538
6797.45 5.2540
6797.50 5.2541
6797.55 5.2543
6797.60 5.2545
6797.65 5.2546
6797.70 5.2548
6797.75 5.2550
6797.80 5.2551
6797.85 5.2553
6797.90 5.2554
6797.95 5.2556
6798.00 5.2558
6798.05 5.2559
6798.10 5.2561
6798.15 5.2562
6798.20 5.2564
6798.25 5.2565
6798.30 5.2567
6798.35 5.2568
6798.40 5.2570
6798.45 5.2571
6798.50 5.2573
6798.55 5.2574
6798.60 5.2576
6798.65 5.2577
6798.70 5.2578
6798.75 5.2580
6798.80 5.2581
6798.85 5.2583
6798.90 5.2584
6798.95 5.2585
6799.00 5.2587
6799.05 5.2588
6799.10 5.2589
6799.15 5.2591
6799.20 5.2592
6799.25 5.2593
6799.30 5.2595
6799.35 5.2596
6799.40 5.2597
6799.45 5.2598
6799.50 5.2600
6799.55 5.2601
6799.60 5.2602
6799.65 5.2603
6799.70 5.2605
6799.75 5.2606
6799.80 5.2607
6799.85 5.2608
6799.90 5.2609
6799.95 5.2610
6800.00 5.2612
6800.05 5.2613
6800.10 5.2614
6800.15 5.2615
6800.20 5.2616
6800.25 5.2617
6800.30 5.2618
6800.35 5.2619
6800.40 5.2621
6800.45 5.2622
6800.50 5.2623
6800.55 5.2624
6800.60 5.2625
6800.65 5.2626
6800.70 5.2627
6800.75 5.2628
6800.80 5.2629
6800.85 5.2630
6800.90 5.2631
6800.95 5.2632
6801.00 5.2633
6801.05 5.2634
6801.10 5.2635
6801.15 5.2636
6801.20 5.2637
6801.25 5.2637
6801.30 5.2638
6801.35 5.2639
6801.40 5.2640
6801.45 5.2641
6801.50 5.2642
6801.55 5.2643
6801.60 5.2644
6801.65 5.2645
6801.70 5.2645
6801.75 5.2646
6801.80 5.2647
6801.85 5.2648
6801.90 5.2649
6801.95 5.2650
6802.00 5.2650
6802.05 5.2651
6802.10 5.2652
6802.15 5.2653
6802.20 5.2653
6802.25 5.2654
6802.30 5.2655
6802.35 5.2656
6802.40 5.2656
6802.45 5.2657
6802.50 5.2658
6802.55 5.2659
6802.60 5.2659
6802.65 5.2660
6802.70 5.2661
6802.75 5.2661
6802.80 5.2662
6802.85 5.2663
6802.90 5.2663
6802.95 5.2664
6803.00 5.2665
6803.05 5.2665
6803.10 5.2666
6803.15 5.2667
6803.20 5.2667
6803.25 5.2668
6803.30 5.2669
6803.35 5.2669
6803.40 5.2670
6803.45 5.2670
6803.50 5.2671
6803.55 5.2672
6803.60 5.2672
6803.65 5.2673
6803.70 5.2673
6803.75 5.2674
6803.80 5.2675
6803.85 5.2675
6803.90 5.2676
6803.95 5.2676
6804.00 5.2677
6804.05 5.2677
6804.10 5.2678
6804.15 5.2678
6804.20 5.2679
6804.25 5.2679
6804.30 5.2680
6804.35 5.2680
6804.40 5.2681
6804.45 5.2681
6804.50 5.2682
6804.55 5.2682
6804.60 5.2683
6804.65 5.2683
6804.70 5.2684
6804.75 5.2684
6804.80 5.2685
6804.85 5.2685
6804.90 5.2686
6804.95 5.2686
6805.00 5.2686
6805.05 5.2687
6805.10 5.2687
6805.15 5.2688
6805.20 5.2688
6805.25 5.2689
6805.30 5.2689
6805.35 5.2689
6805.40 5.2690
6805.45 5.2690
6805.50 5.2691
6805.55 5.2691
6805.60 5.2691
6805.65 5.2692
6805.70 5.2692
6805.75 5.2693
6805.80 5.2693
6805.85 5.2693
6805.90 5.2694
6805.95 5.2694
6806.00 5.2694
6806.05 5.2695
6806.10 5.2695
6806.15 5.2696
6806.20 5.2696
6806.25 5.2696
6806.30 5.2697
6806.35 5.2697
6806.40 5.2697
6806.45 5.2698
6806.50 5.2698
6806.55 5.2698
6806.60 5.2699
6806.65 5.2699
6806.70 5.2699
6806.75 5.2700
6806.80 5.2700
6806.85 5.2700
6806.90 5.2701
6806.95 5.2701
6807.00 5.2701
6807.05 5.2702
6807.10 5.2702
6807.15 5.2702
6807.20 5.2703
6807.25 5.2703
6807.30 5.2703
6807.35 5.2704
6807.40 5.2704
6807.45 5.2704
6807.50 5.2705
6807.55 5.2705
6807.60 5.2705
6807.65 5.2705
6807.70 5.2706
6807.75 5.2706
6807.80 5.2706
6807.85 5.2707
6807.90 5.2707
6807.95 5.2707
6808.00 5.2708
6808.05 5.2708
6808.10 5.2708
6808.15 5.2708
6808.20 5.2709
6808.25 5.2709
6808.30 5.2709
6808.35 5.2710
6808.40 5.2710
6808.45 5.2710
6808.50 5.2710
6808.55 5.2711
6808.60 5.2711
6808.65 5.2711
6808.70 5.2712
6808.75 5.2712
6808.80 5.2712
6808.85 5.2713
6808.90 5.2713
6808.95 5.2713
6809.00 5.2713
6809.05 5.2714
6809.10 5.2714
6809.15 5.2714
6809.20 5.2715
6809.25 5.2715
6809.30 5.2715
6809.35 5.2715
6809.40 5.2716
6809.45 5.2716
6809.50 5.2716
6809.55 5.2717
6809.60 5.2717
6809.65 5.2717
6809.70 5.2718
6809.75 5.2718
6809.80 5.2718
6809.85 5.2718
6809.90 5.2719
6809.95 5.2719
6810.00 5.2719
6810.05 5.2720
6810.10 5.2720
6810.15 5.2720
6810.20 5.2721
6810.25 5.2721
6810.30 5.2721
6810.35 5.2722
6810.40 5.2722
6810.45 5.2722
6810.50 5.2723
6810.55 5.2723
6810.60 5.2723
6810.65 5.2724
6810.70 5.2724
6810.75 5.2724
6810.80 5.2725
6810.85 5.2725
6810.90 5.2725
6810.95 5.2726
6811.00 5.2726
6811.05 5.2726
6811.10 5.2727
6811.15 5.2727
6811.20 5.2727
6811.25 5.2728
6811.30 5.2728
6811.35 5.2728
6811.40 5.2729
6811.45 5.2729
6811.50 5.2730
6811.55 5.2730
6811.60 5.2730
6811.65 5.2731
6811.70 5.2731
6811.75 5.2731
6811.80 5.2732
6811.85 5.2732
6811.90 5.2733
6811.95 5.2733
6812.00 5.2733
6812.05 5.2734
6812.10 5.2734
6812.15 5.2735
6812.20 5.2735
6812.25 5.2735
6812.30 5.2736
6812.35 5.2736
6812.40 5.2737
6812.45 5.2737
6812.50 5.2738
6812.55 5.2738
6812.60 5.2738
6812.65 5.2739
6812.70 5.2739
6812.75 5.2740
6812.80 5.2740
6812.85 5.2741
6812.90 5.2741
6812.95 5.2742
6813.00 5.2742
6813.05 5.2743
6813.10 5.2743
6813.15 5.2744
6813.20 5.2744
6813.25 5.2745
6813.30 5.2745
6813.35 5.2745
6813.40 5.2746
6813.45 5.2746
6813.50 5.2747
6813.55 5.2748
6813.60 5.2748
6813.65 5.2749
6813.70 5.2749
6813.75 5.2750
6813.80 5.2750
6813.85 5.2751
6813.90 5.2751
6813.95 5.2752
6814.00 5.2752
6814.05 5.2753
6814.10 5.2753
6814.15 5.2754
6814.20 5.2755
6814.25 5.2755
6814.30 5.2756
6814.35 5.2756
6814.40 5.2757
6814.45 5.2757
6814.50 5.2758
6814.55 5.2759
6814.60 5.2759
6814.65 5.2760
6814.70 5.2761
6814.75 5.2761
6814.80 5.2762
6814.85 5.2762
6814.90 5.2763
6814.95 5.2764
6815.00 5.2764
6815.05 5.2765
6815.10 5.2766
6815.15 5.2766
6815.20 5.2767
6815.25 5.2768
6815.30 5.2768
6815.35 5.2769
6815.40 5.2770
6815.45 5.2770
6815.50 5.2771
6815.55 5.2772
6815.60 5.2773
6815.65 5.2773
6815.70 5.2774
6815.75 5.2775
6815.80 5.2775
6815.85 5.2776
6815.90 5.2777
6815.95 5.2778
6816.00 5.2778
6816.05 5.2779
6816.10 5.2780
6816.15 5.2781
6816.20 5.2781
6816.25 5.2782
6816.30 5.2783
6816.35 5.2784
6816.40 5.2785
6816.45 5.2785
6816.50 5.2786
6816.55 5.2787
6816.60 5.2788
6816.65 5.2789
6816.70 5.2790
6816.75 5.2790
6816.80 5.2791
6816.85 5.2792
6816.90 5.2793
6816.95 5.2794
6817.00 5.2795
6817.05 5.2796
6817.10 5.2797
6817.15 5.2797
6817.20 5.2798
6817.25 5.2799
6817.30 5.2800
6817.35 5.2801
6817.40 5.2802
6817.45 5.2803
6817.50 5.2804
6817.55 5.2805
6817.60 5.2806
6817.65 5.2807
6817.70 5.2808
6817.75 5.2809
6817.80 5.2810
6817.85 5.2811
6817.90 5.2812
6817.95 5.2813
6818.00 5.2814
6818.05 5.2815
6818.10 5.2816
6818.15 5.2817
6818.20 5.2818
6818.25 5.2819
6818.30 5.2820
6818.35 5.2821
6818.40 5.2822
6818.45 5.2823
6818.50 5.2824
6818.55 5.2825
6818.60 5.2826
6818.65 5.2828
6818.70 5.2829
6818.75 5.2830
6818.80 5.2831
6818.85 5.2832
6818.90 5.2833
6818.95 5.2834
6819.00 5.2836
6819.05 5.2837
6819.10 5.2838
6819.15 5.2839
6819.20 5.2840
6819.25 5.2841
6819.30 5.2843
6819.35 5.2844
6819.40 5.2845
6819.45 5.2846
6819.50 5.2848
6819.55 5.2849
6819.60 5.2850
6819.65 5.2851
6819.70 5.2853
6819.75 5.2854
6819.80 5.2855
6819.85 5.2856
6819.90 5.2858
6819.95 5.2859
6820.00 5.2860
6820.05 5.2862
6820.10 5.2863
6820.15 5.2864
6820.20 5.2866
6820.25 5.2867
6820.30 5.2868
6820.35 5.2870
6820.40 5.2871
6820.45 5.2873
6820.50 5.2874
6820.55 5.2875
6820.60 5.2877
6820.65 5.2878
6820.70 5.2880
6820.75 5.2881
6820.80 5.2882
6820.85 5.2884
6820.90 5.2885
6820.95 5.2887
6821.00 5.2888
6821.05 5.2890
6821.10 5.2891
6821.15 5.2893
6821.20 5.2894
6821.25 5.2896
6821.30 5.2897
6821.35 5.2899
6821.40 5.2900
6821.45 5.2902
6821.50 5.2904
6821.55 5.2905
6821.60 5.2907
6821.65 5.2908
6821.70 5.2910
6821.75 5.2912
6821.80 5.2913
6821.85 5.2915
6821.90 5.2916
6821.95 5.2918
6822.00 5.2920
6822.05 5.2921
6822.10 5.2923
6822.15 5.2925
6822.20 5.2926
6822.25 5.2928
6822.30 5.2930
6822.35 5.2932
6822.40 5.2933
6822.45 5.2935
6822.50 5.2937
6822.55 5.2938
6822.60 5.2940
6822.65 5.2942
6822.70 5.2944
6822.75 5.2946
6822.80 5.2947
6822.85 5.2949
6822.90 5.2951
6822.95 5.2953
6823.00 5.2955
6823.05 5.2956
6823.10 5.2958
6823.15 5.2960
6823.20 5.2962
6823.25 5.2964
6823.30 5.2966
6823.35 5.2968
6823.40 5.2970
6823.45 5.2971
6823.50 5.2973
6823.55 5.2975
6823.60 5.2977
6823.65 5.2979
6823.70 5.2981
6823.75 5.2983
6823.80 5.2985
6823.85 5.2987
6823.90 5.2989
6823.95 5.2991
6824.00 5.2993
6824.05 5.2995
6824.10 5.2997
6824.15 5.2999
6824.20 5.3001
6824.25 5.3003
6824.30 5.3005
6824.35 5.3007
6824.40 5.3009
6824.45 5.3012
6824.50 5.3014
6824.55 5.3016
6824.60 5.3018
6824.65 5.3020
6824.70 5.3022
6824.75 5.3024
6824.80 5.3026
6824.85 5.3029
6824.90 5.3031
6824.95 5.3033
6825.00 5.3035
6825.05 5.3037
6825.10 5.3039
6825.15 5.3042
6825.20 5.3044
6825.25 5.3046
6825.30 5.3048
6825.35 5.3051
6825.40 5.3053
6825.45 5.3055
6825.50 5.3057
6825.55 5.3060
6825.60 5.3062
6825.65 5.3064
6825.70 5.3067
6825.75 5.3069
6825.80 5.3071
6825.85 5.3074
6825.90 5.3076
6825.95 5.3078
6826.00 5.3081
6826.05 5.3083
6826.10 5.3085
6826.15 5.3088
6826.20 5.3090
6826.25 5.3093
6826.30 5.3095
6826.35 5.3097
6826.40 5.3100
6826.45 5.3102
6826.50 5.3105
6826.55 5.3107
6826.60 5.3110
6826.65 5.3112
6826.70 5.3114
6826.75 5.3117
6826.80 5.3119
6826.85 5.3122
6826.90 5.3124
6826.95 5.3127
6827.00 5.3129
6827.05 5.3132
6827.10 5.3135
6827.15 5.3137
6827.20 5.3140
6827.25 5.3142
6827.30 5.3145
6827.35 5.3147
6827.40 5.3150
6827.45 5.3153
6827.50 5.3155
6827.55 5.3158
6827.60 5.3160
6827.65 5.3163
6827.70 5.3166
6827.75 5.3168
6827.80 5.3171
6827.85 5.3173
6827.90 5.3176
6827.95 5.3179
6828.00 5.3181
6828.05 5.3184
6828.10 5.3187
6828.15 5.3190
6828.20 5.3192
6828.25 5.3195
6828.30 5.3198
6828.35 5.3200
6828.40 5.3203
6828.45 5.3206
6828.50 5.3209
6828.55 5.3211
6828.60 5.3214
6828.65 5.3217
6828.70 5.3220
6828.75 5.3222
6828.80 5.3225
6828.85 5.3228
6828.90 5.3231
6828.95 5.3233
6829.00 5.3236
6829.05 5.3239
6829.10 5.3242
6829.15 5.3245
6829.20 5.3247
6829.25 5.3250
6829.30 5.3253
6829.35 5.3256
6829.40 5.3259
6829.45 5.3262
6829.50 5.3264
6829.55 5.3267
6829.60 5.3270
6829.65 5.3273
6829.70 5.3276
6829.75 5.3279
6829.80 5.3282
6829.85 5.3285
6829.90 5.3287
6829.95 5.3290
6830.00 5.3293
6830.05 5.3296
6830.10 5.3299
6830.15 5.3302
6830.20 5.3305
6830.25 5.3308
6830.30 5.3311
6830.35 5.3314
6830.40 5.3317
6830.45 5.3320
6830.50 5.3322
6830.55 5.3325
6830.60 5.3328
6830.65 5.3331
6830.70 5.3334
6830.75 5.3337
6830.80 5.3340
6830.85 5.3343
6830.90 5.3346
6830.95 5.3349
6831.00 5.3352
6831.05 5.3355
6831.10 5.3358
6831.15 5.3361
6831.20 5.3364
6831.25 5.3367
6831.30 5.3370
6831.35 5.3373
6831.40 5.3376
6831.45 5.3379
6831.50 5.3382
6831.55 5.3385
6831.60 5.3388
6831.65 5.3391
6831.70 5.3394
6831.75 5.3397
6831.80 5.3400
6831.85 5.3403
6831.90 5.3406
6831.95 5.3409
6832.00 5.3412
6832.05 5.3415
6832.10 5.3418
6832.15 5.3421
6832.20 5.3424
6832.25 5.3427
6832.30 5.3430
6832.35 5.3433
6832.40 5.3436
6832.45 5.3439
6832.50 5.3442
6832.55 5.3445
6832.60 5.3448
6832.65 5.3451
6832.70 5.3454
6832.75 5.3457
6832.80 5.3460
6832.85 5.3463
6832.90 5.3466
6832.95 5.3469
6833.00 5.3472
6833.05 5.3475
6833.10 5.3478
6833.15 5.3482
6833.20 5.3485
6833.25 5.3488
6833.30 5.3491
6833.35 5.3494
6833.40 5.3497
6833.45 5.3500
6833.50 5.3503
6833.55 5.3506
6833.60 5.3509
6833.65 5.3512
6833.70 5.3515
6833.75 5.3518
6833.80 5.3521
6833.85 5.3524
6833.90 5.3527
6833.95 5.3530
6834.00 5.3533
6834.05 5.3536
6834.10 5.3539
6834.15 5.3542
6834.20 5.3545
6834.25 5.3548
6834.30 5.3551
6834.35 5.3554
6834.40 5.3556
6834.45 5.3559
6834.50 5.3562
6834.55 5.3565
6834.60 5.3568
6834.65 5.3571
6834.70 5.3574
6834.75 5.3577
6834.80 5.3580
6834.85 5.3583
6834.90 5.3586
6834.95 5.3589
6835.00 5.3592
6835.05 5.3595
6835.10 5.3598
6835.15 5.3601
6835.20 5.3604
6835.25 5.3606
6835.30 5.3609
6835.35 5.3612
6835.40 5.3615
6835.45 5.3618
6835.50 5.3621
6835.55 5.3624
6835.60 5.3627
6835.65 5.3629
6835.70 5.3632
6835.75 5.3635
6835.80 5.3638
6835.85 5.3641
6835.90 5.3644
6835.95 5.3647
6836.00 5.3649
6836.05 5.3652
6836.10 5.3655
6836.15 5.3658
6836.20 5.3661
6836.25 5.3663
6836.30 5.3666
6836.35 5.3669
6836.40 5.3672
6836.45 5.3674
6836.50 5.3677
6836.55 5.3680
6836.60 5.3683
6836.65 5.3685
6836.70 5.3688
6836.75 5.3691
6836.80 5.3694
6836.85 5.3696
6836.90 5.3699
6836.95 5.3702
6837.00 5.3704
6837.05 5.3707
6837.10 5.3710
6837.15 5.3712
6837.20 5.3715
6837.25 5.3718
6837.30 5.3720
6837.35 5.3723
6837.40 5.3725
6837.45 5.3728
6837.50 5.3731
6837.55 5.3733
6837.60 5.3736
6837.65 5.3738
6837.70 5.3741
6837.75 5.3743
6837.80 5.3746
6837.85 5.3749
6837.90 5.3751
6837.95 5.3754
6838.00 5.3756
6838.05 5.3759
6838.10 5.3761
6838.15 5.3764
6838.20 5.3766
6838.25 5.3768
6838.30 5.3771
6838.35 5.3773
6838.40 5.3776
6838.45 5.3778
6838.50 5.3781
6838.55 5.3783
6838.60 5.3785
6838.65 5.3788
6838.70 5.3790
6838.75 5.3792
6838.80 5.3795
6838.85 5.3797
6838.90 5.3799
6838.95 5.3802
6839.00 5.3804
6839.05 5.3806
6839.10 5.3808
6839.15 5.3811
6839.20 5.3813
6839.25 5.3815
6839.30 5.3817
6839.35 5.3820
6839.40 5.3822
6839.45 5.3824
6839.50 5.3826
6839.55 5.3828
6839.60 5.3830
6839.65 5.3832
6839.70 5.3835
6839.75 5.3837
6839.80 5.3839
6839.85 5.3841
6839.90 5.3843
6839.95 5.3845
6840.00 5.3847
6840.05 5.3849
6840.10 5.3851
6840.15 5.3853
6840.20 5.3855
6840.25 5.3857
6840.30 5.3859
6840.35 5.3861
6840.40 5.3863
6840.45 5.3865
6840.50 5.3867
6840.55 5.3868
6840.60 5.3870
6840.65 5.3872
6840.70 5.3874
6840.75 5.3876
6840.80 5.3878
6840.85 5.3879
6840.90 5.3881
6840.95 5.3883
6841.00 5.3885
6841.05 5.3886
6841.10 5.3888
6841.15 5.3890
6841.20 5.3891
6841.25 5.3893
6841.30 5.3895
6841.35 5.3896
6841.40 5.3898
6841.45 5.3900
6841.50 5.3901
6841.55 5.3903
6841.60 5.3904
6841.65 5.3906
6841.70 5.3907
6841.75 5.3909
6841.80 5.3910
6841.85 5.3912
6841.90 5.3913
6841.95 5.3915
6842.00 5.3916
6842.05 5.3918
6842.10 5.3919
6842.15 5.3920
6842.20 5.3922
6842.25 5.3923
6842.30 5.3925
6842.35 5.3926
6842.40 5.3927
6842.45 5.3928
6842.50 5.3930
6842.55 5.3931
6842.60 5.3932
6842.65 5.3933
6842.70 5.3934
6842.75 5.3936
6842.80 5.3937
6842.85 5.3938
6842.90 5.3939
6842.95 5.3940
6843.00 5.3941
6843.05 5.3942
6843.10 5.3943
6843.15 5.3944
6843.20 5.3945
6843.25 5.3946
6843.30 5.3947
6843.35 5.3948
6843.40 5.3949
6843.45 5.3950
6843.50 5.3951
6843.55 5.3952
6843.60 5.3953
6843.65 5.3953
6843.70 5.3954
6843.75 5.3955
6843.80 5.3956
6843.85 5.3957
6843.90 5.3957
6843.95 5.3958
6844.00 5.3959
6844.05 5.3959
6844.10 5.3960
6844.15 5.3961
6844.20 5.3961
6844.25 5.3962
6844.30 5.3962
6844.35 5.3963
6844.40 5.3963
6844.45 5.3964
6844.50 5.3964
6844.55 5.3965
6844.60 5.3965
6844.65 5.3966
6844.70 5.3966
6844.75 5.3966
6844.80 5.3967
6844.85 5.3967
6844.90 5.3967
6844.95 5.3968
6845.00 5.3968
6845.05 5.3968
6845.10 5.3968
6845.15 5.3969
6845.20 5.3969
6845.25 5.3969
6845.30 5.3969
6845.35 5.3969
6845.40 5.3969
6845.45 5.3969
6845.50 5.3969
6845.55 5.3969
6845.60 5.3969
6845.65 5.3969
6845.70 5.3969
6845.75 5.3969
6845.80 5.3969
6845.85 5.3969
6845.90 5.3969
6845.95 5.3969
6846.00 5.3969
6846.05 5.3968
6846.10 5.3968
6846.15 5.3968
6846.20 5.3968
6846.25 5.3967
6846.30 5.3967
6846.35 5.3967
6846.40 5.3966
6846.45 5.3966
6846.50 5.3965
6846.55 5.3965
6846.60 5.3964
6846.65 5.3964
6846.70 5.3963
6846.75 5.3963
6846.80 5.3962
6846.85 5.3962
6846.90 5.3961
6846.95 5.3960
6847.00 5.3960
6847.05 5.3959
6847.10 5.3958
6847.15 5.3957
6847.20 5.3957
6847.25 5.3956
6847.30 5.3955
6847.35 5.3954
6847.40 5.3953
6847.45 5.3952
6847.50 5.3951
6847.55 5.3950
6847.60 5.3949
6847.65 5.3948
6847.70 5.3947
6847.75 5.3946
6847.80 5.3945
6847.85 5.3944
6847.90 5.3943
6847.95 5.3942
6848.00 5.3941
6848.05 5.3939
6848.10 5.3938
6848.15 5.3937
6848.20 5.3935
6848.25 5.3934
6848.30 5.3933
6848.35 5.3931
6848.40 5.3930
6848.45 5.3928
6848.50 5.3927
6848.55 5.3925
6848.60 5.3924
6848.65 5.3922
6848.70 5.3921
6848.75 5.3919
6848.80 5.3917
6848.85 5.3916
6848.90 5.3914
6848.95 5.3912
6849.00 5.3911
6849.05 5.3909
6849.10 5.3907
6849.15 5.3905
6849.20 5.3903
6849.25 5.3901
6849.30 5.3899
6849.35 5.3897
6849.40 5.3895
6849.45 5.3893
6849.50 5.3891
6849.55 5.3889
6849.60 5.3887
6849.65 5.3885
6849.70 5.3883
6849.75 5.3881
6849.80 5.3878
6849.85 5.3876
6849.90 5.3874
6849.95 5.3872
6850.00 5.3869
6850.05 5.3867
6850.10 5.3864
6850.15 5.3862
6850.20 5.3860
6850.25 5.3857
6850.30 5.3855
6850.35 5.3852
6850.40 5.3849
6850.45 5.3847
6850.50 5.3844
6850.55 5.3841
6850.60 5.3839
6850.65 5.3836
6850.70 5.3833
6850.75 5.3830
6850.80 5.3828
6850.85 5.3825
6850.90 5.3822
6850.95 5.3819
6851.00 5.3816
6851.05 5.3813
6851.10 5.3810
6851.15 5.3807
6851.20 5.3804
6851.25 5.3801
6851.30 5.3798
6851.35 5.3795
6851.40 5.3791
6851.45 5.3788
6851.50 5.3785
6851.55 5.3782
6851.60 5.3778
6851.65 5.3775
6851.70 5.3772
6851.75 5.3768
6851.80 5.3765
6851.85 5.3761
6851.90 5.3758
6851.95 5.3754
6852.00 5.3751
6852.05 5.3747
6852.10 5.3743
6852.15 5.3740
6852.20 5.3736
6852.25 5.3732
6852.30 5.3729
6852.35 5.3725
6852.40 5.3721
6852.45 5.3717
6852.50 5.3713
6852.55 5.3709
6852.60 5.3705
6852.65 5.3702
6852.70 5.3698
6852.75 5.3693
6852.80 5.3689
6852.85 5.3685
6852.90 5.3681
6852.95 5.3677
6853.00 5.3673
6853.05 5.3669
6853.10 5.3664
6853.15 5.3660
6853.20 5.3656
6853.25 5.3652
6853.30 5.3647
6853.35 5.3643
6853.40 5.3638
6853.45 5.3634
6853.50 5.3629
6853.55 5.3625
6853.60 5.3620
6853.65 5.3616
6853.70 5.3611
6853.75 5.3607
6853.80 5.3602
6853.85 5.3597
6853.90 5.3592
6853.95 5.3588
6854.00 5.3583
6854.05 5.3578
6854.10 5.3573
6854.15 5.3568
6854.20 5.3563
6854.25 5.3558
6854.30 5.3554
6854.35 5.3549
6854.40 5.3543
6854.45 5.3538
6854.50 5.3533
6854.55 5.3528
6854.60 5.3523
6854.65 5.3518
6854.70 5.3513
6854.75 5.3507
6854.80 5.3502
6854.85 5.3497
6854.90 5.3492
6854.95 5.3486
6855.00 5.3481
6855.05 5.3476
6855.10 5.3470
6855.15 5.3465
6855.20 5.3459
6855.25 5.3454
6855.30 5.3448
6855.35 5.3443
6855.40 5.3437
6855.45 5.3431
6855.50 5.3426
6855.55 5.3420
6855.60 5.3414
6855.65 5.3409
6855.70 5.3403
6855.75 5.3397
6855.80 5.3391
6855.85 5.3385
6855.90 5.3380
6855.95 5.3374
6856.00 5.3368
6856.05 5.3362
6856.10 5.3356
6856.15 5.3350
6856.20 5.3344
6856.25 5.3338
6856.30 5.3332
6856.35 5.3326
6856.40 5.3319
6856.45 5.3313
6856.50 5.3307
6856.55 5.3301
6856.60 5.3295
6856.65 5.3289
6856.70 5.3282
6856.75 5.3276
6856.80 5.3270
6856.85 5.3263
6856.90 5.3257
6856.95 5.3251
6857.00 5.3244
6857.05 5.3238
6857.10 5.3231
6857.15 5.3225
6857.20 5.3218
6857.25 5.3212
6857.30 5.3205
6857.35 5.3199
6857.40 5.3192
6857.45 5.3186
6857.50 5.3179
6857.55 5.3172
6857.60 5.3166
6857.65 5.3159
6857.70 5.3152
6857.75 5.3146
6857.80 5.3139
6857.85 5.3132
6857.90 5.3125
6857.95 5.3118
6858.00 5.3112
6858.05 5.3105
6858.10 5.3098
6858.15 5.3091
6858.20 5.3084
6858.25 5.3077
6858.30 5.3070
6858.35 5.3063
6858.40 5.3056
6858.45 5.3049
6858.50 5.3042
6858.55 5.3035
6858.60 5.3028
6858.65 5.3021
6858.70 5.3014
6858.75 5.3007
6858.80 5.3000
6858.85 5.2993
6858.90 5.2986
6858.95 5.2979
6859.00 5.2972
6859.05 5.2964
6859.10 5.2957
6859.15 5.2950
6859.20 5.2943
6859.25 5.2936
6859.30 5.2928
6859.35 5.2921
6859.40 5.2914
6859.45 5.2907
6859.50 5.2899
6859.55 5.2892
6859.60 5.2885
6859.65 5.2877
6859.70 5.2870
6859.75 5.2863
6859.80 5.2855
6859.85 5.2848
6859.90 5.2841
6859.95 5.2833
6860.00 5.2826
6860.05 5.2819
6860.10 5.2811
6860.15 5.2804
6860.20 5.2796
6860.25 5.2789
6860.30 5.2782
6860.35 5.2774
6860.40 5.2767
6860.45 5.2759
6860.50 5.2752
6860.55 5.2744
6860.60 5.2737
6860.65 5.2729
6860.70 5.2722
6860.75 5.2714
6860.80 5.2707
6860.85 5.2699
6860.90 5.2692
6860.95 5.2684
6861.00 5.2677
6861.05 5.2669
6861.10 5.2662
6861.15 5.2654
6861.20 5.2647
6861.25 5.2639
6861.30 5.2632
6861.35 5.2624
6861.40 5.2617
6861.45 5.2609
6861.50 5.2602
6861.55 5.2594
6861.60 5.2586
6861.65 5.2579
6861.70 5.2571
6861.75 5.2564
6861.80 5.2556
6861.85 5.2549
6861.90 5.2541
6861.95 5.2534
6862.00 5.2526
6862.05 5.2519
6862.10 5.2511
6862.15 5.2504
6862.20 5.2496
6862.25 5.2489
6862.30 5.2481
6862.35 5.2474
6862.40 5.2466
6862.45 5.2459
6862.50 5.2451
6862.55 5.2444
6862.60 5.2436
6862.65 5.2429
6862.70 5.2421
6862.75 5.2414
6862.80 5.2406
6862.85 5.2399
6862.90 5.2391
6862.95 5.2384
6863.00 5.2376
6863.05 5.2369
6863.10 5.2362
6863.15 5.2354
6863.20 5.2347
6863.25 5.2339
6863.30 5.2332
6863.35 5.2325
6863.40 5.2317
6863.45 5.2310
6863.50 5.2302
6863.55 5.2295
6863.60 5.2288
6863.65 5.2280
6863.70 5.2273
6863.75 5.2266
6863.80 5.2259
6863.85 5.2251
6863.90 5.2244
6863.95 5.2237
6864.00 5.2230
6864.05 5.2222
6864.10 5.2215
6864.15 5.2208
6864.20 5.2201
6864.25 5.2194
6864.30 5.2186
6864.35 5.2179
6864.40 5.2172
6864.45 5.2165
6864.50 5.2158
6864.55 5.2151
6864.60 5.2144
6864.65 5.2137
6864.70 5.2130
6864.75 5.2123
6864.80 5.2116
6864.85 5.2109
6864.90 5.2102
6864.95 5.2095
6865.00 5.2088
6865.05 5.2081
6865.10 5.2074
6865.15 5.2067
6865.20 5.2060
6865.25 5.2054
6865.30 5.2047
6865.35 5.2040
6865.40 5.2033
6865.45 5.2026
6865.50 5.2020
6865.55 5.2013
6865.60 5.2006
6865.65 5.1999
6865.70 5.1993
6865.75 5.1986
6865.80 5.1980
6865.85 5.1973
6865.90 5.1966
6865.95 5.1960
6866.00 5.1953
6866.05 5.1947
6866.10 5.1940
6866.15 5.1934
6866.20 5.1927
6866.25 5.1921
6866.30 5.1914
6866.35 5.1908
6866.40 5.1902
6866.45 5.1895
6866.50 5.1889
6866.55 5.1883
6866.60 5.1876
6866.65 5.1870
6866.70 5.1864
6866.75 5.1858
6866.80 5.1852
6866.85 5.1845
6866.90 5.1839
6866.95 5.1833
6867.00 5.1827
6867.05 5.1821
6867.10 5.1815
6867.15 5.1809
6867.20 5.1803
6867.25 5.1797
6867.30 5.1791
6867.35 5.1785
6867.40 5.1779
6867.45 5.1773
6867.50 5.1768
6867.55 5.1762
6867.60 5.1756
6867.65 5.1750
6867.70 5.1745
6867.75 5.1739
6867.80 5.1733
6867.85 5.1727
6867.90 5.1722
6867.95 5.1716
6868.00 5.1711
6868.05 5.1705
6868.10 5.1700
6868.15 5.1694
6868.20 5.1689
6868.25 5.1683
6868.30 5.1678
6868.35 5.1673
6868.40 5.1667
6868.45 5.1662
6868.50 5.1657
6868.55 5.1651
6868.60 5.1646
6868.65 5.1641
6868.70 5.1636
6868.75 5.1630
6868.80 5.1625
6868.85 5.1620
6868.90 5.1615
6868.95 5.1610
6869.00 5.1605
6869.05 5.1600
6869.10 5.1595
6869.15 5.1590
6869.20 5.1585
6869.25 5.1580
6869.30 5.1576
6869.35 5.1571
6869.40 5.1566
6869.45 5.1561
6869.50 5.1557
6869.55 5.1552
6869.60 5.1547
6869.65 5.1543
6869.70 5.1538
6869.75 5.1533
6869.80 5.1529
6869.85 5.1524
6869.90 5.1520
6869.95 5.1515
6870.00 5.1511
6870.05 5.1506
6870.10 5.1502
6870.15 5.1498
6870.20 5.1493
6870.25 5.1489
6870.30 5.1485
6870.35 5.1481
6870.40 5.1476
6870.45 5.1472
6870.50 5.1468
6870.55 5.1464
6870.60 5.1460
6870.65 5.1456
6870.70 5.1452
6870.75 5.1448
6870.80 5.1444
6870.85 5.1440
6870.90 5.1436
6870.95 5.1432
6871.00 5.1428
6871.05 5.1424
6871.10 5.1420
6871.15 5.1417
6871.20 5.1413
6871.25 5.1409
6871.30 5.1405
6871.35 5.1402
6871.40 5.1398
6871.45 5.1395
6871.50 5.1391
6871.55 5.1387
6871.60 5.1384
6871.65 5.1380
6871.70 5.1377
6871.75 5.1373
6871.80 5.1370
6871.85 5.1367
6871.90 5.1363
6871.95 5.1360
6872.00 5.1357
6872.05 5.1353
6872.10 5.1350
6872.15 5.1347
6872.20 5.1344
6872.25 5.1340
6872.30 5.1337
6872.35 5.1334
6872.40 5.1331
6872.45 5.1328
6872.50 5.1325
6872.55 5.1322
6872.60 5.1319
6872.65 5.1316
6872.70 5.1313
6872.75 5.1310
6872.80 5.1307
6872.85 5.1304
6872.90 5.1302
6872.95 5.1299
6873.00 5.1296
6873.05 5.1293
6873.10 5.1291
6873.15 5.1288
6873.20 5.1285
6873.25 5.1283
6873.30 5.1280
6873.35 5.1277
6873.40 5.1275
6873.45 5.1272
6873.50 5.1270
6873.55 5.1267
6873.60 5.1265
6873.65 5.1262
6873.70 5.1260
6873.75 5.1257
6873.80 5.1255
6873.85 5.1253
6873.90 5.1250
6873.95 5.1248
6874.00 5.1246
6874.05 5.1244
6874.10 5.1241
6874.15 5.1239
6874.20 5.1237
6874.25 5.1235
6874.30 5.1233
6874.35 5.1230
6874.40 5.1228
6874.45 5.1226
6874.50 5.1224
6874.55 5.1222
6874.60 5.1220
6874.65 5.1218
6874.70 5.1216
6874.75 5.1214
6874.80 5.1212
6874.85 5.1211
6874.90 5.1209
6874.95 5.1207
6875.00 5.1205
6875.05 5.1203
6875.10 5.1201
6875.15 5.1200
6875.20 5.1198
6875.25 5.1196
6875.30 5.1194
6875.35 5.1193
6875.40 5.1191
6875.45 5.1189
6875.50 5.1188
6875.55 5.1186
6875.60 5.1185
6875.65 5.1183
6875.70 5.1181
6875.75 5.1180
6875.80 5.1178
6875.85 5.1177
6875.90 5.1175
6875.95 5.1174
6876.00 5.1173
6876.05 5.1171
6876.10 5.1170
6876.15 5.1168
6876.20 5.1167
6876.25 5.1166
6876.30 5.1164
6876.35 5.1163
6876.40 5.1162
6876.45 5.1160
6876.50 5.1159
6876.55 5.1158
6876.60 5.1157
6876.65 5.1156
6876.70 5.1154
6876.75 5.1153
6876.80 5.1152
6876.85 5.1151
6876.90 5.1150
6876.95 5.1149
6877.00 5.1148
6877.05 5.1147
6877.10 5.1145
6877.15 5.1144
6877.20 5.1143
6877.25 5.1142
6877.30 5.1141
6877.35 5.1140
6877.40 5.1139
6877.45 5.1139
6877.50 5.1138
6877.55 5.1137
6877.60 5.1136
6877.65 5.1135
6877.70 5.1134
6877.75 5.1133
6877.80 5.1132
6877.85 5.1132
6877.90 5.1131
6877.95 5.1130
6878.00 5.1129
6878.05 5.1128
6878.10 5.1128
6878.15 5.1127
6878.20 5.1126
6878.25 5.1125
6878.30 5.1125
6878.35 5.1124
6878.40 5.1123
6878.45 5.1123
6878.50 5.1122
6878.55 5.1121
6878.60 5.1121
6878.65 5.1120
6878.70 5.1119
6878.75 5.1119
6878.80 5.1118
6878.85 5.1118
6878.90 5.1117
6878.95 5.1117
6879.00 5.1116
6879.05 5.1116
6879.10 5.1115
6879.15 5.1114
6879.20 5.1114
6879.25 5.1114
6879.30 5.1113
6879.35 5.1113
6879.40 5.1112
6879.45 5.1112
6879.50 5.1111
6879.55 5.1111
6879.60 5.1110
6879.65 5.1110
6879.70 5.1110
6879.75 5.1109
6879.80 5.1109
6879.85 5.1109
6879.90 5.1108
6879.95 5.1108
6880.00 5.1108
6880.05 5.1107
6880.10 5.1107
6880.15 5.1107
6880.20 5.1106
6880.25 5.1106
6880.30 5.1106
6880.35 5.1105
6880.40 5.1105
6880.45 5.1105
6880.50 5.1105
6880.55 5.1104
6880.60 5.1104
6880.65 5.1104
6880.70 5.1104
6880.75 5.1104
6880.80 5.1103
6880.85 5.1103
6880.90 5.1103
6880.95 5.1103
6881.00 5.1103
6881.05 5.1103
6881.10 5.1102
6881.15 5.1102
6881.20 5.1102
6881.25 5.1102
6881.30 5.1102
6881.35 5.1102
6881.40 5.1102
6881.45 5.1102
6881.50 5.1101
6881.55 5.1101
6881.60 5.1101
6881.65 5.1101
6881.70 5.1101
6881.75 5.1101
6881.80 5.1101
6881.85 5.1101
6881.90 5.1101
6881.95 5.1101
6882.00 5.1101
6882.05 5.1101
6882.10 5.1101
6882.15 5.1101
6882.20 5.1101
6882.25 5.1101
6882.30 5.1101
6882.35 5.1101
6882.40 5.1101
6882.45 5.1101
6882.50 5.1101
6882.55 5.1101
6882.60 5.1101
6882.65 5.1101
6882.70 5.1101
6882.75 5.1101
6882.80 5.1101
6882.85 5.1101
6882.90 5.1101
6882.95 5.1101
6883.00 5.1101
6883.05 5.1101
6883.10 5.1101
6883.15 5.1102
6883.20 5.1102
6883.25 5.1102
6883.30 5.1102
6883.35 5.1102
6883.40 5.1102
6883.45 5.1102
6883.50 5.1102
6883.55 5.1102
6883.60 5.1102
6883.65 5.1103
6883.70 5.1103
6883.75 5.1103
6883.80 5.1103
6883.85 5.1103
6883.90 5.1103
6883.95 5.1103
6884.00 5.1104
6884.05 5.1104
6884.10 5.1104
6884.15 5.1104
6884.20 5.1104
6884.25 5.1104
6884.30 5.1104
6884.35 5.1105
6884.40 5.1105
6884.45 5.1105
6884.50 5.1105
6884.55 5.1105
6884.60 5.1106
6884.65 5.1106
6884.70 5.1106
6884.75 5.1106
6884.80 5.1106
6884.85 5.1107
6884.90 5.1107
6884.95 5.1107
6885.00 5.1107
6885.05 5.1107
6885.10 5.1108
6885.15 5.1108
6885.20 5.1108
6885.25 5.1108
6885.30 5.1108
6885.35 5.1109
6885.40 5.1109
6885.45 5.1109
6885.50 5.1109
6885.55 5.1110
6885.60 5.1110
6885.65 5.1110
6885.70 5.1110
6885.75 5.1111
6885.80 5.1111
6885.85 5.1111
6885.90 5.1111
6885.95 5.1112
6886.00 5.1112
6886.05 5.1112
6886.10 5.1112
6886.15 5.1113
6886.20 5.1113
6886.25 5.1113
6886.30 5.1113
6886.35 5.1114
6886.40 5.1114
6886.45 5.1114
6886.50 5.1114
6886.55 5.1115
6886.60 5.1115
6886.65 5.1115
6886.70 5.1116
6886.75 5.1116
6886.80 5.1116
6886.85 5.1116
6886.90 5.1117
6886.95 5.1117
6887.00 5.1117
6887.05 5.1118
6887.10 5.1118
6887.15 5.1118
6887.20 5.1118
6887.25 5.1119
6887.30 5.1119
6887.35 5.1119
6887.40 5.1120
6887.45 5.1120
6887.50 5.1120
6887.55 5.1120
6887.60 5.1121
6887.65 5.1121
6887.70 5.1121
6887.75 5.1122
6887.80 5.1122
6887.85 5.1122
6887.90 5.1123
6887.95 5.1123
6888.00 5.1123
6888.05 5.1123
6888.10 5.1124
6888.15 5.1124
6888.20 5.1124
6888.25 5.1125
6888.30 5.1125
6888.35 5.1125
6888.40 5.1126
6888.45 5.1126
6888.50 5.1126
6888.55 5.1127
6888.60 5.1127
6888.65 5.1127
6888.70 5.1128
6888.75 5.1128
6888.80 5.1128
6888.85 5.1129
6888.90 5.1129
6888.95 5.1129
6889.00 5.1130
6889.05 5.1130
6889.10 5.1130
6889.15 5.1130
6889.20 5.1131
6889.25 5.1131
6889.30 5.1131
6889.35 5.1132
6889.40 5.1132
6889.45 5.1132
6889.50 5.1133
6889.55 5.1133
6889.60 5.1133
6889.65 5.1134
6889.70 5.1134
6889.75 5.1134
6889.80 5.1135
6889.85 5.1135
6889.90 5.1135
6889.95 5.1136
6890.00 5.1136
6890.05 5.1136
6890.10 5.1137
6890.15 5.1137
6890.20 5.1137
6890.25 5.1138
6890.30 5.1138
6890.35 5.1138
6890.40 5.1139
6890.45 5.1139
6890.50 5.1139
6890.55 5.1140
6890.60 5.1140
6890.65 5.1141
6890.70 5.1141
6890.75 5.1141
6890.80 5.1142
6890.85 5.1142
6890.90 5.1142
6890.95 5.1143
6891.00 5.1143
6891.05 5.1143
6891.10 5.1144
6891.15 5.1144
6891.20 5.1144
6891.25 5.1145
6891.30 5.1145
6891.35 5.1145
6891.40 5.1146
6891.45 5.1146
6891.50 5.1146
6891.55 5.1147
6891.60 5.1147
6891.65 5.1147
6891.70 5.1148
6891.75 5.1148
6891.80 5.1148
6891.85 5.1149
6891.90 5.1149
6891.95 5.1149
6892.00 5.1150
6892.05 5.1150
6892.10 5.1150
6892.15 5.1151
6892.20 5.1151
6892.25 5.1151
6892.30 5.1152
6892.35 5.1152
6892.40 5.1153
6892.45 5.1153
6892.50 5.1153
6892.55 5.1154
6892.60 5.1154
6892.65 5.1154
6892.70 5.1155
6892.75 5.1155
6892.80 5.1155
6892.85 5.1156
6892.90 5.1156
6892.95 5.1156
6893.00 5.1157
6893.05 5.1157
6893.10 5.1157
6893.15 5.1158
6893.20 5.1158
6893.25 5.1158
6893.30 5.1159
6893.35 5.1159
6893.40 5.1159
6893.45 5.1160
6893.50 5.1160
6893.55 5.1160
6893.60 5.1161
6893.65 5.1161
6893.70 5.1162
6893.75 5.1162
6893.80 5.1162
6893.85 5.1163
6893.90 5.1163
6893.95 5.1163
6894.00 5.1164
6894.05 5.1164
6894.10 5.1164
6894.15 5.1165
6894.20 5.1165
6894.25 5.1165
6894.30 5.1166
6894.35 5.1166
6894.40 5.1166
6894.45 5.1167
6894.50 5.1167
6894.55 5.1167
6894.60 5.1168
6894.65 5.1168
6894.70 5.1168
6894.75 5.1169
6894.80 5.1169
6894.85 5.1169
6894.90 5.1170
6894.95 5.1170
6895.00 5.1170
6895.05 5.1171
6895.10 5.1171
6895.15 5.1171
6895.20 5.1172
6895.25 5.1172
6895.30 5.1172
6895.35 5.1173
6895.40 5.1173
6895.45 5.1174
6895.50 5.1174
6895.55 5.1174
6895.60 5.1175
6895.65 5.1175
6895.70 5.1175
6895.75 5.1176
6895.80 5.1176
6895.85 5.1176
6895.90 5.1177
6895.95 5.1177
6896.00 5.1177
6896.05 5.1178
6896.10 5.1178
6896.15 5.1178
6896.20 5.1179
6896.25 5.1179
6896.30 5.1179
6896.35 5.1180
6896.40 5.1180
6896.45 5.1180
6896.50 5.1181
6896.55 5.1181
6896.60 5.1181
6896.65 5.1182
6896.70 5.1182
6896.75 5.1182
6896.80 5.1183
6896.85 5.1183
6896.90 5.1183
6896.95 5.1184
6897.00 5.1184
6897.05 5.1184
6897.10 5.1185
6897.15 5.1185
6897.20 5.1185
6897.25 5.1186
6897.30 5.1186
6897.35 5.1186
6897.40 5.1186
6897.45 5.1187
6897.50 5.1187
6897.55 5.1187
6897.60 5.1188
6897.65 5.1188
6897.70 5.1188
6897.75 5.1189
6897.80 5.1189
6897.85 5.1189
6897.90 5.1190
6897.95 5.1190
6898.00 5.1190
6898.05 5.1191
6898.10 5.1191
6898.15 5.1191
6898.20 5.1192
6898.25 5.1192
6898.30 5.1192
6898.35 5.1192
6898.40 5.1193
6898.45 5.1193
6898.50 5.1193
6898.55 5.1194
6898.60 5.1194
6898.65 5.1194
6898.70 5.1195
6898.75 5.1195
6898.80 5.1195
6898.85 5.1196
6898.90 5.1196
6898.95 5.1196
6899.00 5.1196
6899.05 5.1197
6899.10 5.1197
6899.15 5.1197
6899.20 5.1198
6899.25 5.1198
6899.30 5.1198
6899.35 5.1198
6899.40 5.1199
6899.45 5.1199
6899.50 5.1199
6899.55 5.1200
6899.60 5.1200
6899.65 5.1200
6899.70 5.1200
6899.75 5.1201
6899.80 5.1201
6899.85 5.1201
6899.90 5.1202
6899.95 5.1202
6900.00 5.1202
6900.05 5.1202
6900.10 5.1203
6900.15 5.1203
6900.20 5.1203
6900.25 5.1203
6900.30 5.1204
6900.35 5.1204
6900.40 5.1204
6900.45 5.1204
6900.50 5.1205
6900.55 5.1205
6900.60 5.1205
6900.65 5.1205
6900.70 5.1206
6900.75 5.1206
6900.80 5.1206
6900.85 5.1206
6900.90 5.1207
6900.95 5.1207
6901.00 5.1207
6901.05 5.1207
6901.10 5.1208
6901.15 5.1208
6901.20 5.1208
6901.25 5.1208
6901.30 5.1209
6901.35 5.1209
6901.40 5.1209
6901.45 5.1209
6901.50 5.1209
6901.55 5.1210
6901.60 5.1210
6901.65 5.1210
6901.70 5.1210
6901.75 5.1210
6901.80 5.1211
6901.85 5.1211
6901.90 5.1211
6901.95 5.1211
6902.00 5.1211
6902.05 5.1212
6902.10 5.1212
6902.15 5.1212
6902.20 5.1212
6902.25 5.1212
6902.30 5.1213
6902.35 5.1213
6902.40 5.1213
6902.45 5.1213
6902.50 5.1213
6902.55 5.1213
6902.60 5.1214
6902.65 5.1214
6902.70 5.1214
6902.75 5.1214
6902.80 5.1214
6902.85 5.1214
6902.90 5.1214
6902.95 5.1215
6903.00 5.1215
6903.05 5.1215
6903.10 5.1215
6903.15 5.1215
6903.20 5.1215
6903.25 5.1215
6903.30 5.1215
6903.35 5.1216
6903.40 5.1216
6903.45 5.1216
6903.50 5.1216
6903.55 5.1216
6903.60 5.1216
6903.65 5.1216
6903.70 5.1216
6903.75 5.1216
6903.80 5.1216
6903.85 5.1216
6903.90 5.1217
6903.95 5.1217
6904.00 5.1217
6904.05 5.1217
6904.10 5.1217
6904.15 5.1217
6904.20 5.1217
6904.25 5.1217
6904.30 5.1217
6904.35 5.1217
6904.40 5.1217
6904.45 5.1217
6904.50 5.1217
6904.55 5.1217
6904.60 5.1217
6904.65 5.1217
6904.70 5.1217
6904.75 5.1217
6904.80 5.1217
6904.85 5.1217
6904.90 5.1217
6904.95 5.1217
6905.00 5.1217
6905.05 5.1217
6905.10 5.1217
6905.15 5.1217
6905.20 5.1217
6905.25 5.1217
6905.30 5.1217
6905.35 5.1217
6905.40 5.1217
6905.45 5.1217
6905.50 5.1216
6905.55 5.1216
6905.60 5.1216
6905.65 5.1216
6905.70 5.1216
6905.75 5.1216
6905.80 5.1216
6905.85 5.1216
6905.90 5.1216
6905.95 5.1215
6906.00 5.1215
6906.05 5.1215
6906.10 5.1215
6906.15 5.1215
6906.20 5.1215
6906.25 5.1215
6906.30 5.1214
6906.35 5.1214
6906.40 5.1214
6906.45 5.1214
6906.50 5.1214
6906.55 5.1213
6906.60 5.1213
6906.65 5.1213
6906.70 5.1213
6906.75 5.1213
6906.80 5.1212
6906.85 5.1212
6906.90 5.1212
6906.95 5.1212
6907.00 5.1211
6907.05 5.1211
6907.10 5.1211
6907.15 5.1211
6907.20 5.1210
6907.25 5.1210
6907.30 5.1210
6907.35 5.1209
6907.40 5.1209
6907.45 5.1209
6907.50 5.1208
6907.55 5.1208
6907.60 5.1208
6907.65 5.1207
6907.70 5.1207
6907.75 5.1207
6907.80 5.1206
6907.85 5.1206
6907.90 5.1205
6907.95 5.1205
6908.00 5.1205
6908.05 5.1204
6908.10 5.1204
6908.15 5.1203
6908.20 5.1203
6908.25 5.1202
6908.30 5.1202
6908.35 5.1202
6908.40 5.1201
6908.45 5.1201
6908.50 5.1200
6908.55 5.1200
6908.60 5.1199
6908.65 5.1199
6908.70 5.1198
6908.75 5.1198
6908.80 5.1197
6908.85 5.1196
6908.90 5.1196
6908.95 5.1195
6909.00 5.1195
6909.05 5.1194
6909.10 5.1194
6909.15 5.1193
6909.20 5.1192
6909.25 5.1192
6909.30 5.1191
6909.35 5.1191
6909.40 5.1190
6909.45 5.1189
6909.50 5.1189
6909.55 5.1188
6909.60 5.1187
6909.65 5.1187
6909.70 5.1186
6909.75 5.1185
6909.80 5.1184
6909.85 5.1184
6909.90 5.1183
6909.95 5.1182
6910.00 5.1182
6910.05 5.1181
6910.10 5.1180
6910.15 5.1179
6910.20 5.1178
6910.25 5.1178
6910.30 5.1177
6910.35 5.1176
6910.40 5.1175
6910.45 5.1174
6910.50 5.1174
6910.55 5.1173
6910.60 5.1172
6910.65 5.1171
6910.70 5.1170
6910.75 5.1169
6910.80 5.1168
6910.85 5.1167
6910.90 5.1167
6910.95 5.1166
6911.00 5.1165
6911.05 5.1164
6911.10 5.1163
6911.15 5.1162
6911.20 5.1161
6911.25 5.1160
6911.30 5.1159
6911.35 5.1158
6911.40 5.1157
6911.45 5.1156
6911.50 5.1155
6911.55 5.1154
6911.60 5.1153
6911.65 5.1152
6911.70 5.1151
6911.75 5.1150
6911.80 5.1148
6911.85 5.1147
6911.90 5.1146
6911.95 5.1145
6912.00 5.1144
6912.05 5.1143
6912.10 5.1142
6912.15 5.1141
6912.20 5.1139
6912.25 5.1138
6912.30 5.1137
6912.35 5.1136
6912.40 5.1135
6912.45 5.1134
6912.50 5.1132
6912.55 5.1131
6912.60 5.1130
6912.65 5.1129
6912.70 5.1127
6912.75 5.1126
6912.80 5.1125
6912.85 5.1124
6912.90 5.1122
6912.95 5.1121
6913.00 5.1120
6913.05 5.1118
6913.10 5.1117
6913.15 5.1116
6913.20 5.1114
6913.25 5.1113
6913.30 5.1112
6913.35 5.1110
6913.40 5.1109
6913.45 5.1108
6913.50 5.1106
6913.55 5.1105
6913.60 5.1103
6913.65 5.1102
6913.70 5.1101
6913.75 5.1099
6913.80 5.1098
6913.85 5.1096
6913.90 5.1095
6913.95 5.1093
6914.00 5.1092
6914.05 5.1090
6914.10 5.1089
6914.15 5.1087
6914.20 5.1086
6914.25 5.1084
6914.30 5.1083
6914.35 5.1081
6914.40 5.1080
6914.45 5.1078
6914.50 5.1077
6914.55 5.1075
6914.60 5.1074
6914.65 5.1072
6914.70 5.1071
6914.75 5.1069
6914.80 5.1067
6914.85 5.1066
6914.90 5.1064
6914.95 5.1063
6915.00 5.1061
6915.05 5.1059
6915.10 5.1058
6915.15 5.1056
6915.20 5.1055
6915.25 5.1053
6915.30 5.1051
6915.35 5.1050
6915.40 5.1048
6915.45 5.1046
6915.50 5.1045
6915.55 5.1043
6915.60 5.1041
6915.65 5.1040
6915.70 5.1038
6915.75 5.1036
6915.80 5.1035
6915.85 5.1033
6915.90 5.1031
6915.95 5.1029
6916.00 5.1028
6916.05 5.1026
6916.10 5.1024
6916.15 5.1023
6916.20 5.1021
6916.25 5.1019
6916.30 5.1017
6916.35 5.1016
6916.40 5.1014
6916.45 5.1012
6916.50 5.1011
6916.55 5.1009
6916.60 5.1007
6916.65 5.1005
6916.70 5.1004
6916.75 5.1002
6916.80 5.1000
6916.85 5.0998
6916.90 5.0997
6916.95 5.0995
6917.00 5.0993
6917.05 5.0991
6917.10 5.0990
6917.15 5.0988
6917.20 5.0986
6917.25 5.0984
6917.30 5.0983
6917.35 5.0981
6917.40 5.0979
6917.45 5.0977
6917.50 5.0975
6917.55 5.0974
6917.60 5.0972
6917.65 5.0970
6917.70 5.0968
6917.75 5.0967
6917.80 5.0965
6917.85 5.0963
6917.90 5.0961
6917.95 5.0960
6918.00 5.0958
6918.05 5.0956
6918.10 5.0954
6918.15 5.0953
6918.20 5.0951
6918.25 5.0949
6918.30 5.0947
6918.35 5.0946
6918.40 5.0944
6918.45 5.0942
6918.50 5.0941
6918.55 5.0939
6918.60 5.0937
6918.65 5.0935
6918.70 5.0934
6918.75 5.0932
6918.80 5.0930
6918.85 5.0929
6918.90 5.0927
6918.95 5.0925
6919.00 5.0924
6919.05 5.0922
6919.10 5.0920
6919.15 5.0919
6919.20 5.0917
6919.25 5.0915
6919.30 5.0914
6919.35 5.0912
6919.40 5.0910
6919.45 5.0909
6919.50 5.0907
6919.55 5.0905
6919.60 5.0904
6919.65 5.0902
6919.70 5.0901
6919.75 5.0899
6919.80 5.0897
6919.85 5.0896
6919.90 5.0894
6919.95 5.0893
6920.00 5.0891
6920.05 5.0890
6920.10 5.0888
6920.15 5.0887
6920.20 5.0885
6920.25 5.0884
6920.30 5.0882
6920.35 5.0881
6920.40 5.0879
6920.45 5.0878
6920.50 5.0876
6920.55 5.0875
6920.60 5.0873
6920.65 5.0872
6920.70 5.0871
6920.75 5.0869
6920.80 5.0868
6920.85 5.0866
6920.90 5.0865
6920.95 5.0864
6921.00 5.0862
6921.05 5.0861
6921.10 5.0860
6921.15 5.0858
6921.20 5.0857
6921.25 5.0856
6921.30 5.0854
6921.35 5.0853
6921.40 5.0852
6921.45 5.0851
6921.50 5.0849
6921.55 5.0848
6921.60 5.0847
6921.65 5.0846
6921.70 5.0845
6921.75 5.0844
6921.80 5.0842
6921.85 5.0841
6921.90 5.0840
6921.95 5.0839
6922.00 5.0838
6922.05 5.0837
6922.10 5.0836
6922.15 5.0835
6922.20 5.0834
6922.25 5.0833
6922.30 5.0832
6922.35 5.0831
6922.40 5.0830
6922.45 5.0829
6922.50 5.0828
6922.55 5.0827
6922.60 5.0826
6922.65 5.0825
6922.70 5.0824
6922.75 5.0823
6922.80 5.0823
6922.85 5.0822
6922.90 5.0821
6922.95 5.0820
6923.00 5.0819
6923.05 5.0819
6923.10 5.0818
6923.15 5.0817
6923.20 5.0816
6923.25 5.0816
6923.30 5.0815
6923.35 5.0814
6923.40 5.0814
6923.45 5.0813
6923.50 5.0812
6923.55 5.0812
6923.60 5.0811
6923.65 5.0811
6923.70 5.0810
6923.75 5.0810
6923.80 5.0809
6923.85 5.0809
6923.90 5.0808
6923.95 5.0808
6924.00 5.0807
6924.05 5.0807
6924.10 5.0806
6924.15 5.0806
6924.20 5.0806
6924.25 5.0805
6924.30 5.0805
6924.35 5.0805
6924.40 5.0804
6924.45 5.0804
6924.50 5.0804
6924.55 5.0804
6924.60 5.0803
6924.65 5.0803
6924.70 5.0803
6924.75 5.0803
6924.80 5.0803
6924.85 5.0803
6924.90 5.0802
6924.95 5.0802
6925.00 5.0802
6925.05 5.0802
6925.10 5.0802
6925.15 5.0802
