6155.50 3.5067
6155.55 3.5067
6155.60 3.5067
6155.65 3.5067
6155.70 3.5067
6155.75 3.5068
6155.80 3.5068
6155.85 3.5069
6155.90 3.5069
6155.95 3.5070
6156.00 3.5070
6156.05 3.5071
6156.10 3.5072
6156.15 3.5073
6156.20 3.5074
6156.25 3.5075
6156.30 3.5076
6156.35 3.5077
6156.40 3.5078
6156.45 3.5080
6156.50 3.5081
6156.55 3.5082
6156.60 3.5084
6156.65 3.5085
6156.70 3.5087
6156.75 3.5089
6156.80 3.5090
6156.85 3.5092
6156.90 3.5094
6156.95 3.5096
6157.00 3.5098
6157.05 3.5100
6157.10 3.5102
6157.15 3.5104
6157.20 3.5107
6157.25 3.5109
6157.30 3.5111
6157.35 3.5114
6157.40 3.5116
6157.45 3.5119
6157.50 3.5122
6157.55 3.5124
6157.60 3.5127
6157.65 3.5130
6157.70 3.5133
6157.75 3.5136
6157.80 3.5139
6157.85 3.5142
6157.90 3.5145
6157.95 3.5148
6158.00 3.5151
6158.05 3.5155
6158.10 3.5158
6158.15 3.5162
6158.20 3.5165
6158.25 3.5169
6158.30 3.5172
6158.35 3.5176
6158.40 3.5180
6158.45 3.5184
6158.50 3.5188
6158.55 3.5192
6158.60 3.5196
6158.65 3.5200
6158.70 3.5204
6158.75 3.5208
6158.80 3.5212
6158.85 3.5216
6158.90 3.5221
6158.95 3.5225
6159.00 3.5230
6159.05 3.5234
6159.10 3.5239
6159.15 3.5243
6159.20 3.5248
6159.25 3.5253
6159.30 3.5258
6159.35 3.5262
6159.40 3.5267
6159.45 3.5272
6159.50 3.5277
6159.55 3.5282
6159.60 3.5287
6159.65 3.5293
6159.70 3.5298
6159.75 3.5303
6159.80 3.5308
6159.85 3.5314
6159.90 3.5319
6159.95 3.5325
6160.00 3.5330
6160.05 3.5336
6160.10 3.5342
6160.15 3.5347
6160.20 3.5353
6160.25 3.5359
6160.30 3.5365
6160.35 3.5370
6160.40 3.5376
6160.45 3.5382
6160.50 3.5388
6160.55 3.5394
6160.60 3.5400
6160.65 3.5407
6160.70 3.5413
6160.75 3.5419
6160.80 3.5425
6160.85 3.5432
6160.90 3.5438
6160.95 3.5445
6161.00 3.5451
6161.05 3.5458
6161.10 3.5464
6161.15 3.5471
6161.20 3.5477
6161.25 3.5484
6161.30 3.5491
6161.35 3.5497
6161.40 3.5504
6161.45 3.5511
6161.50 3.5518
6161.55 3.5525
6161.60 3.5532
6161.65 3.5539
6161.70 3.5546
6161.75 3.5553
6161.80 3.5560
6161.85 3.5567
6161.90 3.5574
6161.95 3.5582
6162.00 3.5589
6162.05 3.5596
6162.10 3.5604
6162.15 3.5611
6162.20 3.5618
6162.25 3.5626
6162.30 3.5633
6162.35 3.5641
6162.40 3.5648
6162.45 3.5656
6162.50 3.5663
6162.55 3.5671
6162.60 3.5679
6162.65 3.5686
6162.70 3.5694
6162.75 3.5702
6162.80 3.5710
6162.85 3.5718
6162.90 3.5725
6162.95 3.5733
6163.00 3.5741
6163.05 3.5749
6163.10 3.5757
6163.15 3.5765
6163.20 3.5773
6163.25 3.5781
6163.30 3.5789
6163.35 3.5797
6163.40 3.5805
6163.45 3.5814
6163.50 3.5822
6163.55 3.5830
6163.60 3.5838
6163.65 3.5846
6163.70 3.5855
6163.75 3.5863
6163.80 3.5871
6163.85 3.5880
6163.90 3.5888
6163.95 3.5896
6164.00 3.5905
6164.05 3.5913
6164.10 3.5922
6164.15 3.5930
6164.20 3.5938
6164.25 3.5947
6164.30 3.5955
6164.35 3.5964
6164.40 3.5973
6164.45 3.5981
6164.50 3.5990
6164.55 3.5998
6164.60 3.6007
6164.65 3.6016
6164.70 3.6024
6164.75 3.6033
6164.80 3.6042
6164.85 3.6050
6164.90 3.6059
6164.95 3.6068
6165.00 3.6077
6165.05 3.6085
6165.10 3.6094
6165.15 3.6103
6165.20 3.6112
6165.25 3.6120
6165.30 3.6129
6165.35 3.6138
6165.40 3.6147
6165.45 3.6156
6165.50 3.6165
6165.55 3.6174
6165.60 3.6183
6165.65 3.6191
6165.70 3.6200
6165.75 3.6209
6165.80 3.6218
6165.85 3.6227
6165.90 3.6236
6165.95 3.6245
6166.00 3.6254
6166.05 3.6263
6166.10 3.6272
6166.15 3.6281
6166.20 3.6290
6166.25 3.6299
6166.30 3.6308
6166.35 3.6317
6166.40 3.6326
6166.45 3.6335
6166.50 3.6344
6166.55 3.6353
6166.60 3.6362
6166.65 3.6372
6166.70 3.6381
6166.75 3.6390
6166.80 3.6399
6166.85 3.6408
6166.90 3.6417
6166.95 3.6426
6167.00 3.6435
6167.05 3.6444
6167.10 3.6453
6167.15 3.6462
6167.20 3.6472
6167.25 3.6481
6167.30 3.6490
6167.35 3.6499
6167.40 3.6508
6167.45 3.6517
6167.50 3.6526
6167.55 3.6535
6167.60 3.6545
6167.65 3.6554
6167.70 3.6563
6167.75 3.6572
6167.80 3.6581
6167.85 3.6590
6167.90 3.6599
6167.95 3.6608
6168.00 3.6617
6168.05 3.6627
6168.10 3.6636
6168.15 3.6645
6168.20 3.6654
6168.25 3.6663
6168.30 3.6672
6168.35 3.6681
6168.40 3.6690
6168.45 3.6699
6168.50 3.6709
6168.55 3.6718
6168.60 3.6727
6168.65 3.6736
6168.70 3.6745
6168.75 3.6754
6168.80 3.6763
6168.85 3.6772
6168.90 3.6781
6168.95 3.6790
6169.00 3.6799
6169.05 3.6808
6169.10 3.6818
6169.15 3.6827
6169.20 3.6836
6169.25 3.6845
6169.30 3.6854
6169.35 3.6863
6169.40 3.6872
6169.45 3.6881
6169.50 3.6890
6169.55 3.6899
6169.60 3.6908
6169.65 3.6917
6169.70 3.6926
6169.75 3.6935
6169.80 3.6944
6169.85 3.6953
6169.90 3.6962
6169.95 3.6971
6170.00 3.6979
6170.05 3.6988
6170.10 3.6997
6170.15 3.7006
6170.20 3.7015
6170.25 3.7024
6170.30 3.7033
6170.35 3.7042
6170.40 3.7051
6170.45 3.7060
6170.50 3.7068
6170.55 3.7077
6170.60 3.7086
6170.65 3.7095
6170.70 3.7104
6170.75 3.7113
6170.80 3.7121
6170.85 3.7130
6170.90 3.7139
6170.95 3.7148
6171.00 3.7157
6171.05 3.7165
6171.10 3.7174
6171.15 3.7183
6171.20 3.7192
6171.25 3.7200
6171.30 3.7209
6171.35 3.7218
6171.40 3.7226
6171.45 3.7235
6171.50 3.7244
6171.55 3.7252
6171.60 3.7261
6171.65 3.7270
6171.70 3.7278
6171.75 3.7287
6171.80 3.7295
6171.85 3.7304
6171.90 3.7313
6171.95 3.7321
6172.00 3.7330
6172.05 3.7338
6172.10 3.7347
6172.15 3.7355
6172.20 3.7364
6172.25 3.7372
6172.30 3.7381
6172.35 3.7389
6172.40 3.7398
6172.45 3.7406
6172.50 3.7414
6172.55 3.7423
6172.60 3.7431
6172.65 3.7440
6172.70 3.7448
6172.75 3.7456
6172.80 3.7465
6172.85 3.7473
6172.90 3.7481
6172.95 3.7490
6173.00 3.7498
6173.05 3.7506
6173.10 3.7514
6173.15 3.7523
6173.20 3.7531
6173.25 3.7539
6173.30 3.7547
6173.35 3.7556
6173.40 3.7564
6173.45 3.7572
6173.50 3.7580
6173.55 3.7588
6173.60 3.7596
6173.65 3.7604
6173.70 3.7612
6173.75 3.7621
6173.80 3.7629
6173.85 3.7637
6173.90 3.7645
6173.95 3.7653
6174.00 3.7661
6174.05 3.7669
6174.10 3.7677
6174.15 3.7685
6174.20 3.7692
6174.25 3.7700
6174.30 3.7708
6174.35 3.7716
6174.40 3.7724
6174.45 3.7732
6174.50 3.7740
6174.55 3.7748
6174.60 3.7755
6174.65 3.7763
6174.70 3.7771
6174.75 3.7779
6174.80 3.7786
6174.85 3.7794
6174.90 3.7802
6174.95 3.7810
6175.00 3.7817
6175.05 3.7825
6175.10 3.7832
6175.15 3.7840
6175.20 3.7848
6175.25 3.7855
6175.30 3.7863
6175.35 3.7870
6175.40 3.7878
6175.45 3.7885
6175.50 3.7893
6175.55 3.7900
6175.60 3.7908
6175.65 3.7915
6175.70 3.7923
6175.75 3.7930
6175.80 3.7938
6175.85 3.7945
6175.90 3.7952
6175.95 3.7960
6176.00 3.7967
6176.05 3.7974
6176.10 3.7981
6176.15 3.7989
6176.20 3.7996
6176.25 3.8003
6176.30 3.8010
6176.35 3.8018
6176.40 3.8025
6176.45 3.8032
6176.50 3.8039
6176.55 3.8046
6176.60 3.8053
6176.65 3.8060
6176.70 3.8067
6176.75 3.8074
6176.80 3.8081
6176.85 3.8088
6176.90 3.8095
6176.95 3.8102
6177.00 3.8109
6177.05 3.8116
6177.10 3.8123
6177.15 3.8130
6177.20 3.8137
6177.25 3.8143
6177.30 3.8150
6177.35 3.8157
6177.40 3.8164
6177.45 3.8170
6177.50 3.8177
6177.55 3.8184
6177.60 3.8190
6177.65 3.8197
6177.70 3.8204
6177.75 3.8210
6177.80 3.8217
6177.85 3.8223
6177.90 3.8230
6177.95 3.8237
6178.00 3.8243
6178.05 3.8250
6178.10 3.8256
6178.15 3.8262
6178.20 3.8269
6178.25 3.8275
6178.30 3.8282
6178.35 3.8288
6178.40 3.8294
6178.45 3.8300
6178.50 3.8307
6178.55 3.8313
6178.60 3.8319
6178.65 3.8325
6178.70 3.8332
6178.75 3.8338
6178.80 3.8344
6178.85 3.8350
6178.90 3.8356
6178.95 3.8362
6179.00 3.8368
6179.05 3.8374
6179.10 3.8380
6179.15 3.8386
6179.20 3.8392
6179.25 3.8398
6179.30 3.8404
6179.35 3.8410
6179.40 3.8416
6179.45 3.8421
6179.50 3.8427
6179.55 3.8433
6179.60 3.8439
6179.65 3.8444
6179.70 3.8450
6179.75 3.8456
6179.80 3.8462
6179.85 3.8467
6179.90 3.8473
6179.95 3.8478
6180.00 3.8484
6180.05 3.8489
6180.10 3.8495
6180.15 3.8500
6180.20 3.8506
6180.25 3.8511
6180.30 3.8517
6180.35 3.8522
6180.40 3.8527
6180.45 3.8533
6180.50 3.8538
6180.55 3.8543
6180.60 3.8549
6180.65 3.8554
6180.70 3.8559
6180.75 3.8564
6180.80 3.8569
6180.85 3.8574
6180.90 3.8580
6180.95 3.8585
6181.00 3.8590
6181.05 3.8595
6181.10 3.8600
6181.15 3.8605
6181.20 3.8610
6181.25 3.8615
6181.30 3.8619
6181.35 3.8624
6181.40 3.8629
6181.45 3.8634
6181.50 3.8639
6181.55 3.8643
6181.60 3.8648
6181.65 3.8653
6181.70 3.8658
6181.75 3.8662
6181.80 3.8667
6181.85 3.8672
6181.90 3.8676
6181.95 3.8681
6182.00 3.8685
6182.05 3.8690
6182.10 3.8694
6182.15 3.8699
6182.20 3.8703
6182.25 3.8707
6182.30 3.8712
6182.35 3.8716
6182.40 3.8720
6182.45 3.8725
6182.50 3.8729
6182.55 3.8733
6182.60 3.8738
6182.65 3.8742
6182.70 3.8746
6182.75 3.8750
6182.80 3.8754
6182.85 3.8758
6182.90 3.8762
6182.95 3.8766
6183.00 3.8770
6183.05 3.8774
6183.10 3.8778
6183.15 3.8782
6183.20 3.8786
6183.25 3.8790
6183.30 3.8794
6183.35 3.8798
6183.40 3.8801
6183.45 3.8805
6183.50 3.8809
6183.55 3.8813
6183.60 3.8816
6183.65 3.8820
6183.70 3.8824
6183.75 3.8827
6183.80 3.8831
6183.85 3.8835
6183.90 3.8838
6183.95 3.8842
6184.00 3.8845
6184.05 3.8849
6184.10 3.8852
6184.15 3.8855
6184.20 3.8859
6184.25 3.8862
6184.30 3.8866
6184.35 3.8869
6184.40 3.8872
6184.45 3.8875
6184.50 3.8879
6184.55 3.8882
6184.60 3.8885
6184.65 3.8888
6184.70 3.8891
6184.75 3.8895
6184.80 3.8898
6184.85 3.8901
6184.90 3.8904
6184.95 3.8907
6185.00 3.8910
6185.05 3.8913
6185.10 3.8916
6185.15 3.8919
6185.20 3.8922
6185.25 3.8924
6185.30 3.8927
6185.35 3.8930
6185.40 3.8933
6185.45 3.8936
6185.50 3.8939
6185.55 3.8941
6185.60 3.8944
6185.65 3.8947
6185.70 3.8949
6185.75 3.8952
6185.80 3.8955
6185.85 3.8957
6185.90 3.8960
6185.95 3.8962
6186.00 3.8965
6186.05 3.8967
6186.10 3.8970
6186.15 3.8972
6186.20 3.8975
6186.25 3.8977
6186.30 3.8980
6186.35 3.8982
6186.40 3.8984
6186.45 3.8987
6186.50 3.8989
6186.55 3.8991
6186.60 3.8994
6186.65 3.8996
6186.70 3.8998
6186.75 3.9000
6186.80 3.9002
6186.85 3.9005
6186.90 3.9007
6186.95 3.9009
6187.00 3.9011
6187.05 3.9013
6187.10 3.9015
6187.15 3.9017
6187.20 3.9019
6187.25 3.9021
6187.30 3.9023
6187.35 3.9025
6187.40 3.9027
6187.45 3.9029
6187.50 3.9031
6187.55 3.9033
6187.60 3.9035
6187.65 3.9037
6187.70 3.9038
6187.75 3.9040
6187.80 3.9042
6187.85 3.9044
6187.90 3.9046
6187.95 3.9047
6188.00 3.9049
6188.05 3.9051
6188.10 3.9052
6188.15 3.9054
6188.20 3.9056
6188.25 3.9057
6188.30 3.9059
6188.35 3.9061
6188.40 3.9062
6188.45 3.9064
6188.50 3.9065
6188.55 3.9067
6188.60 3.9068
6188.65 3.9070
6188.70 3.9071
6188.75 3.9073
6188.80 3.9074
6188.85 3.9076
6188.90 3.9077
6188.95 3.9078
6189.00 3.9080
6189.05 3.9081
6189.10 3.9083
6189.15 3.9084
6189.20 3.9085
6189.25 3.9086
6189.30 3.9088
6189.35 3.9089
6189.40 3.9090
6189.45 3.9092
6189.50 3.9093
6189.55 3.9094
6189.60 3.9095
6189.65 3.9096
6189.70 3.9098
6189.75 3.9099
6189.80 3.9100
6189.85 3.9101
6189.90 3.9102
6189.95 3.9103
6190.00 3.9104
6190.05 3.9105
6190.10 3.9107
6190.15 3.9108
6190.20 3.9109
6190.25 3.9110
6190.30 3.9111
6190.35 3.9112
6190.40 3.9113
6190.45 3.9114
6190.50 3.9115
6190.55 3.9116
6190.60 3.9117
6190.65 3.9118
6190.70 3.9118
6190.75 3.9119
6190.80 3.9120
6190.85 3.9121
6190.90 3.9122
6190.95 3.9123
6191.00 3.9124
6191.05 3.9125
6191.10 3.9125
6191.15 3.9126
6191.20 3.9127
6191.25 3.9128
6191.30 3.9129
6191.35 3.9130
6191.40 3.9130
6191.45 3.9131
6191.50 3.9132
6191.55 3.9133
6191.60 3.9133
6191.65 3.9134
6191.70 3.9135
6191.75 3.9136
6191.80 3.9136
6191.85 3.9137
6191.90 3.9138
6191.95 3.9138
6192.00 3.9139
6192.05 3.9140
6192.10 3.9140
6192.15 3.9141
6192.20 3.9142
6192.25 3.9142
6192.30 3.9143
6192.35 3.9144
6192.40 3.9144
6192.45 3.9145
6192.50 3.9146
6192.55 3.9146
6192.60 3.9147
6192.65 3.9147
6192.70 3.9148
6192.75 3.9148
6192.80 3.9149
6192.85 3.9150
6192.90 3.9150
6192.95 3.9151
6193.00 3.9151
6193.05 3.9152
6193.10 3.9152
6193.15 3.9153
6193.20 3.9153
6193.25 3.9154
6193.30 3.9155
6193.35 3.9155
6193.40 3.9156
6193.45 3.9156
6193.50 3.9157
6193.55 3.9157
6193.60 3.9158
6193.65 3.9158
6193.70 3.9159
6193.75 3.9159
6193.80 3.9160
6193.85 3.9160
6193.90 3.9161
6193.95 3.9161
6194.00 3.9161
6194.05 3.9162
6194.10 3.9162
6194.15 3.9163
6194.20 3.9163
6194.25 3.9164
6194.30 3.9164
6194.35 3.9165
6194.40 3.9165
6194.45 3.9166
6194.50 3.9166
6194.55 3.9166
6194.60 3.9167
6194.65 3.9167
6194.70 3.9168
6194.75 3.9168
6194.80 3.9169
6194.85 3.9169
6194.90 3.9170
6194.95 3.9170
6195.00 3.9170
6195.05 3.9171
6195.10 3.9171
6195.15 3.9172
6195.20 3.9172
6195.25 3.9173
6195.30 3.9173
6195.35 3.9173
6195.40 3.9174
6195.45 3.9174
6195.50 3.9175
6195.55 3.9175
6195.60 3.9176
6195.65 3.9176
6195.70 3.9176
6195.75 3.9177
6195.80 3.9177
6195.85 3.9178
6195.90 3.9178
6195.95 3.9179
6196.00 3.9179
6196.05 3.9179
6196.10 3.9180
6196.15 3.9180
6196.20 3.9181
6196.25 3.9181
6196.30 3.9182
6196.35 3.9182
6196.40 3.9182
6196.45 3.9183
6196.50 3.9183
6196.55 3.9184
6196.60 3.9184
6196.65 3.9185
6196.70 3.9185
6196.75 3.9185
6196.80 3.9186
6196.85 3.9186
6196.90 3.9187
6196.95 3.9187
6197.00 3.9188
6197.05 3.9188
6197.10 3.9189
6197.15 3.9189
6197.20 3.9190
6197.25 3.9190
6197.30 3.9191
6197.35 3.9191
6197.40 3.9191
6197.45 3.9192
6197.50 3.9192
6197.55 3.9193
6197.60 3.9193
6197.65 3.9194
6197.70 3.9194
6197.75 3.9195
6197.80 3.9195
6197.85 3.9196
6197.90 3.9196
6197.95 3.9197
6198.00 3.9197
6198.05 3.9198
6198.10 3.9198
6198.15 3.9199
6198.20 3.9199
6198.25 3.9200
6198.30 3.9200
6198.35 3.9201
6198.40 3.9202
6198.45 3.9202
6198.50 3.9203
6198.55 3.9203
6198.60 3.9204
6198.65 3.9204
6198.70 3.9205
6198.75 3.9205
6198.80 3.9206
6198.85 3.9206
6198.90 3.9207
6198.95 3.9208
6199.00 3.9208
6199.05 3.9209
6199.10 3.9209
6199.15 3.9210
6199.20 3.9210
6199.25 3.9211
6199.30 3.9212
6199.35 3.9212
6199.40 3.9213
6199.45 3.9213
6199.50 3.9214
6199.55 3.9215
6199.60 3.9215
6199.65 3.9216
6199.70 3.9216
6199.75 3.9217
6199.80 3.9218
6199.85 3.9218
6199.90 3.9219
6199.95 3.9220
6200.00 3.9220
6200.05 3.9221
6200.10 3.9222
6200.15 3.9222
6200.20 3.9223
6200.25 3.9224
6200.30 3.9224
6200.35 3.9225
6200.40 3.9226
6200.45 3.9226
6200.50 3.9227
6200.55 3.9228
6200.60 3.9228
6200.65 3.9229
6200.70 3.9230
6200.75 3.9230
6200.80 3.9231
6200.85 3.9232
6200.90 3.9232
6200.95 3.9233
6201.00 3.9234
6201.05 3.9235
6201.10 3.9235
6201.15 3.9236
6201.20 3.9237
6201.25 3.9237
6201.30 3.9238
6201.35 3.9239
6201.40 3.9240
6201.45 3.9240
6201.50 3.9241
6201.55 3.9242
6201.60 3.9243
6201.65 3.9243
6201.70 3.9244
6201.75 3.9245
6201.80 3.9246
6201.85 3.9246
6201.90 3.9247
6201.95 3.9248
6202.00 3.9249
6202.05 3.9250
6202.10 3.9250
6202.15 3.9251
6202.20 3.9252
6202.25 3.9253
6202.30 3.9253
6202.35 3.9254
6202.40 3.9255
6202.45 3.9256
6202.50 3.9257
6202.55 3.9257
6202.60 3.9258
6202.65 3.9259
6202.70 3.9260
6202.75 3.9261
6202.80 3.9261
6202.85 3.9262
6202.90 3.9263
6202.95 3.9264
6203.00 3.9265
6203.05 3.9266
6203.10 3.9266
6203.15 3.9267
6203.20 3.9268
6203.25 3.9269
6203.30 3.9270
6203.35 3.9271
6203.40 3.9271
6203.45 3.9272
6203.50 3.9273
6203.55 3.9274
6203.60 3.9275
6203.65 3.9276
6203.70 3.9277
6203.75 3.9277
6203.80 3.9278
6203.85 3.9279
6203.90 3.9280
6203.95 3.9281
6204.00 3.9282
6204.05 3.9283
6204.10 3.9283
6204.15 3.9284
6204.20 3.9285
6204.25 3.9286
6204.30 3.9287
6204.35 3.9288
6204.40 3.9289
6204.45 3.9290
6204.50 3.9290
6204.55 3.9291
6204.60 3.9292
6204.65 3.9293
6204.70 3.9294
6204.75 3.9295
6204.80 3.9296
6204.85 3.9297
6204.90 3.9297
6204.95 3.9298
6205.00 3.9299
6205.05 3.9300
6205.10 3.9301
6205.15 3.9302
6205.20 3.9303
6205.25 3.9304
6205.30 3.9305
6205.35 3.9305
6205.40 3.9306
6205.45 3.9307
6205.50 3.9308
6205.55 3.9309
6205.60 3.9310
6205.65 3.9311
6205.70 3.9312
6205.75 3.9313
6205.80 3.9313
6205.85 3.9314
6205.90 3.9315
6205.95 3.9316
6206.00 3.9317
6206.05 3.9318
6206.10 3.9319
6206.15 3.9320
6206.20 3.9321
6206.25 3.9321
6206.30 3.9322
6206.35 3.9323
6206.40 3.9324
6206.45 3.9325
6206.50 3.9326
6206.55 3.9327
6206.60 3.9328
6206.65 3.9328
6206.70 3.9329
6206.75 3.9330
6206.80 3.9331
6206.85 3.9332
6206.90 3.9333
6206.95 3.9334
6207.00 3.9335
6207.05 3.9335
6207.10 3.9336
6207.15 3.9337
6207.20 3.9338
6207.25 3.9339
6207.30 3.9340
6207.35 3.9341
6207.40 3.9341
6207.45 3.9342
6207.50 3.9343
6207.55 3.9344
6207.60 3.9345
6207.65 3.9346
6207.70 3.9347
6207.75 3.9347
6207.80 3.9348
6207.85 3.9349
6207.90 3.9350
6207.95 3.9351
6208.00 3.9352
6208.05 3.9352
6208.10 3.9353
6208.15 3.9354
6208.20 3.9355
6208.25 3.9356
6208.30 3.9357
6208.35 3.9357
6208.40 3.9358
6208.45 3.9359
6208.50 3.9360
6208.55 3.9361
6208.60 3.9361
6208.65 3.9362
6208.70 3.9363
6208.75 3.9364
6208.80 3.9365
6208.85 3.9365
6208.90 3.9366
6208.95 3.9367
6209.00 3.9368
6209.05 3.9369
6209.10 3.9369
6209.15 3.9370
6209.20 3.9371
6209.25 3.9372
6209.30 3.9372
6209.35 3.9373
6209.40 3.9374
6209.45 3.9375
6209.50 3.9375
6209.55 3.9376
6209.60 3.9377
6209.65 3.9378
6209.70 3.9378
6209.75 3.9379
6209.80 3.9380
6209.85 3.9381
6209.90 3.9381
6209.95 3.9382
6210.00 3.9383
6210.05 3.9384
6210.10 3.9384
6210.15 3.9385
6210.20 3.9386
6210.25 3.9386
6210.30 3.9387
6210.35 3.9388
6210.40 3.9388
6210.45 3.9389
6210.50 3.9390
6210.55 3.9390
6210.60 3.9391
6210.65 3.9392
6210.70 3.9392
6210.75 3.9393
6210.80 3.9394
6210.85 3.9394
6210.90 3.9395
6210.95 3.9396
6211.00 3.9396
6211.05 3.9397
6211.10 3.9398
6211.15 3.9398
6211.20 3.9399
6211.25 3.9399
6211.30 3.9400
6211.35 3.9401
6211.40 3.9401
6211.45 3.9402
6211.50 3.9402
6211.55 3.9403
6211.60 3.9404
6211.65 3.9404
6211.70 3.9405
6211.75 3.9405
6211.80 3.9406
6211.85 3.9406
6211.90 3.9407
6211.95 3.9407
6212.00 3.9408
6212.05 3.9409
6212.10 3.9409
6212.15 3.9410
6212.20 3.9410
6212.25 3.9411
6212.30 3.9411
6212.35 3.9412
6212.40 3.9412
6212.45 3.9413
6212.50 3.9413
6212.55 3.9414
6212.60 3.9414
6212.65 3.9415
6212.70 3.9415
6212.75 3.9416
6212.80 3.9416
6212.85 3.9416
6212.90 3.9417
6212.95 3.9417
6213.00 3.9418
6213.05 3.9418
6213.10 3.9419
6213.15 3.9419
6213.20 3.9420
6213.25 3.9420
6213.30 3.9420
6213.35 3.9421
6213.40 3.9421
6213.45 3.9422
6213.50 3.9422
6213.55 3.9422
6213.60 3.9423
6213.65 3.9423
6213.70 3.9423
6213.75 3.9424
6213.80 3.9424
6213.85 3.9424
6213.90 3.9425
6213.95 3.9425
6214.00 3.9425
6214.05 3.9426
6214.10 3.9426
6214.15 3.9426
6214.20 3.9427
6214.25 3.9427
6214.30 3.9427
6214.35 3.9428
6214.40 3.9428
6214.45 3.9428
6214.50 3.9429
6214.55 3.9429
6214.60 3.9429
6214.65 3.9429
6214.70 3.9430
6214.75 3.9430
6214.80 3.9430
6214.85 3.9430
6214.90 3.9431
6214.95 3.9431
6215.00 3.9431
6215.05 3.9431
6215.10 3.9432
6215.15 3.9432
6215.20 3.9432
6215.25 3.9432
6215.30 3.9432
6215.35 3.9433
6215.40 3.9433
6215.45 3.9433
6215.50 3.9433
6215.55 3.9433
6215.60 3.9433
6215.65 3.9434
6215.70 3.9434
6215.75 3.9434
6215.80 3.9434
6215.85 3.9434
6215.90 3.9434
6215.95 3.9434
6216.00 3.9435
6216.05 3.9435
6216.10 3.9435
6216.15 3.9435
6216.20 3.9435
6216.25 3.9435
6216.30 3.9435
6216.35 3.9435
6216.40 3.9435
6216.45 3.9436
6216.50 3.9436
6216.55 3.9436
6216.60 3.9436
6216.65 3.9436
6216.70 3.9436
6216.75 3.9436
6216.80 3.9436
6216.85 3.9436
6216.90 3.9436
6216.95 3.9436
6217.00 3.9436
6217.05 3.9436
6217.10 3.9436
6217.15 3.9436
6217.20 3.9436
6217.25 3.9436
6217.30 3.9436
6217.35 3.9436
6217.40 3.9436
6217.45 3.9436
6217.50 3.9436
6217.55 3.9436
6217.60 3.9436
6217.65 3.9436
6217.70 3.9436
6217.75 3.9436
6217.80 3.9436
6217.85 3.9436
6217.90 3.9436
6217.95 3.9436
6218.00 3.9436
6218.05 3.9436
6218.10 3.9436
6218.15 3.9436
6218.20 3.9436
6218.25 3.9436
6218.30 3.9436
6218.35 3.9436
6218.40 3.9436
6218.45 3.9436
6218.50 3.9436
6218.55 3.9436
6218.60 3.9435
6218.65 3.9435
6218.70 3.9435
6218.75 3.9435
6218.80 3.9435
6218.85 3.9435
6218.90 3.9435
6218.95 3.9435
6219.00 3.9435
6219.05 3.9435
6219.10 3.9435
6219.15 3.9435
6219.20 3.9434
6219.25 3.9434
6219.30 3.9434
6219.35 3.9434
6219.40 3.9434
6219.45 3.9434
6219.50 3.9434
6219.55 3.9434
6219.60 3.9433
6219.65 3.9433
6219.70 3.9433
6219.75 3.9433
6219.80 3.9433
6219.85 3.9433
6219.90 3.9433
6219.95 3.9433
6220.00 3.9432
6220.05 3.9432
6220.10 3.9432
6220.15 3.9432
6220.20 3.9432
6220.25 3.9432
6220.30 3.9432
6220.35 3.9431
6220.40 3.9431
6220.45 3.9431
6220.50 3.9431
6220.55 3.9431
6220.60 3.9431
6220.65 3.9431
6220.70 3.9430
6220.75 3.9430
6220.80 3.9430
6220.85 3.9430
6220.90 3.9430
6220.95 3.9430
6221.00 3.9430
6221.05 3.9429
6221.10 3.9429
6221.15 3.9429
6221.20 3.9429
6221.25 3.9429
6221.30 3.9429
6221.35 3.9428
6221.40 3.9428
6221.45 3.9428
6221.50 3.9428
6221.55 3.9428
6221.60 3.9428
6221.65 3.9427
6221.70 3.9427
6221.75 3.9427
6221.80 3.9427
6221.85 3.9427
6221.90 3.9427
6221.95 3.9426
6222.00 3.9426
6222.05 3.9426
6222.10 3.9426
6222.15 3.9426
6222.20 3.9426
6222.25 3.9425
6222.30 3.9425
6222.35 3.9425
6222.40 3.9425
6222.45 3.9425
6222.50 3.9425
6222.55 3.9424
6222.60 3.9424
6222.65 3.9424
6222.70 3.9424
6222.75 3.9424
6222.80 3.9424
6222.85 3.9423
6222.90 3.9423
6222.95 3.9423
6223.00 3.9423
6223.05 3.9423
6223.10 3.9423
6223.15 3.9422
6223.20 3.9422
6223.25 3.9422
6223.30 3.9422
6223.35 3.9422
6223.40 3.9422
6223.45 3.9421
6223.50 3.9421
6223.55 3.9421
6223.60 3.9421
6223.65 3.9421
6223.70 3.9421
6223.75 3.9420
6223.80 3.9420
6223.85 3.9420
6223.90 3.9420
6223.95 3.9420
6224.00 3.9420
6224.05 3.9419
6224.10 3.9419
6224.15 3.9419
6224.20 3.9419
6224.25 3.9419
6224.30 3.9419
6224.35 3.9418
6224.40 3.9418
6224.45 3.9418
6224.50 3.9418
6224.55 3.9418
6224.60 3.9418
6224.65 3.9417
6224.70 3.9417
6224.75 3.9417
6224.80 3.9417
6224.85 3.9417
6224.90 3.9417
6224.95 3.9416
6225.00 3.9416
6225.05 3.9416
6225.10 3.9416
6225.15 3.9416
6225.20 3.9416
6225.25 3.9415
6225.30 3.9415
6225.35 3.9415
6225.40 3.9415
6225.45 3.9415
6225.50 3.9415
6225.55 3.9415
6225.60 3.9414
6225.65 3.9414
6225.70 3.9414
6225.75 3.9414
6225.80 3.9414
6225.85 3.9414
6225.90 3.9413
6225.95 3.9413
6226.00 3.9413
6226.05 3.9413
6226.10 3.9413
6226.15 3.9413
6226.20 3.9412
6226.25 3.9412
6226.30 3.9412
6226.35 3.9412
6226.40 3.9412
6226.45 3.9411
6226.50 3.9411
6226.55 3.9411
6226.60 3.9411
6226.65 3.9411
6226.70 3.9411
6226.75 3.9410
6226.80 3.9410
6226.85 3.9410
6226.90 3.9410
6226.95 3.9410
6227.00 3.9410
6227.05 3.9409
6227.10 3.9409
6227.15 3.9409
6227.20 3.9409
6227.25 3.9409
6227.30 3.9408
6227.35 3.9408
6227.40 3.9408
6227.45 3.9408
6227.50 3.9408
6227.55 3.9408
6227.60 3.9407
6227.65 3.9407
6227.70 3.9407
6227.75 3.9407
6227.80 3.9407
6227.85 3.9406
6227.90 3.9406
6227.95 3.9406
6228.00 3.9406
6228.05 3.9406
6228.10 3.9405
6228.15 3.9405
6228.20 3.9405
6228.25 3.9405
6228.30 3.9405
6228.35 3.9404
6228.40 3.9404
6228.45 3.9404
6228.50 3.9404
6228.55 3.9403
6228.60 3.9403
6228.65 3.9403
6228.70 3.9403
6228.75 3.9403
6228.80 3.9402
6228.85 3.9402
6228.90 3.9402
6228.95 3.9402
6229.00 3.9401
6229.05 3.9401
6229.10 3.9401
6229.15 3.9401
6229.20 3.9400
6229.25 3.9400
6229.30 3.9400
6229.35 3.9400
6229.40 3.9399
6229.45 3.9399
6229.50 3.9399
6229.55 3.9399
6229.60 3.9398
6229.65 3.9398
6229.70 3.9398
6229.75 3.9398
6229.80 3.9397
6229.85 3.9397
6229.90 3.9397
6229.95 3.9397
6230.00 3.9396
6230.05 3.9396
6230.10 3.9396
6230.15 3.9396
6230.20 3.9395
6230.25 3.9395
6230.30 3.9395
6230.35 3.9394
6230.40 3.9394
6230.45 3.9394
6230.50 3.9394
6230.55 3.9393
6230.60 3.9393
6230.65 3.9393
6230.70 3.9392
6230.75 3.9392
6230.80 3.9392
6230.85 3.9391
6230.90 3.9391
6230.95 3.9391
6231.00 3.9391
6231.05 3.9390
6231.10 3.9390
6231.15 3.9390
6231.20 3.9389
6231.25 3.9389
6231.30 3.9389
6231.35 3.9388
6231.40 3.9388
6231.45 3.9388
6231.50 3.9387
6231.55 3.9387
6231.60 3.9387
6231.65 3.9386
6231.70 3.9386
6231.75 3.9386
6231.80 3.9385
6231.85 3.9385
6231.90 3.9385
6231.95 3.9384
6232.00 3.9384
6232.05 3.9384
6232.10 3.9383
6232.15 3.9383
6232.20 3.9383
6232.25 3.9382
6232.30 3.9382
6232.35 3.9382
6232.40 3.9381
6232.45 3.9381
6232.50 3.9380
6232.55 3.9380
6232.60 3.9380
6232.65 3.9379
6232.70 3.9379
6232.75 3.9379
6232.80 3.9378
6232.85 3.9378
6232.90 3.9378
6232.95 3.9377
6233.00 3.9377
6233.05 3.9376
6233.10 3.9376
6233.15 3.9376
6233.20 3.9375
6233.25 3.9375
6233.30 3.9375
6233.35 3.9374
6233.40 3.9374
6233.45 3.9373
6233.50 3.9373
6233.55 3.9373
6233.60 3.9372
6233.65 3.9372
6233.70 3.9372
6233.75 3.9371
6233.80 3.9371
6233.85 3.9370
6233.90 3.9370
6233.95 3.9370
6234.00 3.9369
6234.05 3.9369
6234.10 3.9368
6234.15 3.9368
6234.20 3.9368
6234.25 3.9367
6234.30 3.9367
6234.35 3.9366
6234.40 3.9366
6234.45 3.9366
6234.50 3.9365
6234.55 3.9365
6234.60 3.9365
6234.65 3.9364
6234.70 3.9364
6234.75 3.9363
6234.80 3.9363
6234.85 3.9363
6234.90 3.9362
6234.95 3.9362
6235.00 3.9361
6235.05 3.9361
6235.10 3.9361
6235.15 3.9360
6235.20 3.9360
6235.25 3.9359
6235.30 3.9359
6235.35 3.9359
6235.40 3.9358
6235.45 3.9358
6235.50 3.9358
6235.55 3.9357
6235.60 3.9357
6235.65 3.9356
6235.70 3.9356
6235.75 3.9356
6235.80 3.9355
6235.85 3.9355
6235.90 3.9355
6235.95 3.9354
6236.00 3.9354
6236.05 3.9353
6236.10 3.9353
6236.15 3.9353
6236.20 3.9352
6236.25 3.9352
6236.30 3.9352
6236.35 3.9351
6236.40 3.9351
6236.45 3.9350
6236.50 3.9350
6236.55 3.9350
6236.60 3.9349
6236.65 3.9349
6236.70 3.9349
6236.75 3.9348
6236.80 3.9348
6236.85 3.9348
6236.90 3.9347
6236.95 3.9347
6237.00 3.9347
6237.05 3.9346
6237.10 3.9346
6237.15 3.9346
6237.20 3.9345
6237.25 3.9345
6237.30 3.9345
6237.35 3.9344
6237.40 3.9344
6237.45 3.9344
6237.50 3.9343
6237.55 3.9343
6237.60 3.9343
6237.65 3.9342
6237.70 3.9342
6237.75 3.9342
6237.80 3.9341
6237.85 3.9341
6237.90 3.9341
6237.95 3.9340
6238.00 3.9340
6238.05 3.9340
6238.10 3.9339
6238.15 3.9339
6238.20 3.9339
6238.25 3.9338
6238.30 3.9338
6238.35 3.9338
6238.40 3.9338
6238.45 3.9337
6238.50 3.9337
6238.55 3.9337
6238.60 3.9336
6238.65 3.9336
6238.70 3.9336
6238.75 3.9336
6238.80 3.9335
6238.85 3.9335
6238.90 3.9335
6238.95 3.9334
6239.00 3.9334
6239.05 3.9334
6239.10 3.9334
6239.15 3.9333
6239.20 3.9333
6239.25 3.9333
6239.30 3.9333
6239.35 3.9332
6239.40 3.9332
6239.45 3.9332
6239.50 3.9332
6239.55 3.9331
6239.60 3.9331
6239.65 3.9331
6239.70 3.9331
6239.75 3.9331
6239.80 3.9330
6239.85 3.9330
6239.90 3.9330
6239.95 3.9330
6240.00 3.9329
6240.05 3.9329
6240.10 3.9329
6240.15 3.9329
6240.20 3.9329
6240.25 3.9328
6240.30 3.9328
6240.35 3.9328
6240.40 3.9328
6240.45 3.9328
6240.50 3.9327
6240.55 3.9327
6240.60 3.9327
6240.65 3.9327
6240.70 3.9327
6240.75 3.9326
6240.80 3.9326
6240.85 3.9326
6240.90 3.9326
6240.95 3.9326
6241.00 3.9326
6241.05 3.9325
6241.10 3.9325
6241.15 3.9325
6241.20 3.9325
6241.25 3.9325
6241.30 3.9325
6241.35 3.9325
6241.40 3.9324
6241.45 3.9324
6241.50 3.9324
6241.55 3.9324
6241.60 3.9324
6241.65 3.9324
6241.70 3.9324
6241.75 3.9323
6241.80 3.9323
6241.85 3.9323
6241.90 3.9323
6241.95 3.9323
6242.00 3.9323
6242.05 3.9323
6242.10 3.9323
6242.15 3.9323
6242.20 3.9323
6242.25 3.9322
6242.30 3.9322
6242.35 3.9322
6242.40 3.9322
6242.45 3.9322
6242.50 3.9322
6242.55 3.9322
6242.60 3.9322
6242.65 3.9322
6242.70 3.9322
6242.75 3.9322
6242.80 3.9322
6242.85 3.9322
6242.90 3.9322
6242.95 3.9322
6243.00 3.9321
6243.05 3.9321
6243.10 3.9321
6243.15 3.9321
6243.20 3.9321
6243.25 3.9321
6243.30 3.9321
6243.35 3.9321
6243.40 3.9321
6243.45 3.9321
6243.50 3.9321
6243.55 3.9321
6243.60 3.9321
6243.65 3.9321
6243.70 3.9321
6243.75 3.9321
6243.80 3.9321
6243.85 3.9321
6243.90 3.9321
6243.95 3.9321
6244.00 3.9321
6244.05 3.9321
6244.10 3.9321
6244.15 3.9321
6244.20 3.9321
6244.25 3.9322
6244.30 3.9322
6244.35 3.9322
6244.40 3.9322
6244.45 3.9322
6244.50 3.9322
6244.55 3.9322
6244.60 3.9322
6244.65 3.9322
6244.70 3.9322
6244.75 3.9322
6244.80 3.9322
6244.85 3.9322
6244.90 3.9322
6244.95 3.9323
6245.00 3.9323
6245.05 3.9323
6245.10 3.9323
6245.15 3.9323
6245.20 3.9323
6245.25 3.9323
6245.30 3.9323
6245.35 3.9324
6245.40 3.9324
6245.45 3.9324
6245.50 3.9324
6245.55 3.9324
6245.60 3.9324
6245.65 3.9324
6245.70 3.9325
6245.75 3.9325
6245.80 3.9325
6245.85 3.9325
6245.90 3.9325
6245.95 3.9326
6246.00 3.9326
6246.05 3.9326
6246.10 3.9326
6246.15 3.9326
6246.20 3.9327
6246.25 3.9327
6246.30 3.9327
6246.35 3.9327
6246.40 3.9327
6246.45 3.9328
6246.50 3.9328
6246.55 3.9328
6246.60 3.9328
6246.65 3.9329
6246.70 3.9329
6246.75 3.9329
6246.80 3.9329
6246.85 3.9330
6246.90 3.9330
6246.95 3.9330
6247.00 3.9331
6247.05 3.9331
6247.10 3.9331
6247.15 3.9331
6247.20 3.9332
6247.25 3.9332
6247.30 3.9332
6247.35 3.9333
6247.40 3.9333
6247.45 3.9333
6247.50 3.9334
6247.55 3.9334
6247.60 3.9334
6247.65 3.9335
6247.70 3.9335
6247.75 3.9336
6247.80 3.9336
6247.85 3.9336
6247.90 3.9337
6247.95 3.9337
6248.00 3.9337
6248.05 3.9338
6248.10 3.9338
6248.15 3.9339
6248.20 3.9339
6248.25 3.9339
6248.30 3.9340
6248.35 3.9340
6248.40 3.9341
6248.45 3.9341
6248.50 3.9342
6248.55 3.9342
6248.60 3.9342
6248.65 3.9343
6248.70 3.9343
6248.75 3.9344
6248.80 3.9344
6248.85 3.9345
6248.90 3.9345
6248.95 3.9346
6249.00 3.9346
6249.05 3.9347
6249.10 3.9347
6249.15 3.9348
6249.20 3.9348
6249.25 3.9349
6249.30 3.9349
6249.35 3.9350
6249.40 3.9350
6249.45 3.9351
6249.50 3.9351
6249.55 3.9352
6249.60 3.9352
6249.65 3.9353
6249.70 3.9353
6249.75 3.9354
6249.80 3.9354
6249.85 3.9355
6249.90 3.9355
6249.95 3.9356
6250.00 3.9357
6250.05 3.9357
6250.10 3.9358
6250.15 3.9358
6250.20 3.9359
6250.25 3.9359
6250.30 3.9360
6250.35 3.9361
6250.40 3.9361
6250.45 3.9362
6250.50 3.9362
6250.55 3.9363
6250.60 3.9364
6250.65 3.9364
6250.70 3.9365
6250.75 3.9365
6250.80 3.9366
6250.85 3.9367
6250.90 3.9367
6250.95 3.9368
6251.00 3.9368
6251.05 3.9369
6251.10 3.9370
6251.15 3.9370
6251.20 3.9371
6251.25 3.9372
6251.30 3.9372
6251.35 3.9373
6251.40 3.9374
6251.45 3.9374
6251.50 3.9375
6251.55 3.9376
6251.60 3.9376
6251.65 3.9377
6251.70 3.9377
6251.75 3.9378
6251.80 3.9379
6251.85 3.9379
6251.90 3.9380
6251.95 3.9381
6252.00 3.9381
6252.05 3.9382
6252.10 3.9383
6252.15 3.9383
6252.20 3.9384
6252.25 3.9385
6252.30 3.9385
6252.35 3.9386
6252.40 3.9387
6252.45 3.9387
6252.50 3.9388
6252.55 3.9389
6252.60 3.9389
6252.65 3.9390
6252.70 3.9391
6252.75 3.9391
6252.80 3.9392
6252.85 3.9393
6252.90 3.9393
6252.95 3.9394
6253.00 3.9395
6253.05 3.9395
6253.10 3.9396
6253.15 3.9397
6253.20 3.9398
6253.25 3.9398
6253.30 3.9399
6253.35 3.9400
6253.40 3.9400
6253.45 3.9401
6253.50 3.9402
6253.55 3.9402
6253.60 3.9403
6253.65 3.9403
6253.70 3.9404
6253.75 3.9405
6253.80 3.9405
6253.85 3.9406
6253.90 3.9407
6253.95 3.9407
6254.00 3.9408
6254.05 3.9409
6254.10 3.9409
6254.15 3.9410
6254.20 3.9411
6254.25 3.9411
6254.30 3.9412
6254.35 3.9413
6254.40 3.9413
6254.45 3.9414
6254.50 3.9414
6254.55 3.9415
6254.60 3.9416
6254.65 3.9416
6254.70 3.9417
6254.75 3.9418
6254.80 3.9418
6254.85 3.9419
6254.90 3.9419
6254.95 3.9420
6255.00 3.9421
6255.05 3.9421
6255.10 3.9422
6255.15 3.9422
6255.20 3.9423
6255.25 3.9424
6255.30 3.9424
6255.35 3.9425
6255.40 3.9425
6255.45 3.9426
6255.50 3.9426
6255.55 3.9427
6255.60 3.9428
6255.65 3.9428
6255.70 3.9429
6255.75 3.9429
6255.80 3.9430
6255.85 3.9430
6255.90 3.9431
6255.95 3.9431
6256.00 3.9432
6256.05 3.9432
6256.10 3.9433
6256.15 3.9433
6256.20 3.9434
6256.25 3.9434
6256.30 3.9435
6256.35 3.9435
6256.40 3.9436
6256.45 3.9436
6256.50 3.9437
6256.55 3.9437
6256.60 3.9438
6256.65 3.9438
6256.70 3.9439
6256.75 3.9439
6256.80 3.9440
6256.85 3.9440
6256.90 3.9440
6256.95 3.9441
6257.00 3.9441
6257.05 3.9442
6257.10 3.9442
6257.15 3.9442
6257.20 3.9443
6257.25 3.9443
6257.30 3.9444
6257.35 3.9444
6257.40 3.9444
6257.45 3.9445
6257.50 3.9445
6257.55 3.9445
6257.60 3.9446
6257.65 3.9446
6257.70 3.9446
6257.75 3.9447
6257.80 3.9447
6257.85 3.9447
6257.90 3.9448
6257.95 3.9448
6258.00 3.9448
6258.05 3.9449
6258.10 3.9449
6258.15 3.9449
6258.20 3.9449
6258.25 3.9450
6258.30 3.9450
6258.35 3.9450
6258.40 3.9450
6258.45 3.9451
6258.50 3.9451
6258.55 3.9451
6258.60 3.9451
6258.65 3.9452
6258.70 3.9452
6258.75 3.9452
6258.80 3.9452
6258.85 3.9452
6258.90 3.9453
6258.95 3.9453
6259.00 3.9453
6259.05 3.9453
6259.10 3.9453
6259.15 3.9453
6259.20 3.9453
6259.25 3.9454
6259.30 3.9454
6259.35 3.9454
6259.40 3.9454
6259.45 3.9454
6259.50 3.9454
6259.55 3.9454
6259.60 3.9454
6259.65 3.9454
6259.70 3.9454
6259.75 3.9454
6259.80 3.9454
6259.85 3.9454
6259.90 3.9454
6259.95 3.9454
6260.00 3.9454
6260.05 3.9454
6260.10 3.9454
6260.15 3.9454
6260.20 3.9454
6260.25 3.9454
6260.30 3.9454
6260.35 3.9454
6260.40 3.9454
6260.45 3.9454
6260.50 3.9454
6260.55 3.9454
6260.60 3.9454
6260.65 3.9454
6260.70 3.9453
6260.75 3.9453
6260.80 3.9453
6260.85 3.9453
6260.90 3.9453
6260.95 3.9453
6261.00 3.9453
6261.05 3.9452
6261.10 3.9452
6261.15 3.9452
6261.20 3.9452
6261.25 3.9452
6261.30 3.9451
6261.35 3.9451
6261.40 3.9451
6261.45 3.9451
6261.50 3.9450
6261.55 3.9450
6261.60 3.9450
6261.65 3.9449
6261.70 3.9449
6261.75 3.9449
6261.80 3.9448
6261.85 3.9448
6261.90 3.9448
6261.95 3.9447
6262.00 3.9447
6262.05 3.9447
6262.10 3.9446
6262.15 3.9446
6262.20 3.9445
6262.25 3.9445
6262.30 3.9444
6262.35 3.9444
6262.40 3.9444
6262.45 3.9443
6262.50 3.9443
6262.55 3.9442
6262.60 3.9442
6262.65 3.9441
6262.70 3.9441
6262.75 3.9440
6262.80 3.9439
6262.85 3.9439
6262.90 3.9438
6262.95 3.9438
6263.00 3.9437
6263.05 3.9436
6263.10 3.9436
6263.15 3.9435
6263.20 3.9435
6263.25 3.9434
6263.30 3.9433
6263.35 3.9433
6263.40 3.9432
6263.45 3.9431
6263.50 3.9430
6263.55 3.9430
6263.60 3.9429
6263.65 3.9428
6263.70 3.9427
6263.75 3.9427
6263.80 3.9426
6263.85 3.9425
6263.90 3.9424
6263.95 3.9423
6264.00 3.9422
6264.05 3.9422
6264.10 3.9421
6264.15 3.9420
6264.20 3.9419
6264.25 3.9418
6264.30 3.9417
6264.35 3.9416
6264.40 3.9415
6264.45 3.9414
6264.50 3.9413
6264.55 3.9412
6264.60 3.9411
6264.65 3.9410
6264.70 3.9409
6264.75 3.9408
6264.80 3.9407
6264.85 3.9406
6264.90 3.9404
6264.95 3.9403
6265.00 3.9402
6265.05 3.9401
6265.10 3.9400
6265.15 3.9399
6265.20 3.9397
6265.25 3.9396
6265.30 3.9395
6265.35 3.9394
6265.40 3.9392
6265.45 3.9391
6265.50 3.9390
6265.55 3.9388
6265.60 3.9387
6265.65 3.9386
6265.70 3.9384
6265.75 3.9383
6265.80 3.9382
6265.85 3.9380
6265.90 3.9379
6265.95 3.9377
6266.00 3.9376
6266.05 3.9374
6266.10 3.9373
6266.15 3.9371
6266.20 3.9370
6266.25 3.9368
6266.30 3.9366
6266.35 3.9365
6266.40 3.9363
6266.45 3.9362
6266.50 3.9360
6266.55 3.9358
6266.60 3.9357
6266.65 3.9355
6266.70 3.9353
6266.75 3.9351
6266.80 3.9350
6266.85 3.9348
6266.90 3.9346
6266.95 3.9344
6267.00 3.9342
6267.05 3.9341
6267.10 3.9339
6267.15 3.9337
6267.20 3.9335
6267.25 3.9333
6267.30 3.9331
6267.35 3.9329
6267.40 3.9327
6267.45 3.9325
6267.50 3.9323
6267.55 3.9321
6267.60 3.9319
6267.65 3.9317
6267.70 3.9315
6267.75 3.9313
6267.80 3.9311
6267.85 3.9308
6267.90 3.9306
6267.95 3.9304
6268.00 3.9302
6268.05 3.9300
6268.10 3.9297
6268.15 3.9295
6268.20 3.9293
6268.25 3.9290
6268.30 3.9288
6268.35 3.9286
6268.40 3.9283
6268.45 3.9281
6268.50 3.9279
6268.55 3.9276
6268.60 3.9274
6268.65 3.9271
6268.70 3.9269
6268.75 3.9266
6268.80 3.9264
6268.85 3.9261
6268.90 3.9259
6268.95 3.9256
6269.00 3.9254
6269.05 3.9251
6269.10 3.9248
6269.15 3.9246
6269.20 3.9243
6269.25 3.9240
6269.30 3.9238
6269.35 3.9235
6269.40 3.9232
6269.45 3.9229
6269.50 3.9227
6269.55 3.9224
6269.60 3.9221
6269.65 3.9218
6269.70 3.9215
6269.75 3.9213
6269.80 3.9210
6269.85 3.9207
6269.90 3.9204
6269.95 3.9201
6270.00 3.9198
6270.05 3.9195
6270.10 3.9192
6270.15 3.9189
6270.20 3.9186
6270.25 3.9183
6270.30 3.9180
6270.35 3.9177
6270.40 3.9174
6270.45 3.9171
6270.50 3.9168
6270.55 3.9164
6270.60 3.9161
6270.65 3.9158
6270.70 3.9155
6270.75 3.9152
6270.80 3.9149
6270.85 3.9145
6270.90 3.9142
6270.95 3.9139
6271.00 3.9136
6271.05 3.9132
6271.10 3.9129
6271.15 3.9126
6271.20 3.9122
6271.25 3.9119
6271.30 3.9116
6271.35 3.9112
6271.40 3.9109
6271.45 3.9106
6271.50 3.9102
6271.55 3.9099
6271.60 3.9095
6271.65 3.9092
6271.70 3.9089
6271.75 3.9085
6271.80 3.9082
6271.85 3.9078
6271.90 3.9075
6271.95 3.9071
6272.00 3.9068
6272.05 3.9064
6272.10 3.9061
6272.15 3.9057
6272.20 3.9054
6272.25 3.9050
6272.30 3.9046
6272.35 3.9043
6272.40 3.9039
6272.45 3.9036
6272.50 3.9032
6272.55 3.9028
6272.60 3.9025
6272.65 3.9021
6272.70 3.9018
6272.75 3.9014
6272.80 3.9010
6272.85 3.9007
6272.90 3.9003
6272.95 3.8999
6273.00 3.8996
6273.05 3.8992
6273.10 3.8988
6273.15 3.8985
6273.20 3.8981
6273.25 3.8977
6273.30 3.8974
6273.35 3.8970
6273.40 3.8966
6273.45 3.8963
6273.50 3.8959
6273.55 3.8955
6273.60 3.8951
6273.65 3.8948
6273.70 3.8944
6273.75 3.8940
6273.80 3.8937
6273.85 3.8933
6273.90 3.8929
6273.95 3.8925
6274.00 3.8922
6274.05 3.8918
6274.10 3.8914
6274.15 3.8911
6274.20 3.8907
6274.25 3.8903
6274.30 3.8899
6274.35 3.8896
6274.40 3.8892
6274.45 3.8888
6274.50 3.8885
6274.55 3.8881
6274.60 3.8877
6274.65 3.8874
6274.70 3.8870
6274.75 3.8866
6274.80 3.8863
6274.85 3.8859
6274.90 3.8855
6274.95 3.8852
6275.00 3.8848
6275.05 3.8844
6275.10 3.8841
6275.15 3.8837
6275.20 3.8833
6275.25 3.8830
6275.30 3.8826
6275.35 3.8823
6275.40 3.8819
6275.45 3.8815
6275.50 3.8812
6275.55 3.8808
6275.60 3.8805
6275.65 3.8801
6275.70 3.8798
6275.75 3.8794
6275.80 3.8791
6275.85 3.8787
6275.90 3.8784
6275.95 3.8780
6276.00 3.8777
6276.05 3.8773
6276.10 3.8770
6276.15 3.8766
6276.20 3.8763
6276.25 3.8760
6276.30 3.8756
6276.35 3.8753
6276.40 3.8749
6276.45 3.8746
6276.50 3.8743
6276.55 3.8739
6276.60 3.8736
6276.65 3.8733
6276.70 3.8730
6276.75 3.8726
6276.80 3.8723
6276.85 3.8720
6276.90 3.8716
6276.95 3.8713
6277.00 3.8710
6277.05 3.8707
6277.10 3.8704
6277.15 3.8701
6277.20 3.8697
6277.25 3.8694
6277.30 3.8691
6277.35 3.8688
6277.40 3.8685
6277.45 3.8682
6277.50 3.8679
6277.55 3.8676
6277.60 3.8673
6277.65 3.8670
6277.70 3.8667
6277.75 3.8664
6277.80 3.8661
6277.85 3.8658
6277.90 3.8655
6277.95 3.8652
6278.00 3.8650
6278.05 3.8647
6278.10 3.8644
6278.15 3.8641
6278.20 3.8638
6278.25 3.8636
6278.30 3.8633
6278.35 3.8630
6278.40 3.8627
6278.45 3.8625
6278.50 3.8622
6278.55 3.8619
6278.60 3.8617
6278.65 3.8614
6278.70 3.8612
6278.75 3.8609
6278.80 3.8606
6278.85 3.8604
6278.90 3.8601
6278.95 3.8599
6279.00 3.8596
6279.05 3.8594
6279.10 3.8591
6279.15 3.8589
6279.20 3.8587
6279.25 3.8584
6279.30 3.8582
6279.35 3.8580
6279.40 3.8577
6279.45 3.8575
6279.50 3.8573
6279.55 3.8570
6279.60 3.8568
6279.65 3.8566
6279.70 3.8564
6279.75 3.8561
6279.80 3.8559
6279.85 3.8557
6279.90 3.8555
6279.95 3.8553
6280.00 3.8551
6280.05 3.8549
6280.10 3.8547
6280.15 3.8544
6280.20 3.8542
6280.25 3.8540
6280.30 3.8538
6280.35 3.8536
6280.40 3.8534
6280.45 3.8533
6280.50 3.8531
6280.55 3.8529
6280.60 3.8527
6280.65 3.8525
6280.70 3.8523
6280.75 3.8521
6280.80 3.8519
6280.85 3.8518
6280.90 3.8516
6280.95 3.8514
6281.00 3.8512
6281.05 3.8510
6281.10 3.8509
6281.15 3.8507
6281.20 3.8505
6281.25 3.8504
6281.30 3.8502
6281.35 3.8500
6281.40 3.8499
6281.45 3.8497
6281.50 3.8495
6281.55 3.8494
6281.60 3.8492
6281.65 3.8491
6281.70 3.8489
6281.75 3.8488
6281.80 3.8486
6281.85 3.8485
6281.90 3.8483
6281.95 3.8482
6282.00 3.8480
6282.05 3.8479
6282.10 3.8477
6282.15 3.8476
6282.20 3.8474
6282.25 3.8473
6282.30 3.8471
6282.35 3.8470
6282.40 3.8469
6282.45 3.8467
6282.50 3.8466
6282.55 3.8464
6282.60 3.8463
6282.65 3.8462
6282.70 3.8460
6282.75 3.8459
6282.80 3.8458
6282.85 3.8456
6282.90 3.8455
6282.95 3.8454
6283.00 3.8453
6283.05 3.8451
6283.10 3.8450
6283.15 3.8449
6283.20 3.8448
6283.25 3.8446
6283.30 3.8445
6283.35 3.8444
6283.40 3.8443
6283.45 3.8441
6283.50 3.8440
6283.55 3.8439
6283.60 3.8438
6283.65 3.8436
6283.70 3.8435
6283.75 3.8434
6283.80 3.8433
6283.85 3.8432
6283.90 3.8430
6283.95 3.8429
6284.00 3.8428
6284.05 3.8427
6284.10 3.8426
6284.15 3.8425
6284.20 3.8423
6284.25 3.8422
6284.30 3.8421
6284.35 3.8420
6284.40 3.8419
6284.45 3.8417
6284.50 3.8416
6284.55 3.8415
6284.60 3.8414
6284.65 3.8413
6284.70 3.8412
6284.75 3.8410
6284.80 3.8409
6284.85 3.8408
6284.90 3.8407
6284.95 3.8406
6285.00 3.8405
6285.05 3.8403
6285.10 3.8402
6285.15 3.8401
6285.20 3.8400
6285.25 3.8399
6285.30 3.8397
6285.35 3.8396
6285.40 3.8395
6285.45 3.8394
6285.50 3.8393
6285.55 3.8391
6285.60 3.8390
6285.65 3.8389
6285.70 3.8388
6285.75 3.8386
6285.80 3.8385
6285.85 3.8384
6285.90 3.8383
6285.95 3.8381
6286.00 3.8380
6286.05 3.8379
6286.10 3.8378
6286.15 3.8376
6286.20 3.8375
6286.25 3.8374
6286.30 3.8372
6286.35 3.8371
6286.40 3.8370
6286.45 3.8368
6286.50 3.8367
6286.55 3.8366
6286.60 3.8364
6286.65 3.8363
6286.70 3.8362
6286.75 3.8360
6286.80 3.8359
6286.85 3.8357
6286.90 3.8356
6286.95 3.8355
6287.00 3.8353
6287.05 3.8352
6287.10 3.8350
6287.15 3.8349
6287.20 3.8347
6287.25 3.8346
6287.30 3.8344
6287.35 3.8343
6287.40 3.8341
6287.45 3.8340
6287.50 3.8338
6287.55 3.8337
6287.60 3.8335
6287.65 3.8334
6287.70 3.8332
6287.75 3.8331
6287.80 3.8329
6287.85 3.8328
6287.90 3.8326
6287.95 3.8324
6288.00 3.8323
6288.05 3.8321
6288.10 3.8319
6288.15 3.8318
6288.20 3.8316
6288.25 3.8314
6288.30 3.8313
6288.35 3.8311
6288.40 3.8309
6288.45 3.8307
6288.50 3.8306
6288.55 3.8304
6288.60 3.8302
6288.65 3.8300
6288.70 3.8299
6288.75 3.8297
6288.80 3.8295
6288.85 3.8293
6288.90 3.8291
6288.95 3.8290
6289.00 3.8288
6289.05 3.8286
6289.10 3.8284
6289.15 3.8282
6289.20 3.8280
6289.25 3.8278
6289.30 3.8276
6289.35 3.8274
6289.40 3.8272
6289.45 3.8270
6289.50 3.8268
6289.55 3.8266
6289.60 3.8264
6289.65 3.8262
6289.70 3.8260
6289.75 3.8258
6289.80 3.8256
6289.85 3.8254
6289.90 3.8252
6289.95 3.8250
6290.00 3.8248
6290.05 3.8246
6290.10 3.8244
6290.15 3.8242
6290.20 3.8239
6290.25 3.8237
6290.30 3.8235
6290.35 3.8233
6290.40 3.8231
6290.45 3.8229
6290.50 3.8226
6290.55 3.8224
6290.60 3.8222
6290.65 3.8220
6290.70 3.8217
6290.75 3.8215
6290.80 3.8213
6290.85 3.8211
6290.90 3.8208
6290.95 3.8206
6291.00 3.8204
6291.05 3.8201
6291.10 3.8199
6291.15 3.8197
6291.20 3.8194
6291.25 3.8192
6291.30 3.8189
6291.35 3.8187
6291.40 3.8185
6291.45 3.8182
6291.50 3.8180
6291.55 3.8177
6291.60 3.8175
6291.65 3.8172
6291.70 3.8170
6291.75 3.8168
6291.80 3.8165
6291.85 3.8163
6291.90 3.8160
6291.95 3.8158
6292.00 3.8155
6292.05 3.8152
6292.10 3.8150
6292.15 3.8147
6292.20 3.8145
6292.25 3.8142
6292.30 3.8140
6292.35 3.8137
6292.40 3.8135
6292.45 3.8132
6292.50 3.8129
6292.55 3.8127
6292.60 3.8124
6292.65 3.8121
6292.70 3.8119
6292.75 3.8116
6292.80 3.8114
6292.85 3.8111
6292.90 3.8108
6292.95 3.8106
6293.00 3.8103
6293.05 3.8100
6293.10 3.8097
6293.15 3.8095
6293.20 3.8092
6293.25 3.8089
6293.30 3.8087
6293.35 3.8084
6293.40 3.8081
6293.45 3.8078
6293.50 3.8076
6293.55 3.8073
6293.60 3.8070
6293.65 3.8067
6293.70 3.8065
6293.75 3.8062
6293.80 3.8059
6293.85 3.8056
6293.90 3.8054
6293.95 3.8051
6294.00 3.8048
6294.05 3.8045
6294.10 3.8042
6294.15 3.8039
6294.20 3.8037
6294.25 3.8034
6294.30 3.8031
6294.35 3.8028
6294.40 3.8025
6294.45 3.8022
6294.50 3.8020
6294.55 3.8017
6294.60 3.8014
6294.65 3.8011
6294.70 3.8008
6294.75 3.8005
6294.80 3.8002
6294.85 3.8000
6294.90 3.7997
6294.95 3.7994
6295.00 3.7991
6295.05 3.7988
6295.10 3.7985
6295.15 3.7982
6295.20 3.7979
6295.25 3.7976
6295.30 3.7974
6295.35 3.7971
6295.40 3.7968
6295.45 3.7965
6295.50 3.7962
6295.55 3.7959
6295.60 3.7956
6295.65 3.7953
6295.70 3.7950
6295.75 3.7947
6295.80 3.7944
6295.85 3.7942
6295.90 3.7939
6295.95 3.7936
6296.00 3.7933
6296.05 3.7930
6296.10 3.7927
6296.15 3.7924
6296.20 3.7921
6296.25 3.7918
6296.30 3.7915
6296.35 3.7912
6296.40 3.7909
6296.45 3.7906
6296.50 3.7903
6296.55 3.7900
6296.60 3.7897
6296.65 3.7894
6296.70 3.7891
6296.75 3.7888
6296.80 3.7886
6296.85 3.7883
6296.90 3.7880
6296.95 3.7877
6297.00 3.7874
6297.05 3.7871
6297.10 3.7868
6297.15 3.7865
6297.20 3.7862
6297.25 3.7859
6297.30 3.7856
6297.35 3.7853
6297.40 3.7850
6297.45 3.7847
6297.50 3.7844
6297.55 3.7841
6297.60 3.7838
6297.65 3.7835
6297.70 3.7832
6297.75 3.7829
6297.80 3.7826
6297.85 3.7823
6297.90 3.7820
6297.95 3.7817
6298.00 3.7814
6298.05 3.7811
6298.10 3.7808
6298.15 3.7805
6298.20 3.7802
6298.25 3.7799
6298.30 3.7796
6298.35 3.7793
6298.40 3.7790
6298.45 3.7787
6298.50 3.7784
6298.55 3.7781
6298.60 3.7778
6298.65 3.7775
6298.70 3.7772
6298.75 3.7769
6298.80 3.7766
6298.85 3.7764
6298.90 3.7761
6298.95 3.7758
6299.00 3.7755
6299.05 3.7752
6299.10 3.7749
6299.15 3.7746
6299.20 3.7743
6299.25 3.7740
6299.30 3.7737
6299.35 3.7734
6299.40 3.7731
6299.45 3.7728
6299.50 3.7725
6299.55 3.7722
6299.60 3.7719
6299.65 3.7716
6299.70 3.7713
6299.75 3.7710
6299.80 3.7707
6299.85 3.7704
6299.90 3.7701
6299.95 3.7697
6300.00 3.7694
6300.05 3.7691
6300.10 3.7688
6300.15 3.7685
6300.20 3.7682
6300.25 3.7679
6300.30 3.7676
6300.35 3.7673
6300.40 3.7670
6300.45 3.7667
6300.50 3.7664
6300.55 3.7661
6300.60 3.7658
6300.65 3.7655
6300.70 3.7652
6300.75 3.7649
6300.80 3.7646
6300.85 3.7643
6300.90 3.7640
6300.95 3.7637
6301.00 3.7634
6301.05 3.7631
6301.10 3.7628
6301.15 3.7625
6301.20 3.7622
6301.25 3.7619
6301.30 3.7616
6301.35 3.7613
6301.40 3.7609
6301.45 3.7606
6301.50 3.7603
6301.55 3.7600
6301.60 3.7597
6301.65 3.7594
6301.70 3.7591
6301.75 3.7588
6301.80 3.7585
6301.85 3.7582
6301.90 3.7579
6301.95 3.7576
6302.00 3.7573
6302.05 3.7569
6302.10 3.7566
6302.15 3.7563
6302.20 3.7560
6302.25 3.7557
6302.30 3.7554
6302.35 3.7551
6302.40 3.7548
6302.45 3.7545
6302.50 3.7541
6302.55 3.7538
6302.60 3.7535
6302.65 3.7532
6302.70 3.7529
6302.75 3.7526
6302.80 3.7523
6302.85 3.7520
6302.90 3.7516
6302.95 3.7513
6303.00 3.7510
6303.05 3.7507
6303.10 3.7504
6303.15 3.7501
6303.20 3.7497
6303.25 3.7494
6303.30 3.7491
6303.35 3.7488
6303.40 3.7485
6303.45 3.7481
6303.50 3.7478
6303.55 3.7475
6303.60 3.7472
6303.65 3.7469
6303.70 3.7465
6303.75 3.7462
6303.80 3.7459
6303.85 3.7456
6303.90 3.7453
6303.95 3.7449
6304.00 3.7446
6304.05 3.7443
6304.10 3.7440
6304.15 3.7436
6304.20 3.7433
6304.25 3.7430
6304.30 3.7427
6304.35 3.7423
6304.40 3.7420
6304.45 3.7417
6304.50 3.7413
6304.55 3.7410
6304.60 3.7407
6304.65 3.7404
6304.70 3.7400
6304.75 3.7397
6304.80 3.7394
6304.85 3.7390
6304.90 3.7387
6304.95 3.7384
6305.00 3.7380
6305.05 3.7377
6305.10 3.7374
6305.15 3.7370
6305.20 3.7367
6305.25 3.7364
6305.30 3.7360
6305.35 3.7357
6305.40 3.7354
6305.45 3.7350
6305.50 3.7347
6305.55 3.7344
6305.60 3.7340
6305.65 3.7337
6305.70 3.7333
6305.75 3.7330
6305.80 3.7327
6305.85 3.7323
6305.90 3.7320
6305.95 3.7316
6306.00 3.7313
6306.05 3.7310
6306.10 3.7306
6306.15 3.7303
6306.20 3.7299
6306.25 3.7296
6306.30 3.7292
6306.35 3.7289
6306.40 3.7285
6306.45 3.7282
6306.50 3.7279
6306.55 3.7275
6306.60 3.7272
6306.65 3.7268
6306.70 3.7265
6306.75 3.7261
6306.80 3.7258
6306.85 3.7254
6306.90 3.7251
6306.95 3.7247
6307.00 3.7244
6307.05 3.7240
6307.10 3.7237
6307.15 3.7233
6307.20 3.7230
6307.25 3.7226
6307.30 3.7223
6307.35 3.7219
6307.40 3.7216
6307.45 3.7212
6307.50 3.7208
6307.55 3.7205
6307.60 3.7201
6307.65 3.7198
6307.70 3.7194
6307.75 3.7191
6307.80 3.7187
6307.85 3.7184
6307.90 3.7180
6307.95 3.7177
6308.00 3.7173
6308.05 3.7169
6308.10 3.7166
6308.15 3.7162
6308.20 3.7159
6308.25 3.7155
6308.30 3.7151
6308.35 3.7148
6308.40 3.7144
6308.45 3.7141
6308.50 3.7137
6308.55 3.7134
6308.60 3.7130
6308.65 3.7126
6308.70 3.7123
6308.75 3.7119
6308.80 3.7116
6308.85 3.7112
6308.90 3.7108
6308.95 3.7105
6309.00 3.7101
6309.05 3.7097
6309.10 3.7094
6309.15 3.7090
6309.20 3.7087
6309.25 3.7083
6309.30 3.7079
6309.35 3.7076
6309.40 3.7072
6309.45 3.7069
6309.50 3.7065
6309.55 3.7061
6309.60 3.7058
6309.65 3.7054
6309.70 3.7050
6309.75 3.7047
6309.80 3.7043
6309.85 3.7040
6309.90 3.7036
6309.95 3.7032
6310.00 3.7029
6310.05 3.7025
6310.10 3.7022
6310.15 3.7018
6310.20 3.7014
6310.25 3.7011
6310.30 3.7007
6310.35 3.7004
6310.40 3.7000
6310.45 3.6996
6310.50 3.6993
6310.55 3.6989
6310.60 3.6986
6310.65 3.6982
6310.70 3.6978
6310.75 3.6975
6310.80 3.6971
6310.85 3.6968
6310.90 3.6964
6310.95 3.6961
6311.00 3.6957
6311.05 3.6953
6311.10 3.6950
6311.15 3.6946
6311.20 3.6943
6311.25 3.6939
6311.30 3.6936
6311.35 3.6932
6311.40 3.6929
6311.45 3.6925
6311.50 3.6922
6311.55 3.6918
6311.60 3.6914
6311.65 3.6911
6311.70 3.6907
6311.75 3.6904
6311.80 3.6901
6311.85 3.6897
6311.90 3.6894
6311.95 3.6890
6312.00 3.6887
6312.05 3.6883
6312.10 3.6880
6312.15 3.6876
6312.20 3.6873
6312.25 3.6869
6312.30 3.6866
6312.35 3.6863
6312.40 3.6859
6312.45 3.6856
6312.50 3.6852
6312.55 3.6849
6312.60 3.6846
6312.65 3.6842
6312.70 3.6839
6312.75 3.6836
6312.80 3.6832
6312.85 3.6829
6312.90 3.6826
6312.95 3.6822
6313.00 3.6819
6313.05 3.6816
6313.10 3.6812
6313.15 3.6809
6313.20 3.6806
6313.25 3.6803
6313.30 3.6799
6313.35 3.6796
6313.40 3.6793
6313.45 3.6790
6313.50 3.6787
6313.55 3.6783
6313.60 3.6780
6313.65 3.6777
6313.70 3.6774
6313.75 3.6771
6313.80 3.6768
6313.85 3.6765
6313.90 3.6762
6313.95 3.6758
6314.00 3.6755
6314.05 3.6752
6314.10 3.6749
6314.15 3.6746
6314.20 3.6743
6314.25 3.6740
6314.30 3.6737
6314.35 3.6734
6314.40 3.6731
6314.45 3.6728
6314.50 3.6726
6314.55 3.6723
6314.60 3.6720
6314.65 3.6717
6314.70 3.6714
6314.75 3.6711
6314.80 3.6708
6314.85 3.6705
6314.90 3.6703
6314.95 3.6700
6315.00 3.6697
6315.05 3.6694
6315.10 3.6692
6315.15 3.6689
6315.20 3.6686
6315.25 3.6684
6315.30 3.6681
6315.35 3.6678
6315.40 3.6676
6315.45 3.6673
6315.50 3.6670
6315.55 3.6668
6315.60 3.6665
6315.65 3.6663
6315.70 3.6660
6315.75 3.6658
6315.80 3.6655
6315.85 3.6653
6315.90 3.6650
6315.95 3.6648
6316.00 3.6645
6316.05 3.6643
6316.10 3.6641
6316.15 3.6638
6316.20 3.6636
6316.25 3.6634
6316.30 3.6631
6316.35 3.6629
6316.40 3.6627
6316.45 3.6624
6316.50 3.6622
6316.55 3.6620
6316.60 3.6618
6316.65 3.6616
6316.70 3.6613
6316.75 3.6611
6316.80 3.6609
6316.85 3.6607
6316.90 3.6605
6316.95 3.6603
6317.00 3.6601
6317.05 3.6599
6317.10 3.6597
6317.15 3.6595
6317.20 3.6593
6317.25 3.6591
6317.30 3.6589
6317.35 3.6587
6317.40 3.6586
6317.45 3.6584
6317.50 3.6582
6317.55 3.6580
6317.60 3.6578
6317.65 3.6577
6317.70 3.6575
6317.75 3.6573
6317.80 3.6571
6317.85 3.6570
6317.90 3.6568
6317.95 3.6566
6318.00 3.6565
6318.05 3.6563
6318.10 3.6562
6318.15 3.6560
6318.20 3.6559
6318.25 3.6557
6318.30 3.6556
6318.35 3.6554
6318.40 3.6553
6318.45 3.6551
6318.50 3.6550
6318.55 3.6549
6318.60 3.6547
6318.65 3.6546
6318.70 3.6545
6318.75 3.6543
6318.80 3.6542
6318.85 3.6541
6318.90 3.6540
6318.95 3.6538
6319.00 3.6537
6319.05 3.6536
6319.10 3.6535
6319.15 3.6534
6319.20 3.6533
6319.25 3.6532
6319.30 3.6531
6319.35 3.6530
6319.40 3.6529
6319.45 3.6528
6319.50 3.6527
6319.55 3.6526
6319.60 3.6525
6319.65 3.6524
6319.70 3.6523
6319.75 3.6522
6319.80 3.6521
6319.85 3.6520
6319.90 3.6520
6319.95 3.6519
6320.00 3.6518
6320.05 3.6517
6320.10 3.6517
6320.15 3.6516
6320.20 3.6515
6320.25 3.6515
6320.30 3.6514
6320.35 3.6513
6320.40 3.6513
6320.45 3.6512
6320.50 3.6512
6320.55 3.6511
6320.60 3.6511
6320.65 3.6510
6320.70 3.6510
6320.75 3.6509
6320.80 3.6509
6320.85 3.6508
6320.90 3.6508
6320.95 3.6508
6321.00 3.6507
6321.05 3.6507
6321.10 3.6507
6321.15 3.6506
6321.20 3.6506
6321.25 3.6506
6321.30 3.6505
6321.35 3.6505
6321.40 3.6505
6321.45 3.6505
6321.50 3.6505
6321.55 3.6504
6321.60 3.6504
6321.65 3.6504
6321.70 3.6504
6321.75 3.6504
6321.80 3.6504
6321.85 3.6504
6321.90 3.6504
6321.95 3.6504
6322.00 3.6504
6322.05 3.6504
6322.10 3.6504
6322.15 3.6504
6322.20 3.6504
6322.25 3.6504
6322.30 3.6504
6322.35 3.6504
6322.40 3.6504
6322.45 3.6505
6322.50 3.6505
6322.55 3.6505
6322.60 3.6505
6322.65 3.6505
6322.70 3.6506
6322.75 3.6506
6322.80 3.6506
6322.85 3.6506
6322.90 3.6507
6322.95 3.6507
6323.00 3.6507
6323.05 3.6508
6323.10 3.6508
6323.15 3.6508
6323.20 3.6509
6323.25 3.6509
6323.30 3.6510
6323.35 3.6510
6323.40 3.6510
6323.45 3.6511
6323.50 3.6511
6323.55 3.6512
6323.60 3.6512
6323.65 3.6513
6323.70 3.6513
6323.75 3.6514
6323.80 3.6514
6323.85 3.6515
6323.90 3.6515
6323.95 3.6516
6324.00 3.6517
6324.05 3.6517
6324.10 3.6518
6324.15 3.6518
6324.20 3.6519
6324.25 3.6520
6324.30 3.6520
6324.35 3.6521
6324.40 3.6522
6324.45 3.6522
6324.50 3.6523
6324.55 3.6524
6324.60 3.6524
6324.65 3.6525
6324.70 3.6526
6324.75 3.6527
6324.80 3.6527
6324.85 3.6528
6324.90 3.6529
6324.95 3.6530
6325.00 3.6531
6325.05 3.6531
6325.10 3.6532
6325.15 3.6533
6325.20 3.6534
6325.25 3.6535
6325.30 3.6535
6325.35 3.6536
6325.40 3.6537
6325.45 3.6538
6325.50 3.6539
6325.55 3.6540
6325.60 3.6541
6325.65 3.6542
6325.70 3.6543
6325.75 3.6544
6325.80 3.6544
6325.85 3.6545
6325.90 3.6546
6325.95 3.6547
6326.00 3.6548
6326.05 3.6549
6326.10 3.6550
6326.15 3.6551
6326.20 3.6552
6326.25 3.6553
6326.30 3.6554
6326.35 3.6555
6326.40 3.6556
6326.45 3.6557
6326.50 3.6558
6326.55 3.6559
6326.60 3.6560
6326.65 3.6561
6326.70 3.6563
6326.75 3.6564
6326.80 3.6565
6326.85 3.6566
6326.90 3.6567
6326.95 3.6568
6327.00 3.6569
6327.05 3.6570
6327.10 3.6571
6327.15 3.6572
6327.20 3.6573
6327.25 3.6575
6327.30 3.6576
6327.35 3.6577
6327.40 3.6578
6327.45 3.6579
6327.50 3.6580
6327.55 3.6581
6327.60 3.6583
6327.65 3.6584
6327.70 3.6585
6327.75 3.6586
6327.80 3.6587
6327.85 3.6588
6327.90 3.6590
6327.95 3.6591
6328.00 3.6592
6328.05 3.6593
6328.10 3.6594
6328.15 3.6595
6328.20 3.6597
6328.25 3.6598
6328.30 3.6599
6328.35 3.6600
6328.40 3.6601
6328.45 3.6603
6328.50 3.6604
6328.55 3.6605
6328.60 3.6606
6328.65 3.6608
6328.70 3.6609
6328.75 3.6610
6328.80 3.6611
6328.85 3.6612
6328.90 3.6614
6328.95 3.6615
6329.00 3.6616
6329.05 3.6617
6329.10 3.6619
6329.15 3.6620
6329.20 3.6621
6329.25 3.6622
6329.30 3.6624
6329.35 3.6625
6329.40 3.6626
6329.45 3.6627
6329.50 3.6629
6329.55 3.6630
6329.60 3.6631
6329.65 3.6632
6329.70 3.6634
6329.75 3.6635
6329.80 3.6636
6329.85 3.6638
6329.90 3.6639
6329.95 3.6640
6330.00 3.6641
6330.05 3.6643
6330.10 3.6644
6330.15 3.6645
6330.20 3.6646
6330.25 3.6648
6330.30 3.6649
6330.35 3.6650
6330.40 3.6652
6330.45 3.6653
6330.50 3.6654
6330.55 3.6655
6330.60 3.6657
6330.65 3.6658
6330.70 3.6659
6330.75 3.6660
6330.80 3.6662
6330.85 3.6663
6330.90 3.6664
6330.95 3.6666
6331.00 3.6667
6331.05 3.6668
6331.10 3.6669
6331.15 3.6671
6331.20 3.6672
6331.25 3.6673
6331.30 3.6674
6331.35 3.6676
6331.40 3.6677
6331.45 3.6678
6331.50 3.6679
6331.55 3.6681
6331.60 3.6682
6331.65 3.6683
6331.70 3.6684
6331.75 3.6686
6331.80 3.6687
6331.85 3.6688
6331.90 3.6689
6331.95 3.6691
6332.00 3.6692
6332.05 3.6693
6332.10 3.6694
6332.15 3.6696
6332.20 3.6697
6332.25 3.6698
6332.30 3.6699
6332.35 3.6701
6332.40 3.6702
6332.45 3.6703
6332.50 3.6704
6332.55 3.6705
6332.60 3.6707
6332.65 3.6708
6332.70 3.6709
6332.75 3.6710
6332.80 3.6711
6332.85 3.6713
6332.90 3.6714
6332.95 3.6715
6333.00 3.6716
6333.05 3.6717
6333.10 3.6718
6333.15 3.6720
6333.20 3.6721
6333.25 3.6722
6333.30 3.6723
6333.35 3.6724
6333.40 3.6725
6333.45 3.6726
6333.50 3.6728
6333.55 3.6729
6333.60 3.6730
6333.65 3.6731
6333.70 3.6732
6333.75 3.6733
6333.80 3.6734
6333.85 3.6735
6333.90 3.6737
6333.95 3.6738
6334.00 3.6739
6334.05 3.6740
6334.10 3.6741
6334.15 3.6742
6334.20 3.6743
6334.25 3.6744
6334.30 3.6745
6334.35 3.6746
6334.40 3.6747
6334.45 3.6748
6334.50 3.6749
6334.55 3.6750
6334.60 3.6751
6334.65 3.6752
6334.70 3.6753
6334.75 3.6754
6334.80 3.6755
6334.85 3.6756
6334.90 3.6757
6334.95 3.6758
6335.00 3.6759
6335.05 3.6760
6335.10 3.6761
6335.15 3.6762
6335.20 3.6763
6335.25 3.6764
6335.30 3.6765
6335.35 3.6765
6335.40 3.6766
6335.45 3.6767
6335.50 3.6768
6335.55 3.6769
6335.60 3.6770
6335.65 3.6771
6335.70 3.6771
6335.75 3.6772
6335.80 3.6773
6335.85 3.6774
6335.90 3.6775
6335.95 3.6776
6336.00 3.6776
6336.05 3.6777
6336.10 3.6778
6336.15 3.6779
6336.20 3.6779
6336.25 3.6780
6336.30 3.6781
6336.35 3.6782
6336.40 3.6782
6336.45 3.6783
6336.50 3.6784
6336.55 3.6784
6336.60 3.6785
6336.65 3.6786
6336.70 3.6786
6336.75 3.6787
6336.80 3.6788
6336.85 3.6788
6336.90 3.6789
6336.95 3.6789
6337.00 3.6790
6337.05 3.6790
6337.10 3.6791
6337.15 3.6792
6337.20 3.6792
6337.25 3.6793
6337.30 3.6793
6337.35 3.6794
6337.40 3.6794
6337.45 3.6795
6337.50 3.6795
6337.55 3.6796
6337.60 3.6796
6337.65 3.6797
6337.70 3.6797
6337.75 3.6797
6337.80 3.6798
6337.85 3.6798
6337.90 3.6799
6337.95 3.6799
6338.00 3.6799
6338.05 3.6800
6338.10 3.6800
6338.15 3.6800
6338.20 3.6801
6338.25 3.6801
6338.30 3.6801
6338.35 3.6802
6338.40 3.6802
6338.45 3.6802
6338.50 3.6802
6338.55 3.6802
6338.60 3.6803
6338.65 3.6803
6338.70 3.6803
6338.75 3.6803
6338.80 3.6803
6338.85 3.6804
6338.90 3.6804
6338.95 3.6804
6339.00 3.6804
6339.05 3.6804
6339.10 3.6804
6339.15 3.6804
6339.20 3.6804
6339.25 3.6804
6339.30 3.6805
6339.35 3.6805
6339.40 3.6805
6339.45 3.6805
