4364.50 16.8440
4364.55 16.8440
4364.60 16.8440
4364.65 16.8440
4364.70 16.8441
4364.75 16.8441
4364.80 16.8442
4364.85 16.8443
4364.90 16.8444
4364.95 16.8445
4365.00 16.8446
4365.05 16.8447
4365.10 16.8448
4365.15 16.8450
4365.20 16.8451
4365.25 16.8453
4365.30 16.8455
4365.35 16.8457
4365.40 16.8459
4365.45 16.8461
4365.50 16.8463
4365.55 16.8465
4365.60 16.8467
4365.65 16.8470
4365.70 16.8473
4365.75 16.8475
4365.80 16.8478
4365.85 16.8481
4365.90 16.8484
4365.95 16.8487
4366.00 16.8490
4366.05 16.8494
4366.10 16.8497
4366.15 16.8501
4366.20 16.8504
4366.25 16.8508
4366.30 16.8512
4366.35 16.8516
4366.40 16.8520
4366.45 16.8524
4366.50 16.8528
4366.55 16.8532
4366.60 16.8537
4366.65 16.8541
4366.70 16.8546
4366.75 16.8550
4366.80 16.8555
4366.85 16.8560
4366.90 16.8565
4366.95 16.8570
4367.00 16.8575
4367.05 16.8580
4367.10 16.8585
4367.15 16.8590
4367.20 16.8596
4367.25 16.8601
4367.30 16.8607
4367.35 16.8612
4367.40 16.8618
4367.45 16.8624
4367.50 16.8629
4367.55 16.8635
4367.60 16.8641
4367.65 16.8647
4367.70 16.8653
4367.75 16.8659
4367.80 16.8666
4367.85 16.8672
4367.90 16.8678
4367.95 16.8685
4368.00 16.8691
4368.05 16.8698
4368.10 16.8704
4368.15 16.8711
4368.20 16.8717
4368.25 16.8724
4368.30 16.8731
4368.35 16.8737
4368.40 16.8744
4368.45 16.8751
4368.50 16.8758
4368.55 16.8765
4368.60 16.8772
4368.65 16.8779
4368.70 16.8786
4368.75 16.8793
4368.80 16.8800
4368.85 16.8808
4368.90 16.8815
4368.95 16.8822
4369.00 16.8829
4369.05 16.8837
4369.10 16.8844
4369.15 16.8851
4369.20 16.8859
4369.25 16.8866
4369.30 16.8873
4369.35 16.8881
4369.40 16.8888
4369.45 16.8896
4369.50 16.8903
4369.55 16.8911
4369.60 16.8918
4369.65 16.8926
4369.70 16.8933
4369.75 16.8940
4369.80 16.8948
4369.85 16.8956
4369.90 16.8963
4369.95 16.8971
4370.00 16.8978
4370.05 16.8986
4370.10 16.8993
4370.15 16.9001
4370.20 16.9008
4370.25 16.9016
4370.30 16.9023
4370.35 16.9031
4370.40 16.9038
4370.45 16.9045
4370.50 16.9053
4370.55 16.9060
4370.60 16.9068
4370.65 16.9075
4370.70 16.9082
4370.75 16.9090
4370.80 16.9097
4370.85 16.9104
4370.90 16.9112
4370.95 16.9119
4371.00 16.9126
4371.05 16.9133
4371.10 16.9141
4371.15 16.9148
4371.20 16.9155
4371.25 16.9162
4371.30 16.9169
4371.35 16.9176
4371.40 16.9183
4371.45 16.9190
4371.50 16.9197
4371.55 16.9204
4371.60 16.9211
4371.65 16.9217
4371.70 16.9224
4371.75 16.9231
4371.80 16.9237
4371.85 16.9244
4371.90 16.9251
4371.95 16.9257
4372.00 16.9264
4372.05 16.9270
4372.10 16.9277
4372.15 16.9283
4372.20 16.9289
4372.25 16.9296
4372.30 16.9302
4372.35 16.9308
4372.40 16.9314
4372.45 16.9320
4372.50 16.9326
4372.55 16.9333
4372.60 16.9338
4372.65 16.9344
4372.70 16.9350
4372.75 16.9356
4372.80 16.9362
4372.85 16.9367
4372.90 16.9373
4372.95 16.9379
4373.00 16.9384
4373.05 16.9390
4373.10 16.9395
4373.15 16.9401
4373.20 16.9406
4373.25 16.9411
4373.30 16.9417
4373.35 16.9422
4373.40 16.9427
4373.45 16.9432
4373.50 16.9437
4373.55 16.9442
4373.60 16.9447
4373.65 16.9452
4373.70 16.9457
4373.75 16.9461
4373.80 16.9466
4373.85 16.9471
4373.90 16.9475
4373.95 16.9480
4374.00 16.9484
4374.05 16.9489
4374.10 16.9493
4374.15 16.9498
4374.20 16.9502
4374.25 16.9506
4374.30 16.9511
4374.35 16.9515
4374.40 16.9519
4374.45 16.9523
4374.50 16.9527
4374.55 16.9531
4374.60 16.9535
4374.65 16.9539
4374.70 16.9543
4374.75 16.9547
4374.80 16.9550
4374.85 16.9554
4374.90 16.9558
4374.95 16.9561
4375.00 16.9565
4375.05 16.9568
4375.10 16.9572
4375.15 16.9575
4375.20 16.9579
4375.25 16.9582
4375.30 16.9586
4375.35 16.9589
4375.40 16.9592
4375.45 16.9595
4375.50 16.9599
4375.55 16.9602
4375.60 16.9605
4375.65 16.9608
4375.70 16.9611
4375.75 16.9614
4375.80 16.9617
4375.85 16.9620
4375.90 16.9623
4375.95 16.9626
4376.00 16.9629
4376.05 16.9632
4376.10 16.9634
4376.15 16.9637
4376.20 16.9640
4376.25 16.9643
4376.30 16.9645
4376.35 16.9648
4376.40 16.9651
4376.45 16.9653
4376.50 16.9656
4376.55 16.9658
4376.60 16.9661
4376.65 16.9664
4376.70 16.9666
4376.75 16.9669
4376.80 16.9671
4376.85 16.9673
4376.90 16.9676
4376.95 16.9678
4377.00 16.9681
4377.05 16.9683
4377.10 16.9685
4377.15 16.9688
4377.20 16.9690
4377.25 16.9692
4377.30 16.9695
4377.35 16.9697
4377.40 16.9699
4377.45 16.9702
4377.50 16.9704
4377.55 16.9706
4377.60 16.9708
4377.65 16.9711
4377.70 16.9713
4377.75 16.9715
4377.80 16.9717
4377.85 16.9719
4377.90 16.9722
4377.95 16.9724
4378.00 16.9726
4378.05 16.9728
4378.10 16.9730
4378.15 16.9732
4378.20 16.9734
4378.25 16.9736
4378.30 16.9739
4378.35 16.9741
4378.40 16.9743
4378.45 16.9745
4378.50 16.9747
4378.55 16.9749
4378.60 16.9751
4378.65 16.9753
4378.70 16.9755
4378.75 16.9757
4378.80 16.9759
4378.85 16.9761
4378.90 16.9763
4378.95 16.9765
4379.00 16.9767
4379.05 16.9769
4379.10 16.9771
4379.15 16.9773
4379.20 16.9775
4379.25 16.9777
4379.30 16.9779
4379.35 16.9781
4379.40 16.9783
4379.45 16.9785
4379.50 16.9787
4379.55 16.9789
4379.60 16.9791
4379.65 16.9793
4379.70 16.9795
4379.75 16.9797
4379.80 16.9799
4379.85 16.9801
4379.90 16.9803
4379.95 16.9805
4380.00 16.9807
4380.05 16.9809
4380.10 16.9811
4380.15 16.9813
4380.20 16.9815
4380.25 16.9816
4380.30 16.9818
4380.35 16.9820
4380.40 16.9822
4380.45 16.9824
4380.50 16.9826
4380.55 16.9828
4380.60 16.9829
4380.65 16.9831
4380.70 16.9833
4380.75 16.9835
4380.80 16.9837
4380.85 16.9838
4380.90 16.9840
4380.95 16.9842
4381.00 16.9844
4381.05 16.9845
4381.10 16.9847
4381.15 16.9849
4381.20 16.9850
4381.25 16.9852
4381.30 16.9854
4381.35 16.9855
4381.40 16.9857
4381.45 16.9858
4381.50 16.9860
4381.55 16.9861
4381.60 16.9863
4381.65 16.9865
4381.70 16.9866
4381.75 16.9867
4381.80 16.9869
4381.85 16.9870
4381.90 16.9872
4381.95 16.9873
4382.00 16.9875
4382.05 16.9876
4382.10 16.9877
4382.15 16.9879
4382.20 16.9880
4382.25 16.9881
4382.30 16.9882
4382.35 16.9884
4382.40 16.9885
4382.45 16.9886
4382.50 16.9887
4382.55 16.9888
4382.60 16.9890
4382.65 16.9891
4382.70 16.9892
4382.75 16.9893
4382.80 16.9894
4382.85 16.9895
4382.90 16.9896
4382.95 16.9897
4383.00 16.9898
4383.05 16.9899
4383.10 16.9899
4383.15 16.9900
4383.20 16.9901
4383.25 16.9902
4383.30 16.9903
4383.35 16.9903
4383.40 16.9904
4383.45 16.9905
4383.50 16.9905
4383.55 16.9906
4383.60 16.9907
4383.65 16.9907
4383.70 16.9908
4383.75 16.9908
4383.80 16.9909
4383.85 16.9909
4383.90 16.9910
4383.95 16.9910
4384.00 16.9910
4384.05 16.9911
4384.10 16.9911
4384.15 16.9911
4384.20 16.9912
4384.25 16.9912
4384.30 16.9912
4384.35 16.9912
4384.40 16.9913
4384.45 16.9913
4384.50 16.9913
4384.55 16.9913
4384.60 16.9913
4384.65 16.9913
4384.70 16.9913
4384.75 16.9913
4384.80 16.9913
4384.85 16.9913
4384.90 16.9913
4384.95 16.9913
4385.00 16.9913
4385.05 16.9912
4385.10 16.9912
4385.15 16.9912
4385.20 16.9912
4385.25 16.9911
4385.30 16.9911
4385.35 16.9911
4385.40 16.9910
4385.45 16.9910
4385.50 16.9910
4385.55 16.9909
4385.60 16.9909
4385.65 16.9908
4385.70 16.9908
4385.75 16.9907
4385.80 16.9907
4385.85 16.9906
4385.90 16.9906
4385.95 16.9905
4386.00 16.9905
4386.05 16.9904
4386.10 16.9903
4386.15 16.9903
4386.20 16.9902
4386.25 16.9901
4386.30 16.9901
4386.35 16.9900
4386.40 16.9899
4386.45 16.9898
4386.50 16.9898
4386.55 16.9897
4386.60 16.9896
4386.65 16.9895
4386.70 16.9894
4386.75 16.9893
4386.80 16.9892
4386.85 16.9891
4386.90 16.9891
4386.95 16.9890
4387.00 16.9889
4387.05 16.9888
4387.10 16.9887
4387.15 16.9886
4387.20 16.9885
4387.25 16.9884
4387.30 16.9883
4387.35 16.9882
4387.40 16.9880
4387.45 16.9879
4387.50 16.9878
4387.55 16.9877
4387.60 16.9876
4387.65 16.9875
4387.70 16.9874
4387.75 16.9873
4387.80 16.9872
4387.85 16.9870
4387.90 16.9869
4387.95 16.9868
4388.00 16.9867
4388.05 16.9866
4388.10 16.9864
4388.15 16.9863
4388.20 16.9862
4388.25 16.9861
4388.30 16.9859
4388.35 16.9858
4388.40 16.9857
4388.45 16.9855
4388.50 16.9854
4388.55 16.9853
4388.60 16.9852
4388.65 16.9850
4388.70 16.9849
4388.75 16.9848
4388.80 16.9846
4388.85 16.9845
4388.90 16.9843
4388.95 16.9842
4389.00 16.9841
4389.05 16.9839
4389.10 16.9838
4389.15 16.9836
4389.20 16.9835
4389.25 16.9833
4389.30 16.9832
4389.35 16.9831
4389.40 16.9829
4389.45 16.9828
4389.50 16.9826
4389.55 16.9825
4389.60 16.9823
4389.65 16.9822
4389.70 16.9820
4389.75 16.9818
4389.80 16.9817
4389.85 16.9815
4389.90 16.9814
4389.95 16.9812
4390.00 16.9810
4390.05 16.9809
4390.10 16.9807
4390.15 16.9806
4390.20 16.9804
4390.25 16.9802
4390.30 16.9801
4390.35 16.9799
4390.40 16.9797
4390.45 16.9796
4390.50 16.9794
4390.55 16.9792
4390.60 16.9790
4390.65 16.9789
4390.70 16.9787
4390.75 16.9785
4390.80 16.9783
4390.85 16.9781
4390.90 16.9780
4390.95 16.9778
4391.00 16.9776
4391.05 16.9774
4391.10 16.9772
4391.15 16.9770
4391.20 16.9768
4391.25 16.9766
4391.30 16.9764
4391.35 16.9763
4391.40 16.9761
4391.45 16.9759
4391.50 16.9757
4391.55 16.9755
4391.60 16.9753
4391.65 16.9750
4391.70 16.9748
4391.75 16.9746
4391.80 16.9744
4391.85 16.9742
4391.90 16.9740
4391.95 16.9738
4392.00 16.9736
4392.05 16.9734
4392.10 16.9731
4392.15 16.9729
4392.20 16.9727
4392.25 16.9725
4392.30 16.9723
4392.35 16.9720
4392.40 16.9718
4392.45 16.9716
4392.50 16.9713
4392.55 16.9711
4392.60 16.9709
4392.65 16.9706
4392.70 16.9704
4392.75 16.9702
4392.80 16.9699
4392.85 16.9697
4392.90 16.9694
4392.95 16.9692
4393.00 16.9689
4393.05 16.9687
4393.10 16.9685
4393.15 16.9682
4393.20 16.9680
4393.25 16.9677
4393.30 16.9674
4393.35 16.9672
4393.40 16.9669
4393.45 16.9667
4393.50 16.9664
4393.55 16.9662
4393.60 16.9659
4393.65 16.9656
4393.70 16.9654
4393.75 16.9651
4393.80 16.9648
4393.85 16.9646
4393.90 16.9643
4393.95 16.9641
4394.00 16.9638
4394.05 16.9635
4394.10 16.9632
4394.15 16.9630
4394.20 16.9627
4394.25 16.9624
4394.30 16.9622
4394.35 16.9619
4394.40 16.9616
4394.45 16.9613
4394.50 16.9611
4394.55 16.9608
4394.60 16.9605
4394.65 16.9603
4394.70 16.9600
4394.75 16.9597
4394.80 16.9594
4394.85 16.9592
4394.90 16.9589
4394.95 16.9586
4395.00 16.9584
4395.05 16.9581
4395.10 16.9578
4395.15 16.9575
4395.20 16.9573
4395.25 16.9570
4395.30 16.9567
4395.35 16.9565
4395.40 16.9562
4395.45 16.9559
4395.50 16.9557
4395.55 16.9554
4395.60 16.9552
4395.65 16.9549
4395.70 16.9546
4395.75 16.9544
4395.80 16.9541
4395.85 16.9539
4395.90 16.9536
4395.95 16.9534
4396.00 16.9531
4396.05 16.9529
4396.10 16.9526
4396.15 16.9524
4396.20 16.9521
4396.25 16.9519
4396.30 16.9517
4396.35 16.9514
4396.40 16.9512
4396.45 16.9510
4396.50 16.9507
4396.55 16.9505
4396.60 16.9503
4396.65 16.9501
4396.70 16.9499
4396.75 16.9496
4396.80 16.9494
4396.85 16.9492
4396.90 16.9490
4396.95 16.9488
4397.00 16.9486
4397.05 16.9484
4397.10 16.9482
4397.15 16.9480
4397.20 16.9478
4397.25 16.9477
4397.30 16.9475
4397.35 16.9473
4397.40 16.9471
4397.45 16.9470
4397.50 16.9468
4397.55 16.9466
4397.60 16.9465
4397.65 16.9463
4397.70 16.9462
4397.75 16.9460
4397.80 16.9459
4397.85 16.9457
4397.90 16.9456
4397.95 16.9455
4398.00 16.9453
4398.05 16.9452
4398.10 16.9451
4398.15 16.9450
4398.20 16.9449
4398.25 16.9447
4398.30 16.9446
4398.35 16.9445
4398.40 16.9444
4398.45 16.9443
4398.50 16.9443
4398.55 16.9442
4398.60 16.9441
4398.65 16.9440
4398.70 16.9439
4398.75 16.9439
4398.80 16.9438
4398.85 16.9438
4398.90 16.9437
4398.95 16.9436
4399.00 16.9436
4399.05 16.9436
4399.10 16.9435
4399.15 16.9435
4399.20 16.9434
4399.25 16.9434
4399.30 16.9434
4399.35 16.9434
4399.40 16.9434
4399.45 16.9433
4399.50 16.9433
4399.55 16.9433
4399.60 16.9433
4399.65 16.9433
4399.70 16.9433
4399.75 16.9433
4399.80 16.9434
4399.85 16.9434
4399.90 16.9434
4399.95 16.9434
4400.00 16.9434
4400.05 16.9435
4400.10 16.9435
4400.15 16.9435
4400.20 16.9436
4400.25 16.9436
4400.30 16.9437
4400.35 16.9437
4400.40 16.9437
4400.45 16.9438
4400.50 16.9439
4400.55 16.9439
4400.60 16.9440
4400.65 16.9440
4400.70 16.9441
4400.75 16.9442
4400.80 16.9442
4400.85 16.9443
4400.90 16.9444
4400.95 16.9444
4401.00 16.9445
4401.05 16.9446
4401.10 16.9447
4401.15 16.9448
4401.20 16.9448
4401.25 16.9449
4401.30 16.9450
4401.35 16.9451
4401.40 16.9452
4401.45 16.9453
4401.50 16.9453
4401.55 16.9454
4401.60 16.9455
4401.65 16.9456
4401.70 16.9457
4401.75 16.9458
4401.80 16.9459
4401.85 16.9460
4401.90 16.9460
4401.95 16.9461
4402.00 16.9462
4402.05 16.9463
4402.10 16.9464
4402.15 16.9465
4402.20 16.9466
4402.25 16.9466
4402.30 16.9467
4402.35 16.9468
4402.40 16.9469
4402.45 16.9470
4402.50 16.9470
4402.55 16.9471
4402.60 16.9472
4402.65 16.9473
4402.70 16.9473
4402.75 16.9474
4402.80 16.9475
4402.85 16.9475
4402.90 16.9476
4402.95 16.9476
4403.00 16.9477
4403.05 16.9477
4403.10 16.9478
4403.15 16.9478
4403.20 16.9479
4403.25 16.9479
4403.30 16.9480
4403.35 16.9480
4403.40 16.9480
4403.45 16.9481
4403.50 16.9481
4403.55 16.9481
4403.60 16.9481
4403.65 16.9481
4403.70 16.9482
4403.75 16.9482
4403.80 16.9482
4403.85 16.9482
4403.90 16.9482
4403.95 16.9482
4404.00 16.9481
4404.05 16.9481
4404.10 16.9481
4404.15 16.9481
4404.20 16.9481
4404.25 16.9480
4404.30 16.9480
4404.35 16.9479
4404.40 16.9479
4404.45 16.9478
4404.50 16.9478
4404.55 16.9477
4404.60 16.9477
4404.65 16.9476
4404.70 16.9475
4404.75 16.9474
4404.80 16.9473
4404.85 16.9473
4404.90 16.9472
4404.95 16.9471
4405.00 16.9470
4405.05 16.9468
4405.10 16.9467
4405.15 16.9466
4405.20 16.9465
4405.25 16.9463
4405.30 16.9462
4405.35 16.9461
4405.40 16.9459
4405.45 16.9458
4405.50 16.9456
4405.55 16.9455
4405.60 16.9453
4405.65 16.9451
4405.70 16.9449
4405.75 16.9448
4405.80 16.9446
4405.85 16.9444
4405.90 16.9442
4405.95 16.9440
4406.00 16.9438
4406.05 16.9436
4406.10 16.9433
4406.15 16.9431
4406.20 16.9429
4406.25 16.9427
4406.30 16.9424
4406.35 16.9422
4406.40 16.9419
4406.45 16.9417
4406.50 16.9414
4406.55 16.9412
4406.60 16.9409
4406.65 16.9407
4406.70 16.9404
4406.75 16.9401
4406.80 16.9398
4406.85 16.9395
4406.90 16.9392
4406.95 16.9390
4407.00 16.9387
4407.05 16.9384
4407.10 16.9381
4407.15 16.9377
4407.20 16.9374
4407.25 16.9371
4407.30 16.9368
4407.35 16.9365
4407.40 16.9361
4407.45 16.9358
4407.50 16.9355
4407.55 16.9351
4407.60 16.9348
4407.65 16.9345
4407.70 16.9341
4407.75 16.9338
4407.80 16.9334
4407.85 16.9331
4407.90 16.9327
4407.95 16.9323
4408.00 16.9320
4408.05 16.9316
4408.10 16.9312
4408.15 16.9309
4408.20 16.9305
4408.25 16.9301
4408.30 16.9297
4408.35 16.9294
4408.40 16.9290
4408.45 16.9286
4408.50 16.9282
4408.55 16.9278
4408.60 16.9274
4408.65 16.9270
4408.70 16.9266
4408.75 16.9263
4408.80 16.9259
4408.85 16.9255
4408.90 16.9251
4408.95 16.9247
4409.00 16.9243
4409.05 16.9238
4409.10 16.9234
4409.15 16.9230
4409.20 16.9226
4409.25 16.9222
4409.30 16.9218
4409.35 16.9214
4409.40 16.9210
4409.45 16.9206
4409.50 16.9202
4409.55 16.9197
4409.60 16.9193
4409.65 16.9189
4409.70 16.9185
4409.75 16.9181
4409.80 16.9176
4409.85 16.9172
4409.90 16.9168
4409.95 16.9164
4410.00 16.9160
4410.05 16.9155
4410.10 16.9151
4410.15 16.9147
4410.20 16.9143
4410.25 16.9138
4410.30 16.9134
4410.35 16.9130
4410.40 16.9126
4410.45 16.9121
4410.50 16.9117
4410.55 16.9113
4410.60 16.9109
4410.65 16.9104
4410.70 16.9100
4410.75 16.9096
4410.80 16.9092
4410.85 16.9087
4410.90 16.9083
4410.95 16.9079
4411.00 16.9074
4411.05 16.9070
4411.10 16.9066
4411.15 16.9061
4411.20 16.9057
4411.25 16.9053
4411.30 16.9048
4411.35 16.9044
4411.40 16.9040
4411.45 16.9035
4411.50 16.9031
4411.55 16.9027
4411.60 16.9022
4411.65 16.9018
4411.70 16.9014
4411.75 16.9009
4411.80 16.9005
4411.85 16.9000
4411.90 16.8996
4411.95 16.8991
4412.00 16.8987
4412.05 16.8982
4412.10 16.8978
4412.15 16.8974
4412.20 16.8969
4412.25 16.8964
4412.30 16.8960
4412.35 16.8955
4412.40 16.8951
4412.45 16.8946
4412.50 16.8942
4412.55 16.8937
4412.60 16.8932
4412.65 16.8928
4412.70 16.8923
4412.75 16.8918
4412.80 16.8914
4412.85 16.8909
4412.90 16.8904
4412.95 16.8899
4413.00 16.8895
4413.05 16.8890
4413.10 16.8885
4413.15 16.8880
4413.20 16.8875
4413.25 16.8870
4413.30 16.8865
4413.35 16.8860
4413.40 16.8855
4413.45 16.8850
4413.50 16.8845
4413.55 16.8840
4413.60 16.8835
4413.65 16.8830
4413.70 16.8825
4413.75 16.8820
4413.80 16.8814
4413.85 16.8809
4413.90 16.8804
4413.95 16.8798
4414.00 16.8793
4414.05 16.8787
4414.10 16.8782
4414.15 16.8776
4414.20 16.8771
4414.25 16.8765
4414.30 16.8760
4414.35 16.8754
4414.40 16.8748
4414.45 16.8742
4414.50 16.8737
4414.55 16.8731
4414.60 16.8725
4414.65 16.8719
4414.70 16.8713
4414.75 16.8707
4414.80 16.8701
4414.85 16.8695
4414.90 16.8689
4414.95 16.8682
4415.00 16.8676
4415.05 16.8670
4415.10 16.8664
4415.15 16.8657
4415.20 16.8651
4415.25 16.8644
4415.30 16.8638
4415.35 16.8631
4415.40 16.8624
4415.45 16.8618
4415.50 16.8611
4415.55 16.8604
4415.60 16.8597
4415.65 16.8590
4415.70 16.8583
4415.75 16.8576
4415.80 16.8569
4415.85 16.8562
4415.90 16.8555
4415.95 16.8548
4416.00 16.8541
4416.05 16.8533
4416.10 16.8526
4416.15 16.8518
4416.20 16.8511
4416.25 16.8503
4416.30 16.8496
4416.35 16.8488
4416.40 16.8481
4416.45 16.8473
4416.50 16.8465
4416.55 16.8457
4416.60 16.8449
4416.65 16.8441
4416.70 16.8433
4416.75 16.8425
4416.80 16.8417
4416.85 16.8409
4416.90 16.8401
4416.95 16.8393
4417.00 16.8384
4417.05 16.8376
4417.10 16.8368
4417.15 16.8359
4417.20 16.8351
4417.25 16.8342
4417.30 16.8334
4417.35 16.8325
4417.40 16.8316
4417.45 16.8308
4417.50 16.8299
4417.55 16.8290
4417.60 16.8281
4417.65 16.8272
4417.70 16.8264
4417.75 16.8255
4417.80 16.8246
4417.85 16.8237
4417.90 16.8228
4417.95 16.8218
4418.00 16.8209
4418.05 16.8200
4418.10 16.8191
4418.15 16.8182
4418.20 16.8172
4418.25 16.8163
4418.30 16.8154
4418.35 16.8144
4418.40 16.8135
4418.45 16.8126
4418.50 16.8116
4418.55 16.8107
4418.60 16.8097
4418.65 16.8088
4418.70 16.8078
4418.75 16.8068
4418.80 16.8059
4418.85 16.8049
4418.90 16.8040
4418.95 16.8030
4419.00 16.8020
4419.05 16.8011
4419.10 16.8001
4419.15 16.7991
4419.20 16.7981
4419.25 16.7972
4419.30 16.7962
4419.35 16.7952
4419.40 16.7942
4419.45 16.7932
4419.50 16.7923
4419.55 16.7913
4419.60 16.7903
4419.65 16.7893
4419.70 16.7883
4419.75 16.7874
4419.80 16.7864
4419.85 16.7854
4419.90 16.7844
4419.95 16.7834
4420.00 16.7824
4420.05 16.7815
4420.10 16.7805
4420.15 16.7795
4420.20 16.7785
4420.25 16.7775
4420.30 16.7766
4420.35 16.7756
4420.40 16.7746
4420.45 16.7736
4420.50 16.7727
4420.55 16.7717
4420.60 16.7707
4420.65 16.7698
4420.70 16.7688
4420.75 16.7678
4420.80 16.7669
4420.85 16.7659
4420.90 16.7650
4420.95 16.7640
4421.00 16.7631
4421.05 16.7621
4421.10 16.7612
4421.15 16.7602
4421.20 16.7593
4421.25 16.7583
4421.30 16.7574
4421.35 16.7565
4421.40 16.7555
4421.45 16.7546
4421.50 16.7537
4421.55 16.7528
4421.60 16.7519
4421.65 16.7509
4421.70 16.7500
4421.75 16.7491
4421.80 16.7482
4421.85 16.7473
4421.90 16.7464
4421.95 16.7455
4422.00 16.7447
4422.05 16.7438
4422.10 16.7429
4422.15 16.7420
4422.20 16.7412
4422.25 16.7403
4422.30 16.7394
4422.35 16.7386
4422.40 16.7377
4422.45 16.7369
4422.50 16.7361
4422.55 16.7352
4422.60 16.7344
4422.65 16.7336
4422.70 16.7328
4422.75 16.7320
4422.80 16.7311
4422.85 16.7303
4422.90 16.7295
4422.95 16.7288
4423.00 16.7280
4423.05 16.7272
4423.10 16.7264
4423.15 16.7256
4423.20 16.7249
4423.25 16.7241
4423.30 16.7234
4423.35 16.7226
4423.40 16.7219
4423.45 16.7211
4423.50 16.7204
4423.55 16.7197
4423.60 16.7190
4423.65 16.7183
4423.70 16.7176
4423.75 16.7169
4423.80 16.7162
4423.85 16.7155
4423.90 16.7148
4423.95 16.7141
4424.00 16.7134
4424.05 16.7128
4424.10 16.7121
4424.15 16.7115
4424.20 16.7108
4424.25 16.7102
4424.30 16.7095
4424.35 16.7089
4424.40 16.7083
4424.45 16.7077
4424.50 16.7071
4424.55 16.7065
4424.60 16.7059
4424.65 16.7053
4424.70 16.7047
4424.75 16.7041
4424.80 16.7035
4424.85 16.7030
4424.90 16.7024
4424.95 16.7018
4425.00 16.7013
4425.05 16.7007
4425.10 16.7002
4425.15 16.6997
4425.20 16.6991
4425.25 16.6986
4425.30 16.6981
4425.35 16.6976
4425.40 16.6971
4425.45 16.6966
4425.50 16.6961
4425.55 16.6956
4425.60 16.6951
4425.65 16.6947
4425.70 16.6942
4425.75 16.6937
4425.80 16.6933
4425.85 16.6928
4425.90 16.6924
4425.95 16.6919
4426.00 16.6915
4426.05 16.6911
4426.10 16.6906
4426.15 16.6902
4426.20 16.6898
4426.25 16.6894
4426.30 16.6890
4426.35 16.6886
4426.40 16.6882
4426.45 16.6878
4426.50 16.6874
4426.55 16.6871
4426.60 16.6867
4426.65 16.6863
4426.70 16.6859
4426.75 16.6856
4426.80 16.6852
4426.85 16.6849
4426.90 16.6845
4426.95 16.6842
4427.00 16.6838
4427.05 16.6835
4427.10 16.6832
4427.15 16.6829
4427.20 16.6825
4427.25 16.6822
4427.30 16.6819
4427.35 16.6816
4427.40 16.6813
4427.45 16.6810
4427.50 16.6807
4427.55 16.6804
4427.60 16.6801
4427.65 16.6798
4427.70 16.6795
4427.75 16.6793
4427.80 16.6790
4427.85 16.6787
4427.90 16.6784
4427.95 16.6782
4428.00 16.6779
4428.05 16.6777
4428.10 16.6774
4428.15 16.6771
4428.20 16.6769
4428.25 16.6766
4428.30 16.6764
4428.35 16.6762
4428.40 16.6759
4428.45 16.6757
4428.50 16.6755
4428.55 16.6752
4428.60 16.6750
4428.65 16.6748
4428.70 16.6746
4428.75 16.6743
4428.80 16.6741
4428.85 16.6739
4428.90 16.6737
4428.95 16.6735
4429.00 16.6733
4429.05 16.6731
4429.10 16.6728
4429.15 16.6726
4429.20 16.6724
4429.25 16.6722
4429.30 16.6720
4429.35 16.6718
4429.40 16.6717
4429.45 16.6715
4429.50 16.6713
4429.55 16.6711
4429.60 16.6709
4429.65 16.6707
4429.70 16.6705
4429.75 16.6703
4429.80 16.6701
4429.85 16.6700
4429.90 16.6698
4429.95 16.6696
4430.00 16.6694
4430.05 16.6692
4430.10 16.6691
4430.15 16.6689
4430.20 16.6687
4430.25 16.6685
4430.30 16.6684
4430.35 16.6682
4430.40 16.6680
4430.45 16.6678
4430.50 16.6677
4430.55 16.6675
4430.60 16.6673
4430.65 16.6672
4430.70 16.6670
4430.75 16.6668
4430.80 16.6667
4430.85 16.6665
4430.90 16.6663
4430.95 16.6661
4431.00 16.6660
4431.05 16.6658
4431.10 16.6656
4431.15 16.6655
4431.20 16.6653
4431.25 16.6651
4431.30 16.6650
4431.35 16.6648
4431.40 16.6646
4431.45 16.6644
4431.50 16.6643
4431.55 16.6641
4431.60 16.6639
4431.65 16.6638
4431.70 16.6636
4431.75 16.6634
4431.80 16.6632
4431.85 16.6631
4431.90 16.6629
4431.95 16.6627
4432.00 16.6626
4432.05 16.6624
4432.10 16.6622
4432.15 16.6620
4432.20 16.6618
4432.25 16.6617
4432.30 16.6615
4432.35 16.6613
4432.40 16.6611
4432.45 16.6610
4432.50 16.6608
4432.55 16.6606
4432.60 16.6604
4432.65 16.6602
4432.70 16.6600
4432.75 16.6598
4432.80 16.6597
4432.85 16.6595
4432.90 16.6593
4432.95 16.6591
4433.00 16.6589
4433.05 16.6587
4433.10 16.6585
4433.15 16.6583
4433.20 16.6581
4433.25 16.6579
4433.30 16.6577
4433.35 16.6575
4433.40 16.6573
4433.45 16.6571
4433.50 16.6569
4433.55 16.6567
4433.60 16.6565
4433.65 16.6563
4433.70 16.6561
4433.75 16.6559
4433.80 16.6557
4433.85 16.6554
4433.90 16.6552
4433.95 16.6550
4434.00 16.6548
4434.05 16.6546
4434.10 16.6544
4434.15 16.6541
4434.20 16.6539
4434.25 16.6537
4434.30 16.6535
4434.35 16.6532
4434.40 16.6530
4434.45 16.6528
4434.50 16.6525
4434.55 16.6523
4434.60 16.6520
4434.65 16.6518
4434.70 16.6516
4434.75 16.6513
4434.80 16.6511
4434.85 16.6508
4434.90 16.6506
4434.95 16.6503
4435.00 16.6501
4435.05 16.6498
4435.10 16.6496
4435.15 16.6493
4435.20 16.6490
4435.25 16.6488
4435.30 16.6485
4435.35 16.6482
4435.40 16.6479
4435.45 16.6477
4435.50 16.6474
4435.55 16.6471
4435.60 16.6468
4435.65 16.6465
4435.70 16.6463
4435.75 16.6460
4435.80 16.6457
4435.85 16.6454
4435.90 16.6451
4435.95 16.6448
4436.00 16.6445
4436.05 16.6442
4436.10 16.6439
4436.15 16.6435
4436.20 16.6432
4436.25 16.6429
4436.30 16.6426
4436.35 16.6423
4436.40 16.6419
4436.45 16.6416
4436.50 16.6413
4436.55 16.6409
4436.60 16.6406
4436.65 16.6403
4436.70 16.6399
4436.75 16.6396
4436.80 16.6392
4436.85 16.6388
4436.90 16.6385
4436.95 16.6381
4437.00 16.6378
4437.05 16.6374
4437.10 16.6370
4437.15 16.6366
4437.20 16.6362
4437.25 16.6358
4437.30 16.6355
4437.35 16.6351
4437.40 16.6347
4437.45 16.6343
4437.50 16.6338
4437.55 16.6334
4437.60 16.6330
4437.65 16.6326
4437.70 16.6322
4437.75 16.6317
4437.80 16.6313
4437.85 16.6308
4437.90 16.6304
4437.95 16.6299
4438.00 16.6295
4438.05 16.6290
4438.10 16.6286
4438.15 16.6281
4438.20 16.6276
4438.25 16.6271
4438.30 16.6266
4438.35 16.6261
4438.40 16.6256
4438.45 16.6251
4438.50 16.6246
4438.55 16.6241
4438.60 16.6236
4438.65 16.6230
4438.70 16.6225
4438.75 16.6220
4438.80 16.6214
4438.85 16.6209
4438.90 16.6203
4438.95 16.6197
4439.00 16.6192
4439.05 16.6186
4439.10 16.6180
4439.15 16.6174
4439.20 16.6168
4439.25 16.6162
4439.30 16.6156
4439.35 16.6150
4439.40 16.6143
4439.45 16.6137
4439.50 16.6130
4439.55 16.6124
4439.60 16.6117
4439.65 16.6111
4439.70 16.6104
4439.75 16.6097
4439.80 16.6090
4439.85 16.6083
4439.90 16.6076
4439.95 16.6069
4440.00 16.6062
4440.05 16.6055
4440.10 16.6047
4440.15 16.6040
4440.20 16.6033
4440.25 16.6025
4440.30 16.6017
4440.35 16.6010
4440.40 16.6002
4440.45 16.5994
4440.50 16.5986
4440.55 16.5978
4440.60 16.5969
4440.65 16.5961
4440.70 16.5953
4440.75 16.5944
4440.80 16.5936
4440.85 16.5927
4440.90 16.5919
4440.95 16.5910
4441.00 16.5901
4441.05 16.5892
4441.10 16.5883
4441.15 16.5874
4441.20 16.5864
4441.25 16.5855
4441.30 16.5846
4441.35 16.5836
4441.40 16.5826
4441.45 16.5817
4441.50 16.5807
4441.55 16.5797
4441.60 16.5787
4441.65 16.5777
4441.70 16.5767
4441.75 16.5756
4441.80 16.5746
4441.85 16.5735
4441.90 16.5725
4441.95 16.5714
4442.00 16.5703
4442.05 16.5692
4442.10 16.5681
4442.15 16.5670
4442.20 16.5659
4442.25 16.5648
4442.30 16.5636
4442.35 16.5625
4442.40 16.5613
4442.45 16.5602
4442.50 16.5590
4442.55 16.5578
4442.60 16.5566
4442.65 16.5554
4442.70 16.5541
4442.75 16.5529
4442.80 16.5517
4442.85 16.5504
4442.90 16.5492
4442.95 16.5479
4443.00 16.5466
4443.05 16.5453
4443.10 16.5440
4443.15 16.5427
4443.20 16.5414
4443.25 16.5400
4443.30 16.5387
4443.35 16.5374
4443.40 16.5360
4443.45 16.5346
4443.50 16.5332
4443.55 16.5318
4443.60 16.5304
4443.65 16.5290
4443.70 16.5276
4443.75 16.5262
4443.80 16.5247
4443.85 16.5233
4443.90 16.5218
4443.95 16.5203
4444.00 16.5189
4444.05 16.5174
4444.10 16.5159
4444.15 16.5143
4444.20 16.5128
4444.25 16.5113
4444.30 16.5098
4444.35 16.5082
4444.40 16.5066
4444.45 16.5051
4444.50 16.5035
4444.55 16.5019
4444.60 16.5003
4444.65 16.4987
4444.70 16.4971
4444.75 16.4955
4444.80 16.4938
4444.85 16.4922
4444.90 16.4905
4444.95 16.4889
4445.00 16.4872
4445.05 16.4855
4445.10 16.4838
4445.15 16.4821
4445.20 16.4804
4445.25 16.4787
4445.30 16.4770
4445.35 16.4753
4445.40 16.4735
4445.45 16.4718
4445.50 16.4700
4445.55 16.4683
4445.60 16.4665
4445.65 16.4647
4445.70 16.4630
4445.75 16.4612
4445.80 16.4594
4445.85 16.4576
4445.90 16.4557
4445.95 16.4539
4446.00 16.4521
4446.05 16.4503
4446.10 16.4484
4446.15 16.4466
4446.20 16.4447
4446.25 16.4428
4446.30 16.4410
4446.35 16.4391
4446.40 16.4372
4446.45 16.4353
4446.50 16.4334
4446.55 16.4315
4446.60 16.4296
4446.65 16.4277
4446.70 16.4258
4446.75 16.4239
4446.80 16.4219
4446.85 16.4200
4446.90 16.4180
4446.95 16.4161
4447.00 16.4142
4447.05 16.4122
4447.10 16.4102
4447.15 16.4083
4447.20 16.4063
4447.25 16.4043
4447.30 16.4024
4447.35 16.4004
4447.40 16.3984
4447.45 16.3964
4447.50 16.3944
4447.55 16.3924
4447.60 16.3904
4447.65 16.3884
4447.70 16.3864
4447.75 16.3844
4447.80 16.3824
4447.85 16.3804
4447.90 16.3784
4447.95 16.3764
4448.00 16.3744
4448.05 16.3723
4448.10 16.3703
4448.15 16.3683
4448.20 16.3663
4448.25 16.3643
4448.30 16.3622
4448.35 16.3602
4448.40 16.3582
4448.45 16.3562
4448.50 16.3541
4448.55 16.3521
4448.60 16.3501
4448.65 16.3481
4448.70 16.3460
4448.75 16.3440
4448.80 16.3420
4448.85 16.3400
4448.90 16.3379
4448.95 16.3359
4449.00 16.3339
4449.05 16.3319
4449.10 16.3299
4449.15 16.3279
4449.20 16.3259
4449.25 16.3239
4449.30 16.3219
4449.35 16.3199
4449.40 16.3179
4449.45 16.3159
4449.50 16.3139
4449.55 16.3119
4449.60 16.3099
4449.65 16.3079
4449.70 16.3060
4449.75 16.3040
4449.80 16.3021
4449.85 16.3001
4449.90 16.2982
4449.95 16.2962
4450.00 16.2943
4450.05 16.2923
4450.10 16.2904
4450.15 16.2885
4450.20 16.2866
4450.25 16.2847
4450.30 16.2828
4450.35 16.2809
4450.40 16.2790
4450.45 16.2772
4450.50 16.2753
4450.55 16.2734
4450.60 16.2716
4450.65 16.2698
4450.70 16.2679
4450.75 16.2661
4450.80 16.2643
4450.85 16.2625
4450.90 16.2607
4450.95 16.2589
4451.00 16.2572
4451.05 16.2554
4451.10 16.2537
4451.15 16.2519
4451.20 16.2502
4451.25 16.2485
4451.30 16.2468
4451.35 16.2451
4451.40 16.2435
4451.45 16.2418
4451.50 16.2402
4451.55 16.2385
4451.60 16.2369
4451.65 16.2353
4451.70 16.2337
4451.75 16.2321
4451.80 16.2306
4451.85 16.2290
4451.90 16.2275
4451.95 16.2260
4452.00 16.2245
4452.05 16.2230
4452.10 16.2215
4452.15 16.2200
4452.20 16.2186
4452.25 16.2172
4452.30 16.2158
4452.35 16.2144
4452.40 16.2130
4452.45 16.2117
4452.50 16.2103
4452.55 16.2090
4452.60 16.2077
4452.65 16.2064
4452.70 16.2052
4452.75 16.2039
4452.80 16.2027
4452.85 16.2015
4452.90 16.2003
4452.95 16.1991
4453.00 16.1980
4453.05 16.1968
4453.10 16.1957
4453.15 16.1946
4453.20 16.1936
4453.25 16.1925
4453.30 16.1915
4453.35 16.1905
4453.40 16.1895
4453.45 16.1885
4453.50 16.1876
4453.55 16.1867
4453.60 16.1858
4453.65 16.1849
4453.70 16.1840
4453.75 16.1832
4453.80 16.1824
4453.85 16.1816
4453.90 16.1808
4453.95 16.1801
4454.00 16.1794
4454.05 16.1787
4454.10 16.1780
4454.15 16.1773
4454.20 16.1767
4454.25 16.1761
4454.30 16.1755
4454.35 16.1749
4454.40 16.1744
4454.45 16.1739
4454.50 16.1734
4454.55 16.1729
4454.60 16.1725
4454.65 16.1721
4454.70 16.1717
4454.75 16.1713
4454.80 16.1710
4454.85 16.1707
4454.90 16.1704
4454.95 16.1701
4455.00 16.1698
4455.05 16.1696
4455.10 16.1694
4455.15 16.1692
4455.20 16.1691
4455.25 16.1690
4455.30 16.1689
4455.35 16.1688
4455.40 16.1688
4455.45 16.1687
