5287.50 6.7525
5287.55 6.7525
5287.60 6.7525
5287.65 6.7525
5287.70 6.7526
5287.75 6.7526
5287.80 6.7527
5287.85 6.7528
5287.90 6.7528
5287.95 6.7529
5288.00 6.7530
5288.05 6.7531
5288.10 6.7532
5288.15 6.7533
5288.20 6.7535
5288.25 6.7536
5288.30 6.7537
5288.35 6.7539
5288.40 6.7541
5288.45 6.7542
5288.50 6.7544
5288.55 6.7546
5288.60 6.7548
5288.65 6.7550
5288.70 6.7552
5288.75 6.7555
5288.80 6.7557
5288.85 6.7559
5288.90 6.7562
5288.95 6.7564
5289.00 6.7567
5289.05 6.7570
5289.10 6.7573
5289.15 6.7576
5289.20 6.7579
5289.25 6.7582
5289.30 6.7585
5289.35 6.7588
5289.40 6.7591
5289.45 6.7595
5289.50 6.7598
5289.55 6.7602
5289.60 6.7606
5289.65 6.7609
5289.70 6.7613
5289.75 6.7617
5289.80 6.7621
5289.85 6.7625
5289.90 6.7629
5289.95 6.7633
5290.00 6.7637
5290.05 6.7642
5290.10 6.7646
5290.15 6.7651
5290.20 6.7655
5290.25 6.7660
5290.30 6.7664
5290.35 6.7669
5290.40 6.7674
5290.45 6.7679
5290.50 6.7683
5290.55 6.7688
5290.60 6.7693
5290.65 6.7699
5290.70 6.7704
5290.75 6.7709
5290.80 6.7714
5290.85 6.7719
5290.90 6.7725
5290.95 6.7730
5291.00 6.7736
5291.05 6.7741
5291.10 6.7747
5291.15 6.7752
5291.20 6.7758
5291.25 6.7764
5291.30 6.7770
5291.35 6.7775
5291.40 6.7781
5291.45 6.7787
5291.50 6.7793
5291.55 6.7799
5291.60 6.7805
5291.65 6.7811
5291.70 6.7817
5291.75 6.7824
5291.80 6.7830
5291.85 6.7836
5291.90 6.7842
5291.95 6.7849
5292.00 6.7855
5292.05 6.7861
5292.10 6.7868
5292.15 6.7874
5292.20 6.7881
5292.25 6.7887
5292.30 6.7894
5292.35 6.7900
5292.40 6.7907
5292.45 6.7913
5292.50 6.7920
5292.55 6.7926
5292.60 6.7933
5292.65 6.7940
5292.70 6.7946
5292.75 6.7953
5292.80 6.7960
5292.85 6.7967
5292.90 6.7973
5292.95 6.7980
5293.00 6.7987
5293.05 6.7994
5293.10 6.8001
5293.15 6.8007
5293.20 6.8014
5293.25 6.8021
5293.30 6.8028
5293.35 6.8035
5293.40 6.8042
5293.45 6.8048
5293.50 6.8055
5293.55 6.8062
5293.60 6.8069
5293.65 6.8076
5293.70 6.8083
5293.75 6.8090
5293.80 6.8096
5293.85 6.8103
5293.90 6.8110
5293.95 6.8117
5294.00 6.8124
5294.05 6.8131
5294.10 6.8137
5294.15 6.8144
5294.20 6.8151
5294.25 6.8158
5294.30 6.8165
5294.35 6.8172
5294.40 6.8178
5294.45 6.8185
5294.50 6.8192
5294.55 6.8199
5294.60 6.8205
5294.65 6.8212
5294.70 6.8219
5294.75 6.8225
5294.80 6.8232
5294.85 6.8239
5294.90 6.8245
5294.95 6.8252
5295.00 6.8258
5295.05 6.8265
5295.10 6.8271
5295.15 6.8278
5295.20 6.8284
5295.25 6.8291
5295.30 6.8297
5295.35 6.8304
5295.40 6.8310
5295.45 6.8316
5295.50 6.8323
5295.55 6.8329
5295.60 6.8335
5295.65 6.8342
5295.70 6.8348
5295.75 6.8354
5295.80 6.8360
5295.85 6.8366
5295.90 6.8372
5295.95 6.8378
5296.00 6.8385
5296.05 6.8391
5296.10 6.8397
5296.15 6.8402
5296.20 6.8408
5296.25 6.8414
5296.30 6.8420
5296.35 6.8426
5296.40 6.8432
5296.45 6.8437
5296.50 6.8443
5296.55 6.8449
5296.60 6.8455
5296.65 6.8460
5296.70 6.8466
5296.75 6.8471
5296.80 6.8477
5296.85 6.8482
5296.90 6.8488
5296.95 6.8493
5297.00 6.8498
5297.05 6.8504
5297.10 6.8509
5297.15 6.8514
5297.20 6.8519
5297.25 6.8525
5297.30 6.8530
5297.35 6.8535
5297.40 6.8540
5297.45 6.8545
5297.50 6.8550
5297.55 6.8555
5297.60 6.8560
5297.65 6.8564
5297.70 6.8569
5297.75 6.8574
5297.80 6.8579
5297.85 6.8583
5297.90 6.8588
5297.95 6.8593
5298.00 6.8597
5298.05 6.8602
5298.10 6.8606
5298.15 6.8611
5298.20 6.8615
5298.25 6.8620
5298.30 6.8624
5298.35 6.8628
5298.40 6.8633
5298.45 6.8637
5298.50 6.8641
5298.55 6.8645
5298.60 6.8649
5298.65 6.8653
5298.70 6.8657
5298.75 6.8661
5298.80 6.8665
5298.85 6.8669
5298.90 6.8673
5298.95 6.8677
5299.00 6.8681
5299.05 6.8685
5299.10 6.8688
5299.15 6.8692
5299.20 6.8696
5299.25 6.8699
5299.30 6.8703
5299.35 6.8707
5299.40 6.8710
5299.45 6.8714
5299.50 6.8717
5299.55 6.8721
5299.60 6.8724
5299.65 6.8727
5299.70 6.8731
5299.75 6.8734
5299.80 6.8737
5299.85 6.8741
5299.90 6.8744
5299.95 6.8747
5300.00 6.8750
5300.05 6.8753
5300.10 6.8756
5300.15 6.8759
5300.20 6.8762
5300.25 6.8765
5300.30 6.8768
5300.35 6.8771
5300.40 6.8774
5300.45 6.8777
5300.50 6.8780
5300.55 6.8783
5300.60 6.8786
5300.65 6.8788
5300.70 6.8791
5300.75 6.8794
5300.80 6.8797
5300.85 6.8799
5300.90 6.8802
5300.95 6.8805
5301.00 6.8807
5301.05 6.8810
5301.10 6.8812
5301.15 6.8815
5301.20 6.8817
5301.25 6.8820
5301.30 6.8822
5301.35 6.8825
5301.40 6.8827
5301.45 6.8830
5301.50 6.8832
5301.55 6.8834
5301.60 6.8837
5301.65 6.8839
5301.70 6.8842
5301.75 6.8844
5301.80 6.8846
5301.85 6.8848
5301.90 6.8851
5301.95 6.8853
5302.00 6.8855
5302.05 6.8857
5302.10 6.8860
5302.15 6.8862
5302.20 6.8864
5302.25 6.8866
5302.30 6.8868
5302.35 6.8870
5302.40 6.8873
5302.45 6.8875
5302.50 6.8877
5302.55 6.8879
5302.60 6.8881
5302.65 6.8883
5302.70 6.8885
5302.75 6.8887
5302.80 6.8889
5302.85 6.8891
5302.90 6.8893
5302.95 6.8895
5303.00 6.8897
5303.05 6.8899
5303.10 6.8902
5303.15 6.8904
5303.20 6.8906
5303.25 6.8908
5303.30 6.8910
5303.35 6.8912
5303.40 6.8914
5303.45 6.8916
5303.50 6.8918
5303.55 6.8920
5303.60 6.8922
5303.65 6.8924
5303.70 6.8926
5303.75 6.8928
5303.80 6.8930
5303.85 6.8932
5303.90 6.8934
5303.95 6.8936
5304.00 6.8938
5304.05 6.8940
5304.10 6.8942
5304.15 6.8944
5304.20 6.8946
5304.25 6.8948
5304.30 6.8950
5304.35 6.8952
5304.40 6.8954
5304.45 6.8956
5304.50 6.8958
5304.55 6.8960
5304.60 6.8962
5304.65 6.8964
5304.70 6.8966
5304.75 6.8968
5304.80 6.8970
5304.85 6.8972
5304.90 6.8974
5304.95 6.8977
5305.00 6.8979
5305.05 6.8981
5305.10 6.8983
5305.15 6.8985
5305.20 6.8987
5305.25 6.8989
5305.30 6.8992
5305.35 6.8994
5305.40 6.8996
5305.45 6.8998
5305.50 6.9000
5305.55 6.9003
5305.60 6.9005
5305.65 6.9007
5305.70 6.9010
5305.75 6.9012
5305.80 6.9014
5305.85 6.9016
5305.90 6.9019
5305.95 6.9021
5306.00 6.9023
5306.05 6.9026
5306.10 6.9028
5306.15 6.9031
5306.20 6.9033
5306.25 6.9035
5306.30 6.9038
5306.35 6.9040
5306.40 6.9043
5306.45 6.9045
5306.50 6.9048
5306.55 6.9050
5306.60 6.9053
5306.65 6.9055
5306.70 6.9058
5306.75 6.9060
5306.80 6.9063
5306.85 6.9065
5306.90 6.9068
5306.95 6.9071
5307.00 6.9073
5307.05 6.9076
5307.10 6.9078
5307.15 6.9081
5307.20 6.9084
5307.25 6.9087
5307.30 6.9089
5307.35 6.9092
5307.40 6.9095
5307.45 6.9097
5307.50 6.9100
5307.55 6.9103
5307.60 6.9106
5307.65 6.9109
5307.70 6.9111
5307.75 6.9114
5307.80 6.9117
5307.85 6.9120
5307.90 6.9123
5307.95 6.9126
5308.00 6.9129
5308.05 6.9131
5308.10 6.9134
5308.15 6.9137
5308.20 6.9140
5308.25 6.9143
5308.30 6.9146
5308.35 6.9149
5308.40 6.9152
5308.45 6.9155
5308.50 6.9158
5308.55 6.9161
5308.60 6.9164
5308.65 6.9167
5308.70 6.9170
5308.75 6.9173
5308.80 6.9176
5308.85 6.9179
5308.90 6.9182
5308.95 6.9185
5309.00 6.9188
5309.05 6.9191
5309.10 6.9194
5309.15 6.9197
5309.20 6.9200
5309.25 6.9204
5309.30 6.9207
5309.35 6.9210
5309.40 6.9213
5309.45 6.9216
5309.50 6.9219
5309.55 6.9222
5309.60 6.9225
5309.65 6.9228
5309.70 6.9231
5309.75 6.9234
5309.80 6.9237
5309.85 6.9240
5309.90 6.9244
5309.95 6.9247
5310.00 6.9250
5310.05 6.9253
5310.10 6.9256
5310.15 6.9259
5310.20 6.9262
5310.25 6.9265
5310.30 6.9268
5310.35 6.9271
5310.40 6.9274
5310.45 6.9277
5310.50 6.9280
5310.55 6.9283
5310.60 6.9286
5310.65 6.9289
5310.70 6.9291
5310.75 6.9294
5310.80 6.9297
5310.85 6.9300
5310.90 6.9303
5310.95 6.9306
5311.00 6.9309
5311.05 6.9311
5311.10 6.9314
5311.15 6.9317
5311.20 6.9320
5311.25 6.9322
5311.30 6.9325
5311.35 6.9328
5311.40 6.9330
5311.45 6.9333
5311.50 6.9335
5311.55 6.9338
5311.60 6.9340
5311.65 6.9343
5311.70 6.9345
5311.75 6.9348
5311.80 6.9350
5311.85 6.9353
5311.90 6.9355
5311.95 6.9357
5312.00 6.9359
5312.05 6.9362
5312.10 6.9364
5312.15 6.9366
5312.20 6.9368
5312.25 6.9370
5312.30 6.9372
5312.35 6.9374
5312.40 6.9376
5312.45 6.9378
5312.50 6.9380
5312.55 6.9382
5312.60 6.9384
5312.65 6.9385
5312.70 6.9387
5312.75 6.9389
5312.80 6.9390
5312.85 6.9392
5312.90 6.9393
5312.95 6.9395
5313.00 6.9396
5313.05 6.9398
5313.10 6.9399
5313.15 6.9400
5313.20 6.9401
5313.25 6.9403
5313.30 6.9404
5313.35 6.9405
5313.40 6.9406
5313.45 6.9407
5313.50 6.9408
5313.55 6.9408
5313.60 6.9409
5313.65 6.9410
5313.70 6.9411
5313.75 6.9411
5313.80 6.9412
5313.85 6.9412
5313.90 6.9413
5313.95 6.9413
5314.00 6.9413
5314.05 6.9413
5314.10 6.9414
5314.15 6.9414
5314.20 6.9414
5314.25 6.9414
5314.30 6.9414
5314.35 6.9413
5314.40 6.9413
5314.45 6.9413
5314.50 6.9413
5314.55 6.9412
5314.60 6.9412
5314.65 6.9411
5314.70 6.9411
5314.75 6.9410
5314.80 6.9409
5314.85 6.9408
5314.90 6.9407
5314.95 6.9407
5315.00 6.9406
5315.05 6.9404
5315.10 6.9403
5315.15 6.9402
5315.20 6.9401
5315.25 6.9399
5315.30 6.9398
5315.35 6.9397
5315.40 6.9395
5315.45 6.9393
5315.50 6.9392
5315.55 6.9390
5315.60 6.9388
5315.65 6.9386
5315.70 6.9384
5315.75 6.9382
5315.80 6.9380
5315.85 6.9378
5315.90 6.9375
5315.95 6.9373
5316.00 6.9371
5316.05 6.9368
5316.10 6.9366
5316.15 6.9363
5316.20 6.9360
5316.25 6.9358
5316.30 6.9355
5316.35 6.9352
5316.40 6.9349
5316.45 6.9346
5316.50 6.9343
5316.55 6.9340
5316.60 6.9337
5316.65 6.9333
5316.70 6.9330
5316.75 6.9327
5316.80 6.9323
5316.85 6.9320
5316.90 6.9316
5316.95 6.9313
5317.00 6.9309
5317.05 6.9305
5317.10 6.9301
5317.15 6.9297
5317.20 6.9293
5317.25 6.9289
5317.30 6.9285
5317.35 6.9281
5317.40 6.9277
5317.45 6.9273
5317.50 6.9268
5317.55 6.9264
5317.60 6.9260
5317.65 6.9255
5317.70 6.9251
5317.75 6.9246
5317.80 6.9241
5317.85 6.9237
5317.90 6.9232
5317.95 6.9227
5318.00 6.9222
5318.05 6.9218
5318.10 6.9213
5318.15 6.9208
5318.20 6.9203
5318.25 6.9198
5318.30 6.9192
5318.35 6.9187
5318.40 6.9182
5318.45 6.9177
5318.50 6.9172
5318.55 6.9166
5318.60 6.9161
5318.65 6.9156
5318.70 6.9150
5318.75 6.9145
5318.80 6.9139
5318.85 6.9134
5318.90 6.9128
5318.95 6.9122
5319.00 6.9117
5319.05 6.9111
5319.10 6.9105
5319.15 6.9099
5319.20 6.9094
5319.25 6.9088
5319.30 6.9082
5319.35 6.9076
5319.40 6.9070
5319.45 6.9064
5319.50 6.9058
5319.55 6.9052
5319.60 6.9046
5319.65 6.9040
5319.70 6.9034
5319.75 6.9028
5319.80 6.9022
5319.85 6.9016
5319.90 6.9010
5319.95 6.9004
5320.00 6.8998
5320.05 6.8991
5320.10 6.8985
5320.15 6.8979
5320.20 6.8973
5320.25 6.8967
5320.30 6.8960
5320.35 6.8954
5320.40 6.8948
5320.45 6.8942
5320.50 6.8935
5320.55 6.8929
5320.60 6.8923
5320.65 6.8916
5320.70 6.8910
5320.75 6.8904
5320.80 6.8897
5320.85 6.8891
5320.90 6.8885
5320.95 6.8878
5321.00 6.8872
5321.05 6.8866
5321.10 6.8859
5321.15 6.8853
5321.20 6.8847
5321.25 6.8840
5321.30 6.8834
5321.35 6.8828
5321.40 6.8821
5321.45 6.8815
5321.50 6.8809
5321.55 6.8802
5321.60 6.8796
5321.65 6.8790
5321.70 6.8783
5321.75 6.8777
5321.80 6.8771
5321.85 6.8764
5321.90 6.8758
5321.95 6.8752
5322.00 6.8745
5322.05 6.8739
5322.10 6.8733
5322.15 6.8727
5322.20 6.8720
5322.25 6.8714
5322.30 6.8708
5322.35 6.8702
5322.40 6.8696
5322.45 6.8689
5322.50 6.8683
5322.55 6.8677
5322.60 6.8671
5322.65 6.8665
5322.70 6.8659
5322.75 6.8653
5322.80 6.8647
5322.85 6.8641
5322.90 6.8634
5322.95 6.8628
5323.00 6.8622
5323.05 6.8616
5323.10 6.8610
5323.15 6.8604
5323.20 6.8598
5323.25 6.8592
5323.30 6.8587
5323.35 6.8581
5323.40 6.8575
5323.45 6.8569
5323.50 6.8563
5323.55 6.8557
5323.60 6.8551
5323.65 6.8545
5323.70 6.8540
5323.75 6.8534
5323.80 6.8528
5323.85 6.8522
5323.90 6.8517
5323.95 6.8511
5324.00 6.8505
5324.05 6.8500
5324.10 6.8494
5324.15 6.8488
5324.20 6.8483
5324.25 6.8477
5324.30 6.8471
5324.35 6.8466
5324.40 6.8460
5324.45 6.8455
5324.50 6.8449
5324.55 6.8444
5324.60 6.8438
5324.65 6.8433
5324.70 6.8427
5324.75 6.8422
5324.80 6.8416
5324.85 6.8411
5324.90 6.8405
5324.95 6.8400
5325.00 6.8395
5325.05 6.8389
5325.10 6.8384
5325.15 6.8379
5325.20 6.8373
5325.25 6.8368
5325.30 6.8363
5325.35 6.8357
5325.40 6.8352
5325.45 6.8347
5325.50 6.8342
5325.55 6.8337
5325.60 6.8331
5325.65 6.8326
5325.70 6.8321
5325.75 6.8316
5325.80 6.8311
5325.85 6.8306
5325.90 6.8300
5325.95 6.8295
5326.00 6.8290
5326.05 6.8285
5326.10 6.8280
5326.15 6.8275
5326.20 6.8270
5326.25 6.8265
5326.30 6.8260
5326.35 6.8255
5326.40 6.8250
5326.45 6.8245
5326.50 6.8240
5326.55 6.8235
5326.60 6.8230
5326.65 6.8225
5326.70 6.8220
5326.75 6.8215
5326.80 6.8210
5326.85 6.8206
5326.90 6.8201
5326.95 6.8196
5327.00 6.8191
5327.05 6.8186
5327.10 6.8181
5327.15 6.8176
5327.20 6.8172
5327.25 6.8167
5327.30 6.8162
5327.35 6.8157
5327.40 6.8152
5327.45 6.8148
5327.50 6.8143
5327.55 6.8138
5327.60 6.8133
5327.65 6.8129
5327.70 6.8124
5327.75 6.8119
5327.80 6.8114
5327.85 6.8110
5327.90 6.8105
5327.95 6.8100
5328.00 6.8095
5328.05 6.8091
5328.10 6.8086
5328.15 6.8081
5328.20 6.8077
5328.25 6.8072
5328.30 6.8067
5328.35 6.8063
5328.40 6.8058
5328.45 6.8054
5328.50 6.8049
5328.55 6.8044
5328.60 6.8040
5328.65 6.8035
5328.70 6.8030
5328.75 6.8026
5328.80 6.8021
5328.85 6.8017
5328.90 6.8012
5328.95 6.8007
5329.00 6.8003
5329.05 6.7998
5329.10 6.7994
5329.15 6.7989
5329.20 6.7985
5329.25 6.7980
5329.30 6.7976
5329.35 6.7971
5329.40 6.7967
5329.45 6.7962
5329.50 6.7958
5329.55 6.7953
5329.60 6.7949
5329.65 6.7944
5329.70 6.7940
5329.75 6.7935
5329.80 6.7931
5329.85 6.7926
5329.90 6.7922
5329.95 6.7917
5330.00 6.7913
5330.05 6.7908
5330.10 6.7904
5330.15 6.7899
5330.20 6.7895
5330.25 6.7890
5330.30 6.7886
5330.35 6.7882
5330.40 6.7877
5330.45 6.7873
5330.50 6.7868
5330.55 6.7864
5330.60 6.7860
5330.65 6.7855
5330.70 6.7851
5330.75 6.7846
5330.80 6.7842
5330.85 6.7838
5330.90 6.7833
5330.95 6.7829
5331.00 6.7824
5331.05 6.7820
5331.10 6.7816
5331.15 6.7811
5331.20 6.7807
5331.25 6.7803
5331.30 6.7798
5331.35 6.7794
5331.40 6.7790
5331.45 6.7785
5331.50 6.7781
5331.55 6.7777
5331.60 6.7772
5331.65 6.7768
5331.70 6.7764
5331.75 6.7759
5331.80 6.7755
5331.85 6.7751
5331.90 6.7746
5331.95 6.7742
5332.00 6.7738
5332.05 6.7734
5332.10 6.7729
5332.15 6.7725
5332.20 6.7721
5332.25 6.7717
5332.30 6.7712
5332.35 6.7708
5332.40 6.7704
5332.45 6.7699
5332.50 6.7695
5332.55 6.7691
5332.60 6.7687
5332.65 6.7682
5332.70 6.7678
5332.75 6.7674
5332.80 6.7670
5332.85 6.7665
5332.90 6.7661
5332.95 6.7657
5333.00 6.7653
5333.05 6.7648
5333.10 6.7644
5333.15 6.7640
5333.20 6.7636
5333.25 6.7632
5333.30 6.7627
5333.35 6.7623
5333.40 6.7619
5333.45 6.7615
5333.50 6.7610
5333.55 6.7606
5333.60 6.7602
5333.65 6.7598
5333.70 6.7593
5333.75 6.7589
5333.80 6.7585
5333.85 6.7581
5333.90 6.7577
5333.95 6.7572
5334.00 6.7568
5334.05 6.7564
5334.10 6.7560
5334.15 6.7555
5334.20 6.7551
5334.25 6.7547
5334.30 6.7543
5334.35 6.7539
5334.40 6.7534
5334.45 6.7530
5334.50 6.7526
5334.55 6.7522
5334.60 6.7517
5334.65 6.7513
5334.70 6.7509
5334.75 6.7505
5334.80 6.7500
5334.85 6.7496
5334.90 6.7492
5334.95 6.7488
5335.00 6.7484
5335.05 6.7479
5335.10 6.7475
5335.15 6.7471
5335.20 6.7467
5335.25 6.7462
5335.30 6.7458
5335.35 6.7454
5335.40 6.7449
5335.45 6.7445
5335.50 6.7441
5335.55 6.7437
5335.60 6.7432
5335.65 6.7428
5335.70 6.7424
5335.75 6.7420
5335.80 6.7415
5335.85 6.7411
5335.90 6.7407
5335.95 6.7402
5336.00 6.7398
5336.05 6.7394
5336.10 6.7389
5336.15 6.7385
5336.20 6.7381
5336.25 6.7376
5336.30 6.7372
5336.35 6.7368
5336.40 6.7363
5336.45 6.7359
5336.50 6.7355
5336.55 6.7350
5336.60 6.7346
5336.65 6.7342
5336.70 6.7337
5336.75 6.7333
5336.80 6.7329
5336.85 6.7324
5336.90 6.7320
5336.95 6.7316
5337.00 6.7311
5337.05 6.7307
5337.10 6.7303
5337.15 6.7298
5337.20 6.7294
5337.25 6.7289
5337.30 6.7285
5337.35 6.7281
5337.40 6.7276
5337.45 6.7272
5337.50 6.7267
5337.55 6.7263
5337.60 6.7259
5337.65 6.7254
5337.70 6.7250
5337.75 6.7245
5337.80 6.7241
5337.85 6.7237
5337.90 6.7232
5337.95 6.7228
5338.00 6.7223
5338.05 6.7219
5338.10 6.7214
5338.15 6.7210
5338.20 6.7206
5338.25 6.7201
5338.30 6.7197
5338.35 6.7192
5338.40 6.7188
5338.45 6.7183
5338.50 6.7179
5338.55 6.7175
5338.60 6.7170
5338.65 6.7166
5338.70 6.7161
5338.75 6.7157
5338.80 6.7152
5338.85 6.7148
5338.90 6.7143
5338.95 6.7139
5339.00 6.7135
5339.05 6.7130
5339.10 6.7126
5339.15 6.7121
5339.20 6.7117
5339.25 6.7112
5339.30 6.7108
5339.35 6.7104
5339.40 6.7099
5339.45 6.7095
5339.50 6.7090
5339.55 6.7086
5339.60 6.7081
5339.65 6.7077
5339.70 6.7072
5339.75 6.7068
5339.80 6.7064
5339.85 6.7059
5339.90 6.7055
5339.95 6.7050
5340.00 6.7046
5340.05 6.7042
5340.10 6.7037
5340.15 6.7033
5340.20 6.7028
5340.25 6.7024
5340.30 6.7020
5340.35 6.7015
5340.40 6.7011
5340.45 6.7006
5340.50 6.7002
5340.55 6.6998
5340.60 6.6993
5340.65 6.6989
5340.70 6.6985
5340.75 6.6980
5340.80 6.6976
5340.85 6.6972
5340.90 6.6967
5340.95 6.6963
5341.00 6.6959
5341.05 6.6954
5341.10 6.6950
5341.15 6.6946
5341.20 6.6941
5341.25 6.6937
5341.30 6.6933
5341.35 6.6929
5341.40 6.6924
5341.45 6.6920
5341.50 6.6916
5341.55 6.6912
5341.60 6.6907
5341.65 6.6903
5341.70 6.6899
5341.75 6.6895
5341.80 6.6890
5341.85 6.6886
5341.90 6.6882
5341.95 6.6878
5342.00 6.6874
5342.05 6.6870
5342.10 6.6865
5342.15 6.6861
5342.20 6.6857
5342.25 6.6853
5342.30 6.6849
5342.35 6.6845
5342.40 6.6841
5342.45 6.6837
5342.50 6.6833
5342.55 6.6829
5342.60 6.6825
5342.65 6.6820
5342.70 6.6816
5342.75 6.6812
5342.80 6.6808
5342.85 6.6804
5342.90 6.6800
5342.95 6.6796
5343.00 6.6793
5343.05 6.6789
5343.10 6.6785
5343.15 6.6781
5343.20 6.6777
5343.25 6.6773
5343.30 6.6769
5343.35 6.6765
5343.40 6.6761
5343.45 6.6757
5343.50 6.6754
5343.55 6.6750
5343.60 6.6746
5343.65 6.6742
5343.70 6.6738
5343.75 6.6734
5343.80 6.6731
5343.85 6.6727
5343.90 6.6723
5343.95 6.6719
5344.00 6.6716
5344.05 6.6712
5344.10 6.6708
5344.15 6.6705
5344.20 6.6701
5344.25 6.6697
5344.30 6.6694
5344.35 6.6690
5344.40 6.6686
5344.45 6.6683
5344.50 6.6679
5344.55 6.6675
5344.60 6.6672
5344.65 6.6668
5344.70 6.6665
5344.75 6.6661
5344.80 6.6658
5344.85 6.6654
5344.90 6.6651
5344.95 6.6647
5345.00 6.6644
5345.05 6.6640
5345.10 6.6637
5345.15 6.6633
5345.20 6.6630
5345.25 6.6626
5345.30 6.6623
5345.35 6.6620
5345.40 6.6616
5345.45 6.6613
5345.50 6.6610
5345.55 6.6606
5345.60 6.6603
5345.65 6.6600
5345.70 6.6596
5345.75 6.6593
5345.80 6.6590
5345.85 6.6586
5345.90 6.6583
5345.95 6.6580
5346.00 6.6577
5346.05 6.6574
5346.10 6.6570
5346.15 6.6567
5346.20 6.6564
5346.25 6.6561
5346.30 6.6558
5346.35 6.6555
5346.40 6.6551
5346.45 6.6548
5346.50 6.6545
5346.55 6.6542
5346.60 6.6539
5346.65 6.6536
5346.70 6.6533
5346.75 6.6530
5346.80 6.6527
5346.85 6.6524
5346.90 6.6521
5346.95 6.6518
5347.00 6.6515
5347.05 6.6512
5347.10 6.6509
5347.15 6.6506
5347.20 6.6503
5347.25 6.6501
5347.30 6.6498
5347.35 6.6495
5347.40 6.6492
5347.45 6.6489
5347.50 6.6486
5347.55 6.6483
5347.60 6.6481
5347.65 6.6478
5347.70 6.6475
5347.75 6.6472
5347.80 6.6470
5347.85 6.6467
5347.90 6.6464
5347.95 6.6462
5348.00 6.6459
5348.05 6.6456
5348.10 6.6454
5348.15 6.6451
5348.20 6.6448
5348.25 6.6446
5348.30 6.6443
5348.35 6.6440
5348.40 6.6438
5348.45 6.6435
5348.50 6.6433
5348.55 6.6430
5348.60 6.6428
5348.65 6.6425
5348.70 6.6423
5348.75 6.6420
5348.80 6.6418
5348.85 6.6415
5348.90 6.6413
5348.95 6.6411
5349.00 6.6408
5349.05 6.6406
5349.10 6.6403
5349.15 6.6401
5349.20 6.6399
5349.25 6.6396
5349.30 6.6394
5349.35 6.6392
5349.40 6.6389
5349.45 6.6387
5349.50 6.6385
5349.55 6.6383
5349.60 6.6380
5349.65 6.6378
5349.70 6.6376
5349.75 6.6374
5349.80 6.6372
5349.85 6.6369
5349.90 6.6367
5349.95 6.6365
5350.00 6.6363
5350.05 6.6361
5350.10 6.6359
5350.15 6.6357
5350.20 6.6355
5350.25 6.6353
5350.30 6.6351
5350.35 6.6349
5350.40 6.6347
5350.45 6.6345
5350.50 6.6343
5350.55 6.6341
5350.60 6.6339
5350.65 6.6337
5350.70 6.6335
5350.75 6.6333
5350.80 6.6331
5350.85 6.6329
5350.90 6.6328
5350.95 6.6326
5351.00 6.6324
5351.05 6.6322
5351.10 6.6320
5351.15 6.6319
5351.20 6.6317
5351.25 6.6315
5351.30 6.6313
5351.35 6.6312
5351.40 6.6310
5351.45 6.6308
5351.50 6.6307
5351.55 6.6305
5351.60 6.6303
5351.65 6.6302
5351.70 6.6300
5351.75 6.6299
5351.80 6.6297
5351.85 6.6296
5351.90 6.6294
5351.95 6.6293
5352.00 6.6291
5352.05 6.6290
5352.10 6.6288
5352.15 6.6287
5352.20 6.6285
5352.25 6.6284
5352.30 6.6282
5352.35 6.6281
5352.40 6.6280
5352.45 6.6278
5352.50 6.6277
5352.55 6.6275
5352.60 6.6274
5352.65 6.6273
5352.70 6.6272
5352.75 6.6270
5352.80 6.6269
5352.85 6.6268
5352.90 6.6267
5352.95 6.6265
5353.00 6.6264
5353.05 6.6263
5353.10 6.6262
5353.15 6.6261
5353.20 6.6260
5353.25 6.6258
5353.30 6.6257
5353.35 6.6256
5353.40 6.6255
5353.45 6.6254
5353.50 6.6253
5353.55 6.6252
5353.60 6.6251
5353.65 6.6250
5353.70 6.6249
5353.75 6.6248
5353.80 6.6247
5353.85 6.6246
5353.90 6.6245
5353.95 6.6244
5354.00 6.6243
5354.05 6.6243
5354.10 6.6242
5354.15 6.6241
5354.20 6.6240
5354.25 6.6239
5354.30 6.6238
5354.35 6.6238
5354.40 6.6237
5354.45 6.6236
5354.50 6.6235
5354.55 6.6234
5354.60 6.6234
5354.65 6.6233
5354.70 6.6232
5354.75 6.6232
5354.80 6.6231
5354.85 6.6230
5354.90 6.6230
5354.95 6.6229
5355.00 6.6228
5355.05 6.6228
5355.10 6.6227
5355.15 6.6227
5355.20 6.6226
5355.25 6.6225
5355.30 6.6225
5355.35 6.6224
5355.40 6.6224
5355.45 6.6223
5355.50 6.6223
5355.55 6.6222
5355.60 6.6222
5355.65 6.6221
5355.70 6.6221
5355.75 6.6220
5355.80 6.6220
5355.85 6.6220
5355.90 6.6219
5355.95 6.6219
5356.00 6.6218
5356.05 6.6218
5356.10 6.6218
5356.15 6.6217
5356.20 6.6217
5356.25 6.6217
5356.30 6.6216
5356.35 6.6216
5356.40 6.6216
5356.45 6.6215
5356.50 6.6215
5356.55 6.6215
5356.60 6.6214
5356.65 6.6214
5356.70 6.6214
5356.75 6.6214
5356.80 6.6213
5356.85 6.6213
5356.90 6.6213
5356.95 6.6213
5357.00 6.6212
5357.05 6.6212
5357.10 6.6212
5357.15 6.6212
5357.20 6.6211
5357.25 6.6211
5357.30 6.6211
5357.35 6.6211
5357.40 6.6211
5357.45 6.6210
5357.50 6.6210
5357.55 6.6210
5357.60 6.6210
5357.65 6.6210
5357.70 6.6210
5357.75 6.6209
5357.80 6.6209
5357.85 6.6209
5357.90 6.6209
5357.95 6.6209
5358.00 6.6209
5358.05 6.6209
5358.10 6.6208
5358.15 6.6208
5358.20 6.6208
5358.25 6.6208
5358.30 6.6208
5358.35 6.6208
5358.40 6.6207
5358.45 6.6207
5358.50 6.6207
5358.55 6.6207
5358.60 6.6207
5358.65 6.6207
5358.70 6.6207
5358.75 6.6206
5358.80 6.6206
5358.85 6.6206
5358.90 6.6206
5358.95 6.6206
5359.00 6.6205
5359.05 6.6205
5359.10 6.6205
5359.15 6.6205
5359.20 6.6205
5359.25 6.6204
5359.30 6.6204
5359.35 6.6204
5359.40 6.6204
5359.45 6.6204
5359.50 6.6203
5359.55 6.6203
5359.60 6.6203
5359.65 6.6203
5359.70 6.6202
5359.75 6.6202
5359.80 6.6202
5359.85 6.6201
5359.90 6.6201
5359.95 6.6201
5360.00 6.6200
5360.05 6.6200
5360.10 6.6200
5360.15 6.6199
5360.20 6.6199
5360.25 6.6198
5360.30 6.6198
5360.35 6.6198
5360.40 6.6197
5360.45 6.6197
5360.50 6.6196
5360.55 6.6196
5360.60 6.6195
5360.65 6.6195
5360.70 6.6194
5360.75 6.6194
5360.80 6.6193
5360.85 6.6193
5360.90 6.6192
5360.95 6.6191
5361.00 6.6191
5361.05 6.6190
5361.10 6.6189
5361.15 6.6189
5361.20 6.6188
5361.25 6.6187
5361.30 6.6186
5361.35 6.6186
5361.40 6.6185
5361.45 6.6184
5361.50 6.6183
5361.55 6.6182
5361.60 6.6182
5361.65 6.6181
5361.70 6.6180
5361.75 6.6179
5361.80 6.6178
5361.85 6.6177
5361.90 6.6176
5361.95 6.6175
5362.00 6.6174
5362.05 6.6173
5362.10 6.6172
5362.15 6.6170
5362.20 6.6169
5362.25 6.6168
5362.30 6.6167
5362.35 6.6166
5362.40 6.6164
5362.45 6.6163
5362.50 6.6162
5362.55 6.6161
5362.60 6.6159
5362.65 6.6158
5362.70 6.6156
5362.75 6.6155
5362.80 6.6153
5362.85 6.6152
5362.90 6.6150
5362.95 6.6149
5363.00 6.6147
5363.05 6.6146
5363.10 6.6144
5363.15 6.6142
5363.20 6.6141
5363.25 6.6139
5363.30 6.6137
5363.35 6.6135
5363.40 6.6134
5363.45 6.6132
5363.50 6.6130
5363.55 6.6128
5363.60 6.6126
5363.65 6.6124
5363.70 6.6122
5363.75 6.6120
5363.80 6.6118
5363.85 6.6116
5363.90 6.6114
5363.95 6.6112
5364.00 6.6110
5364.05 6.6107
5364.10 6.6105
5364.15 6.6103
5364.20 6.6101
5364.25 6.6098
5364.30 6.6096
5364.35 6.6094
5364.40 6.6091
5364.45 6.6089
5364.50 6.6086
5364.55 6.6084
5364.60 6.6081
5364.65 6.6079
5364.70 6.6076
5364.75 6.6073
5364.80 6.6071
5364.85 6.6068
5364.90 6.6065
5364.95 6.6063
5365.00 6.6060
5365.05 6.6057
5365.10 6.6054
5365.15 6.6051
5365.20 6.6048
5365.25 6.6046
5365.30 6.6043
5365.35 6.6040
5365.40 6.6037
5365.45 6.6034
5365.50 6.6030
5365.55 6.6027
5365.60 6.6024
5365.65 6.6021
5365.70 6.6018
5365.75 6.6015
5365.80 6.6011
5365.85 6.6008
5365.90 6.6005
5365.95 6.6002
5366.00 6.5998
5366.05 6.5995
5366.10 6.5991
5366.15 6.5988
5366.20 6.5985
5366.25 6.5981
5366.30 6.5978
5366.35 6.5974
5366.40 6.5971
5366.45 6.5967
5366.50 6.5963
5366.55 6.5960
5366.60 6.5956
5366.65 6.5952
5366.70 6.5949
5366.75 6.5945
5366.80 6.5941
5366.85 6.5937
5366.90 6.5934
5366.95 6.5930
5367.00 6.5926
5367.05 6.5922
5367.10 6.5918
5367.15 6.5914
5367.20 6.5910
5367.25 6.5907
5367.30 6.5903
5367.35 6.5899
5367.40 6.5895
5367.45 6.5891
5367.50 6.5887
5367.55 6.5882
5367.60 6.5878
5367.65 6.5874
5367.70 6.5870
5367.75 6.5866
5367.80 6.5862
5367.85 6.5858
5367.90 6.5854
5367.95 6.5849
5368.00 6.5845
5368.05 6.5841
5368.10 6.5837
5368.15 6.5833
5368.20 6.5828
5368.25 6.5824
5368.30 6.5820
5368.35 6.5815
5368.40 6.5811
5368.45 6.5807
5368.50 6.5803
5368.55 6.5798
5368.60 6.5794
5368.65 6.5790
5368.70 6.5785
5368.75 6.5781
5368.80 6.5776
5368.85 6.5772
5368.90 6.5768
5368.95 6.5763
5369.00 6.5759
5369.05 6.5754
5369.10 6.5750
5369.15 6.5746
5369.20 6.5741
5369.25 6.5737
5369.30 6.5732
5369.35 6.5728
5369.40 6.5723
5369.45 6.5719
5369.50 6.5714
5369.55 6.5710
5369.60 6.5706
5369.65 6.5701
5369.70 6.5697
5369.75 6.5692
5369.80 6.5688
5369.85 6.5683
5369.90 6.5679
5369.95 6.5674
5370.00 6.5670
5370.05 6.5665
5370.10 6.5661
5370.15 6.5656
5370.20 6.5652
5370.25 6.5647
5370.30 6.5643
5370.35 6.5639
5370.40 6.5634
5370.45 6.5630
5370.50 6.5625
5370.55 6.5621
5370.60 6.5616
5370.65 6.5612
5370.70 6.5608
5370.75 6.5603
5370.80 6.5599
5370.85 6.5594
5370.90 6.5590
5370.95 6.5586
5371.00 6.5581
5371.05 6.5577
5371.10 6.5572
5371.15 6.5568
5371.20 6.5564
5371.25 6.5559
5371.30 6.5555
5371.35 6.5551
5371.40 6.5546
5371.45 6.5542
5371.50 6.5538
5371.55 6.5533
5371.60 6.5529
5371.65 6.5525
5371.70 6.5521
5371.75 6.5516
5371.80 6.5512
5371.85 6.5508
5371.90 6.5504
5371.95 6.5500
5372.00 6.5495
5372.05 6.5491
5372.10 6.5487
5372.15 6.5483
5372.20 6.5479
5372.25 6.5475
5372.30 6.5471
5372.35 6.5467
5372.40 6.5462
5372.45 6.5458
5372.50 6.5454
5372.55 6.5450
5372.60 6.5446
5372.65 6.5442
5372.70 6.5438
5372.75 6.5434
5372.80 6.5430
5372.85 6.5426
5372.90 6.5423
5372.95 6.5419
5373.00 6.5415
5373.05 6.5411
5373.10 6.5407
5373.15 6.5403
5373.20 6.5399
5373.25 6.5395
5373.30 6.5392
5373.35 6.5388
5373.40 6.5384
5373.45 6.5380
5373.50 6.5377
5373.55 6.5373
5373.60 6.5369
5373.65 6.5366
5373.70 6.5362
5373.75 6.5358
5373.80 6.5355
5373.85 6.5351
5373.90 6.5347
5373.95 6.5344
5374.00 6.5340
5374.05 6.5337
5374.10 6.5333
5374.15 6.5329
5374.20 6.5326
5374.25 6.5322
5374.30 6.5319
5374.35 6.5316
5374.40 6.5312
5374.45 6.5309
5374.50 6.5305
5374.55 6.5302
5374.60 6.5298
5374.65 6.5295
5374.70 6.5292
5374.75 6.5288
5374.80 6.5285
5374.85 6.5282
5374.90 6.5279
5374.95 6.5275
5375.00 6.5272
5375.05 6.5269
5375.10 6.5266
5375.15 6.5262
5375.20 6.5259
5375.25 6.5256
5375.30 6.5253
5375.35 6.5250
5375.40 6.5246
5375.45 6.5243
5375.50 6.5240
5375.55 6.5237
5375.60 6.5234
5375.65 6.5231
5375.70 6.5228
5375.75 6.5225
5375.80 6.5222
5375.85 6.5219
5375.90 6.5216
5375.95 6.5213
5376.00 6.5210
5376.05 6.5207
5376.10 6.5204
5376.15 6.5201
5376.20 6.5198
5376.25 6.5195
5376.30 6.5192
5376.35 6.5190
5376.40 6.5187
5376.45 6.5184
5376.50 6.5181
5376.55 6.5178
5376.60 6.5175
5376.65 6.5173
5376.70 6.5170
5376.75 6.5167
5376.80 6.5164
5376.85 6.5162
5376.90 6.5159
5376.95 6.5156
5377.00 6.5153
5377.05 6.5151
5377.10 6.5148
5377.15 6.5145
5377.20 6.5143
5377.25 6.5140
5377.30 6.5137
5377.35 6.5135
5377.40 6.5132
5377.45 6.5129
5377.50 6.5127
5377.55 6.5124
5377.60 6.5121
5377.65 6.5119
5377.70 6.5116
5377.75 6.5114
5377.80 6.5111
5377.85 6.5108
5377.90 6.5106
5377.95 6.5103
5378.00 6.5101
5378.05 6.5098
5378.10 6.5096
5378.15 6.5093
5378.20 6.5091
5378.25 6.5088
5378.30 6.5086
5378.35 6.5083
5378.40 6.5081
5378.45 6.5078
5378.50 6.5076
5378.55 6.5073
5378.60 6.5071
5378.65 6.5068
5378.70 6.5066
5378.75 6.5063
5378.80 6.5061
5378.85 6.5058
5378.90 6.5056
5378.95 6.5053
5379.00 6.5051
5379.05 6.5049
5379.10 6.5046
5379.15 6.5044
5379.20 6.5041
5379.25 6.5039
5379.30 6.5037
5379.35 6.5034
5379.40 6.5032
5379.45 6.5029
5379.50 6.5027
5379.55 6.5025
5379.60 6.5022
5379.65 6.5020
5379.70 6.5017
5379.75 6.5015
5379.80 6.5013
5379.85 6.5010
5379.90 6.5008
5379.95 6.5005
5380.00 6.5003
5380.05 6.5001
5380.10 6.4998
5380.15 6.4996
5380.20 6.4994
5380.25 6.4991
5380.30 6.4989
5380.35 6.4987
5380.40 6.4984
5380.45 6.4982
5380.50 6.4979
5380.55 6.4977
5380.60 6.4975
5380.65 6.4972
5380.70 6.4970
5380.75 6.4968
5380.80 6.4965
5380.85 6.4963
5380.90 6.4961
5380.95 6.4958
5381.00 6.4956
5381.05 6.4954
5381.10 6.4951
5381.15 6.4949
5381.20 6.4947
5381.25 6.4944
5381.30 6.4942
5381.35 6.4940
5381.40 6.4937
5381.45 6.4935
5381.50 6.4932
5381.55 6.4930
5381.60 6.4928
5381.65 6.4925
5381.70 6.4923
5381.75 6.4921
5381.80 6.4918
5381.85 6.4916
5381.90 6.4914
5381.95 6.4911
5382.00 6.4909
5382.05 6.4907
5382.10 6.4904
5382.15 6.4902
5382.20 6.4899
5382.25 6.4897
5382.30 6.4895
5382.35 6.4892
5382.40 6.4890
5382.45 6.4888
5382.50 6.4885
5382.55 6.4883
5382.60 6.4881
5382.65 6.4878
5382.70 6.4876
5382.75 6.4873
5382.80 6.4871
5382.85 6.4869
5382.90 6.4866
5382.95 6.4864
5383.00 6.4862
5383.05 6.4859
5383.10 6.4857
5383.15 6.4855
5383.20 6.4852
5383.25 6.4850
5383.30 6.4847
5383.35 6.4845
5383.40 6.4843
5383.45 6.4840
5383.50 6.4838
5383.55 6.4835
5383.60 6.4833
5383.65 6.4831
5383.70 6.4828
5383.75 6.4826
5383.80 6.4824
5383.85 6.4821
5383.90 6.4819
5383.95 6.4816
5384.00 6.4814
5384.05 6.4812
5384.10 6.4809
5384.15 6.4807
5384.20 6.4804
5384.25 6.4802
5384.30 6.4800
5384.35 6.4797
5384.40 6.4795
5384.45 6.4792
5384.50 6.4790
5384.55 6.4788
5384.60 6.4785
5384.65 6.4783
5384.70 6.4780
5384.75 6.4778
5384.80 6.4775
5384.85 6.4773
5384.90 6.4771
5384.95 6.4768
5385.00 6.4766
5385.05 6.4763
5385.10 6.4761
5385.15 6.4759
5385.20 6.4756
5385.25 6.4754
5385.30 6.4751
5385.35 6.4749
5385.40 6.4746
5385.45 6.4744
5385.50 6.4741
5385.55 6.4739
5385.60 6.4737
5385.65 6.4734
5385.70 6.4732
5385.75 6.4729
5385.80 6.4727
5385.85 6.4724
5385.90 6.4722
5385.95 6.4720
5386.00 6.4717
5386.05 6.4715
5386.10 6.4712
5386.15 6.4710
5386.20 6.4707
5386.25 6.4705
5386.30 6.4702
5386.35 6.4700
5386.40 6.4697
5386.45 6.4695
5386.50 6.4692
5386.55 6.4690
5386.60 6.4687
5386.65 6.4685
5386.70 6.4682
5386.75 6.4680
5386.80 6.4677
5386.85 6.4675
5386.90 6.4672
5386.95 6.4670
5387.00 6.4667
5387.05 6.4665
5387.10 6.4662
5387.15 6.4660
5387.20 6.4657
5387.25 6.4655
5387.30 6.4652
5387.35 6.4650
5387.40 6.4647
5387.45 6.4645
5387.50 6.4642
5387.55 6.4640
5387.60 6.4637
5387.65 6.4635
5387.70 6.4632
5387.75 6.4629
5387.80 6.4627
5387.85 6.4624
5387.90 6.4622
5387.95 6.4619
5388.00 6.4617
5388.05 6.4614
5388.10 6.4611
5388.15 6.4609
5388.20 6.4606
5388.25 6.4604
5388.30 6.4601
5388.35 6.4598
5388.40 6.4596
5388.45 6.4593
5388.50 6.4590
5388.55 6.4588
5388.60 6.4585
5388.65 6.4583
5388.70 6.4580
5388.75 6.4577
5388.80 6.4575
5388.85 6.4572
5388.90 6.4569
5388.95 6.4566
5389.00 6.4564
5389.05 6.4561
5389.10 6.4558
5389.15 6.4556
5389.20 6.4553
5389.25 6.4550
5389.30 6.4547
5389.35 6.4545
5389.40 6.4542
5389.45 6.4539
5389.50 6.4536
5389.55 6.4533
5389.60 6.4531
5389.65 6.4528
5389.70 6.4525
5389.75 6.4522
5389.80 6.4519
5389.85 6.4516
5389.90 6.4513
5389.95 6.4511
5390.00 6.4508
5390.05 6.4505
5390.10 6.4502
5390.15 6.4499
5390.20 6.4496
5390.25 6.4493
5390.30 6.4490
5390.35 6.4487
5390.40 6.4484
5390.45 6.4481
5390.50 6.4478
5390.55 6.4475
5390.60 6.4472
5390.65 6.4469
5390.70 6.4466
5390.75 6.4463
5390.80 6.4460
5390.85 6.4457
5390.90 6.4453
5390.95 6.4450
5391.00 6.4447
5391.05 6.4444
5391.10 6.4441
5391.15 6.4438
5391.20 6.4434
5391.25 6.4431
5391.30 6.4428
5391.35 6.4425
5391.40 6.4421
5391.45 6.4418
5391.50 6.4415
5391.55 6.4411
5391.60 6.4408
5391.65 6.4405
5391.70 6.4401
5391.75 6.4398
5391.80 6.4395
5391.85 6.4391
5391.90 6.4388
5391.95 6.4384
5392.00 6.4381
5392.05 6.4377
5392.10 6.4374
5392.15 6.4370
5392.20 6.4367
5392.25 6.4363
5392.30 6.4359
5392.35 6.4356
5392.40 6.4352
5392.45 6.4349
5392.50 6.4345
5392.55 6.4341
5392.60 6.4337
5392.65 6.4334
5392.70 6.4330
5392.75 6.4326
5392.80 6.4322
5392.85 6.4318
5392.90 6.4315
5392.95 6.4311
5393.00 6.4307
5393.05 6.4303
5393.10 6.4299
5393.15 6.4295
5393.20 6.4291
5393.25 6.4287
5393.30 6.4283
5393.35 6.4279
5393.40 6.4275
5393.45 6.4271
5393.50 6.4267
5393.55 6.4262
5393.60 6.4258
5393.65 6.4254
5393.70 6.4250
5393.75 6.4246
5393.80 6.4241
5393.85 6.4237
5393.90 6.4233
5393.95 6.4228
5394.00 6.4224
5394.05 6.4220
5394.10 6.4215
5394.15 6.4211
5394.20 6.4206
5394.25 6.4202
5394.30 6.4197
5394.35 6.4193
5394.40 6.4188
5394.45 6.4184
5394.50 6.4179
5394.55 6.4174
5394.60 6.4170
5394.65 6.4165
5394.70 6.4160
5394.75 6.4155
5394.80 6.4150
5394.85 6.4146
5394.90 6.4141
5394.95 6.4136
5395.00 6.4131
5395.05 6.4126
5395.10 6.4121
5395.15 6.4116
5395.20 6.4111
5395.25 6.4106
5395.30 6.4101
5395.35 6.4096
5395.40 6.4091
5395.45 6.4086
5395.50 6.4080
5395.55 6.4075
5395.60 6.4070
5395.65 6.4065
5395.70 6.4059
5395.75 6.4054
5395.80 6.4049
5395.85 6.4043
5395.90 6.4038
5395.95 6.4032
5396.00 6.4027
5396.05 6.4021
5396.10 6.4016
5396.15 6.4010
5396.20 6.4004
5396.25 6.3999
5396.30 6.3993
5396.35 6.3987
5396.40 6.3982
5396.45 6.3976
5396.50 6.3970
5396.55 6.3964
5396.60 6.3958
5396.65 6.3953
5396.70 6.3947
5396.75 6.3941
5396.80 6.3935
5396.85 6.3929
5396.90 6.3923
5396.95 6.3916
5397.00 6.3910
5397.05 6.3904
5397.10 6.3898
5397.15 6.3892
5397.20 6.3886
5397.25 6.3879
5397.30 6.3873
5397.35 6.3867
5397.40 6.3860
5397.45 6.3854
5397.50 6.3847
5397.55 6.3841
5397.60 6.3834
5397.65 6.3828
5397.70 6.3821
5397.75 6.3815
5397.80 6.3808
5397.85 6.3801
5397.90 6.3795
5397.95 6.3788
5398.00 6.3781
5398.05 6.3774
5398.10 6.3767
5398.15 6.3760
5398.20 6.3753
5398.25 6.3747
5398.30 6.3740
5398.35 6.3732
5398.40 6.3725
5398.45 6.3718
5398.50 6.3711
5398.55 6.3704
5398.60 6.3697
5398.65 6.3690
5398.70 6.3682
5398.75 6.3675
5398.80 6.3668
5398.85 6.3660
5398.90 6.3653
5398.95 6.3645
5399.00 6.3638
5399.05 6.3630
5399.10 6.3623
5399.15 6.3615
5399.20 6.3608
5399.25 6.3600
5399.30 6.3592
5399.35 6.3584
5399.40 6.3577
5399.45 6.3569
5399.50 6.3561
5399.55 6.3553
5399.60 6.3545
5399.65 6.3537
5399.70 6.3529
5399.75 6.3521
5399.80 6.3513
5399.85 6.3505
5399.90 6.3497
5399.95 6.3488
5400.00 6.3480
5400.05 6.3472
5400.10 6.3464
5400.15 6.3455
5400.20 6.3447
5400.25 6.3438
5400.30 6.3430
5400.35 6.3421
5400.40 6.3413
5400.45 6.3404
5400.50 6.3396
5400.55 6.3387
5400.60 6.3378
5400.65 6.3369
5400.70 6.3361
5400.75 6.3352
5400.80 6.3343
5400.85 6.3334
5400.90 6.3325
5400.95 6.3316
5401.00 6.3307
5401.05 6.3298
5401.10 6.3289
5401.15 6.3280
5401.20 6.3271
5401.25 6.3261
5401.30 6.3252
5401.35 6.3243
5401.40 6.3234
5401.45 6.3224
5401.50 6.3215
5401.55 6.3205
5401.60 6.3196
5401.65 6.3186
5401.70 6.3177
5401.75 6.3167
5401.80 6.3157
5401.85 6.3148
5401.90 6.3138
5401.95 6.3128
5402.00 6.3118
5402.05 6.3108
5402.10 6.3098
5402.15 6.3089
5402.20 6.3079
5402.25 6.3069
5402.30 6.3058
5402.35 6.3048
5402.40 6.3038
5402.45 6.3028
5402.50 6.3018
5402.55 6.3007
5402.60 6.2997
5402.65 6.2987
5402.70 6.2976
5402.75 6.2966
5402.80 6.2956
5402.85 6.2945
5402.90 6.2934
5402.95 6.2924
5403.00 6.2913
5403.05 6.2903
5403.10 6.2892
5403.15 6.2881
5403.20 6.2870
5403.25 6.2859
5403.30 6.2849
5403.35 6.2838
5403.40 6.2827
5403.45 6.2816
5403.50 6.2805
5403.55 6.2794
5403.60 6.2783
5403.65 6.2771
5403.70 6.2760
5403.75 6.2749
5403.80 6.2738
5403.85 6.2726
5403.90 6.2715
5403.95 6.2704
5404.00 6.2692
5404.05 6.2681
5404.10 6.2669
5404.15 6.2658
5404.20 6.2646
5404.25 6.2635
5404.30 6.2623
5404.35 6.2611
5404.40 6.2600
5404.45 6.2588
5404.50 6.2576
5404.55 6.2564
5404.60 6.2552
5404.65 6.2541
5404.70 6.2529
5404.75 6.2517
5404.80 6.2505
5404.85 6.2493
5404.90 6.2481
5404.95 6.2468
5405.00 6.2456
5405.05 6.2444
5405.10 6.2432
5405.15 6.2420
5405.20 6.2407
5405.25 6.2395
5405.30 6.2383
5405.35 6.2370
5405.40 6.2358
5405.45 6.2346
5405.50 6.2333
5405.55 6.2321
5405.60 6.2308
5405.65 6.2296
5405.70 6.2283
5405.75 6.2270
5405.80 6.2258
5405.85 6.2245
5405.90 6.2232
5405.95 6.2220
5406.00 6.2207
5406.05 6.2194
5406.10 6.2181
5406.15 6.2168
5406.20 6.2156
5406.25 6.2143
5406.30 6.2130
5406.35 6.2117
5406.40 6.2104
5406.45 6.2091
5406.50 6.2078
5406.55 6.2065
5406.60 6.2052
5406.65 6.2038
5406.70 6.2025
5406.75 6.2012
5406.80 6.1999
5406.85 6.1986
5406.90 6.1973
5406.95 6.1959
5407.00 6.1946
5407.05 6.1933
5407.10 6.1919
5407.15 6.1906
5407.20 6.1893
5407.25 6.1879
5407.30 6.1866
5407.35 6.1852
5407.40 6.1839
5407.45 6.1825
5407.50 6.1812
5407.55 6.1798
5407.60 6.1785
5407.65 6.1771
5407.70 6.1758
5407.75 6.1744
5407.80 6.1731
5407.85 6.1717
5407.90 6.1703
5407.95 6.1690
5408.00 6.1676
5408.05 6.1662
5408.10 6.1649
5408.15 6.1635
5408.20 6.1621
5408.25 6.1608
5408.30 6.1594
5408.35 6.1580
5408.40 6.1566
5408.45 6.1552
5408.50 6.1539
5408.55 6.1525
5408.60 6.1511
5408.65 6.1497
5408.70 6.1483
5408.75 6.1469
5408.80 6.1455
5408.85 6.1442
5408.90 6.1428
5408.95 6.1414
5409.00 6.1400
5409.05 6.1386
5409.10 6.1372
5409.15 6.1358
5409.20 6.1344
5409.25 6.1330
5409.30 6.1316
5409.35 6.1302
5409.40 6.1288
5409.45 6.1274
5409.50 6.1260
5409.55 6.1246
5409.60 6.1232
5409.65 6.1218
5409.70 6.1204
5409.75 6.1190
5409.80 6.1176
5409.85 6.1162
5409.90 6.1148
5409.95 6.1134
5410.00 6.1120
5410.05 6.1106
5410.10 6.1092
5410.15 6.1077
5410.20 6.1063
5410.25 6.1049
5410.30 6.1035
5410.35 6.1021
5410.40 6.1007
5410.45 6.0993
5410.50 6.0979
5410.55 6.0965
5410.60 6.0951
5410.65 6.0937
5410.70 6.0923
5410.75 6.0908
5410.80 6.0894
5410.85 6.0880
5410.90 6.0866
5410.95 6.0852
5411.00 6.0838
5411.05 6.0824
5411.10 6.0810
5411.15 6.0796
5411.20 6.0782
5411.25 6.0768
5411.30 6.0754
5411.35 6.0740
5411.40 6.0725
5411.45 6.0711
5411.50 6.0697
5411.55 6.0683
5411.60 6.0669
5411.65 6.0655
5411.70 6.0641
5411.75 6.0627
5411.80 6.0613
5411.85 6.0599
5411.90 6.0585
5411.95 6.0571
5412.00 6.0557
5412.05 6.0543
5412.10 6.0529
5412.15 6.0515
5412.20 6.0501
5412.25 6.0487
5412.30 6.0473
5412.35 6.0460
5412.40 6.0446
5412.45 6.0432
5412.50 6.0418
5412.55 6.0404
5412.60 6.0390
5412.65 6.0376
5412.70 6.0362
5412.75 6.0349
5412.80 6.0335
5412.85 6.0321
5412.90 6.0307
5412.95 6.0293
5413.00 6.0280
5413.05 6.0266
5413.10 6.0252
5413.15 6.0238
5413.20 6.0225
5413.25 6.0211
5413.30 6.0197
5413.35 6.0184
5413.40 6.0170
5413.45 6.0156
5413.50 6.0143
5413.55 6.0129
5413.60 6.0116
5413.65 6.0102
5413.70 6.0088
5413.75 6.0075
5413.80 6.0061
5413.85 6.0048
5413.90 6.0035
5413.95 6.0021
5414.00 6.0008
5414.05 5.9994
5414.10 5.9981
5414.15 5.9968
5414.20 5.9954
5414.25 5.9941
5414.30 5.9928
5414.35 5.9915
5414.40 5.9901
5414.45 5.9888
5414.50 5.9875
5414.55 5.9862
5414.60 5.9849
5414.65 5.9836
5414.70 5.9823
5414.75 5.9810
5414.80 5.9797
5414.85 5.9784
5414.90 5.9771
5414.95 5.9758
5415.00 5.9745
5415.05 5.9732
5415.10 5.9720
5415.15 5.9707
5415.20 5.9694
5415.25 5.9681
5415.30 5.9669
5415.35 5.9656
5415.40 5.9644
5415.45 5.9631
5415.50 5.9619
5415.55 5.9606
5415.60 5.9594
5415.65 5.9581
5415.70 5.9569
5415.75 5.9557
5415.80 5.9545
5415.85 5.9532
5415.90 5.9520
5415.95 5.9508
5416.00 5.9496
5416.05 5.9484
5416.10 5.9472
5416.15 5.9460
5416.20 5.9448
5416.25 5.9437
5416.30 5.9425
5416.35 5.9413
5416.40 5.9401
5416.45 5.9390
5416.50 5.9378
5416.55 5.9367
5416.60 5.9355
5416.65 5.9344
5416.70 5.9332
5416.75 5.9321
5416.80 5.9310
5416.85 5.9299
5416.90 5.9288
5416.95 5.9277
5417.00 5.9266
5417.05 5.9255
5417.10 5.9244
5417.15 5.9233
5417.20 5.9222
5417.25 5.9212
5417.30 5.9201
5417.35 5.9191
5417.40 5.9180
5417.45 5.9170
5417.50 5.9159
5417.55 5.9149
5417.60 5.9139
5417.65 5.9129
5417.70 5.9119
5417.75 5.9109
5417.80 5.9099
5417.85 5.9089
5417.90 5.9079
5417.95 5.9069
5418.00 5.9060
5418.05 5.9050
5418.10 5.9041
5418.15 5.9032
5418.20 5.9022
5418.25 5.9013
5418.30 5.9004
5418.35 5.8995
5418.40 5.8986
5418.45 5.8977
5418.50 5.8968
5418.55 5.8959
5418.60 5.8951
5418.65 5.8942
5418.70 5.8934
5418.75 5.8925
5418.80 5.8917
5418.85 5.8909
5418.90 5.8901
5418.95 5.8893
5419.00 5.8885
5419.05 5.8877
5419.10 5.8870
5419.15 5.8862
5419.20 5.8854
5419.25 5.8847
5419.30 5.8840
5419.35 5.8832
5419.40 5.8825
5419.45 5.8818
5419.50 5.8811
5419.55 5.8804
5419.60 5.8798
5419.65 5.8791
5419.70 5.8785
5419.75 5.8778
5419.80 5.8772
5419.85 5.8766
5419.90 5.8759
5419.95 5.8753
5420.00 5.8748
5420.05 5.8742
5420.10 5.8736
5420.15 5.8730
5420.20 5.8725
5420.25 5.8720
5420.30 5.8714
5420.35 5.8709
5420.40 5.8704
5420.45 5.8699
5420.50 5.8695
5420.55 5.8690
5420.60 5.8685
5420.65 5.8681
5420.70 5.8676
5420.75 5.8672
5420.80 5.8668
5420.85 5.8664
5420.90 5.8660
5420.95 5.8656
5421.00 5.8653
5421.05 5.8649
5421.10 5.8646
5421.15 5.8643
5421.20 5.8639
5421.25 5.8636
5421.30 5.8633
5421.35 5.8631
5421.40 5.8628
5421.45 5.8625
5421.50 5.8623
5421.55 5.8621
5421.60 5.8618
5421.65 5.8616
5421.70 5.8614
5421.75 5.8612
5421.80 5.8611
5421.85 5.8609
5421.90 5.8608
5421.95 5.8606
5422.00 5.8605
5422.05 5.8604
5422.10 5.8603
5422.15 5.8602
5422.20 5.8601
5422.25 5.8601
5422.30 5.8600
5422.35 5.8600
5422.40 5.8600
5422.45 5.8599
