4731.50 11.5448
4731.55 11.5448
4731.60 11.5448
4731.65 11.5448
4731.70 11.5448
4731.75 11.5448
4731.80 11.5448
4731.85 11.5448
4731.90 11.5448
4731.95 11.5449
4732.00 11.5449
4732.05 11.5449
4732.10 11.5449
4732.15 11.5450
4732.20 11.5450
4732.25 11.5450
4732.30 11.5451
4732.35 11.5451
4732.40 11.5451
4732.45 11.5452
4732.50 11.5452
4732.55 11.5453
4732.60 11.5453
4732.65 11.5454
4732.70 11.5454
4732.75 11.5455
4732.80 11.5455
4732.85 11.5456
4732.90 11.5456
4732.95 11.5457
4733.00 11.5458
4733.05 11.5458
4733.10 11.5459
4733.15 11.5460
4733.20 11.5460
4733.25 11.5461
4733.30 11.5462
4733.35 11.5462
4733.40 11.5463
4733.45 11.5464
4733.50 11.5464
4733.55 11.5465
4733.60 11.5466
4733.65 11.5467
4733.70 11.5467
4733.75 11.5468
4733.80 11.5469
4733.85 11.5470
4733.90 11.5470
4733.95 11.5471
4734.00 11.5472
4734.05 11.5473
4734.10 11.5474
4734.15 11.5474
4734.20 11.5475
4734.25 11.5476
4734.30 11.5477
4734.35 11.5478
4734.40 11.5478
4734.45 11.5479
4734.50 11.5480
4734.55 11.5481
4734.60 11.5482
4734.65 11.5482
4734.70 11.5483
4734.75 11.5484
4734.80 11.5485
4734.85 11.5485
4734.90 11.5486
4734.95 11.5487
4735.00 11.5488
4735.05 11.5488
4735.10 11.5489
4735.15 11.5490
4735.20 11.5490
4735.25 11.5491
4735.30 11.5491
4735.35 11.5492
4735.40 11.5493
4735.45 11.5493
4735.50 11.5494
4735.55 11.5494
4735.60 11.5495
4735.65 11.5495
4735.70 11.5496
4735.75 11.5496
4735.80 11.5497
4735.85 11.5497
4735.90 11.5498
4735.95 11.5498
4736.00 11.5498
4736.05 11.5499
4736.10 11.5499
4736.15 11.5499
4736.20 11.5499
4736.25 11.5500
4736.30 11.5500
4736.35 11.5500
4736.40 11.5500
4736.45 11.5500
4736.50 11.5500
4736.55 11.5500
4736.60 11.5500
4736.65 11.5500
4736.70 11.5500
4736.75 11.5500
4736.80 11.5500
4736.85 11.5500
4736.90 11.5500
4736.95 11.5500
4737.00 11.5499
4737.05 11.5499
4737.10 11.5499
4737.15 11.5498
4737.20 11.5498
4737.25 11.5498
4737.30 11.5497
4737.35 11.5497
4737.40 11.5496
4737.45 11.5496
4737.50 11.5495
4737.55 11.5494
4737.60 11.5494
4737.65 11.5493
4737.70 11.5492
4737.75 11.5491
4737.80 11.5491
4737.85 11.5490
4737.90 11.5489
4737.95 11.5488
4738.00 11.5487
4738.05 11.5486
4738.10 11.5485
4738.15 11.5484
4738.20 11.5483
4738.25 11.5482
4738.30 11.5480
4738.35 11.5479
4738.40 11.5478
4738.45 11.5477
4738.50 11.5475
4738.55 11.5474
4738.60 11.5473
4738.65 11.5471
4738.70 11.5470
4738.75 11.5468
4738.80 11.5467
4738.85 11.5465
4738.90 11.5463
4738.95 11.5462
4739.00 11.5460
4739.05 11.5458
4739.10 11.5457
4739.15 11.5455
4739.20 11.5453
4739.25 11.5451
4739.30 11.5449
4739.35 11.5447
4739.40 11.5445
4739.45 11.5443
4739.50 11.5441
4739.55 11.5439
4739.60 11.5437
4739.65 11.5435
4739.70 11.5433
4739.75 11.5431
4739.80 11.5429
4739.85 11.5427
4739.90 11.5424
4739.95 11.5422
4740.00 11.5420
4740.05 11.5417
4740.10 11.5415
4740.15 11.5413
4740.20 11.5410
4740.25 11.5408
4740.30 11.5406
4740.35 11.5403
4740.40 11.5401
4740.45 11.5398
4740.50 11.5396
4740.55 11.5393
4740.60 11.5391
4740.65 11.5388
4740.70 11.5385
4740.75 11.5383
4740.80 11.5380
4740.85 11.5377
4740.90 11.5375
4740.95 11.5372
4741.00 11.5369
4741.05 11.5367
4741.10 11.5364
4741.15 11.5361
4741.20 11.5359
4741.25 11.5356
4741.30 11.5353
4741.35 11.5350
4741.40 11.5347
4741.45 11.5345
4741.50 11.5342
4741.55 11.5339
4741.60 11.5336
4741.65 11.5333
4741.70 11.5331
4741.75 11.5328
4741.80 11.5325
4741.85 11.5322
4741.90 11.5319
4741.95 11.5316
4742.00 11.5314
4742.05 11.5311
4742.10 11.5308
4742.15 11.5305
4742.20 11.5302
4742.25 11.5299
4742.30 11.5297
4742.35 11.5294
4742.40 11.5291
4742.45 11.5288
4742.50 11.5285
4742.55 11.5282
4742.60 11.5280
4742.65 11.5277
4742.70 11.5274
4742.75 11.5271
4742.80 11.5268
4742.85 11.5266
4742.90 11.5263
4742.95 11.5260
4743.00 11.5257
4743.05 11.5254
4743.10 11.5252
4743.15 11.5249
4743.20 11.5246
4743.25 11.5244
4743.30 11.5241
4743.35 11.5238
4743.40 11.5235
4743.45 11.5233
4743.50 11.5230
4743.55 11.5227
4743.60 11.5225
4743.65 11.5222
4743.70 11.5220
4743.75 11.5217
4743.80 11.5215
4743.85 11.5212
4743.90 11.5209
4743.95 11.5207
4744.00 11.5204
4744.05 11.5202
4744.10 11.5199
4744.15 11.5197
4744.20 11.5195
4744.25 11.5192
4744.30 11.5190
4744.35 11.5187
4744.40 11.5185
4744.45 11.5183
4744.50 11.5180
4744.55 11.5178
4744.60 11.5176
4744.65 11.5173
4744.70 11.5171
4744.75 11.5169
4744.80 11.5167
4744.85 11.5165
4744.90 11.5162
4744.95 11.5160
4745.00 11.5158
4745.05 11.5156
4745.10 11.5154
4745.15 11.5152
4745.20 11.5150
4745.25 11.5148
4745.30 11.5146
4745.35 11.5144
4745.40 11.5142
4745.45 11.5140
4745.50 11.5138
4745.55 11.5136
4745.60 11.5134
4745.65 11.5132
4745.70 11.5130
4745.75 11.5128
4745.80 11.5126
4745.85 11.5125
4745.90 11.5123
4745.95 11.5121
4746.00 11.5119
4746.05 11.5118
4746.10 11.5116
4746.15 11.5114
4746.20 11.5112
4746.25 11.5111
4746.30 11.5109
4746.35 11.5107
4746.40 11.5106
4746.45 11.5104
4746.50 11.5102
4746.55 11.5101
4746.60 11.5099
4746.65 11.5098
4746.70 11.5096
4746.75 11.5095
4746.80 11.5093
4746.85 11.5092
4746.90 11.5090
4746.95 11.5088
4747.00 11.5087
4747.05 11.5086
4747.10 11.5084
4747.15 11.5083
4747.20 11.5081
4747.25 11.5080
4747.30 11.5078
4747.35 11.5077
4747.40 11.5075
4747.45 11.5074
4747.50 11.5073
4747.55 11.5071
4747.60 11.5070
4747.65 11.5068
4747.70 11.5067
4747.75 11.5066
4747.80 11.5064
4747.85 11.5063
4747.90 11.5061
4747.95 11.5060
4748.00 11.5059
4748.05 11.5057
4748.10 11.5056
4748.15 11.5054
4748.20 11.5053
4748.25 11.5052
4748.30 11.5050
4748.35 11.5049
4748.40 11.5048
4748.45 11.5046
4748.50 11.5045
4748.55 11.5043
4748.60 11.5042
4748.65 11.5040
4748.70 11.5039
4748.75 11.5038
4748.80 11.5036
4748.85 11.5035
4748.90 11.5033
4748.95 11.5032
4749.00 11.5030
4749.05 11.5029
4749.10 11.5027
4749.15 11.5026
4749.20 11.5024
4749.25 11.5023
4749.30 11.5021
4749.35 11.5020
4749.40 11.5018
4749.45 11.5016
4749.50 11.5015
4749.55 11.5013
4749.60 11.5011
4749.65 11.5010
4749.70 11.5008
4749.75 11.5006
4749.80 11.5005
4749.85 11.5003
4749.90 11.5001
4749.95 11.4999
4750.00 11.4998
4750.05 11.4996
4750.10 11.4994
4750.15 11.4992
4750.20 11.4990
4750.25 11.4988
4750.30 11.4986
4750.35 11.4984
4750.40 11.4982
4750.45 11.4980
4750.50 11.4978
4750.55 11.4976
4750.60 11.4974
4750.65 11.4972
4750.70 11.4970
4750.75 11.4968
4750.80 11.4966
4750.85 11.4963
4750.90 11.4961
4750.95 11.4959
4751.00 11.4956
4751.05 11.4954
4751.10 11.4952
4751.15 11.4949
4751.20 11.4947
4751.25 11.4944
4751.30 11.4942
4751.35 11.4939
4751.40 11.4937
4751.45 11.4934
4751.50 11.4932
4751.55 11.4929
4751.60 11.4926
4751.65 11.4923
4751.70 11.4921
4751.75 11.4918
4751.80 11.4915
4751.85 11.4912
4751.90 11.4909
4751.95 11.4906
4752.00 11.4903
4752.05 11.4900
4752.10 11.4897
4752.15 11.4894
4752.20 11.4891
4752.25 11.4888
4752.30 11.4885
4752.35 11.4881
4752.40 11.4878
4752.45 11.4875
4752.50 11.4871
4752.55 11.4868
4752.60 11.4864
4752.65 11.4861
4752.70 11.4857
4752.75 11.4854
4752.80 11.4850
4752.85 11.4847
4752.90 11.4843
4752.95 11.4839
4753.00 11.4836
4753.05 11.4832
4753.10 11.4828
4753.15 11.4824
4753.20 11.4820
4753.25 11.4816
4753.30 11.4812
4753.35 11.4808
4753.40 11.4804
4753.45 11.4800
4753.50 11.4796
4753.55 11.4792
4753.60 11.4788
4753.65 11.4783
4753.70 11.4779
4753.75 11.4775
4753.80 11.4770
4753.85 11.4766
4753.90 11.4761
4753.95 11.4757
4754.00 11.4752
4754.05 11.4748
4754.10 11.4743
4754.15 11.4739
4754.20 11.4734
4754.25 11.4729
4754.30 11.4724
4754.35 11.4720
4754.40 11.4715
4754.45 11.4710
4754.50 11.4705
4754.55 11.4700
4754.60 11.4695
4754.65 11.4690
4754.70 11.4685
4754.75 11.4680
4754.80 11.4675
4754.85 11.4669
4754.90 11.4664
4754.95 11.4659
4755.00 11.4654
4755.05 11.4648
4755.10 11.4643
4755.15 11.4638
4755.20 11.4632
4755.25 11.4627
4755.30 11.4621
4755.35 11.4616
4755.40 11.4610
4755.45 11.4605
4755.50 11.4599
4755.55 11.4593
4755.60 11.4588
4755.65 11.4582
4755.70 11.4576
4755.75 11.4570
4755.80 11.4564
4755.85 11.4559
4755.90 11.4553
4755.95 11.4547
4756.00 11.4541
4756.05 11.4535
4756.10 11.4529
4756.15 11.4523
4756.20 11.4517
4756.25 11.4510
4756.30 11.4504
4756.35 11.4498
4756.40 11.4492
4756.45 11.4486
4756.50 11.4479
4756.55 11.4473
4756.60 11.4467
4756.65 11.4460
4756.70 11.4454
4756.75 11.4448
4756.80 11.4441
4756.85 11.4435
4756.90 11.4428
4756.95 11.4422
4757.00 11.4415
4757.05 11.4409
4757.10 11.4402
4757.15 11.4396
4757.20 11.4389
4757.25 11.4382
4757.30 11.4376
4757.35 11.4369
4757.40 11.4362
4757.45 11.4356
4757.50 11.4349
4757.55 11.4342
4757.60 11.4335
4757.65 11.4328
4757.70 11.4322
4757.75 11.4315
4757.80 11.4308
4757.85 11.4301
4757.90 11.4294
4757.95 11.4287
4758.00 11.4280
4758.05 11.4273
4758.10 11.4266
4758.15 11.4259
4758.20 11.4252
4758.25 11.4245
4758.30 11.4238
4758.35 11.4231
4758.40 11.4224
4758.45 11.4217
4758.50 11.4210
4758.55 11.4203
4758.60 11.4195
4758.65 11.4188
4758.70 11.4181
4758.75 11.4174
4758.80 11.4167
4758.85 11.4160
4758.90 11.4152
4758.95 11.4145
4759.00 11.4138
4759.05 11.4131
4759.10 11.4124
4759.15 11.4116
4759.20 11.4109
4759.25 11.4102
4759.30 11.4095
4759.35 11.4087
4759.40 11.4080
4759.45 11.4073
4759.50 11.4066
4759.55 11.4058
4759.60 11.4051
4759.65 11.4044
4759.70 11.4036
4759.75 11.4029
4759.80 11.4022
4759.85 11.4015
4759.90 11.4007
4759.95 11.4000
4760.00 11.3993
4760.05 11.3986
4760.10 11.3978
4760.15 11.3971
4760.20 11.3964
4760.25 11.3957
4760.30 11.3949
4760.35 11.3942
4760.40 11.3935
4760.45 11.3928
4760.50 11.3920
4760.55 11.3913
4760.60 11.3906
4760.65 11.3899
4760.70 11.3892
4760.75 11.3884
4760.80 11.3877
4760.85 11.3870
4760.90 11.3863
4760.95 11.3856
4761.00 11.3849
4761.05 11.3842
4761.10 11.3835
4761.15 11.3828
4761.20 11.3821
4761.25 11.3814
4761.30 11.3807
4761.35 11.3800
4761.40 11.3793
4761.45 11.3786
4761.50 11.3779
4761.55 11.3772
4761.60 11.3765
4761.65 11.3758
4761.70 11.3751
4761.75 11.3744
4761.80 11.3738
4761.85 11.3731
4761.90 11.3724
4761.95 11.3717
4762.00 11.3711
4762.05 11.3704
4762.10 11.3697
4762.15 11.3691
4762.20 11.3684
4762.25 11.3677
4762.30 11.3671
4762.35 11.3664
4762.40 11.3658
4762.45 11.3652
4762.50 11.3645
4762.55 11.3639
4762.60 11.3632
4762.65 11.3626
4762.70 11.3620
4762.75 11.3614
4762.80 11.3607
4762.85 11.3601
4762.90 11.3595
4762.95 11.3589
4763.00 11.3583
4763.05 11.3577
4763.10 11.3571
4763.15 11.3565
4763.20 11.3559
4763.25 11.3553
4763.30 11.3547
4763.35 11.3542
4763.40 11.3536
4763.45 11.3530
4763.50 11.3525
4763.55 11.3519
4763.60 11.3513
4763.65 11.3508
4763.70 11.3502
4763.75 11.3497
4763.80 11.3492
4763.85 11.3486
4763.90 11.3481
4763.95 11.3476
4764.00 11.3470
4764.05 11.3465
4764.10 11.3460
4764.15 11.3455
4764.20 11.3450
4764.25 11.3445
4764.30 11.3440
4764.35 11.3435
4764.40 11.3431
4764.45 11.3426
4764.50 11.3421
4764.55 11.3416
4764.60 11.3412
4764.65 11.3407
4764.70 11.3403
4764.75 11.3398
4764.80 11.3394
4764.85 11.3389
4764.90 11.3385
4764.95 11.3381
4765.00 11.3377
4765.05 11.3372
4765.10 11.3368
4765.15 11.3364
4765.20 11.3360
4765.25 11.3356
4765.30 11.3352
4765.35 11.3349
4765.40 11.3345
4765.45 11.3341
4765.50 11.3337
4765.55 11.3334
4765.60 11.3330
4765.65 11.3327
4765.70 11.3323
4765.75 11.3320
4765.80 11.3316
4765.85 11.3313
4765.90 11.3310
4765.95 11.3306
4766.00 11.3303
4766.05 11.3300
4766.10 11.3297
4766.15 11.3294
4766.20 11.3291
4766.25 11.3288
4766.30 11.3285
4766.35 11.3282
4766.40 11.3280
4766.45 11.3277
4766.50 11.3274
4766.55 11.3272
4766.60 11.3269
4766.65 11.3267
4766.70 11.3264
4766.75 11.3262
4766.80 11.3259
4766.85 11.3257
4766.90 11.3255
4766.95 11.3253
4767.00 11.3250
4767.05 11.3248
4767.10 11.3246
4767.15 11.3244
4767.20 11.3242
4767.25 11.3240
4767.30 11.3238
4767.35 11.3236
4767.40 11.3234
4767.45 11.3233
4767.50 11.3231
4767.55 11.3229
4767.60 11.3227
4767.65 11.3226
4767.70 11.3224
4767.75 11.3223
4767.80 11.3221
4767.85 11.3220
4767.90 11.3218
4767.95 11.3217
4768.00 11.3215
4768.05 11.3214
4768.10 11.3213
4768.15 11.3212
4768.20 11.3210
4768.25 11.3209
4768.30 11.3208
4768.35 11.3207
4768.40 11.3206
4768.45 11.3205
4768.50 11.3204
4768.55 11.3203
4768.60 11.3202
4768.65 11.3201
4768.70 11.3200
4768.75 11.3199
4768.80 11.3198
4768.85 11.3197
4768.90 11.3196
4768.95 11.3195
4769.00 11.3194
4769.05 11.3194
4769.10 11.3193
4769.15 11.3192
4769.20 11.3191
4769.25 11.3191
4769.30 11.3190
4769.35 11.3189
4769.40 11.3188
4769.45 11.3188
4769.50 11.3187
4769.55 11.3187
4769.60 11.3186
4769.65 11.3185
4769.70 11.3185
4769.75 11.3184
4769.80 11.3183
4769.85 11.3183
4769.90 11.3182
4769.95 11.3182
4770.00 11.3181
4770.05 11.3180
4770.10 11.3180
4770.15 11.3179
4770.20 11.3179
4770.25 11.3178
4770.30 11.3178
4770.35 11.3177
4770.40 11.3176
4770.45 11.3176
4770.50 11.3175
4770.55 11.3175
4770.60 11.3174
4770.65 11.3173
4770.70 11.3173
4770.75 11.3172
4770.80 11.3171
4770.85 11.3171
4770.90 11.3170
4770.95 11.3169
4771.00 11.3169
4771.05 11.3168
4771.10 11.3167
4771.15 11.3167
4771.20 11.3166
4771.25 11.3165
4771.30 11.3164
4771.35 11.3163
4771.40 11.3163
4771.45 11.3162
4771.50 11.3161
4771.55 11.3160
4771.60 11.3159
4771.65 11.3158
4771.70 11.3157
4771.75 11.3156
4771.80 11.3155
4771.85 11.3154
4771.90 11.3153
4771.95 11.3152
4772.00 11.3151
4772.05 11.3150
4772.10 11.3149
4772.15 11.3147
4772.20 11.3146
4772.25 11.3145
4772.30 11.3143
4772.35 11.3142
4772.40 11.3141
4772.45 11.3139
4772.50 11.3138
4772.55 11.3136
4772.60 11.3135
4772.65 11.3133
4772.70 11.3132
4772.75 11.3130
4772.80 11.3128
4772.85 11.3127
4772.90 11.3125
4772.95 11.3123
4773.00 11.3121
4773.05 11.3119
4773.10 11.3117
4773.15 11.3115
4773.20 11.3113
4773.25 11.3111
4773.30 11.3109
4773.35 11.3107
4773.40 11.3105
4773.45 11.3103
4773.50 11.3100
4773.55 11.3098
4773.60 11.3096
4773.65 11.3093
4773.70 11.3091
4773.75 11.3088
4773.80 11.3086
4773.85 11.3083
4773.90 11.3081
4773.95 11.3078
4774.00 11.3075
4774.05 11.3072
4774.10 11.3069
4774.15 11.3067
4774.20 11.3064
4774.25 11.3061
4774.30 11.3057
4774.35 11.3054
4774.40 11.3051
4774.45 11.3048
4774.50 11.3045
4774.55 11.3041
4774.60 11.3038
4774.65 11.3035
4774.70 11.3031
4774.75 11.3028
4774.80 11.3024
4774.85 11.3020
4774.90 11.3017
4774.95 11.3013
4775.00 11.3009
4775.05 11.3005
4775.10 11.3001
4775.15 11.2997
4775.20 11.2993
4775.25 11.2989
4775.30 11.2985
4775.35 11.2981
4775.40 11.2977
4775.45 11.2972
4775.50 11.2968
4775.55 11.2964
4775.60 11.2959
4775.65 11.2955
4775.70 11.2950
4775.75 11.2946
4775.80 11.2941
4775.85 11.2936
4775.90 11.2931
4775.95 11.2926
4776.00 11.2922
4776.05 11.2917
4776.10 11.2912
4776.15 11.2907
4776.20 11.2901
4776.25 11.2896
4776.30 11.2891
4776.35 11.2886
4776.40 11.2880
4776.45 11.2875
4776.50 11.2870
4776.55 11.2864
4776.60 11.2859
4776.65 11.2853
4776.70 11.2847
4776.75 11.2842
4776.80 11.2836
4776.85 11.2830
4776.90 11.2824
4776.95 11.2818
4777.00 11.2812
4777.05 11.2806
4777.10 11.2800
4777.15 11.2794
4777.20 11.2788
4777.25 11.2781
4777.30 11.2775
4777.35 11.2769
4777.40 11.2762
4777.45 11.2756
4777.50 11.2750
4777.55 11.2743
4777.60 11.2736
4777.65 11.2730
4777.70 11.2723
4777.75 11.2716
4777.80 11.2710
4777.85 11.2703
4777.90 11.2696
4777.95 11.2689
4778.00 11.2682
4778.05 11.2675
4778.10 11.2668
4778.15 11.2661
4778.20 11.2653
4778.25 11.2646
4778.30 11.2639
4778.35 11.2632
4778.40 11.2624
4778.45 11.2617
4778.50 11.2609
4778.55 11.2602
4778.60 11.2594
4778.65 11.2587
4778.70 11.2579
4778.75 11.2572
4778.80 11.2564
4778.85 11.2556
4778.90 11.2548
4778.95 11.2541
4779.00 11.2533
4779.05 11.2525
4779.10 11.2517
4779.15 11.2509
4779.20 11.2501
4779.25 11.2493
4779.30 11.2485
4779.35 11.2477
4779.40 11.2468
4779.45 11.2460
4779.50 11.2452
4779.55 11.2444
4779.60 11.2435
4779.65 11.2427
4779.70 11.2419
4779.75 11.2410
4779.80 11.2402
4779.85 11.2393
4779.90 11.2385
4779.95 11.2376
4780.00 11.2368
4780.05 11.2359
4780.10 11.2350
4780.15 11.2342
4780.20 11.2333
4780.25 11.2324
4780.30 11.2316
4780.35 11.2307
4780.40 11.2298
4780.45 11.2289
4780.50 11.2280
4780.55 11.2271
4780.60 11.2263
4780.65 11.2254
4780.70 11.2245
4780.75 11.2236
4780.80 11.2227
4780.85 11.2218
4780.90 11.2209
4780.95 11.2200
4781.00 11.2190
4781.05 11.2181
4781.10 11.2172
4781.15 11.2163
4781.20 11.2154
4781.25 11.2145
4781.30 11.2136
4781.35 11.2126
4781.40 11.2117
4781.45 11.2108
4781.50 11.2099
4781.55 11.2089
4781.60 11.2080
4781.65 11.2071
4781.70 11.2062
4781.75 11.2052
4781.80 11.2043
4781.85 11.2034
4781.90 11.2024
4781.95 11.2015
4782.00 11.2006
4782.05 11.1996
4782.10 11.1987
4782.15 11.1978
4782.20 11.1968
4782.25 11.1959
4782.30 11.1950
4782.35 11.1940
4782.40 11.1931
4782.45 11.1921
4782.50 11.1912
4782.55 11.1903
4782.60 11.1893
4782.65 11.1884
4782.70 11.1875
4782.75 11.1865
4782.80 11.1856
4782.85 11.1847
4782.90 11.1837
4782.95 11.1828
4783.00 11.1819
4783.05 11.1809
4783.10 11.1800
4783.15 11.1791
4783.20 11.1781
4783.25 11.1772
4783.30 11.1763
4783.35 11.1754
4783.40 11.1744
4783.45 11.1735
4783.50 11.1726
4783.55 11.1717
4783.60 11.1707
4783.65 11.1698
4783.70 11.1689
4783.75 11.1680
4783.80 11.1671
4783.85 11.1662
4783.90 11.1653
4783.95 11.1644
4784.00 11.1635
4784.05 11.1625
4784.10 11.1616
4784.15 11.1607
4784.20 11.1599
4784.25 11.1590
4784.30 11.1581
4784.35 11.1572
4784.40 11.1563
4784.45 11.1554
4784.50 11.1545
4784.55 11.1537
4784.60 11.1528
4784.65 11.1519
4784.70 11.1510
4784.75 11.1502
4784.80 11.1493
4784.85 11.1485
4784.90 11.1476
4784.95 11.1467
4785.00 11.1459
4785.05 11.1451
4785.10 11.1442
4785.15 11.1434
4785.20 11.1425
4785.25 11.1417
4785.30 11.1409
4785.35 11.1400
4785.40 11.1392
4785.45 11.1384
4785.50 11.1376
4785.55 11.1368
4785.60 11.1360
4785.65 11.1352
4785.70 11.1344
4785.75 11.1336
4785.80 11.1328
4785.85 11.1320
4785.90 11.1312
4785.95 11.1305
4786.00 11.1297
4786.05 11.1289
4786.10 11.1282
4786.15 11.1274
4786.20 11.1267
4786.25 11.1259
4786.30 11.1252
4786.35 11.1244
4786.40 11.1237
4786.45 11.1230
4786.50 11.1222
4786.55 11.1215
4786.60 11.1208
4786.65 11.1201
4786.70 11.1194
4786.75 11.1187
4786.80 11.1180
4786.85 11.1173
4786.90 11.1166
4786.95 11.1159
4787.00 11.1152
4787.05 11.1146
4787.10 11.1139
4787.15 11.1132
4787.20 11.1126
4787.25 11.1119
4787.30 11.1113
4787.35 11.1107
4787.40 11.1100
4787.45 11.1094
4787.50 11.1088
4787.55 11.1082
4787.60 11.1075
4787.65 11.1069
4787.70 11.1063
4787.75 11.1057
4787.80 11.1051
4787.85 11.1046
4787.90 11.1040
4787.95 11.1034
4788.00 11.1028
4788.05 11.1023
4788.10 11.1017
4788.15 11.1011
4788.20 11.1006
4788.25 11.1001
4788.30 11.0995
4788.35 11.0990
4788.40 11.0985
4788.45 11.0979
4788.50 11.0974
4788.55 11.0969
4788.60 11.0964
4788.65 11.0959
4788.70 11.0954
4788.75 11.0949
4788.80 11.0944
4788.85 11.0940
4788.90 11.0935
4788.95 11.0930
4789.00 11.0925
4789.05 11.0921
4789.10 11.0916
4789.15 11.0912
4789.20 11.0907
4789.25 11.0903
4789.30 11.0899
4789.35 11.0894
4789.40 11.0890
4789.45 11.0886
4789.50 11.0882
4789.55 11.0878
4789.60 11.0874
4789.65 11.0870
4789.70 11.0866
4789.75 11.0862
4789.80 11.0858
4789.85 11.0855
4789.90 11.0851
4789.95 11.0847
4790.00 11.0844
4790.05 11.0840
4790.10 11.0836
4790.15 11.0833
4790.20 11.0830
4790.25 11.0826
4790.30 11.0823
4790.35 11.0819
4790.40 11.0816
4790.45 11.0813
4790.50 11.0810
4790.55 11.0807
4790.60 11.0804
4790.65 11.0801
4790.70 11.0798
4790.75 11.0795
4790.80 11.0792
4790.85 11.0789
4790.90 11.0786
4790.95 11.0783
4791.00 11.0780
4791.05 11.0778
4791.10 11.0775
4791.15 11.0772
4791.20 11.0770
4791.25 11.0767
4791.30 11.0765
4791.35 11.0762
4791.40 11.0760
4791.45 11.0757
4791.50 11.0755
4791.55 11.0753
4791.60 11.0750
4791.65 11.0748
4791.70 11.0746
4791.75 11.0744
4791.80 11.0741
4791.85 11.0739
4791.90 11.0737
4791.95 11.0735
4792.00 11.0733
4792.05 11.0731
4792.10 11.0729
4792.15 11.0727
4792.20 11.0725
4792.25 11.0723
4792.30 11.0721
4792.35 11.0719
4792.40 11.0718
4792.45 11.0716
4792.50 11.0714
4792.55 11.0712
4792.60 11.0710
4792.65 11.0709
4792.70 11.0707
4792.75 11.0705
4792.80 11.0704
4792.85 11.0702
4792.90 11.0700
4792.95 11.0699
4793.00 11.0697
4793.05 11.0696
4793.10 11.0694
4793.15 11.0693
4793.20 11.0691
4793.25 11.0690
4793.30 11.0688
4793.35 11.0687
4793.40 11.0685
4793.45 11.0684
4793.50 11.0683
4793.55 11.0681
4793.60 11.0680
4793.65 11.0679
4793.70 11.0677
4793.75 11.0676
4793.80 11.0675
4793.85 11.0673
4793.90 11.0672
4793.95 11.0671
4794.00 11.0669
4794.05 11.0668
4794.10 11.0667
4794.15 11.0666
4794.20 11.0665
4794.25 11.0663
4794.30 11.0662
4794.35 11.0661
4794.40 11.0660
4794.45 11.0659
4794.50 11.0657
4794.55 11.0656
4794.60 11.0655
4794.65 11.0654
4794.70 11.0653
4794.75 11.0652
4794.80 11.0650
4794.85 11.0649
4794.90 11.0648
4794.95 11.0647
4795.00 11.0646
4795.05 11.0645
4795.10 11.0644
4795.15 11.0643
4795.20 11.0641
4795.25 11.0640
4795.30 11.0639
4795.35 11.0638
4795.40 11.0637
4795.45 11.0636
4795.50 11.0635
4795.55 11.0634
4795.60 11.0633
4795.65 11.0631
4795.70 11.0630
4795.75 11.0629
4795.80 11.0628
4795.85 11.0627
4795.90 11.0626
4795.95 11.0625
4796.00 11.0624
4796.05 11.0623
4796.10 11.0622
4796.15 11.0620
4796.20 11.0619
4796.25 11.0618
4796.30 11.0617
4796.35 11.0616
4796.40 11.0615
4796.45 11.0614
4796.50 11.0613
4796.55 11.0611
4796.60 11.0610
4796.65 11.0609
4796.70 11.0608
4796.75 11.0607
4796.80 11.0606
4796.85 11.0605
4796.90 11.0604
4796.95 11.0602
4797.00 11.0601
4797.05 11.0600
4797.10 11.0599
4797.15 11.0598
4797.20 11.0597
4797.25 11.0595
4797.30 11.0594
4797.35 11.0593
4797.40 11.0592
4797.45 11.0591
4797.50 11.0589
4797.55 11.0588
4797.60 11.0587
4797.65 11.0586
4797.70 11.0585
4797.75 11.0583
4797.80 11.0582
4797.85 11.0581
4797.90 11.0580
4797.95 11.0579
4798.00 11.0577
4798.05 11.0576
4798.10 11.0575
4798.15 11.0574
4798.20 11.0572
4798.25 11.0571
4798.30 11.0570
4798.35 11.0569
4798.40 11.0567
4798.45 11.0566
4798.50 11.0565
4798.55 11.0564
4798.60 11.0562
4798.65 11.0561
4798.70 11.0560
4798.75 11.0558
4798.80 11.0557
4798.85 11.0556
4798.90 11.0555
4798.95 11.0553
4799.00 11.0552
4799.05 11.0551
4799.10 11.0549
4799.15 11.0548
4799.20 11.0547
4799.25 11.0545
4799.30 11.0544
4799.35 11.0543
4799.40 11.0541
4799.45 11.0540
4799.50 11.0539
4799.55 11.0537
4799.60 11.0536
4799.65 11.0535
4799.70 11.0533
4799.75 11.0532
4799.80 11.0531
4799.85 11.0529
4799.90 11.0528
4799.95 11.0526
4800.00 11.0525
4800.05 11.0524
4800.10 11.0522
4800.15 11.0521
4800.20 11.0520
4800.25 11.0518
4800.30 11.0517
4800.35 11.0515
4800.40 11.0514
4800.45 11.0513
4800.50 11.0511
4800.55 11.0510
4800.60 11.0508
4800.65 11.0507
4800.70 11.0506
4800.75 11.0504
4800.80 11.0503
4800.85 11.0501
4800.90 11.0500
4800.95 11.0498
4801.00 11.0497
4801.05 11.0496
4801.10 11.0494
4801.15 11.0493
4801.20 11.0491
4801.25 11.0490
4801.30 11.0488
4801.35 11.0487
4801.40 11.0485
4801.45 11.0484
4801.50 11.0483
4801.55 11.0481
4801.60 11.0480
4801.65 11.0478
4801.70 11.0477
4801.75 11.0475
4801.80 11.0474
4801.85 11.0472
4801.90 11.0471
4801.95 11.0469
4802.00 11.0468
4802.05 11.0466
4802.10 11.0465
4802.15 11.0463
4802.20 11.0462
4802.25 11.0460
4802.30 11.0459
4802.35 11.0457
4802.40 11.0455
4802.45 11.0454
4802.50 11.0452
4802.55 11.0451
4802.60 11.0449
4802.65 11.0448
4802.70 11.0446
4802.75 11.0445
4802.80 11.0443
4802.85 11.0441
4802.90 11.0440
4802.95 11.0438
4803.00 11.0437
4803.05 11.0435
4803.10 11.0433
4803.15 11.0432
4803.20 11.0430
4803.25 11.0429
4803.30 11.0427
4803.35 11.0425
4803.40 11.0424
4803.45 11.0422
4803.50 11.0420
4803.55 11.0419
4803.60 11.0417
4803.65 11.0415
4803.70 11.0414
4803.75 11.0412
4803.80 11.0410
4803.85 11.0408
4803.90 11.0407
4803.95 11.0405
4804.00 11.0403
4804.05 11.0401
4804.10 11.0400
4804.15 11.0398
4804.20 11.0396
4804.25 11.0394
4804.30 11.0393
4804.35 11.0391
4804.40 11.0389
4804.45 11.0387
4804.50 11.0385
4804.55 11.0384
4804.60 11.0382
4804.65 11.0380
4804.70 11.0378
4804.75 11.0376
4804.80 11.0374
4804.85 11.0372
4804.90 11.0371
4804.95 11.0369
4805.00 11.0367
4805.05 11.0365
4805.10 11.0363
4805.15 11.0361
4805.20 11.0359
4805.25 11.0357
4805.30 11.0355
4805.35 11.0353
4805.40 11.0351
4805.45 11.0349
4805.50 11.0347
4805.55 11.0345
4805.60 11.0343
4805.65 11.0341
4805.70 11.0339
4805.75 11.0337
4805.80 11.0335
4805.85 11.0333
4805.90 11.0331
4805.95 11.0329
4806.00 11.0327
4806.05 11.0325
4806.10 11.0322
4806.15 11.0320
4806.20 11.0318
4806.25 11.0316
4806.30 11.0314
4806.35 11.0312
4806.40 11.0309
4806.45 11.0307
4806.50 11.0305
4806.55 11.0303
4806.60 11.0301
4806.65 11.0298
4806.70 11.0296
4806.75 11.0294
4806.80 11.0292
4806.85 11.0289
4806.90 11.0287
4806.95 11.0285
4807.00 11.0283
4807.05 11.0280
4807.10 11.0278
4807.15 11.0276
4807.20 11.0273
4807.25 11.0271
4807.30 11.0269
4807.35 11.0266
4807.40 11.0264
4807.45 11.0261
4807.50 11.0259
4807.55 11.0257
4807.60 11.0254
4807.65 11.0252
4807.70 11.0249
4807.75 11.0247
4807.80 11.0245
4807.85 11.0242
4807.90 11.0240
4807.95 11.0237
4808.00 11.0235
4808.05 11.0232
4808.10 11.0230
4808.15 11.0227
4808.20 11.0225
4808.25 11.0222
4808.30 11.0220
4808.35 11.0217
4808.40 11.0215
4808.45 11.0212
4808.50 11.0210
4808.55 11.0207
4808.60 11.0204
4808.65 11.0202
4808.70 11.0199
4808.75 11.0197
4808.80 11.0194
4808.85 11.0191
4808.90 11.0189
4808.95 11.0186
4809.00 11.0184
4809.05 11.0181
4809.10 11.0178
4809.15 11.0176
4809.20 11.0173
4809.25 11.0170
4809.30 11.0168
4809.35 11.0165
4809.40 11.0162
4809.45 11.0160
4809.50 11.0157
4809.55 11.0154
4809.60 11.0152
4809.65 11.0149
4809.70 11.0146
4809.75 11.0144
4809.80 11.0141
4809.85 11.0138
4809.90 11.0136
4809.95 11.0133
4810.00 11.0130
4810.05 11.0127
4810.10 11.0125
4810.15 11.0122
4810.20 11.0119
4810.25 11.0116
4810.30 11.0114
4810.35 11.0111
4810.40 11.0108
4810.45 11.0105
4810.50 11.0103
4810.55 11.0100
4810.60 11.0097
4810.65 11.0094
4810.70 11.0092
4810.75 11.0089
4810.80 11.0086
4810.85 11.0083
4810.90 11.0081
4810.95 11.0078
4811.00 11.0075
4811.05 11.0072
4811.10 11.0069
4811.15 11.0067
4811.20 11.0064
4811.25 11.0061
4811.30 11.0058
4811.35 11.0056
4811.40 11.0053
4811.45 11.0050
4811.50 11.0047
4811.55 11.0044
4811.60 11.0042
4811.65 11.0039
4811.70 11.0036
4811.75 11.0033
4811.80 11.0030
4811.85 11.0028
4811.90 11.0025
4811.95 11.0022
4812.00 11.0019
4812.05 11.0017
4812.10 11.0014
4812.15 11.0011
4812.20 11.0008
4812.25 11.0005
4812.30 11.0003
4812.35 11.0000
4812.40 10.9997
4812.45 10.9994
4812.50 10.9992
4812.55 10.9989
4812.60 10.9986
4812.65 10.9983
4812.70 10.9981
4812.75 10.9978
4812.80 10.9975
4812.85 10.9972
4812.90 10.9970
4812.95 10.9967
4813.00 10.9964
4813.05 10.9961
4813.10 10.9959
4813.15 10.9956
4813.20 10.9953
4813.25 10.9950
4813.30 10.9948
4813.35 10.9945
4813.40 10.9942
4813.45 10.9940
4813.50 10.9937
4813.55 10.9934
4813.60 10.9931
4813.65 10.9929
4813.70 10.9926
4813.75 10.9923
4813.80 10.9921
4813.85 10.9918
4813.90 10.9915
4813.95 10.9913
4814.00 10.9910
4814.05 10.9907
4814.10 10.9905
4814.15 10.9902
4814.20 10.9899
4814.25 10.9897
4814.30 10.9894
4814.35 10.9892
4814.40 10.9889
4814.45 10.9886
4814.50 10.9884
4814.55 10.9881
4814.60 10.9878
4814.65 10.9876
4814.70 10.9873
4814.75 10.9871
4814.80 10.9868
4814.85 10.9865
4814.90 10.9863
4814.95 10.9860
4815.00 10.9858
4815.05 10.9855
4815.10 10.9852
4815.15 10.9850
4815.20 10.9847
4815.25 10.9845
4815.30 10.9842
4815.35 10.9840
4815.40 10.9837
4815.45 10.9834
4815.50 10.9832
4815.55 10.9829
4815.60 10.9827
4815.65 10.9824
4815.70 10.9822
4815.75 10.9819
4815.80 10.9817
4815.85 10.9814
4815.90 10.9811
4815.95 10.9809
4816.00 10.9806
4816.05 10.9804
4816.10 10.9801
4816.15 10.9799
4816.20 10.9796
4816.25 10.9794
4816.30 10.9791
4816.35 10.9788
4816.40 10.9786
4816.45 10.9783
4816.50 10.9781
4816.55 10.9778
4816.60 10.9776
4816.65 10.9773
4816.70 10.9770
4816.75 10.9768
4816.80 10.9765
4816.85 10.9763
4816.90 10.9760
4816.95 10.9757
4817.00 10.9755
4817.05 10.9752
4817.10 10.9749
4817.15 10.9747
4817.20 10.9744
4817.25 10.9741
4817.30 10.9739
4817.35 10.9736
4817.40 10.9733
4817.45 10.9730
4817.50 10.9728
4817.55 10.9725
4817.60 10.9722
4817.65 10.9719
4817.70 10.9717
4817.75 10.9714
4817.80 10.9711
4817.85 10.9708
4817.90 10.9705
4817.95 10.9702
4818.00 10.9699
4818.05 10.9696
4818.10 10.9694
4818.15 10.9691
4818.20 10.9688
4818.25 10.9684
4818.30 10.9681
4818.35 10.9678
4818.40 10.9675
4818.45 10.9672
4818.50 10.9669
4818.55 10.9666
4818.60 10.9663
4818.65 10.9659
4818.70 10.9656
4818.75 10.9653
4818.80 10.9649
4818.85 10.9646
4818.90 10.9643
4818.95 10.9639
4819.00 10.9636
4819.05 10.9632
4819.10 10.9629
4819.15 10.9625
4819.20 10.9621
4819.25 10.9618
4819.30 10.9614
4819.35 10.9610
4819.40 10.9606
4819.45 10.9603
4819.50 10.9599
4819.55 10.9595
4819.60 10.9591
4819.65 10.9587
4819.70 10.9583
4819.75 10.9578
4819.80 10.9574
4819.85 10.9570
4819.90 10.9566
4819.95 10.9561
4820.00 10.9557
4820.05 10.9552
4820.10 10.9548
4820.15 10.9543
4820.20 10.9539
4820.25 10.9534
4820.30 10.9529
4820.35 10.9524
4820.40 10.9519
4820.45 10.9514
4820.50 10.9509
4820.55 10.9504
4820.60 10.9499
4820.65 10.9494
4820.70 10.9489
4820.75 10.9483
4820.80 10.9478
4820.85 10.9472
4820.90 10.9467
4820.95 10.9461
4821.00 10.9455
4821.05 10.9450
4821.10 10.9444
4821.15 10.9438
4821.20 10.9432
4821.25 10.9426
4821.30 10.9419
4821.35 10.9413
4821.40 10.9407
4821.45 10.9400
4821.50 10.9394
4821.55 10.9387
4821.60 10.9380
4821.65 10.9374
4821.70 10.9367
4821.75 10.9360
4821.80 10.9353
4821.85 10.9345
4821.90 10.9338
4821.95 10.9331
4822.00 10.9323
4822.05 10.9316
4822.10 10.9308
4822.15 10.9301
4822.20 10.9293
4822.25 10.9285
4822.30 10.9277
4822.35 10.9269
4822.40 10.9261
4822.45 10.9252
4822.50 10.9244
4822.55 10.9235
4822.60 10.9227
4822.65 10.9218
4822.70 10.9209
4822.75 10.9200
4822.80 10.9191
4822.85 10.9182
4822.90 10.9173
4822.95 10.9164
4823.00 10.9154
4823.05 10.9145
4823.10 10.9135
4823.15 10.9126
4823.20 10.9116
4823.25 10.9106
4823.30 10.9096
4823.35 10.9086
4823.40 10.9075
4823.45 10.9065
4823.50 10.9055
4823.55 10.9044
4823.60 10.9033
4823.65 10.9023
4823.70 10.9012
4823.75 10.9001
4823.80 10.8990
4823.85 10.8978
4823.90 10.8967
4823.95 10.8956
4824.00 10.8944
4824.05 10.8932
4824.10 10.8921
4824.15 10.8909
4824.20 10.8897
4824.25 10.8885
4824.30 10.8872
4824.35 10.8860
4824.40 10.8848
4824.45 10.8835
4824.50 10.8823
4824.55 10.8810
4824.60 10.8797
4824.65 10.8784
4824.70 10.8771
4824.75 10.8758
4824.80 10.8745
4824.85 10.8731
4824.90 10.8718
4824.95 10.8704
4825.00 10.8691
4825.05 10.8677
4825.10 10.8663
4825.15 10.8649
4825.20 10.8635
4825.25 10.8621
4825.30 10.8606
4825.35 10.8592
4825.40 10.8577
4825.45 10.8563
4825.50 10.8548
4825.55 10.8533
4825.60 10.8518
4825.65 10.8504
4825.70 10.8488
4825.75 10.8473
4825.80 10.8458
4825.85 10.8443
4825.90 10.8427
4825.95 10.8412
4826.00 10.8396
4826.05 10.8380
4826.10 10.8365
4826.15 10.8349
4826.20 10.8333
4826.25 10.8317
4826.30 10.8300
4826.35 10.8284
4826.40 10.8268
4826.45 10.8251
4826.50 10.8235
4826.55 10.8218
4826.60 10.8202
4826.65 10.8185
4826.70 10.8168
4826.75 10.8151
4826.80 10.8134
4826.85 10.8117
4826.90 10.8100
4826.95 10.8083
4827.00 10.8066
4827.05 10.8048
4827.10 10.8031
4827.15 10.8013
4827.20 10.7996
4827.25 10.7978
4827.30 10.7961
4827.35 10.7943
4827.40 10.7925
4827.45 10.7907
4827.50 10.7889
4827.55 10.7871
4827.60 10.7853
4827.65 10.7835
4827.70 10.7817
4827.75 10.7799
4827.80 10.7780
4827.85 10.7762
4827.90 10.7744
4827.95 10.7725
4828.00 10.7707
4828.05 10.7688
4828.10 10.7670
4828.15 10.7651
4828.20 10.7632
4828.25 10.7614
4828.30 10.7595
4828.35 10.7576
4828.40 10.7557
4828.45 10.7538
4828.50 10.7520
4828.55 10.7501
4828.60 10.7482
4828.65 10.7463
4828.70 10.7444
4828.75 10.7425
4828.80 10.7405
4828.85 10.7386
4828.90 10.7367
4828.95 10.7348
4829.00 10.7329
4829.05 10.7310
4829.10 10.7290
4829.15 10.7271
4829.20 10.7252
4829.25 10.7232
4829.30 10.7213
4829.35 10.7194
4829.40 10.7174
4829.45 10.7155
4829.50 10.7136
4829.55 10.7116
4829.60 10.7097
4829.65 10.7077
4829.70 10.7058
4829.75 10.7039
4829.80 10.7019
4829.85 10.7000
4829.90 10.6980
4829.95 10.6961
4830.00 10.6941
4830.05 10.6922
4830.10 10.6902
4830.15 10.6883
4830.20 10.6864
4830.25 10.6844
4830.30 10.6825
4830.35 10.6805
4830.40 10.6786
4830.45 10.6767
4830.50 10.6747
4830.55 10.6728
4830.60 10.6708
4830.65 10.6689
4830.70 10.6670
4830.75 10.6650
4830.80 10.6631
4830.85 10.6612
4830.90 10.6593
4830.95 10.6573
4831.00 10.6554
4831.05 10.6535
4831.10 10.6516
4831.15 10.6497
4831.20 10.6478
4831.25 10.6459
4831.30 10.6440
4831.35 10.6421
4831.40 10.6402
4831.45 10.6383
4831.50 10.6364
4831.55 10.6345
4831.60 10.6326
4831.65 10.6307
4831.70 10.6289
4831.75 10.6270
4831.80 10.6251
4831.85 10.6233
4831.90 10.6214
4831.95 10.6196
4832.00 10.6177
4832.05 10.6159
4832.10 10.6140
4832.15 10.6122
4832.20 10.6104
4832.25 10.6085
4832.30 10.6067
4832.35 10.6049
4832.40 10.6031
4832.45 10.6013
4832.50 10.5995
4832.55 10.5977
4832.60 10.5959
4832.65 10.5942
4832.70 10.5924
4832.75 10.5906
4832.80 10.5889
4832.85 10.5871
4832.90 10.5854
4832.95 10.5836
4833.00 10.5819
4833.05 10.5802
4833.10 10.5784
4833.15 10.5767
4833.20 10.5750
4833.25 10.5733
4833.30 10.5716
4833.35 10.5700
4833.40 10.5683
4833.45 10.5666
4833.50 10.5650
4833.55 10.5633
4833.60 10.5617
4833.65 10.5600
4833.70 10.5584
4833.75 10.5568
4833.80 10.5552
4833.85 10.5536
4833.90 10.5520
4833.95 10.5504
4834.00 10.5488
4834.05 10.5473
4834.10 10.5457
4834.15 10.5442
4834.20 10.5426
4834.25 10.5411
4834.30 10.5396
4834.35 10.5381
4834.40 10.5366
4834.45 10.5351
4834.50 10.5336
4834.55 10.5322
4834.60 10.5307
4834.65 10.5293
4834.70 10.5278
4834.75 10.5264
4834.80 10.5250
4834.85 10.5236
4834.90 10.5222
4834.95 10.5208
4835.00 10.5195
4835.05 10.5181
4835.10 10.5168
4835.15 10.5154
4835.20 10.5141
4835.25 10.5128
4835.30 10.5115
4835.35 10.5102
4835.40 10.5089
4835.45 10.5077
4835.50 10.5064
4835.55 10.5052
4835.60 10.5039
4835.65 10.5027
4835.70 10.5015
4835.75 10.5004
4835.80 10.4992
4835.85 10.4980
4835.90 10.4969
4835.95 10.4957
4836.00 10.4946
4836.05 10.4935
4836.10 10.4924
4836.15 10.4913
4836.20 10.4903
4836.25 10.4892
4836.30 10.4882
4836.35 10.4871
4836.40 10.4861
4836.45 10.4851
4836.50 10.4842
4836.55 10.4832
4836.60 10.4822
4836.65 10.4813
4836.70 10.4804
4836.75 10.4795
4836.80 10.4786
4836.85 10.4777
4836.90 10.4768
4836.95 10.4760
4837.00 10.4751
4837.05 10.4743
4837.10 10.4735
4837.15 10.4727
4837.20 10.4719
4837.25 10.4712
4837.30 10.4704
4837.35 10.4697
4837.40 10.4690
4837.45 10.4683
4837.50 10.4676
4837.55 10.4670
4837.60 10.4663
4837.65 10.4657
4837.70 10.4651
4837.75 10.4645
4837.80 10.4639
4837.85 10.4633
4837.90 10.4628
4837.95 10.4623
4838.00 10.4617
4838.05 10.4612
4838.10 10.4608
4838.15 10.4603
4838.20 10.4599
4838.25 10.4594
4838.30 10.4590
4838.35 10.4586
4838.40 10.4582
4838.45 10.4579
4838.50 10.4575
4838.55 10.4572
4838.60 10.4569
4838.65 10.4566
4838.70 10.4563
4838.75 10.4560
4838.80 10.4558
4838.85 10.4556
4838.90 10.4554
4838.95 10.4552
4839.00 10.4550
4839.05 10.4548
4839.10 10.4547
4839.15 10.4546
4839.20 10.4545
4839.25 10.4544
4839.30 10.4543
4839.35 10.4543
4839.40 10.4542
4839.45 10.4542
